variables = x, value-predict, value-true, error
0.00000000000000e+00 3.55005874282089e+00 2.43177062311339e+00 1.11828811970750e+00
5.00000000000000e-03 3.53605093922136e+00 2.46616753293972e+00 1.06988340628164e+00
1.00000000000000e-02 3.52202204869161e+00 2.49819915448034e+00 1.02382289421128e+00
1.50000000000000e-02 3.50797613076104e+00 2.52771372985530e+00 9.80262400905739e-01
2.00000000000000e-02 3.49391724983105e+00 2.55457488279246e+00 9.39342367038595e-01
2.50000000000000e-02 3.47984946888055e+00 2.57866244818360e+00 9.01187020696949e-01
3.00000000000000e-02 3.46577684328120e+00 2.59987320173000e+00 8.65903641551199e-01
3.50000000000000e-02 3.45170341474400e+00 2.61812148518152e+00 8.33581929562475e-01
4.00000000000000e-02 3.43763320541695e+00 2.63333972331718e+00 8.04293482099771e-01
4.50000000000000e-02 3.42357021215232e+00 2.64547882948272e+00 7.78091382669599e-01
5.00000000000000e-02 3.40951840095969e+00 2.65450849718747e+00 7.55009903772220e-01
5.50000000000000e-02 3.39548170165985e+00 2.66041737596564e+00 7.35064325694215e-01
6.00000000000000e-02 3.38146400275200e+00 2.66321313042021e+00 7.18250872331783e-01
6.50000000000000e-02 3.36746914650562e+00 2.66292238208847e+00 7.04546764417156e-01
7.00000000000000e-02 3.35350092428614e+00 2.65959053448992e+00 6.93910389796224e-01
7.50000000000000e-02 3.33956307212174e+00 2.65328148243819e+00 6.86281589683547e-01
8.00000000000000e-02 3.32565926651719e+00 2.64407720741157e+00 6.81582059105618e-01
8.50000000000000e-02 3.31179312051874e+00 2.63207726147960e+00 6.79715859039140e-01
9.00000000000000e-02 3.29796818003246e+00 2.61739814297001e+00 6.80570037062454e-01
9.50000000000000e-02 3.28418792039729e+00 2.60017256772797e+00 6.84015352669319e-01
1.00000000000000e-01 3.27045574321221e+00 2.58054864046305e+00 6.89907102749162e-01
1.05000000000000e-01 3.25677497341614e+00 2.55868893129538e+00 6.98086042120760e-01
1.10000000000000e-01 3.24314885661767e+00 2.53476946319709e+00 7.08379393420580e-01
1.15000000000000e-01 3.22958055667094e+00 2.50897861657418e+00 7.20601940096765e-01
1.20000000000000e-01 3.21607315349286e+00 2.48151595774496e+00 7.34557195747899e-01
1.25000000000000e-01 3.20262964111627e+00 2.45259099854052e+00 7.50038642575754e-01
1.30000000000000e-01 3.18925292597287e+00 2.42242189467697e+00 7.66831031295897e-01
1.35000000000000e-01 3.17594582539897e+00 2.39123409092702e+00 7.84711734471952e-01
1.40000000000000e-01 3.16271106635712e+00 2.35925892144618e+00 8.03452144910938e-01
1.45000000000000e-01 3.14955128436573e+00 2.32673217388556e+00 8.22819110480166e-01
1.50000000000000e-01 3.13646902262897e+00 2.29389262614624e+00 8.42576396482731e-01
1.55000000000000e-01 3.12346673135878e+00 2.26098056479902e+00 8.62486166559757e-01
1.60000000000000e-01 3.11054676728077e+00 2.22823629430637e+00 8.82310472974401e-01
1.65000000000000e-01 3.09771139331579e+00 2.19589864623990e+00 9.01812747075891e-01
1.70000000000000e-01 3.08496277842877e+00 2.16420349768687e+00 9.20759280741895e-01
1.75000000000000e-01 3.07230299763677e+00 2.13338230798255e+00 9.38920689654221e-01
1.80000000000000e-01 3.05973403216802e+00 2.10366068279205e+00 9.56073349375969e-01
1.85000000000000e-01 3.04725776976397e+00 2.07525697439691e+00 9.72000795367054e-01
1.90000000000000e-01 3.03487600511651e+00 2.04838092681811e+00 9.86495078298400e-01
1.95000000000000e-01 3.02259044043283e+00 2.02323237413107e+00 9.99358066301768e-01
2.00000000000000e-01 3.01040268612038e+00 2.00000000000000e+00 1.01040268612038e+00
2.05000000000000e-01 2.99831426158473e+00 1.97886016608158e+00 1.01945409550316e+00
2.10000000000000e-01 2.98632659613348e+00 1.95997581652323e+00 1.02635077961025e+00
2.15000000000000e-01 2.97444102997928e+00 1.94349546531226e+00 1.03094556466702e+00
2.20000000000000e-01 2.96265881533566e+00 1.92955227272105e+00 1.03310654261462e+00
2.25000000000000e-01 2.95098111759921e+00 1.91826321654437e+00 1.03271790105484e+00
2.30000000000000e-01 2.93940901661216e+00 1.90972836324032e+00 1.02968065337184e+00
2.35000000000000e-01 2.92794350799953e+00 1.90403024347033e+00 1.02391326452921e+00
2.40000000000000e-01 2.91658550457526e+00 1.90123333589028e+00 1.01535216868498e+00
2.45000000000000e-01 2.90533583781173e+00 1.90138366237698e+00 1.00395217543475e+00
2.50000000000000e-01 2.89419525936786e+00 1.90450849718747e+00 9.89686762180385e-01
2.55000000000000e-01 2.88316444267028e+00 1.91061619184595e+00 9.72548250824337e-01
2.60000000000000e-01 2.87224398454322e+00 1.91969611683971e+00 9.52547867703510e-01
2.65000000000000e-01 2.86143440688206e+00 1.93171872048530e+00 9.29715686396765e-01
2.70000000000000e-01 2.85073615836637e+00 1.94663570460343e+00 9.04100453762937e-01
2.75000000000000e-01 2.84014961620786e+00 1.96438031592140e+00 8.75769300286461e-01
2.80000000000000e-01 2.82967508792927e+00 1.98486775140779e+00 8.44807336521481e-01
2.85000000000000e-01 2.81931281316994e+00 2.00799567504205e+00 8.11317138127891e-01
2.90000000000000e-01 2.80906296551440e+00 2.03364484283446e+00 7.75418122679945e-01
2.95000000000000e-01 2.79892565434004e+00 2.06167983224433e+00 7.37245822095707e-01
3.00000000000000e-01 2.78890092668028e+00 2.09194987150091e+00 6.96951055179369e-01
3.05000000000000e-01 2.77898876909983e+00 2.12428976371522e+00 6.54699005384615e-01
3.10000000000000e-01 2.76918910957851e+00 2.15852090008677e+00 6.10668209491735e-01
3.15000000000000e-01 2.75950181940048e+00 2.19445235595975e+00 5.65049463440731e-01
3.20000000000000e-01 2.74992671504576e+00 2.23188206297222e+00 5.18044652073545e-01
3.25000000000000e-01 2.74046356008096e+00 2.27059805007310e+00 4.69865510007858e-01
3.30000000000000e-01 2.73111206704634e+00 2.31037974575665e+00 4.20732321289690e-01
3.35000000000000e-01 2.72187189933657e+00 2.35099933348698e+00 3.70872565849588e-01
3.40000000000000e-01 2.71274267307229e+00 2.39222315195700e+00 3.20519521115291e-01
3.45000000000000e-01 2.70372395896018e+00 2.43381313154985e+00 2.69910827410334e-01
3.50000000000000e-01 2.69481528413902e+00 2.47552825814758e+00 2.19287025991444e-01
3.55000000000000e-01 2.68601613400939e+00 2.51712605526309e+00 1.68890078746303e-01
3.60000000000000e-01 2.67732595404501e+00 2.55836407535859e+00 1.18961878686426e-01
3.65000000000000e-01 2.66874415158353e+00 2.59900139115685e+00 6.97427604266738e-02
3.70000000000000e-01 2.66027009759483e+00 2.63880007775179e+00 2.14700198430386e-02
3.75000000000000e-01 2.65190312842519e+00 2.67752667638138e+00 2.56235479561955e-02
3.80000000000000e-01 2.64364254751540e+00 2.71495363083915e+00 7.13110833237431e-02
3.85000000000000e-01 2.63548762709145e+00 2.75086068766886e+00 1.15373060577404e-01
3.90000000000000e-01 2.62743760982617e+00 2.78503625151058e+00 1.57598641684413e-01
3.95000000000000e-01 2.61949171047060e+00 2.81727868724248e+00 1.97786976771881e-01
4.00000000000000e-01 2.61164911745384e+00 2.84739756089084e+00 2.35748443437001e-01
4.05000000000000e-01 2.60390899445022e+00 2.87521481165829e+00 2.71305817208071e-01
4.10000000000000e-01 2.59627048191281e+00 2.90056584784471e+00 3.04295365931905e-01
4.15000000000000e-01 2.58873269857238e+00 2.92330055990464e+00 3.34567861332253e-01
4.20000000000000e-01 2.58129474290108e+00 2.94328424439572e+00 3.61989501494646e-01
4.25000000000000e-01 2.57395569453999e+00 2.96039843312221e+00 3.86442738582219e-01
4.30000000000000e-01 2.56671461569018e+00 2.97454162236171e+00 4.07827006671531e-01
4.35000000000000e-01 2.55957055246659e+00 2.98562989767982e+00 4.26059345213232e-01
4.40000000000000e-01 2.55252253621446e+00 2.99359745048043e+00 4.41074914265979e-01
4.45000000000000e-01 2.54556958478794e+00 2.99839698310739e+00 4.52827398319451e-01
4.50000000000000e-01 2.53871070379078e+00 3.00000000000000e+00 4.61289296209216e-01
4.55000000000000e-01 2.53194488777876e+00 2.99839698310739e+00 4.66452095328636e-01
4.60000000000000e-01 2.52527112142400e+00 2.99359745048043e+00 4.68326329056431e-01
4.65000000000000e-01 2.51868838064116e+00 2.98562989767982e+00 4.66941517038666e-01
4.70000000000000e-01 2.51219563367543e+00 2.97454162236171e+00 4.62345988686286e-01
4.75000000000000e-01 2.50579184215276e+00 2.96039843312221e+00 4.54606590969443e-01
4.80000000000000e-01 2.49947596209237e+00 2.94328424439572e+00 4.43808282303353e-01
4.85000000000000e-01 2.49324694488180e+00 2.92330055990464e+00 4.30053615022831e-01
4.90000000000000e-01 2.48710373821507e+00 2.90056584784471e+00 4.13462109629640e-01
4.95000000000000e-01 2.48104528699406e+00 2.87521481165829e+00 3.94169524664232e-01
5.00000000000000e-01 2.47507053419381e+00 2.84739756089084e+00 3.72327026697036e-01
5.05000000000000e-01 2.46917842169203e+00 2.81727868724248e+00 3.48100265550452e-01
5.10000000000000e-01 2.46336789106354e+00 2.78503625151058e+00 3.21668360447042e-01
5.15000000000000e-01 2.45763788434005e+00 2.75086068766886e+00 2.93222803328808e-01
5.20000000000000e-01 2.45198734473598e+00 2.71495363083915e+00 2.62966286103169e-01
5.25000000000000e-01 2.44641521734094e+00 2.67752667638138e+00 2.31111459040446e-01
5.30000000000000e-01 2.44092044977952e+00 2.63880007775179e+00 1.97879627972271e-01
5.35000000000000e-01 2.43550199283910e+00 2.59900139115685e+00 1.63499398317748e-01
5.40000000000000e-01 2.43015880106640e+00 2.55836407535859e+00 1.28205274292192e-01
5.45000000000000e-01 2.42488983333339e+00 2.51712605526309e+00 9.22362219297015e-02
5.50000000000000e-01 2.41969405337354e+00 2.47552825814758e+00 5.58342047740394e-02
5.55000000000000e-01 2.41457043028891e+00 2.43381313154985e+00 1.92427012609362e-02
5.60000000000000e-01 2.40951793902904e+00 2.39222315195700e+00 1.72947870720459e-02
5.65000000000000e-01 2.40453556084227e+00 2.35099933348698e+00 5.35362273552868e-02
5.70000000000000e-01 2.39962228370040e+00 2.31037974575665e+00 8.92425379437487e-02
5.75000000000000e-01 2.39477710269745e+00 2.27059805007310e+00 1.24179052624349e-01
5.80000000000000e-01 2.38999902042318e+00 2.23188206297222e+00 1.58116957450968e-01
5.85000000000000e-01 2.38528704731241e+00 2.19445235595975e+00 1.90834691352659e-01
5.90000000000000e-01 2.38064020197059e+00 2.15852090008677e+00 2.22119301883815e-01
5.95000000000000e-01 2.37605751147679e+00 2.12428976371522e+00 2.51767747761570e-01
6.00000000000000e-01 2.37153801166454e+00 2.09194987150091e+00 2.79588140163630e-01
6.05000000000000e-01 2.36708074738153e+00 2.06167983224433e+00 3.05400915137199e-01
6.10000000000000e-01 2.36268477272879e+00 2.03364484283446e+00 3.29039929894327e-01
6.15000000000000e-01 2.35834915128017e+00 2.00799567504205e+00 3.50353476238118e-01
6.20000000000000e-01 2.35407295628290e+00 1.98486775140779e+00 3.69205204875113e-01
6.25000000000000e-01 2.34985527083986e+00 1.96438031592140e+00 3.85474954918460e-01
6.30000000000000e-01 2.34569518807436e+00 1.94663570460343e+00 3.99059483470934e-01
6.35000000000000e-01 2.34159181127813e+00 1.93171872048530e+00 4.09873090792834e-01
6.40000000000000e-01 2.33754425404317e+00 1.91969611683971e+00 4.17848137203458e-01
6.45000000000000e-01 2.33355164037823e+00 1.91061619184595e+00 4.22935448532280e-01
6.50000000000000e-01 2.32961310481047e+00 1.90450849718747e+00 4.25104607622997e-01
6.55000000000000e-01 2.32572779247307e+00 1.90138366237698e+00 4.24344130096090e-01
6.60000000000000e-01 2.32189485917932e+00 1.90123333589028e+00 4.20661523289048e-01
6.65000000000000e-01 2.31811347148391e+00 1.90403024347033e+00 4.14083228013586e-01
6.70000000000000e-01 2.31438280673192e+00 1.90972836324032e+00 4.04654443491604e-01
6.75000000000000e-01 2.31070205309621e+00 1.91826321654437e+00 3.92438836551838e-01
6.80000000000000e-01 2.30707040960369e+00 1.92955227272105e+00 3.77518136882649e-01
6.85000000000000e-01 2.30348708615110e+00 1.94349546531226e+00 3.59991620838841e-01
6.90000000000000e-01 2.29995130351073e+00 1.95997581652323e+00 3.39975486987494e-01
6.95000000000000e-01 2.29646229332676e+00 1.97886016608158e+00 3.17602127245176e-01
7.00000000000000e-01 2.29301929810259e+00 2.00000000000000e+00 2.93019298102593e-01
7.05000000000000e-01 2.28962157117975e+00 2.02323237413106e+00 2.66389197048686e-01
7.10000000000000e-01 2.28626837670871e+00 2.04838092681811e+00 2.37887449890606e-01
7.15000000000000e-01 2.28295898961230e+00 2.07525697439691e+00 2.07702015215392e-01
7.20000000000000e-01 2.27969269554193e+00 2.10366068279205e+00 1.76032012749877e-01
7.25000000000000e-01 2.27646879082716e+00 2.13338230798255e+00 1.43086482844615e-01
7.30000000000000e-01 2.27328658241907e+00 2.16420349768687e+00 1.09083084732203e-01
7.35000000000000e-01 2.27014538782770e+00 2.19589864623990e+00 7.42467415878050e-02
7.40000000000000e-01 2.26704453505405e+00 2.22823629430637e+00 3.88082407476786e-02
7.45000000000000e-01 2.26398336251694e+00 2.26098056479902e+00 3.00279771791967e-03
7.50000000000000e-01 2.26096121897514e+00 2.29389262614624e+00 3.29314071710995e-02
7.55000000000000e-01 2.25797746344504e+00 2.32673217388556e+00 6.87547104405200e-02
7.60000000000000e-01 2.25503146511427e+00 2.35925892144618e+00 1.04227456331912e-01
7.65000000000000e-01 2.25212260325145e+00 2.39123409092702e+00 1.39111487675572e-01
7.70000000000000e-01 2.24925026711251e+00 2.42242189467697e+00 1.73171627564459e-01
7.75000000000000e-01 2.24641385584382e+00 2.45259099854052e+00 2.06177142696701e-01
7.80000000000000e-01 2.24361277838227e+00 2.48151595774496e+00 2.37903179362688e-01
7.85000000000000e-01 2.24084645335282e+00 2.50897861657418e+00 2.68132163221358e-01
7.90000000000000e-01 2.23811430896350e+00 2.53476946319709e+00 2.96655154233589e-01
7.95000000000000e-01 2.23541578289831e+00 2.55868893129538e+00 3.23273148397073e-01
8.00000000000000e-01 2.23275032220803e+00 2.58054864046305e+00 3.47798318255013e-01
8.05000000000000e-01 2.23011738319947e+00 2.60017256772797e+00 3.70055184528503e-01
8.10000000000000e-01 2.22751643132294e+00 2.61739814297001e+00 3.89881711647068e-01
8.15000000000000e-01 2.22494694105857e+00 2.63207726147960e+00 4.07130320421031e-01
8.20000000000000e-01 2.22240839580131e+00 2.64407720741157e+00 4.21668811610259e-01
8.25000000000000e-01 2.21990028774506e+00 2.65328148243819e+00 4.33381194693131e-01
8.30000000000000e-01 2.21742211776584e+00 2.65959053448992e+00 4.42168416724080e-01
8.35000000000000e-01 2.21497339530441e+00 2.66292238208847e+00 4.47948986784055e-01
8.40000000000000e-01 2.21255363824832e+00 2.66321313042021e+00 4.50659492171895e-01
8.45000000000000e-01 2.21016237281353e+00 2.66041737596564e+00 4.50255003152106e-01
8.50000000000000e-01 2.20779913342588e+00 2.65450849718747e+00 4.46709363761590e-01
8.55000000000000e-01 2.20546346260235e+00 2.64547882948272e+00 4.40015366880363e-01
8.60000000000000e-01 2.20315491083236e+00 2.63333972331718e+00 4.30184812484820e-01
8.65000000000000e-01 2.20087303645918e+00 2.61812148518153e+00 4.17248448722348e-01
8.70000000000000e-01 2.19861740556150e+00 2.59987320173000e+00 4.01255796168504e-01
8.75000000000000e-01 2.19638759183541e+00 2.57866244818360e+00 3.82274856348188e-01
8.80000000000000e-01 2.19418317647666e+00 2.55457488279246e+00 3.60391706315794e-01
8.85000000000000e-01 2.19200374806351e+00 2.52771372985530e+00 3.35709981791795e-01
8.90000000000000e-01 2.18984890244007e+00 2.49819915448034e+00 3.08350252040269e-01
8.95000000000000e-01 2.18771824260035e+00 2.46616753293972e+00 2.78449290339371e-01
9.00000000000000e-01 2.18561137857299e+00 2.43177062311339e+00 2.46159244540400e-01
9.05000000000000e-01 2.18352792730676e+00 2.39517464013388e+00 2.11646712827124e-01
9.10000000000000e-01 2.18146751255692e+00 2.35655924292839e+00 1.75091730371473e-01
9.15000000000000e-01 2.17942976477247e+00 2.31611643790350e+00 1.36686673131031e-01
9.20000000000000e-01 2.17741432098434e+00 2.27404940652903e+00 9.66350855446865e-02
9.25000000000000e-01 2.17542082469462e+00 2.23057126404647e+00 5.51504393518512e-02
9.30000000000000e-01 2.17344892576671e+00 2.18590375695213e+00 1.24548311854213e-02
9.35000000000000e-01 2.17149828031671e+00 2.14027590728277e+00 3.12223730339407e-02
9.40000000000000e-01 2.16956855060582e+00 2.09392261205918e+00 7.56459385466393e-02
9.45000000000000e-01 2.16765940493388e+00 2.04708320651983e+00 1.20576198414047e-01
9.50000000000000e-01 2.16577051753417e+00 2.00000000000000e+00 1.65770517534170e-01
9.55000000000000e-01 2.16390156846935e+00 1.95291679348017e+00 2.10984774989185e-01
9.60000000000000e-01 2.16205224352865e+00 1.90607738794082e+00 2.55974855587829e-01
9.65000000000000e-01 2.16022223412631e+00 1.85972409271723e+00 3.00498141409078e-01
9.70000000000000e-01 2.15841123720128e+00 1.81409624304787e+00 3.44314994153413e-01
9.75000000000000e-01 2.15661895511827e+00 1.76942873595353e+00 3.87190219164735e-01
9.80000000000000e-01 2.15484509556997e+00 1.72595059347097e+00 4.28894502099001e-01
9.85000000000000e-01 2.15308937148074e+00 1.68388356209650e+00 4.69205809384236e-01
9.90000000000000e-01 2.15135150091150e+00 1.64344075707161e+00 5.07910743839885e-01
9.95000000000000e-01 2.14963120696601e+00 1.60482535986612e+00 5.44805847099889e-01
1.00000000000000e+00 2.14792821769849e+00 1.56822937688661e+00 5.79698840811875e-01
1.00500000000000e+00 2.14624226602254e+00 1.53383246706028e+00 6.12409798962263e-01
1.01000000000000e+00 2.14457308962148e+00 1.50180084551966e+00 6.42772244101817e-01
1.01500000000000e+00 2.14292043085993e+00 1.47228627014470e+00 6.70634160715234e-01
1.02000000000000e+00 2.14128403669684e+00 1.44542511720755e+00 6.95858919489298e-01
1.02500000000000e+00 2.13966365859981e+00 1.42133755181640e+00 7.18326106783401e-01
1.03000000000000e+00 2.13805905246073e+00 1.40012679827000e+00 7.37932254190734e-01
1.03500000000000e+00 2.13646997851286e+00 1.38187851481848e+00 7.54591463694380e-01
1.04000000000000e+00 2.13489620124909e+00 1.36666027668282e+00 7.68235924566274e-01
1.04500000000000e+00 2.13333748934169e+00 1.35452117051728e+00 7.78816318824405e-01
1.05000000000000e+00 2.13179361556325e+00 1.34549150281253e+00 7.86302112750719e-01
1.05500000000000e+00 2.13026435670898e+00 1.33958262403436e+00 7.90681732674623e-01
1.06000000000000e+00 2.12874949352039e+00 1.33678686957979e+00 7.91962623940600e-01
1.06500000000000e+00 2.12724881061008e+00 1.33707761791153e+00 7.90171192698546e-01
1.07000000000000e+00 2.12576209638803e+00 1.34040946551008e+00 7.85352630877950e-01
1.07500000000000e+00 2.12428914298902e+00 1.34671851756181e+00 7.77570625427212e-01
1.08000000000000e+00 2.12282974620134e+00 1.35592279258843e+00 7.66906953612916e-01
1.08500000000000e+00 2.12138370539679e+00 1.36792273852040e+00 7.53460966876390e-01
1.09000000000000e+00 2.11995082346188e+00 1.38260185702999e+00 7.37348966431889e-01
1.09500000000000e+00 2.11853090673028e+00 1.39982743227203e+00 7.18703474458251e-01
1.10000000000000e+00 2.11712376491646e+00 1.41945135953695e+00 6.97672405379507e-01
1.10500000000000e+00 2.11572921105056e+00 1.44131106870462e+00 6.74418142345934e-01
1.11000000000000e+00 2.11434706141439e+00 1.46523053680291e+00 6.49116524611479e-01
1.11500000000000e+00 2.11297713547867e+00 1.49102138342582e+00 6.21955752052849e-01
1.12000000000000e+00 2.11161925584139e+00 1.51848404225504e+00 5.93135213586350e-01
1.12500000000000e+00 2.11027324816729e+00 1.54740900145948e+00 5.62864246707811e-01
1.13000000000000e+00 2.10893894112851e+00 1.57757810532303e+00 5.31360835805481e-01
1.13500000000000e+00 2.10761616634632e+00 1.60876590907298e+00 4.98850257273338e-01
1.14000000000000e+00 2.10630475833397e+00 1.64074107855382e+00 4.65563679780151e-01
1.14500000000000e+00 2.10500455444061e+00 1.67326782611444e+00 4.31736728326169e-01
1.15000000000000e+00 2.10371539479625e+00 1.70610737385376e+00 3.97608020942481e-01
1.15500000000000e+00 2.10243712225782e+00 1.73901943520098e+00 3.63417687056837e-01
1.16000000000000e+00 2.10116958235624e+00 1.77176370569363e+00 3.29405876662610e-01
1.16500000000000e+00 2.09991262324448e+00 1.80410135376010e+00 2.95811269484380e-01
1.17000000000000e+00 2.09866609564669e+00 1.83579650231313e+00 2.62869593333557e-01
1.17500000000000e+00 2.09742985280823e+00 1.86661769201745e+00 2.30812160790772e-01
1.18000000000000e+00 2.09620375044676e+00 1.89633931720795e+00 1.99864433238809e-01
1.18500000000000e+00 2.09498764670423e+00 1.92474302560309e+00 1.70244621101138e-01
1.19000000000000e+00 2.09378140209982e+00 1.95161907318189e+00 1.42162328917927e-01
1.19500000000000e+00 2.09258487948383e+00 1.97676762586894e+00 1.15817253614895e-01
1.20000000000000e+00 2.09139794399244e+00 2.00000000000000e+00 9.13979439924433e-02
1.20500000000000e+00 2.09022046300341e+00 2.02113983391842e+00 6.90806290849841e-02
1.21000000000000e+00 2.08905230609259e+00 2.04002418347677e+00 4.90281226158191e-02
1.21500000000000e+00 2.08789334499140e+00 2.05650453468774e+00 3.13888103036555e-02
1.22000000000000e+00 2.08674345354505e+00 2.07044772727895e+00 1.62957262661001e-02
1.22500000000000e+00 2.08560250767169e+00 2.08173678345563e+00 3.86572421605713e-03
1.23000000000000e+00 2.08447038532225e+00 2.09027163675968e+00 5.80125143743127e-03
1.23500000000000e+00 2.08334696644127e+00 2.09596975652967e+00 1.26227900884026e-02
1.24000000000000e+00 2.08223213292834e+00 2.09876666410972e+00 1.65345311813865e-02
1.24500000000000e+00 2.08112576860041e+00 2.09861633762302e+00 1.74905690226037e-02
1.25000000000000e+00 2.08002775915489e+00 2.09549150281253e+00 1.54637436576368e-02
1.25500000000000e+00 2.07893799213337e+00 2.08938380815405e+00 1.04458160206806e-02
1.26000000000000e+00 2.07785635688624e+00 2.08030388316029e+00 2.44752627405154e-03
1.26500000000000e+00 2.07678274453787e+00 2.06828127951470e+00 8.50146502316962e-03
1.27000000000000e+00 2.07571704795265e+00 2.05336429539657e+00 2.23527525560856e-02
1.27500000000000e+00 2.07465916170159e+00 2.03561968407860e+00 3.90394776229952e-02
1.28000000000000e+00 2.07360898202967e+00 2.01513224859221e+00 5.84767334374563e-02
1.28500000000000e+00 2.07256640682384e+00 1.99200432495795e+00 8.05620818658932e-02
1.29000000000000e+00 2.07153133558172e+00 1.96635515716554e+00 1.05176178416175e-01
1.29500000000000e+00 2.07050366938082e+00 1.93832016775567e+00 1.32183501625147e-01
1.30000000000000e+00 2.06948331084853e+00 1.90805012849909e+00 1.61433182349444e-01
1.30500000000000e+00 2.06847016413267e+00 1.87571023628478e+00 1.92759927847890e-01
1.31000000000000e+00 2.06746413487259e+00 1.84147909991323e+00 2.25985034959368e-01
1.31500000000000e+00 2.06646513017096e+00 1.80554764404025e+00 2.60917486130703e-01
1.32000000000000e+00 2.06547305856604e+00 1.76811793702778e+00 2.97355121538261e-01
1.32500000000000e+00 2.06448783000466e+00 1.72940194992690e+00 3.35085880077758e-01
1.33000000000000e+00 2.06350935581558e+00 1.68962025424335e+00 3.73889101572233e-01
1.33500000000000e+00 2.06253754868355e+00 1.64900066651302e+00 4.13536882170529e-01
1.34000000000000e+00 2.06157232262381e+00 1.60777684804300e+00 4.53795474580803e-01
1.34500000000000e+00 2.06061359295717e+00 1.56618686845015e+00 4.94426724507015e-01
1.35000000000000e+00 2.05966127628557e+00 1.52447174185242e+00 5.35189534433150e-01
1.35500000000000e+00 2.05871529046819e+00 1.48287394473691e+00 5.75841345731278e-01
1.36000000000000e+00 2.05777555459797e+00 1.44163592464141e+00 6.16139629956559e-01
1.36500000000000e+00 2.05684198897871e+00 1.40099860884315e+00 6.55843380135563e-01
1.37000000000000e+00 2.05591451510258e+00 1.36119992224821e+00 6.94714592854373e-01
1.37500000000000e+00 2.05499305562813e+00 1.32247332361862e+00 7.32519732009510e-01
1.38000000000000e+00 2.05407753435870e+00 1.28504636916085e+00 7.69031165197849e-01
1.38500000000000e+00 2.05316787622138e+00 1.24913931233114e+00 8.04028563890233e-01
1.39000000000000e+00 2.05226400724626e+00 1.21496374848942e+00 8.37300258756843e-01
1.39500000000000e+00 2.05136585454627e+00 1.18272131275752e+00 8.68644541788748e-01
1.40000000000000e+00 2.05047334629728e+00 1.15260243910916e+00 8.97870907188124e-01
1.40500000000000e+00 2.04958641171874e+00 1.12478518834171e+00 9.24801223377031e-01
1.41000000000000e+00 2.04870498105461e+00 1.09943415215529e+00 9.49270828899327e-01
1.41500000000000e+00 2.04782898555482e+00 1.07669944009536e+00 9.71129545459453e-01
1.42000000000000e+00 2.04695835745692e+00 1.05671575560428e+00 9.90242601852647e-01
1.42500000000000e+00 2.04609302996833e+00 1.03960156687779e+00 1.00649146309054e+00
1.43000000000000e+00 2.04523293724876e+00 1.02545837763829e+00 1.01977455961047e+00
1.43500000000000e+00 2.04437801439312e+00 1.01437010232018e+00 1.03000791207295e+00
1.44000000000000e+00 2.04352819741474e+00 1.00640254951957e+00 1.03712564789518e+00
1.44500000000000e+00 2.04268342322890e+00 1.00160301689261e+00 1.04108040633629e+00
1.45000000000000e+00 2.04184362963677e+00 1.00000000000000e+00 1.04184362963677e+00
1.45500000000000e+00 2.04100875530962e+00 1.00160301689261e+00 1.03940573841701e+00
1.46000000000000e+00 2.04017873977339e+00 1.00640254951957e+00 1.03377619025382e+00
1.46500000000000e+00 2.03935352339356e+00 1.01437010232018e+00 1.02498342107338e+00
1.47000000000000e+00 2.03853304736033e+00 1.02545837763829e+00 1.01307466972204e+00
1.47500000000000e+00 2.03771725367411e+00 1.03960156687779e+00 9.98115686796316e-01
1.48000000000000e+00 2.03690608513131e+00 1.05671575560428e+00 9.80190329527031e-01
1.48500000000000e+00 2.03609948531041e+00 1.07669944009536e+00 9.59400045215042e-01
1.49000000000000e+00 2.03529739855832e+00 1.09943415215529e+00 9.35863246403030e-01
1.49500000000000e+00 2.03449976997702e+00 1.12478518834171e+00 9.09714581635317e-01
1.50000000000000e+00 2.03370654541049e+00 1.15260243910916e+00 8.81104106301337e-01
1.50500000000000e+00 2.03291767143186e+00 1.18272131275752e+00 8.50196358674337e-01
1.51000000000000e+00 2.03213309533085e+00 1.21496374848942e+00 8.17169346841429e-01
1.51500000000000e+00 2.03135276510149e+00 1.24913931233114e+00 7.82213452770347e-01
1.52000000000000e+00 2.03057662943005e+00 1.28504636916085e+00 7.45530260269200e-01
1.52500000000000e+00 2.02980463768324e+00 1.32247332361862e+00 7.07331314064618e-01
1.53000000000000e+00 2.02903673989660e+00 1.36119992224821e+00 6.67836817648390e-01
1.53500000000000e+00 2.02827288676323e+00 1.40099860884315e+00 6.27274277920080e-01
1.54000000000000e+00 2.02751302962262e+00 1.44163592464141e+00 5.85877104981205e-01
1.54500000000000e+00 2.02675712044980e+00 1.48287394473691e+00 5.43883175712888e-01
1.55000000000000e+00 2.02600511184467e+00 1.52447174185242e+00 5.01533369992249e-01
1.55500000000000e+00 2.02525695702155e+00 1.56618686845015e+00 4.59070088571405e-01
1.56000000000000e+00 2.02451260979894e+00 1.60777684804300e+00 4.16735761755940e-01
1.56500000000000e+00 2.02377202458949e+00 1.64900066651302e+00 3.74771358076470e-01
1.57000000000000e+00 2.02303515639015e+00 1.68962025424335e+00 3.33414902146800e-01
1.57500000000000e+00 2.02230196077257e+00 1.72940194992690e+00 2.92900010845667e-01
1.58000000000000e+00 2.02157239387362e+00 1.76811793702778e+00 2.53454456845838e-01
1.58500000000000e+00 2.02084641238618e+00 1.80554764404025e+00 2.15298768345925e-01
1.59000000000000e+00 2.02012397355001e+00 1.84147909991323e+00 1.78644873636782e-01
1.59500000000000e+00 2.01940503514292e+00 1.87571023628478e+00 1.43694798858136e-01
1.60000000000000e+00 2.01868955547203e+00 1.90805012849909e+00 1.10639426972938e-01
1.60500000000000e+00 2.01797749336522e+00 1.93832016775567e+00 7.96573256095494e-02
1.61000000000000e+00 2.01726880816278e+00 1.96635515716554e+00 5.09136509972410e-02
1.61500000000000e+00 2.01656345970922e+00 1.99200432495795e+00 2.45591347512668e-02
1.62000000000000e+00 2.01586140834516e+00 2.01513224859221e+00 7.29159752949737e-04
1.62500000000000e+00 2.01516261489954e+00 2.03561968407860e+00 2.04570691790589e-02
1.63000000000000e+00 2.01446704068180e+00 2.05336429539657e+00 3.88972547147679e-02
1.63500000000000e+00 2.01377464747438e+00 2.06828127951470e+00 5.45066320403271e-02
1.64000000000000e+00 2.01308539752522e+00 2.08030388316029e+00 6.72184856350690e-02
1.64500000000000e+00 2.01239925354054e+00 2.08938380815405e+00 7.69845546135115e-02
1.65000000000000e+00 2.01171617867766e+00 2.09549150281253e+00 8.37753241348675e-02
1.65500000000000e+00 2.01103613653800e+00 2.09861633762302e+00 8.75802010850180e-02
1.66000000000000e+00 2.01035909116024e+00 2.09876666410972e+00 8.84075729494889e-02
1.66500000000000e+00 2.00968500701354e+00 2.09596975652967e+00 8.62847495161363e-02
1.67000000000000e+00 2.00901384899099e+00 2.09027163675968e+00 8.12577877686924e-02
1.67500000000000e+00 2.00834558240311e+00 2.08173678345563e+00 7.33912010525195e-02
1.68000000000000e+00 2.00768017297149e+00 2.07044772727895e+00 6.27675543074653e-02
1.68500000000000e+00 2.00701758682258e+00 2.05650453468774e+00 4.94869478651627e-02
1.69000000000000e+00 2.00635779048158e+00 2.04002418347677e+00 3.36663929951917e-02
1.69500000000000e+00 2.00570075086643e+00 2.02113983391842e+00 1.54390830519873e-02
1.70000000000000e+00 2.00504643528198e+00 2.00000000000000e+00 5.04643528198168e-03
1.70500000000000e+00 2.00439481141417e+00 1.97676762586893e+00 2.76271855452337e-02
1.71000000000000e+00 2.00374584732440e+00 1.95161907318189e+00 5.21267741425073e-02
1.71500000000000e+00 2.00309951144401e+00 1.92474302560309e+00 7.83564858409180e-02
1.72000000000000e+00 2.00245577256878e+00 1.89633931720795e+00 1.06116455360828e-01
1.72500000000000e+00 2.00181459985365e+00 1.86661769201745e+00 1.35196907836199e-01
1.73000000000000e+00 2.00117596280746e+00 1.83579650231313e+00 1.65379460494330e-01
1.73500000000000e+00 2.00053983128779e+00 1.80410135376010e+00 1.96438477527689e-01
1.74000000000000e+00 1.99990617549595e+00 1.77176370569363e+00 2.28142469802323e-01
1.74500000000000e+00 1.99927496597202e+00 1.73901943520098e+00 2.60255530771035e-01
1.75000000000000e+00 1.99864617358998e+00 1.70610737385376e+00 2.92538799736214e-01
1.75500000000000e+00 1.99801976955297e+00 1.67326782611444e+00 3.24751943438538e-01
1.76000000000000e+00 1.99739572538862e+00 1.64074107855382e+00 3.56654646834799e-01
1.76500000000000e+00 1.99677401294441e+00 1.60876590907298e+00 3.88008103871427e-01
1.77000000000000e+00 1.99615460438322e+00 1.57757810532303e+00 4.18576499060190e-01
1.77500000000000e+00 1.99553747217889e+00 1.54740900145948e+00 4.48128470719408e-01
1.78000000000000e+00 1.99492258911188e+00 1.51848404225504e+00 4.76438546856836e-01
1.78500000000000e+00 1.99430992826500e+00 1.49102138342582e+00 5.03288544839179e-01
1.79000000000000e+00 1.99369946301926e+00 1.46523053680291e+00 5.28468926216355e-01
1.79500000000000e+00 1.99309116704973e+00 1.44131106870462e+00 5.51780098345108e-01
1.80000000000000e+00 1.99248501432153e+00 1.41945135953695e+00 5.73033654784573e-01
1.80500000000000e+00 1.99188097908586e+00 1.39982743227203e+00 5.92053546813829e-01
1.81000000000000e+00 1.99127903587613e+00 1.38260185702999e+00 6.08677178846143e-01
1.81500000000000e+00 1.99067915950415e+00 1.36792273852040e+00 6.22756420983752e-01
1.82000000000000e+00 1.99008132505636e+00 1.35592279258843e+00 6.34158532467934e-01
1.82500000000000e+00 1.98948550789016e+00 1.34671851756181e+00 6.42766990328347e-01
1.83000000000000e+00 1.98889168363031e+00 1.34040946551008e+00 6.48482218120229e-01
1.83500000000000e+00 1.98829982816539e+00 1.33707761791153e+00 6.51222210253856e-01
1.84000000000000e+00 1.98770991764427e+00 1.33678686957979e+00 6.50923048064485e-01
1.84500000000000e+00 1.98712192847274e+00 1.33958262403436e+00 6.47539304438384e-01
1.85000000000000e+00 1.98653583731013e+00 1.34549150281253e+00 6.41044334497606e-01
1.85500000000000e+00 1.98595162106599e+00 1.35452117051728e+00 6.31430450548710e-01
1.86000000000000e+00 1.98536925689688e+00 1.36666027668282e+00 6.18708980214059e-01
1.86500000000000e+00 1.98478872220314e+00 1.38187851481848e+00 6.02910207384660e-01
1.87000000000000e+00 1.98420999462580e+00 1.40012679827000e+00 5.84083196355805e-01
1.87500000000000e+00 1.98363305204350e+00 1.42133755181640e+00 5.62295500227093e-01
1.88000000000000e+00 1.98305787256943e+00 1.44542511720755e+00 5.37632755361879e-01
1.88500000000000e+00 1.98248443454840e+00 1.47228627014470e+00 5.10198164403698e-01
1.89000000000000e+00 1.98191271655390e+00 1.50180084551967e+00 4.80111871034236e-01
1.89500000000000e+00 1.98134269738526e+00 1.53383246706028e+00 4.47510230324979e-01
1.90000000000000e+00 1.98077435606478e+00 1.56822937688661e+00 4.12544979178171e-01
1.90500000000000e+00 1.98020767183502e+00 1.60482535986612e+00 3.75382311968899e-01
1.91000000000000e+00 1.97964262415601e+00 1.64344075707161e+00 3.36201867084399e-01
1.91500000000000e+00 1.97907919270265e+00 1.68388356209650e+00 2.95195630606149e-01
1.92000000000000e+00 1.97851735736202e+00 1.72595059347097e+00 2.52566763891053e-01
1.92500000000000e+00 1.97795709823082e+00 1.76942873595353e+00 2.08528362277284e-01
1.93000000000000e+00 1.97739839561281e+00 1.81409624304787e+00 1.63302152564937e-01
1.93500000000000e+00 1.97684123001632e+00 1.85972409271723e+00 1.17117137299100e-01
1.94000000000000e+00 1.97628558215182e+00 1.90607738794082e+00 7.02081942110053e-02
1.94500000000000e+00 1.97573143292945e+00 1.95291679348017e+00 2.28146394492812e-02
1.95000000000000e+00 1.97517876345666e+00 2.00000000000000e+00 2.48212365433349e-02
1.95500000000000e+00 1.97462755503591e+00 2.04708320651983e+00 7.24556514839163e-02
1.96000000000000e+00 1.97407778916233e+00 2.09392261205918e+00 1.19844822896848e-01
1.96500000000000e+00 1.97352944752146e+00 2.14027590728277e+00 1.66746459761317e-01
1.97000000000000e+00 1.97298251198704e+00 2.18590375695213e+00 2.12921244965086e-01
1.97500000000000e+00 1.97243696461885e+00 2.23057126404646e+00 2.58134299427617e-01
1.98000000000000e+00 1.97189278766049e+00 2.27404940652903e+00 3.02156618868540e-01
1.98500000000000e+00 1.97134996353732e+00 2.31611643790350e+00 3.44766474366181e-01
1.99000000000000e+00 1.97080847485436e+00 2.35655924292839e+00 3.85750768074033e-01
1.99500000000000e+00 1.97026830439423e+00 2.39517464013388e+00 4.24906335739652e-01
2.00000000000000e+00 1.96972943511516e+00 2.43177062311339e+00 4.62041187998227e-01
2.00500000000000e+00 1.96919185014898e+00 2.46616753293972e+00 4.96975682790742e-01
2.01000000000000e+00 1.96865553279916e+00 2.49819915448034e+00 5.29543621681176e-01
2.01500000000000e+00 1.96812046653894e+00 2.52771372985530e+00 5.59593263316362e-01
2.02000000000000e+00 1.96758663500938e+00 2.55457488279245e+00 5.86988247783077e-01
2.02500000000000e+00 1.96705402201752e+00 2.57866244818359e+00 6.11608426166074e-01
2.03000000000000e+00 1.96652261153457e+00 2.59987320173000e+00 6.33350590195435e-01
2.03500000000000e+00 1.96599238769407e+00 2.61812148518152e+00 6.52129097487456e-01
2.04000000000000e+00 1.96546333479013e+00 2.63333972331718e+00 6.67876388527051e-01
2.04500000000000e+00 1.96493543727570e+00 2.64547882948272e+00 6.80543392207019e-01
2.05000000000000e+00 1.96440867976080e+00 2.65450849718747e+00 6.90099817426670e-01
2.05500000000000e+00 1.96388304701089e+00 2.66041737596564e+00 6.96534328954746e-01
2.06000000000000e+00 1.96335852394514e+00 2.66321313042021e+00 6.99854606475070e-01
2.06500000000000e+00 1.96283509563483e+00 2.66292238208847e+00 7.00087286453637e-01
2.07000000000000e+00 1.96231274730169e+00 2.65959053448992e+00 6.97277787188223e-01
2.07500000000000e+00 1.96179146431636e+00 2.65328148243819e+00 6.91490018121830e-01
2.08000000000000e+00 1.96127123219675e+00 2.64407720741157e+00 6.82805975214824e-01
2.08500000000000e+00 1.96075203660656e+00 2.63207726147960e+00 6.71325224873037e-01
2.09000000000000e+00 1.96023386335372e+00 2.61739814297001e+00 6.57164279616291e-01
2.09500000000000e+00 1.95971669838888e+00 2.60017256772797e+00 6.40455869339096e-01
2.10000000000000e+00 1.95920052780394e+00 2.58054864046305e+00 6.21348112659103e-01
2.10500000000000e+00 1.95868533783063e+00 2.55868893129538e+00 6.00003593464751e-01
2.11000000000000e+00 1.95817111483899e+00 2.53476946319710e+00 5.76598348358105e-01
2.11500000000000e+00 1.95765784533604e+00 2.50897861657418e+00 5.51320771238143e-01
2.12000000000000e+00 1.95714551596431e+00 2.48151595774496e+00 5.24370441780651e-01
2.12500000000000e+00 1.95663411350053e+00 2.45259099854052e+00 4.95956885039993e-01
2.13000000000000e+00 1.95612362485422e+00 2.42242189467697e+00 4.66298269822754e-01
2.13500000000000e+00 1.95561403706639e+00 2.39123409092702e+00 4.35620053860631e-01
2.14000000000000e+00 1.95510533730819e+00 2.35925892144618e+00 4.04153584137989e-01
2.14500000000000e+00 1.95459751287965e+00 2.32673217388556e+00 3.72134661005917e-01
2.15000000000000e+00 1.95409055120834e+00 2.29389262614624e+00 3.39802074937895e-01
2.15500000000000e+00 1.95358443984818e+00 2.26098056479902e+00 3.07396124950841e-01
2.16000000000000e+00 1.95307916647812e+00 2.22823629430637e+00 2.75157127828256e-01
2.16500000000000e+00 1.95257471890095e+00 2.19589864623990e+00 2.43323927338946e-01
2.17000000000000e+00 1.95207108504210e+00 2.16420349768687e+00 2.12132412644767e-01
2.17500000000000e+00 1.95156825294841e+00 2.13338230798255e+00 1.81814055034136e-01
2.18000000000000e+00 1.95106621078695e+00 2.10366068279205e+00 1.52594472005100e-01
2.18500000000000e+00 1.95056494684389e+00 2.07525697439691e+00 1.24692027553021e-01
2.19000000000000e+00 1.95006444952332e+00 2.04838092681811e+00 9.83164772947864e-02
2.19500000000000e+00 1.94956470734613e+00 2.02323237413107e+00 7.36676667849416e-02
2.20000000000000e+00 1.94906570894886e+00 2.00000000000000e+00 5.09342910511372e-02
2.20500000000000e+00 1.94856744308267e+00 1.97886016608158e+00 3.02927229989123e-02
2.21000000000000e+00 1.94806989861215e+00 1.95997581652323e+00 1.19059179110841e-02
2.21500000000000e+00 1.94757306451433e+00 1.94349546531226e+00 4.07759920206585e-03
2.22000000000000e+00 1.94707692987755e+00 1.92955227272105e+00 1.75246571565073e-02
2.22500000000000e+00 1.94658148390048e+00 1.91826321654437e+00 2.83182673561120e-02
2.23000000000000e+00 1.94608671589102e+00 1.90972836324032e+00 3.63583526507039e-02
2.23500000000000e+00 1.94559261526531e+00 1.90403024347033e+00 4.15623717949813e-02
2.24000000000000e+00 1.94509917154670e+00 1.90123333589028e+00 4.38658356564283e-02
2.24500000000000e+00 1.94460637436480e+00 1.90138366237698e+00 4.32227119878179e-02
2.25000000000000e+00 1.94411421345442e+00 1.90450849718747e+00 3.96057162669450e-02
2.25500000000000e+00 1.94362267865466e+00 1.91061619184595e+00 3.30064868087108e-02
2.26000000000000e+00 1.94313175990792e+00 1.91969611683971e+00 2.34356430682037e-02
2.26500000000000e+00 1.94264144725894e+00 1.93171872048530e+00 1.09227267736458e-02
2.27000000000000e+00 1.94215173085391e+00 1.94663570460343e+00 4.48397374952370e-03
2.27500000000000e+00 1.94166260093946e+00 1.96438031592140e+00 2.27177149819402e-02
2.28000000000000e+00 1.94117404786183e+00 1.98486775140779e+00 4.36937035459584e-02
2.28500000000000e+00 1.94068606206590e+00 2.00799567504205e+00 6.73096129761472e-02
2.29000000000000e+00 1.94019863409433e+00 2.03364484283446e+00 9.34462087401229e-02
2.29500000000000e+00 1.93971175458666e+00 2.06167983224433e+00 1.21968077657667e-01
2.30000000000000e+00 1.93922541427843e+00 2.09194987150091e+00 1.52724457222479e-01
2.30500000000000e+00 1.93873960400033e+00 2.12428976371522e+00 1.85550159714890e-01
2.31000000000000e+00 1.93825431467732e+00 2.15852090008677e+00 2.20266585409455e-01
2.31500000000000e+00 1.93776953732781e+00 2.19445235595975e+00 2.56682818631935e-01
2.32000000000000e+00 1.93728526306282e+00 2.23188206297221e+00 2.94596799909396e-01
2.32500000000000e+00 1.93680148308512e+00 2.27059805007310e+00 3.33796566987979e-01
2.33000000000000e+00 1.93631818868845e+00 2.31037974575665e+00 3.74061557068202e-01
2.33500000000000e+00 1.93583537125668e+00 2.35099933348698e+00 4.15163962230294e-01
2.34000000000000e+00 1.93535302226305e+00 2.39222315195699e+00 4.56870129693948e-01
2.34500000000000e+00 1.93487113326930e+00 2.43381313154985e+00 4.98941998280547e-01
2.35000000000000e+00 1.93438969592498e+00 2.47552825814758e+00 5.41138562222592e-01
2.35500000000000e+00 1.93390870196660e+00 2.51712605526309e+00 5.83217353296481e-01
2.36000000000000e+00 1.93342814321690e+00 2.55836407535858e+00 6.24935932141686e-01
2.36500000000000e+00 1.93294801158405e+00 2.59900139115685e+00 6.66053379572798e-01
2.37000000000000e+00 1.93246829906096e+00 2.63880007775179e+00 7.06331778690827e-01
2.37500000000000e+00 1.93198899772447e+00 2.67752667638138e+00 7.45537678656912e-01
2.38000000000000e+00 1.93151009973464e+00 2.71495363083914e+00 7.83443531104502e-01
2.38500000000000e+00 1.93103159733403e+00 2.75086068766886e+00 8.19829090334826e-01
2.39000000000000e+00 1.93055348284695e+00 2.78503625151058e+00 8.54482768663631e-01
2.39500000000000e+00 1.93007574867875e+00 2.81727868724248e+00 8.87202938563724e-01
2.40000000000000e+00 1.92959838731514e+00 2.84739756089084e+00 9.17799173575703e-01
2.40500000000000e+00 1.92912139132142e+00 2.87521481165829e+00 9.46093420336869e-01
2.41000000000000e+00 1.92864475334187e+00 2.90056584784471e+00 9.71921094502844e-01
2.41500000000000e+00 1.92816846609897e+00 2.92330055990463e+00 9.95132093805667e-01
2.42000000000000e+00 1.92769252239278e+00 2.94328424439572e+00 1.01559172200294e+00
2.42500000000000e+00 1.92721691510024e+00 2.96039843312221e+00 1.03318151802196e+00
2.43000000000000e+00 1.92674163717450e+00 2.97454162236171e+00 1.04779998518721e+00
2.43500000000000e+00 1.92626668164424e+00 2.98562989767982e+00 1.05936321603558e+00
2.44000000000000e+00 1.92579204161303e+00 2.99359745048043e+00 1.06780540886740e+00
2.44500000000000e+00 1.92531771025866e+00 2.99839698310739e+00 1.07307927284873e+00
2.45000000000000e+00 1.92484368083251e+00 3.00000000000000e+00 1.07515631916749e+00
2.45500000000000e+00 1.92436994665889e+00 2.99839698310739e+00 1.07402703644851e+00
2.46000000000000e+00 1.92389650113439e+00 2.99359745048044e+00 1.06970094934604e+00
2.46500000000000e+00 1.92342333772730e+00 2.98562989767982e+00 1.06220655995252e+00
2.47000000000000e+00 1.92295044997692e+00 2.97454162236171e+00 1.05159117238479e+00
2.47500000000000e+00 1.92247783149298e+00 2.96039843312221e+00 1.03792060162923e+00
2.48000000000000e+00 1.92200547595499e+00 2.94328424439572e+00 1.02127876844074e+00
2.48500000000000e+00 1.92153337711166e+00 2.92330055990464e+00 1.00176718279298e+00
2.49000000000000e+00 1.92106152878029e+00 2.90056584784471e+00 9.79504319064426e-01
2.49500000000000e+00 1.92058992484613e+00 2.87521481165830e+00 9.54624886812164e-01
2.50000000000000e+00 1.92011855926184e+00 2.84739756089084e+00 9.27279001629006e-01
2.50500000000000e+00 1.91964742604684e+00 2.81727868724248e+00 8.97631261195641e-01
2.51000000000000e+00 1.91917651928676e+00 2.78503625151058e+00 8.65859732223817e-01
2.51500000000000e+00 1.91870583313285e+00 2.75086068766886e+00 8.32154854536006e-01
2.52000000000000e+00 1.91823536180138e+00 2.71495363083915e+00 7.96718269037767e-01
2.52500000000000e+00 1.91776509957309e+00 2.67752667638138e+00 7.59761576808294e-01
2.53000000000000e+00 1.91729504079260e+00 2.63880007775179e+00 7.21505036959186e-01
2.53500000000000e+00 1.91682517986786e+00 2.59900139115685e+00 6.82176211288989e-01
2.54000000000000e+00 1.91635551126958e+00 2.55836407535859e+00 6.42008564089013e-01
2.54500000000000e+00 1.91588602953064e+00 2.51712605526309e+00 6.01240025732447e-01
2.55000000000000e+00 1.91541672924561e+00 2.47552825814758e+00 5.60111528901966e-01
2.55500000000000e+00 1.91494760507013e+00 2.43381313154985e+00 5.18865526479725e-01
2.56000000000000e+00 1.91447865172037e+00 2.39222315195700e+00 4.77744500236628e-01
2.56500000000000e+00 1.91400986397254e+00 2.35099933348698e+00 4.36989469514443e-01
2.57000000000000e+00 1.91354123666229e+00 2.31037974575666e+00 3.96838509094366e-01
2.57500000000000e+00 1.91307276468420e+00 2.27059805007310e+00 3.57525285388899e-01
2.58000000000000e+00 1.91260444299125e+00 2.23188206297222e+00 3.19277619980970e-01
2.58500000000000e+00 1.91213626659428e+00 2.19445235595975e+00 2.82316089365471e-01
2.59000000000000e+00 1.91166823056148e+00 2.15852090008678e+00 2.46852669525297e-01
2.59500000000000e+00 1.91120033001785e+00 2.12428976371522e+00 2.13089433697367e-01
2.60000000000000e+00 1.91073256014470e+00 2.09194987150091e+00 1.81217311356214e-01
2.60500000000000e+00 1.91026491617911e+00 2.06167983224433e+00 1.51414916065224e-01
2.61000000000000e+00 1.90979739341345e+00 2.03364484283446e+00 1.23847449421012e-01
2.61500000000000e+00 1.90932998719484e+00 2.00799567504205e+00 9.86656878472096e-02
2.62000000000000e+00 1.90886269292467e+00 1.98486775140779e+00 7.60050584831191e-02
2.62500000000000e+00 1.90839550605808e+00 1.96438031592140e+00 5.59848098633264e-02
2.63000000000000e+00 1.90792842210346e+00 1.94663570460343e+00 3.87072824999719e-02
2.63500000000000e+00 1.90746143662197e+00 1.93171872048530e+00 2.42572838633215e-02
2.64000000000000e+00 1.90699454522704e+00 1.91969611683971e+00 1.27015716126677e-02
2.64500000000000e+00 1.90652774358387e+00 1.91061619184595e+00 4.08844826207733e-03
2.65000000000000e+00 1.90606102740894e+00 1.90450849718747e+00 1.55253022146518e-03
2.65500000000000e+00 1.90559439246955e+00 1.90138366237698e+00 4.21073009256356e-03
2.66000000000000e+00 1.90512783458330e+00 1.90123333589028e+00 3.89449869302805e-03
2.66500000000000e+00 1.90466134961767e+00 1.90403024347033e+00 6.31106147347404e-04
2.67000000000000e+00 1.90419493348948e+00 1.90972836324032e+00 5.53342975083937e-03
2.67500000000000e+00 1.90372858216444e+00 1.91826321654437e+00 1.45346343799329e-02
2.68000000000000e+00 1.90326229165670e+00 1.92955227272105e+00 2.62899810643473e-02
2.68500000000000e+00 1.90279605802835e+00 1.94349546531226e+00 4.06994072839078e-02
2.69000000000000e+00 1.90232987738899e+00 1.95997581652323e+00 5.76459391342445e-02
2.69500000000000e+00 1.90186374589522e+00 1.97886016608158e+00 7.69964201863593e-02
2.70000000000000e+00 1.90139765975022e+00 2.00000000000000e+00 9.86023402497762e-02
2.70500000000000e+00 1.90093161520329e+00 2.02323237413106e+00 1.22300758927774e-01
2.71000000000000e+00 1.90046560854936e+00 2.04838092681811e+00 1.47915318268741e-01
2.71500000000000e+00 1.89999963612859e+00 2.07525697439691e+00 1.75257338268323e-01
2.72000000000000e+00 1.89953369432586e+00 2.10366068279205e+00 2.04126988466196e-01
2.72500000000000e+00 1.89906777957037e+00 2.13338230798255e+00 2.34314528412178e-01
2.73000000000000e+00 1.89860188833517e+00 2.16420349768687e+00 2.65601609351693e-01
2.73500000000000e+00 1.89813601713675e+00 2.19589864623990e+00 2.97762629103146e-01
2.74000000000000e+00 1.89767016253455e+00 2.22823629430637e+00 3.30566131771827e-01
2.74500000000000e+00 1.89720432113054e+00 2.26098056479902e+00 3.63776243668476e-01
2.75000000000000e+00 1.89673848956882e+00 2.29389262614624e+00 3.97154136577415e-01
2.75500000000000e+00 1.89627266453514e+00 2.32673217388556e+00 4.30459509350419e-01
2.76000000000000e+00 1.89580684275649e+00 2.35925892144618e+00 4.63452078689691e-01
2.76500000000000e+00 1.89534102100067e+00 2.39123409092702e+00 4.95893069926351e-01
2.77000000000000e+00 1.89487519607586e+00 2.42242189467697e+00 5.27546698601114e-01
2.77500000000000e+00 1.89440936483020e+00 2.45259099854052e+00 5.58181633710320e-01
2.78000000000000e+00 1.89394352415136e+00 2.48151595774496e+00 5.87572433593595e-01
2.78500000000000e+00 1.89347767096615e+00 2.50897861657418e+00 6.15500945608030e-01
2.79000000000000e+00 1.89301180224005e+00 2.53476946319709e+00 6.41757660957046e-01
2.79500000000000e+00 1.89254591497683e+00 2.55868893129538e+00 6.66143016318545e-01
2.80000000000000e+00 1.89208000621816e+00 2.58054864046305e+00 6.88468634244892e-01
2.80500000000000e+00 1.89161407304313e+00 2.60017256772797e+00 7.08558494684846e-01
2.81000000000000e+00 1.89114811256790e+00 2.61739814297001e+00 7.26250030402104e-01
2.81500000000000e+00 1.89068212194530e+00 2.63207726147960e+00 7.41395139534304e-01
2.82000000000000e+00 1.89021609836435e+00 2.64407720741157e+00 7.53861109047218e-01
2.82500000000000e+00 1.88975003904997e+00 2.65328148243819e+00 7.63531443388221e-01
2.83000000000000e+00 1.88928394126246e+00 2.65959053448992e+00 7.70306593227454e-01
2.83500000000000e+00 1.88881780229721e+00 2.66292238208847e+00 7.74104579791252e-01
2.84000000000000e+00 1.88835161948424e+00 2.66321313042021e+00 7.74861510935971e-01
2.84500000000000e+00 1.88788539018782e+00 2.66041737596564e+00 7.72531985777819e-01
2.85000000000000e+00 1.88741911180608e+00 2.65450849718747e+00 7.67089385381395e-01
2.85500000000000e+00 1.88695278177063e+00 2.64547882948272e+00 7.58526047712085e-01
2.86000000000000e+00 1.88648639754617e+00 2.63333972331719e+00 7.46853325771014e-01
2.86500000000000e+00 1.88601995663009e+00 2.61812148518152e+00 7.32101528551430e-01
2.87000000000000e+00 1.88555345655212e+00 2.59987320173000e+00 7.14319745177888e-01
2.87500000000000e+00 1.88508689487389e+00 2.57866244818360e+00 6.93575553309709e-01
2.88000000000000e+00 1.88462026918862e+00 2.55457488279246e+00 6.69954613603833e-01
2.88500000000000e+00 1.88415357712072e+00 2.52771372985530e+00 6.43560152734584e-01
2.89000000000000e+00 1.88368681632538e+00 2.49819915448034e+00 6.14512338154960e-01
2.89500000000000e+00 1.88321998448824e+00 2.46616753293972e+00 5.82947548451484e-01
2.90000000000000e+00 1.88275307932501e+00 2.43177062311339e+00 5.49017543788382e-01
2.90500000000000e+00 1.88228609858110e+00 2.39517464013388e+00 5.12888541552786e-01
2.91000000000000e+00 1.88181904003124e+00 2.35655924292839e+00 4.74740202897153e-01
2.91500000000000e+00 1.88135190147914e+00 2.31611643790350e+00 4.34764536424362e-01
2.92000000000000e+00 1.88088468075711e+00 2.27404940652904e+00 3.93164725771926e-01
2.92500000000000e+00 1.88041737572571e+00 2.23057126404647e+00 3.50153888320755e-01
2.93000000000000e+00 1.87994998427339e+00 2.18590375695213e+00 3.05953772678736e-01
2.93500000000000e+00 1.87948250431614e+00 2.14027590728278e+00 2.60793402966634e-01
2.94000000000000e+00 1.87901493379712e+00 2.09392261205918e+00 2.14907678262066e-01
2.94500000000000e+00 1.87854727068631e+00 2.04708320651984e+00 1.68535935833523e-01
2.95000000000000e+00 1.87807951298021e+00 2.00000000000000e+00 1.21920487019796e-01
2.95500000000000e+00 1.87761165870140e+00 1.95291679348017e+00 7.53051347787683e-02
2.96000000000000e+00 1.87714370589830e+00 1.90607738794082e+00 2.89336820425283e-02
2.96500000000000e+00 1.87667565264473e+00 1.85972409271723e+00 1.69515599275005e-02
2.97000000000000e+00 1.87620749703965e+00 1.81409624304787e+00 6.21112539917821e-02
2.97500000000000e+00 1.87573923720678e+00 1.76942873595354e+00 1.06310501253239e-01
2.98000000000000e+00 1.87527087129424e+00 1.72595059347097e+00 1.49320277823266e-01
2.98500000000000e+00 1.87480239747428e+00 1.68388356209651e+00 1.90918835377777e-01
2.99000000000000e+00 1.87433381394291e+00 1.64344075707161e+00 2.30893056871300e-01
2.99500000000000e+00 1.87386511891955e+00 1.60482535986612e+00 2.69039759053436e-01
3.00000000000000e+00 1.87339631064675e+00 1.56822937688661e+00 3.05166933760142e-01
3.00500000000000e+00 1.87292738738983e+00 1.53383246706028e+00 3.39094920329550e-01
3.01000000000000e+00 1.87245834743656e+00 1.50180084551966e+00 3.70657501916897e-01
3.01500000000000e+00 1.87198918909685e+00 1.47228627014470e+00 3.99702918952156e-01
3.02000000000000e+00 1.87151991070244e+00 1.44542511720755e+00 4.26094793494890e-01
3.02500000000000e+00 1.87105051060653e+00 1.42133755181641e+00 4.49712958790123e-01
3.03000000000000e+00 1.87058098718354e+00 1.40012679827000e+00 4.70454188913541e-01
3.03500000000000e+00 1.87011133882874e+00 1.38187851481848e+00 4.88232824010265e-01
3.04000000000000e+00 1.86964156395797e+00 1.36666027668282e+00 5.02981287275154e-01
3.04500000000000e+00 1.86917166100732e+00 1.35452117051728e+00 5.14650490490035e-01
3.05000000000000e+00 1.86870162843281e+00 1.34549150281253e+00 5.23210125620284e-01
3.05500000000000e+00 1.86823146471012e+00 1.33958262403436e+00 5.28648840675756e-01
3.06000000000000e+00 1.86776116833425e+00 1.33678686957979e+00 5.30974298754465e-01
3.06500000000000e+00 1.86729073781926e+00 1.33707761791153e+00 5.30213119907724e-01
3.07000000000000e+00 1.86682017169792e+00 1.34040946551008e+00 5.26410706187840e-01
3.07500000000000e+00 1.86634946852149e+00 1.34671851756181e+00 5.19630950959675e-01
3.08000000000000e+00 1.86587862685933e+00 1.35592279258843e+00 5.09955834270909e-01
3.08500000000000e+00 1.86540764529871e+00 1.36792273852040e+00 4.97484906778315e-01
3.09000000000000e+00 1.86493652244444e+00 1.38260185702999e+00 4.82334665414455e-01
3.09500000000000e+00 1.86446525691864e+00 1.39982743227203e+00 4.64637824646610e-01
3.10000000000000e+00 1.86399384736040e+00 1.41945135953695e+00 4.44542487823448e-01
3.10500000000000e+00 1.86352229242556e+00 1.44131106870462e+00 4.22211223720941e-01
3.11000000000000e+00 1.86305059078640e+00 1.46523053680290e+00 3.97820053983492e-01
3.11500000000000e+00 1.86257874113133e+00 1.49102138342582e+00 3.71557357705511e-01
3.12000000000000e+00 1.86210674216469e+00 1.51848404225504e+00 3.43622699909653e-01
3.12500000000000e+00 1.86163459260641e+00 1.54740900145948e+00 3.14225591146935e-01
3.13000000000000e+00 1.86116229119177e+00 1.57757810532302e+00 2.83584185868748e-01
3.13500000000000e+00 1.86068983667112e+00 1.60876590907298e+00 2.51923927598142e-01
3.14000000000000e+00 1.86021722780963e+00 1.64074107855382e+00 2.19476149255807e-01
3.14500000000000e+00 1.85974446338699e+00 1.67326782611444e+00 1.86476637272555e-01
3.15000000000000e+00 1.85927154219721e+00 1.70610737385376e+00 1.53164168343447e-01
3.15500000000000e+00 1.85879846304829e+00 1.73901943520098e+00 1.19779027847313e-01
3.16000000000000e+00 1.85832522476203e+00 1.77176370569363e+00 8.65615190684028e-02
3.16500000000000e+00 1.85785182617371e+00 1.80410135376010e+00 5.37504724136082e-02
3.17000000000000e+00 1.85737826613188e+00 1.83579650231313e+00 2.15817638187501e-02
3.17500000000000e+00 1.85690454349811e+00 1.86661769201745e+00 9.71314851934801e-03
3.18000000000000e+00 1.85643065714671e+00 1.89633931720795e+00 3.99086600612333e-02
3.18500000000000e+00 1.85595660596454e+00 1.92474302560309e+00 6.87864196385488e-02
3.19000000000000e+00 1.85548238885069e+00 1.95161907318189e+00 9.61366843311973e-02
3.19500000000000e+00 1.85500800471632e+00 1.97676762586893e+00 1.21759621152617e-01
3.20000000000000e+00 1.85453345248435e+00 2.00000000000000e+00 1.45466547515655e-01
3.20500000000000e+00 1.85405873108927e+00 2.02113983391842e+00 1.67081102829153e-01
3.21000000000000e+00 1.85358383947690e+00 2.04002418347677e+00 1.86440343999869e-01
3.21500000000000e+00 1.85310877660413e+00 2.05650453468774e+00 2.03395758083607e-01
3.22000000000000e+00 1.85263354143874e+00 2.07044772727895e+00 2.17814185840212e-01
3.22500000000000e+00 1.85215813295912e+00 2.08173678345563e+00 2.29578650496508e-01
3.23000000000000e+00 1.85168255015407e+00 2.09027163675968e+00 2.38589086605614e-01
3.23500000000000e+00 1.85120679202258e+00 2.09596975652967e+00 2.44762964507091e-01
3.24000000000000e+00 1.85073085757362e+00 2.09876666410972e+00 2.48035806536105e-01
3.24500000000000e+00 1.85025474582588e+00 2.09861633762302e+00 2.48361591797133e-01
3.25000000000000e+00 1.84977845580762e+00 2.09549150281253e+00 2.45713047004907e-01
3.25500000000000e+00 1.84930198655638e+00 2.08938380815405e+00 2.40081821597669e-01
3.26000000000000e+00 1.84882533711884e+00 2.08030388316029e+00 2.31478546041445e-01
3.26500000000000e+00 1.84834850655057e+00 2.06828127951470e+00 2.19932772964134e-01
3.27000000000000e+00 1.84787149391583e+00 2.05336429539657e+00 2.05492801480743e-01
3.27500000000000e+00 1.84739429828737e+00 2.03561968407860e+00 1.88225385791230e-01
3.28000000000000e+00 1.84691691874624e+00 2.01513224859221e+00 1.68215329845970e-01
3.28500000000000e+00 1.84643935438158e+00 1.99200432495795e+00 1.45564970576374e-01
3.29000000000000e+00 1.84596160429041e+00 1.96635515716554e+00 1.20393552875137e-01
3.29500000000000e+00 1.84548366757745e+00 1.93832016775567e+00 9.28365001782161e-02
3.30000000000000e+00 1.84500554335496e+00 1.90805012849909e+00 6.30445851441335e-02
3.30500000000000e+00 1.84452723074247e+00 1.87571023628479e+00 3.11830055423197e-02
3.31000000000000e+00 1.84404872886666e+00 1.84147909991323e+00 2.56962895343515e-03
3.31500000000000e+00 1.84357003686118e+00 1.80554764404025e+00 3.80223928209225e-02
3.32000000000000e+00 1.84309115386640e+00 1.76811793702778e+00 7.49732168386124e-02
3.32500000000000e+00 1.84261207902929e+00 1.72940194992690e+00 1.13210129102388e-01
3.33000000000000e+00 1.84213281150324e+00 1.68962025424335e+00 1.52512557259888e-01
3.33500000000000e+00 1.84165335044784e+00 1.64900066651302e+00 1.92652683934816e-01
3.34000000000000e+00 1.84117369502875e+00 1.60777684804301e+00 2.33396846985748e-01
3.34500000000000e+00 1.84069384441752e+00 1.56618686845015e+00 2.74506975967370e-01
3.35000000000000e+00 1.84021379779140e+00 1.52447174185243e+00 3.15742055938973e-01
3.35500000000000e+00 1.83973355433319e+00 1.48287394473692e+00 3.56859609596278e-01
3.36000000000000e+00 1.83925311323109e+00 1.44163592464142e+00 3.97617188589674e-01
3.36500000000000e+00 1.83877247367851e+00 1.40099860884315e+00 4.37773864835359e-01
3.37000000000000e+00 1.83829163487391e+00 1.36119992224821e+00 4.77091712625697e-01
3.37500000000000e+00 1.83781059602068e+00 1.32247332361862e+00 5.15337272402067e-01
3.38000000000000e+00 1.83732935632696e+00 1.28504636916086e+00 5.52282987166105e-01
3.38500000000000e+00 1.83684791500547e+00 1.24913931233114e+00 5.87708602674326e-01
3.39000000000000e+00 1.83636627127339e+00 1.21496374848942e+00 6.21402522783968e-01
3.39500000000000e+00 1.83588442435219e+00 1.18272131275752e+00 6.53163111594668e-01
3.40000000000000e+00 1.83540237346751e+00 1.15260243910916e+00 6.82799934358355e-01
3.40500000000000e+00 1.83492011784900e+00 1.12478518834171e+00 7.10134929507290e-01
3.41000000000000e+00 1.83443765673015e+00 1.09943415215529e+00 7.35003504574862e-01
3.41500000000000e+00 1.83395498934822e+00 1.07669944009537e+00 7.57255549252856e-01
3.42000000000000e+00 1.83347211494404e+00 1.05671575560428e+00 7.76756359339763e-01
3.42500000000000e+00 1.83298903276191e+00 1.03960156687779e+00 7.93387465884118e-01
3.43000000000000e+00 1.83250574204945e+00 1.02545837763829e+00 8.07047364411161e-01
3.43500000000000e+00 1.83202224205748e+00 1.01437010232018e+00 8.17652139737303e-01
3.44000000000000e+00 1.83153853203989e+00 1.00640254951957e+00 8.25135982520326e-01
3.44500000000000e+00 1.83105461125352e+00 1.00160301689261e+00 8.29451594360916e-01
3.45000000000000e+00 1.83057047895802e+00 1.00000000000000e+00 8.30570478958024e-01
3.45500000000000e+00 1.83008613441576e+00 1.00160301689261e+00 8.28483117523151e-01
3.46000000000000e+00 1.82960157689165e+00 1.00640254951956e+00 8.23199027372088e-01
3.46500000000000e+00 1.82911680565312e+00 1.01437010232018e+00 8.14746703332943e-01
3.47000000000000e+00 1.82863181996990e+00 1.02545837763829e+00 8.03173442331617e-01
3.47500000000000e+00 1.82814661911400e+00 1.03960156687779e+00 7.88545052236205e-01
3.48000000000000e+00 1.82766120235952e+00 1.05671575560427e+00 7.70945446755246e-01
3.48500000000000e+00 1.82717556898261e+00 1.07669944009536e+00 7.50476128887243e-01
3.49000000000000e+00 1.82668971826131e+00 1.09943415215529e+00 7.27255566106023e-01
3.49500000000000e+00 1.82620364947549e+00 1.12478518834171e+00 7.01418461133785e-01
3.50000000000000e+00 1.82571736190672e+00 1.15260243910915e+00 6.73114922797569e-01
3.50500000000000e+00 1.82523085483819e+00 1.18272131275752e+00 6.42509542080667e-01
3.51000000000000e+00 1.82474412755458e+00 1.21496374848942e+00 6.09780379065159e-01
3.51500000000000e+00 1.82425717934201e+00 1.24913931233114e+00 5.75117867010867e-01
3.52000000000000e+00 1.82377000948791e+00 1.28504636916085e+00 5.38723640327058e-01
3.52500000000000e+00 1.82328261728095e+00 1.32247332361861e+00 5.00809293662340e-01
3.53000000000000e+00 1.82279500201096e+00 1.36119992224821e+00 4.61595079762747e-01
3.53500000000000e+00 1.82230716296879e+00 1.40099860884315e+00 4.21308554125641e-01
3.54000000000000e+00 1.82181909944630e+00 1.44163592464141e+00 3.80183174804886e-01
3.54500000000000e+00 1.82133081073622e+00 1.48287394473691e+00 3.38456865999306e-01
3.55000000000000e+00 1.82084229613209e+00 1.52447174185242e+00 2.96370554279673e-01
3.55500000000000e+00 1.82035355492821e+00 1.56618686845015e+00 2.54166686478061e-01
3.56000000000000e+00 1.81986458641950e+00 1.60777684804300e+00 2.12087738376499e-01
3.56500000000000e+00 1.81937538990147e+00 1.64900066651302e+00 1.70374723388454e-01
3.57000000000000e+00 1.81888596467015e+00 1.68962025424335e+00 1.29265710426801e-01
3.57500000000000e+00 1.81839631002199e+00 1.72940194992690e+00 8.89943600950935e-02
3.58000000000000e+00 1.81790642525383e+00 1.76811793702778e+00 4.97884882260475e-02
3.58500000000000e+00 1.81741630966279e+00 1.80554764404025e+00 1.18686656225406e-02
3.59000000000000e+00 1.81692596254624e+00 1.84147909991322e+00 2.45531373669867e-02
3.59500000000000e+00 1.81643538320172e+00 1.87571023628478e+00 5.92748530830647e-02
3.60000000000000e+00 1.81594457092689e+00 1.90805012849909e+00 9.21055575722018e-02
3.60500000000000e+00 1.81545352501946e+00 1.93832016775567e+00 1.22866642736210e-01
3.61000000000000e+00 1.81496224477713e+00 1.96635515716554e+00 1.51392912388409e-01
3.61500000000000e+00 1.81447072949757e+00 1.99200432495795e+00 1.77533595460383e-01
3.62000000000000e+00 1.81397897847830e+00 2.01513224859221e+00 2.01153270113908e-01
3.62500000000000e+00 1.81348699101672e+00 2.03561968407860e+00 2.22132693061881e-01
3.63000000000000e+00 1.81299476640998e+00 2.05336429539657e+00 2.40369528986591e-01
3.63500000000000e+00 1.81250230395499e+00 2.06828127951470e+00 2.55778975559712e-01
3.64000000000000e+00 1.81200960294836e+00 2.08030388316029e+00 2.68294280211926e-01
3.64500000000000e+00 1.81151666268635e+00 2.08938380815405e+00 2.77867145467704e-01
3.65000000000000e+00 1.81102348246480e+00 2.09549150281253e+00 2.84468020347722e-01
3.65500000000000e+00 1.81053006157916e+00 2.09861633762302e+00 2.88086276043854e-01
3.66000000000000e+00 1.81003639932439e+00 2.09876666410972e+00 2.88730264785335e-01
3.66500000000000e+00 1.80954249499493e+00 2.09596975652967e+00 2.86427261534745e-01
3.67000000000000e+00 1.80904834788469e+00 2.09027163675968e+00 2.81223288874992e-01
3.67500000000000e+00 1.80855395728701e+00 2.08173678345563e+00 2.73182826168621e-01
3.68000000000000e+00 1.80805932249460e+00 2.07044772727895e+00 2.62388404784354e-01
3.68500000000000e+00 1.80756444279955e+00 2.05650453468774e+00 2.48940091888187e-01
3.69000000000000e+00 1.80706931749329e+00 2.04002418347677e+00 2.32954865983482e-01
3.69500000000000e+00 1.80657394586652e+00 2.02113983391842e+00 2.14565888051903e-01
3.70000000000000e+00 1.80607832720925e+00 2.00000000000000e+00 1.93921672790747e-01
3.70500000000000e+00 1.80558246081075e+00 1.97676762586894e+00 1.71185165058181e-01
3.71000000000000e+00 1.80508634595951e+00 1.95161907318189e+00 1.46532727222381e-01
3.71500000000000e+00 1.80458998194324e+00 1.92474302560309e+00 1.20153043659847e-01
3.72000000000000e+00 1.80409336804885e+00 1.89633931720795e+00 9.22459491590992e-02
3.72500000000000e+00 1.80359650356242e+00 1.86661769201745e+00 6.30211884550387e-02
3.73000000000000e+00 1.80309938776920e+00 1.83579650231313e+00 3.26971145439365e-02
3.73500000000000e+00 1.80260201995359e+00 1.80410135376010e+00 1.49933380651612e-03
3.74000000000000e+00 1.80210439939912e+00 1.77176370569363e+00 3.03406937054944e-02
3.74500000000000e+00 1.80160652538846e+00 1.73901943520098e+00 6.25870901874823e-02
3.75000000000000e+00 1.80110839720339e+00 1.70610737385376e+00 9.50010233496290e-02
3.75500000000000e+00 1.80061001412479e+00 1.67326782611444e+00 1.27342188010351e-01
3.76000000000000e+00 1.80011137543265e+00 1.64074107855382e+00 1.59370296878830e-01
3.76500000000000e+00 1.79961248040605e+00 1.60876590907298e+00 1.90846571333069e-01
3.77000000000000e+00 1.79911332832317e+00 1.57757810532303e+00 2.21535223000144e-01
3.77500000000000e+00 1.79861391846129e+00 1.54740900145948e+00 2.51204917001801e-01
3.78000000000000e+00 1.79811425009674e+00 1.51848404225504e+00 2.79630207841701e-01
3.78500000000000e+00 1.79761432250500e+00 1.49102138342582e+00 3.06592939079178e-01
3.79000000000000e+00 1.79711413496059e+00 1.46523053680291e+00 3.31883598157686e-01
3.79500000000000e+00 1.79661368673716e+00 1.44131106870462e+00 3.55302618032541e-01
3.80000000000000e+00 1.79611297710744e+00 1.41945135953695e+00 3.76661617570492e-01
3.80500000000000e+00 1.79561200534328e+00 1.39982743227203e+00 3.95784573071253e-01
3.81000000000000e+00 1.79511077071563e+00 1.38260185702999e+00 4.12508913685641e-01
3.81500000000000e+00 1.79460927249458e+00 1.36792273852040e+00 4.26686533974177e-01
3.82000000000000e+00 1.79410750994932e+00 1.35592279258843e+00 4.38184717360899e-01
3.82500000000000e+00 1.79360548234823e+00 1.34671851756181e+00 4.46886964786421e-01
3.83000000000000e+00 1.79310318895881e+00 1.34040946551008e+00 4.52693723448728e-01
3.83500000000000e+00 1.79260062904774e+00 1.33707761791153e+00 4.55523011136207e-01
3.84000000000000e+00 1.79209780188088e+00 1.33678686957979e+00 4.55310932301092e-01
3.84500000000000e+00 1.79159470672329e+00 1.33958262403436e+00 4.52012082688933e-01
3.85000000000000e+00 1.79109134283927e+00 1.34549150281253e+00 4.45599840026740e-01
3.85500000000000e+00 1.79058770949231e+00 1.35452117051728e+00 4.36066538975030e-01
3.86000000000000e+00 1.79008380594520e+00 1.36666027668282e+00 4.23423529262385e-01
3.86500000000000e+00 1.78957963145998e+00 1.38187851481848e+00 4.07701116641505e-01
3.87000000000000e+00 1.78907518529799e+00 1.40012679826999e+00 3.88948387028001e-01
3.87500000000000e+00 1.78857046671991e+00 1.42133755181640e+00 3.67232914903505e-01
3.88000000000000e+00 1.78806547498573e+00 1.44542511720754e+00 3.42640357778191e-01
3.88500000000000e+00 1.78756020935484e+00 1.47228627014469e+00 3.15273939210149e-01
3.89000000000000e+00 1.78705466908602e+00 1.50180084551966e+00 2.85253823566354e-01
3.89500000000000e+00 1.78654885343745e+00 1.53383246706028e+00 2.52716386377171e-01
3.90000000000000e+00 1.78604276166679e+00 1.56822937688661e+00 2.17813384780185e-01
3.90500000000000e+00 1.78553639303117e+00 1.60482535986612e+00 1.80711033165056e-01
3.91000000000000e+00 1.78502974678722e+00 1.64344075707161e+00 1.41588989715613e-01
3.91500000000000e+00 1.78452282219113e+00 1.68388356209650e+00 1.00639260094634e-01
3.92000000000000e+00 1.78401561849865e+00 1.72595059347097e+00 5.80650250276846e-02
3.92500000000000e+00 1.78350813496514e+00 1.76942873595353e+00 1.40793990116095e-02
3.93000000000000e+00 1.78300037084561e+00 1.81409624304787e+00 3.10958722022590e-02
3.93500000000000e+00 1.78249232539472e+00 1.85972409271722e+00 7.72317673225029e-02
3.94000000000000e+00 1.78198399786688e+00 1.90607738794081e+00 1.24093390073937e-01
3.94500000000000e+00 1.78147538751621e+00 1.95291679348016e+00 1.71441405963952e-01
3.95000000000000e+00 1.78096649359665e+00 2.00000000000000e+00 2.19033506403350e-01
3.95500000000000e+00 1.78045731536194e+00 2.04708320651983e+00 2.66625891157895e-01
3.96000000000000e+00 1.77994785206569e+00 2.09392261205918e+00 3.13974759993482e-01
3.96500000000000e+00 1.77943810296143e+00 2.14027590728278e+00 3.60837804321348e-01
3.97000000000000e+00 1.77892806730261e+00 2.18590375695213e+00 4.06975689649519e-01
3.97500000000000e+00 1.77841774434269e+00 2.23057126404647e+00 4.52153519703784e-01
3.98000000000000e+00 1.77790713333513e+00 2.27404940652903e+00 4.96142273193897e-01
3.98500000000000e+00 1.77739623353350e+00 2.31611643790350e+00 5.38720204369997e-01
3.99000000000000e+00 1.77688504419146e+00 2.35655924292839e+00 5.79674198736926e-01
3.99500000000000e+00 1.77637356456284e+00 2.39517464013388e+00 6.18801075571043e-01
4.00000000000000e+00 1.77586179390167e+00 2.43177062311338e+00 6.55908829211711e-01
