variables = x, value-predict, value-true, error
0.00000000000000e+00 3.69319632612891e+00 2.43177062311339e+00 1.26142570301552e+00
5.00000000000000e-03 3.68223511588326e+00 2.46616753293972e+00 1.21606758294354e+00
1.00000000000000e-02 3.67130738249525e+00 2.49819915448034e+00 1.17310822801491e+00
1.50000000000000e-02 3.66041318409223e+00 2.52771372985530e+00 1.13269945423693e+00
2.00000000000000e-02 3.64955257824279e+00 2.55457488279246e+00 1.09497769545033e+00
2.50000000000000e-02 3.63872562195376e+00 2.57866244818360e+00 1.06006317377017e+00
3.00000000000000e-02 3.62793237166720e+00 2.59987320173000e+00 1.02805916993720e+00
3.50000000000000e-02 3.61717288325737e+00 2.61812148518152e+00 9.99051398075846e-01
4.00000000000000e-02 3.60644721202775e+00 2.63333972331718e+00 9.73107488710565e-01
4.50000000000000e-02 3.59575541270807e+00 2.64547882948272e+00 9.50276583225353e-01
5.00000000000000e-02 3.58509753945135e+00 2.65450849718747e+00 9.30589042263877e-01
5.50000000000000e-02 3.57447364583095e+00 2.66041737596564e+00 9.14056269865311e-01
6.00000000000000e-02 3.56388378483764e+00 2.66321313042021e+00 9.00670654417422e-01
6.50000000000000e-02 3.55332800887668e+00 2.66292238208847e+00 8.90405626788211e-01
7.00000000000000e-02 3.54280636976493e+00 2.65959053448992e+00 8.83215835275017e-01
7.50000000000000e-02 3.53231891872797e+00 2.65328148243819e+00 8.79037436289783e-01
8.00000000000000e-02 3.52186570639721e+00 2.64407720741157e+00 8.77788498985633e-01
8.50000000000000e-02 3.51144678280705e+00 2.63207726147960e+00 8.79369521327451e-01
9.00000000000000e-02 3.50106219739206e+00 2.61739814297001e+00 8.83664054422053e-01
9.50000000000000e-02 3.49071199898414e+00 2.60017256772797e+00 8.90539431256167e-01
1.00000000000000e-01 3.48039623580972e+00 2.58054864046305e+00 8.99847595346674e-01
1.05000000000000e-01 3.47011495548699e+00 2.55868893129538e+00 9.11426024191608e-01
1.10000000000000e-01 3.45986820502310e+00 2.53476946319709e+00 9.25098741826009e-01
1.15000000000000e-01 3.44965603081147e+00 2.50897861657418e+00 9.40677414237293e-01
1.20000000000000e-01 3.43947847862898e+00 2.48151595774496e+00 9.57962520884025e-01
1.25000000000000e-01 3.42933559363332e+00 2.45259099854052e+00 9.76744595092802e-01
1.30000000000000e-01 3.41922742036025e+00 2.42242189467697e+00 9.96805525683280e-01
1.35000000000000e-01 3.40915400272094e+00 2.39123409092702e+00 1.01791991179393e+00
1.40000000000000e-01 3.39911538399932e+00 2.35925892144618e+00 1.03985646255314e+00
1.45000000000000e-01 3.38911160684942e+00 2.32673217388556e+00 1.06237943296385e+00
1.50000000000000e-01 3.37914271329273e+00 2.29389262614624e+00 1.08525008714649e+00
1.55000000000000e-01 3.36920874471565e+00 2.26098056479902e+00 1.10822817991663e+00
1.60000000000000e-01 3.35930974186687e+00 2.22823629430637e+00 1.13107344756049e+00
1.65000000000000e-01 3.34944574485479e+00 2.19589864623990e+00 1.15354709861489e+00
1.70000000000000e-01 3.33961679314502e+00 2.16420349768687e+00 1.17541329545815e+00
1.75000000000000e-01 3.32982292555781e+00 2.13338230798255e+00 1.19644061757526e+00
1.80000000000000e-01 3.32006418026557e+00 2.10366068279205e+00 1.21640349747352e+00
1.85000000000000e-01 3.31034059479039e+00 2.07525697439691e+00 1.23508362039348e+00
1.90000000000000e-01 3.30065220600155e+00 2.04838092681811e+00 1.25227127918344e+00
1.95000000000000e-01 3.29099905011308e+00 2.02323237413107e+00 1.26776667598202e+00
2.00000000000000e-01 3.28138116268138e+00 2.00000000000000e+00 1.28138116268138e+00
2.05000000000000e-01 3.27179857860276e+00 1.97886016608158e+00 1.29293841252118e+00
2.10000000000000e-01 3.26225133211108e+00 1.95997581652323e+00 1.30227551558785e+00
2.15000000000000e-01 3.25273945677543e+00 1.94349546531226e+00 1.30924399146317e+00
2.20000000000000e-01 3.24326298549772e+00 1.92955227272105e+00 1.31371071277667e+00
2.25000000000000e-01 3.23382195051042e+00 1.91826321654437e+00 1.31555873396604e+00
2.30000000000000e-01 3.22441638337424e+00 1.90972836324032e+00 1.31468802013392e+00
2.35000000000000e-01 3.21504631497588e+00 1.90403024347033e+00 1.31101607150556e+00
2.40000000000000e-01 3.20571177552577e+00 1.90123333589028e+00 1.30447843963549e+00
2.45000000000000e-01 3.19641279455581e+00 1.90138366237698e+00 1.29502913217883e+00
2.50000000000000e-01 3.18714940091724e+00 1.90450849718747e+00 1.28264090372976e+00
2.55000000000000e-01 3.17792162277839e+00 1.91061619184595e+00 1.26730543093244e+00
2.60000000000000e-01 3.16872948762256e+00 1.91969611683971e+00 1.24903337078284e+00
2.65000000000000e-01 3.15957302224587e+00 1.93171872048530e+00 1.22785430176057e+00
2.70000000000000e-01 3.15045225275517e+00 1.94663570460343e+00 1.20381654815174e+00
2.75000000000000e-01 3.14136720456592e+00 1.96438031592140e+00 1.17698688864452e+00
2.80000000000000e-01 3.13231790240016e+00 1.98486775140779e+00 1.14745015099237e+00
2.85000000000000e-01 3.12330437028445e+00 2.00799567504205e+00 1.11530869524240e+00
2.90000000000000e-01 3.11432663154787e+00 2.03364484283446e+00 1.08068178871341e+00
2.95000000000000e-01 3.10538470882001e+00 2.06167983224433e+00 1.04370487657568e+00
3.00000000000000e-01 3.09647862402903e+00 2.09194987150091e+00 1.00452875252812e+00
3.05000000000000e-01 3.08760839839970e+00 2.12428976371522e+00 9.63318634684482e-01
3.10000000000000e-01 3.07877405245148e+00 2.15852090008677e+00 9.20253152364707e-01
3.15000000000000e-01 3.06997560599667e+00 2.19445235595975e+00 8.75523250036917e-01
3.20000000000000e-01 3.06121307813848e+00 2.23188206297222e+00 8.29331015166260e-01
3.25000000000000e-01 3.05248648726925e+00 2.27059805007310e+00 7.81888437196150e-01
3.30000000000000e-01 3.04379585106860e+00 2.31037974575665e+00 7.33416105311950e-01
3.35000000000000e-01 3.03514118650167e+00 2.35099933348698e+00 6.84141853014685e-01
3.40000000000000e-01 3.02652250981731e+00 2.39222315195700e+00 6.34299357860308e-01
3.45000000000000e-01 3.01793983654639e+00 2.43381313154985e+00 5.84126704996541e-01
3.50000000000000e-01 3.00939318150009e+00 2.47552825814758e+00 5.33864923352517e-01
3.55000000000000e-01 3.00088255876819e+00 2.51712605526309e+00 4.83756503505102e-01
3.60000000000000e-01 2.99240798171741e+00 2.55836407535859e+00 4.34043906358828e-01
3.65000000000000e-01 2.98396946298983e+00 2.59900139115685e+00 3.84968071832975e-01
3.70000000000000e-01 2.97556701450121e+00 2.63880007775179e+00 3.36766936749420e-01
3.75000000000000e-01 2.96720064743949e+00 2.67752667638138e+00 2.89673971058105e-01
3.80000000000000e-01 2.95887037226319e+00 2.71495363083915e+00 2.43916741424044e-01
3.85000000000000e-01 2.95057619869993e+00 2.75086068766886e+00 1.99715511031069e-01
3.90000000000000e-01 2.94231813574488e+00 2.78503625151058e+00 1.57281884234299e-01
3.95000000000000e-01 2.93409619165936e+00 2.81727868724248e+00 1.16817504416878e-01
4.00000000000000e-01 2.92591037396935e+00 2.84739756089084e+00 7.85128130785049e-02
4.05000000000000e-01 2.91776068946411e+00 2.87521481165829e+00 4.25458778058130e-02
4.10000000000000e-01 2.90964714419479e+00 2.90056584784471e+00 9.08129635007349e-03
4.15000000000000e-01 2.90156974347307e+00 2.92330055990464e+00 2.17308164315679e-02
4.20000000000000e-01 2.89352849186984e+00 2.94328424439572e+00 4.97557525258818e-02
4.25000000000000e-01 2.88552339321392e+00 2.96039843312221e+00 7.48750399082856e-02
4.30000000000000e-01 2.87755445059076e+00 2.97454162236171e+00 9.69871717709521e-02
4.35000000000000e-01 2.86962166634122e+00 2.98562989767982e+00 1.16008231338599e-01
4.40000000000000e-01 2.86172504206038e+00 2.99359745048043e+00 1.31872408420056e-01
4.45000000000000e-01 2.85386457859630e+00 2.99839698310739e+00 1.44532404511091e-01
4.50000000000000e-01 2.84604027604895e+00 3.00000000000000e+00 1.53959723951048e-01
4.55000000000000e-01 2.83825213376902e+00 2.99839698310739e+00 1.60144849338377e-01
4.60000000000000e-01 2.83050015035685e+00 2.99359745048043e+00 1.63097300123583e-01
4.65000000000000e-01 2.82278432366139e+00 2.98562989767982e+00 1.62845574018429e-01
4.70000000000000e-01 2.81510465077915e+00 2.97454162236171e+00 1.59436971582568e-01
4.75000000000000e-01 2.80746112805316e+00 2.96039843312221e+00 1.52937305069050e-01
4.80000000000000e-01 2.79985375107207e+00 2.94328424439572e+00 1.43430493323653e-01
4.85000000000000e-01 2.79228251466916e+00 2.92330055990464e+00 1.31018045235478e-01
4.90000000000000e-01 2.78474741292143e+00 2.90056584784471e+00 1.15818434923286e-01
4.95000000000000e-01 2.77724843914873e+00 2.87521481165829e+00 9.79663725095685e-02
5.00000000000000e-01 2.76978558591290e+00 2.84739756089084e+00 7.76119749779429e-02
5.05000000000000e-01 2.76235884501697e+00 2.81727868724248e+00 5.49198422255128e-02
5.10000000000000e-01 2.75496820750432e+00 2.78503625151058e+00 3.00680440062568e-02
5.15000000000000e-01 2.74761366365800e+00 2.75086068766886e+00 3.24702401085819e-03
5.20000000000000e-01 2.74029520299991e+00 2.71495363083915e+00 2.53415721607637e-02
5.25000000000000e-01 2.73301281429017e+00 2.67752667638138e+00 5.54861379087899e-02
5.30000000000000e-01 2.72576648552644e+00 2.63880007775179e+00 8.69664077746495e-02
5.35000000000000e-01 2.71855620394325e+00 2.59900139115685e+00 1.19554812786398e-01
5.40000000000000e-01 2.71138195601145e+00 2.55836407535859e+00 1.53017880652861e-01
5.45000000000000e-01 2.70424372743759e+00 2.51712605526309e+00 1.87117672174502e-01
5.50000000000000e-01 2.69714150316342e+00 2.47552825814758e+00 2.21613245015839e-01
5.55000000000000e-01 2.69007526736534e+00 2.43381313154985e+00 2.56262135815486e-01
5.60000000000000e-01 2.68304500345396e+00 2.39222315195700e+00 2.90821851496960e-01
5.65000000000000e-01 2.67605069407363e+00 2.35099933348698e+00 3.25051360586648e-01
5.70000000000000e-01 2.66909232110204e+00 2.31037974575665e+00 3.58712575345387e-01
5.75000000000000e-01 2.66216986564983e+00 2.27059805007310e+00 3.91571815576731e-01
5.80000000000000e-01 2.65528330806024e+00 2.23188206297222e+00 4.23401245088023e-01
5.85000000000000e-01 2.64843262790880e+00 2.19445235595975e+00 4.53980271949053e-01
5.90000000000000e-01 2.64161780400304e+00 2.15852090008677e+00 4.83096903916271e-01
5.95000000000000e-01 2.63483881438224e+00 2.12428976371522e+00 5.10549050667024e-01
6.00000000000000e-01 2.62809563631720e+00 2.09194987150091e+00 5.36145764816285e-01
6.05000000000000e-01 2.62138824631005e+00 2.06167983224433e+00 5.59708414065719e-01
6.10000000000000e-01 2.61471662009413e+00 2.03364484283446e+00 5.81071777259671e-01
6.15000000000000e-01 2.60808073263381e+00 2.00799567504205e+00 6.00085057591763e-01
6.20000000000000e-01 2.60148055812446e+00 1.98486775140779e+00 6.16612806716669e-01
6.25000000000000e-01 2.59491606999232e+00 1.96438031592140e+00 6.30535754070918e-01
6.30000000000000e-01 2.58838724089455e+00 1.94663570460343e+00 6.41751536291123e-01
6.35000000000000e-01 2.58189404271920e+00 1.93171872048530e+00 6.50175322233900e-01
6.40000000000000e-01 2.57543644658523e+00 1.91969611683971e+00 6.55740329745513e-01
6.45000000000000e-01 2.56901442284262e+00 1.91061619184595e+00 6.58398230996674e-01
6.50000000000000e-01 2.56262794107248e+00 1.90450849718747e+00 6.58119443885010e-01
6.55000000000000e-01 2.55627697008716e+00 1.90138366237698e+00 6.54893307710175e-01
6.60000000000000e-01 2.54996147793041e+00 1.90123333589028e+00 6.48728142040137e-01
6.65000000000000e-01 2.54368143187766e+00 1.90403024347033e+00 6.39651188407338e-01
6.70000000000000e-01 2.53743679843618e+00 1.90972836324032e+00 6.27708435195860e-01
6.75000000000000e-01 2.53122754334537e+00 1.91826321654437e+00 6.12964326800998e-01
6.80000000000000e-01 2.52505363157710e+00 1.92955227272105e+00 5.95501358856057e-01
6.85000000000000e-01 2.51891502733602e+00 1.94349546531226e+00 5.75419562023762e-01
6.90000000000000e-01 2.51281169405993e+00 1.95997581652323e+00 5.52835877536696e-01
6.95000000000000e-01 2.50674359442018e+00 1.97886016608158e+00 5.27883428338605e-01
7.00000000000000e-01 2.50071069032215e+00 2.00000000000000e+00 5.00710690322150e-01
7.05000000000000e-01 2.49471294290566e+00 2.02323237413106e+00 4.71480568774597e-01
7.10000000000000e-01 2.48875031254552e+00 2.04838092681811e+00 4.40369385727417e-01
7.15000000000000e-01 2.48282275885206e+00 2.07525697439691e+00 4.07565784455146e-01
7.20000000000000e-01 2.47693024067167e+00 2.10366068279205e+00 3.73269557879619e-01
7.25000000000000e-01 2.47107271608746e+00 2.13338230798255e+00 3.37690408104916e-01
7.30000000000000e-01 2.46525014241986e+00 2.16420349768687e+00 3.01046644732987e-01
7.35000000000000e-01 2.45946247622729e+00 2.19589864623990e+00 2.63563829987389e-01
7.40000000000000e-01 2.45370967330689e+00 2.22823629430637e+00 2.25473379000516e-01
7.45000000000000e-01 2.44799168869524e+00 2.26098056479902e+00 1.87011123896222e-01
7.50000000000000e-01 2.44230847666915e+00 2.29389262614624e+00 1.48415850522913e-01
7.55000000000000e-01 2.43665999074644e+00 2.32673217388556e+00 1.09927816860876e-01
7.60000000000000e-01 2.43104618368680e+00 2.35925892144618e+00 7.17872622406142e-02
7.65000000000000e-01 2.42546700749265e+00 2.39123409092702e+00 3.42329165656317e-02
7.70000000000000e-01 2.41992241341008e+00 2.42242189467697e+00 2.49948126689370e-03
7.75000000000000e-01 2.41441235192973e+00 2.45259099854052e+00 3.81786466107883e-02
7.80000000000000e-01 2.40893677278782e+00 2.48151595774496e+00 7.25791849571387e-02
7.85000000000000e-01 2.40349562496712e+00 2.50897861657418e+00 1.05482991607054e-01
7.90000000000000e-01 2.39808885669802e+00 2.53476946319709e+00 1.36680606499070e-01
7.95000000000000e-01 2.39271641545957e+00 2.55868893129538e+00 1.65972515835804e-01
8.00000000000000e-01 2.38737824798062e+00 2.58054864046305e+00 1.93170392482428e-01
8.05000000000000e-01 2.38207430024093e+00 2.60017256772797e+00 2.18098267487046e-01
8.10000000000000e-01 2.37680451747236e+00 2.61739814297001e+00 2.40593625497646e-01
8.15000000000000e-01 2.37156884416010e+00 2.63207726147960e+00 2.60508417319496e-01
8.20000000000000e-01 2.36636722404386e+00 2.64407720741157e+00 2.77709983367712e-01
8.25000000000000e-01 2.36119960011918e+00 2.65328148243819e+00 2.92081882319010e-01
8.30000000000000e-01 2.35606591463872e+00 2.65959053448992e+00 3.03524619851199e-01
8.35000000000000e-01 2.35096610911361e+00 2.66292238208847e+00 3.11956272974857e-01
8.40000000000000e-01 2.34590012431482e+00 2.66321313042021e+00 3.17313006105390e-01
8.45000000000000e-01 2.34086790027458e+00 2.66041737596564e+00 3.19549475691062e-01
8.50000000000000e-01 2.33586937628777e+00 2.65450849718747e+00 3.18639120899705e-01
8.55000000000000e-01 2.33090449091346e+00 2.64547882948272e+00 3.14574338569261e-01
8.60000000000000e-01 2.32597318197636e+00 2.63333972331718e+00 3.07366541340827e-01
8.65000000000000e-01 2.32107538656839e+00 2.61812148518153e+00 2.97046098613134e-01
8.70000000000000e-01 2.31621104105025e+00 2.59987320173000e+00 2.83662160679756e-01
8.75000000000000e-01 2.31138008105299e+00 2.57866244818360e+00 2.67282367130605e-01
8.80000000000000e-01 2.30658244147970e+00 2.55457488279246e+00 2.47992441312760e-01
8.85000000000000e-01 2.30181805650711e+00 2.52771372985530e+00 2.25895673348187e-01
8.90000000000000e-01 2.29708685958739e+00 2.49819915448034e+00 2.01112294892949e-01
8.95000000000000e-01 2.29238878344976e+00 2.46616753293972e+00 1.73778749489962e-01
9.00000000000000e-01 2.28772376010237e+00 2.43177062311339e+00 1.44046863011021e-01
9.05000000000000e-01 2.28309172083403e+00 2.39517464013388e+00 1.12082919299854e-01
9.10000000000000e-01 2.27849259621606e+00 2.35655924292839e+00 7.80666467123239e-02
9.15000000000000e-01 2.27392631610418e+00 2.31611643790350e+00 4.21901217993144e-02
9.20000000000000e-01 2.26939280964036e+00 2.27404940652903e+00 4.65659688867426e-03
9.25000000000000e-01 2.26489200525475e+00 2.23057126404647e+00 3.43207412082878e-02
9.30000000000000e-01 2.26042383066772e+00 2.18590375695213e+00 7.45200737155889e-02
9.35000000000000e-01 2.25598821289173e+00 2.14027590728277e+00 1.15712305608953e-01
9.40000000000000e-01 2.25158507823344e+00 2.09392261205918e+00 1.57662466174258e-01
9.45000000000000e-01 2.24721435229574e+00 2.04708320651983e+00 2.00131145775908e-01
9.50000000000000e-01 2.24287595997984e+00 2.00000000000000e+00 2.42875959979835e-01
9.55000000000000e-01 2.23856982548737e+00 1.95291679348017e+00 2.85653032007199e-01
9.60000000000000e-01 2.23429587232255e+00 1.90607738794082e+00 3.28218484381731e-01
9.65000000000000e-01 2.23005402329438e+00 1.85972409271723e+00 3.70329930577156e-01
9.70000000000000e-01 2.22584420051883e+00 1.81409624304787e+00 4.11747957470958e-01
9.75000000000000e-01 2.22166632542107e+00 1.76942873595353e+00 4.52237589467540e-01
9.80000000000000e-01 2.21752031873780e+00 1.72595059347097e+00 4.91569725266832e-01
9.85000000000000e-01 2.21340610051950e+00 1.68388356209650e+00 5.29522538422998e-01
9.90000000000000e-01 2.20932359013280e+00 1.64344075707161e+00 5.65882833061187e-01
9.95000000000000e-01 2.20527270626282e+00 1.60482535986612e+00 6.00447346396701e-01
1.00000000000000e+00 2.20125336691560e+00 1.56822937688661e+00 6.33023990028985e-01
1.00500000000000e+00 2.19726548942049e+00 1.53383246706028e+00 6.63433022360209e-01
1.01000000000000e+00 2.19330899043265e+00 1.50180084551966e+00 6.91508144912983e-01
1.01500000000000e+00 2.18938378593550e+00 1.47228627014470e+00 7.17097515790803e-01
1.02000000000000e+00 2.18548979124327e+00 1.44542511720755e+00 7.40064674035724e-01
1.02500000000000e+00 2.18162692100352e+00 1.42133755181640e+00 7.60289369187118e-01
1.03000000000000e+00 2.17779508919975e+00 1.40012679827000e+00 7.77668290929751e-01
1.03500000000000e+00 2.17399420915396e+00 1.38187851481848e+00 7.92115694335488e-01
1.04000000000000e+00 2.17022419352936e+00 1.36666027668282e+00 8.03563916846544e-01
1.04500000000000e+00 2.16648495433296e+00 1.35452117051728e+00 8.11963783815675e-01
1.05000000000000e+00 2.16277640291832e+00 1.34549150281253e+00 8.17284900105790e-01
1.05500000000000e+00 2.15909844998824e+00 1.33958262403436e+00 8.19515825953881e-01
1.06000000000000e+00 2.15545100559756e+00 1.33678686957979e+00 8.18664136017772e-01
1.06500000000000e+00 2.15183397915588e+00 1.33707761791153e+00 8.14756361244346e-01
1.07000000000000e+00 2.14824727943043e+00 1.34040946551008e+00 8.07837813920348e-01
1.07500000000000e+00 2.14469081454888e+00 1.34671851756181e+00 7.97972296987072e-01
1.08000000000000e+00 2.14116449200222e+00 1.35592279258843e+00 7.85241699413794e-01
1.08500000000000e+00 2.13766821864764e+00 1.36792273852040e+00 7.69745480127239e-01
1.09000000000000e+00 2.13420190071147e+00 1.38260185702999e+00 7.51600043681484e-01
1.09500000000000e+00 2.13076544379216e+00 1.39982743227203e+00 7.30938011520129e-01
1.10000000000000e+00 2.12735875286318e+00 1.41945135953695e+00 7.07907393326227e-01
1.10500000000000e+00 2.12398173227613e+00 1.44131106870462e+00 6.82670663571506e-01
1.11000000000000e+00 2.12063428576369e+00 1.46523053680291e+00 6.55403748960785e-01
1.11500000000000e+00 2.11731631644275e+00 1.49102138342582e+00 6.26294933016924e-01
1.12000000000000e+00 2.11402772681744e+00 1.51848404225504e+00 5.95543684562395e-01
1.12500000000000e+00 2.11076841878229e+00 1.54740900145948e+00 5.63359417322811e-01
1.13000000000000e+00 2.10753829362537e+00 1.57757810532303e+00 5.29960188302344e-01
1.13500000000000e+00 2.10433725203144e+00 1.60876590907298e+00 4.95571342958460e-01
1.14000000000000e+00 2.10116519408516e+00 1.64074107855382e+00 4.60424115531338e-01
1.14500000000000e+00 2.09802201927430e+00 1.67326782611444e+00 4.24754193159865e-01
1.15000000000000e+00 2.09490762649303e+00 1.70610737385376e+00 3.88800252639262e-01
1.15500000000000e+00 2.09182191404512e+00 1.73901943520098e+00 3.52802478844142e-01
1.16000000000000e+00 2.08876477964733e+00 1.77176370569363e+00 3.17001073953708e-01
1.16500000000000e+00 2.08573612043267e+00 1.80410135376010e+00 2.81634766672574e-01
1.17000000000000e+00 2.08273583295378e+00 1.83579650231313e+00 2.46939330640651e-01
1.17500000000000e+00 2.07976381318628e+00 1.86661769201745e+00 2.13146121168828e-01
1.18000000000000e+00 2.07681995653222e+00 1.89633931720795e+00 1.80480639324274e-01
1.18500000000000e+00 2.07390415782346e+00 1.92474302560309e+00 1.49161132220371e-01
1.19000000000000e+00 2.07101631132514e+00 1.95161907318189e+00 1.19397238143244e-01
1.19500000000000e+00 2.06815631073915e+00 1.97676762586894e+00 9.13886848702117e-02
1.20000000000000e+00 2.06532404920764e+00 2.00000000000000e+00 6.53240492076372e-02
1.20500000000000e+00 2.06251941931652e+00 2.02113983391842e+00 4.13795853981034e-02
1.21000000000000e+00 2.05974231309905e+00 2.04002418347677e+00 1.97181296222833e-02
1.21500000000000e+00 2.05699262203935e+00 2.05650453468774e+00 4.88087351603994e-04
1.22000000000000e+00 2.05427023707603e+00 2.07044772727895e+00 1.61774902029275e-02
1.22500000000000e+00 2.05157504860581e+00 2.08173678345563e+00 3.01617348498175e-02
1.23000000000000e+00 2.04890694648716e+00 2.09027163675968e+00 4.13646902725247e-02
1.23500000000000e+00 2.04626582004393e+00 2.09596975652967e+00 4.97039364857477e-02
1.24000000000000e+00 2.04365155806906e+00 2.09876666410972e+00 5.51151060406609e-02
1.24500000000000e+00 2.04106404882831e+00 2.09861633762302e+00 5.75522887947071e-02
1.25000000000000e+00 2.03850318006394e+00 2.09549150281253e+00 5.69883227485910e-02
1.25500000000000e+00 2.03596883899847e+00 2.08938380815405e+00 5.34149691555834e-02
1.26000000000000e+00 2.03346091233850e+00 2.08030388316029e+00 4.68429708217908e-02
1.26500000000000e+00 2.03097928627844e+00 2.06828127951470e+00 3.73019932362655e-02
1.27000000000000e+00 2.02852384650436e+00 2.05336429539657e+00 2.48404488922058e-02
1.27500000000000e+00 2.02609447819784e+00 2.03561968407860e+00 9.52520588075823e-03
1.28000000000000e+00 2.02369106603977e+00 2.01513224859221e+00 8.55881744755616e-03
1.28500000000000e+00 2.02131349421428e+00 1.99200432495795e+00 2.93091692563303e-02
1.29000000000000e+00 2.01896164641262e+00 1.96635515716554e+00 5.26064892470803e-02
1.29500000000000e+00 2.01663540583707e+00 1.93832016775567e+00 7.83152380814003e-02
1.30000000000000e+00 2.01433465520488e+00 1.90805012849909e+00 1.06284526705790e-01
1.30500000000000e+00 2.01205927675223e+00 1.87571023628478e+00 1.36349040467443e-01
1.31000000000000e+00 2.00980915223820e+00 1.84147909991323e+00 1.68330052324970e-01
1.31500000000000e+00 2.00758416294877e+00 1.80554764404025e+00 2.02036518908513e-01
1.32000000000000e+00 2.00538418970082e+00 1.76811793702778e+00 2.37266252673041e-01
1.32500000000000e+00 2.00320911284620e+00 1.72940194992690e+00 2.73807162919298e-01
1.33000000000000e+00 2.00105881227572e+00 1.68962025424335e+00 3.11438558032373e-01
1.33500000000000e+00 1.99893316742327e+00 1.64900066651302e+00 3.49932500910246e-01
1.34000000000000e+00 1.99683205726986e+00 1.60777684804300e+00 3.89055209226862e-01
1.34500000000000e+00 1.99475536034780e+00 1.56618686845015e+00 4.28568491897647e-01
1.35000000000000e+00 1.99270295474471e+00 1.52447174185242e+00 4.68231212892291e-01
1.35500000000000e+00 1.99067471810777e+00 1.48287394473691e+00 5.07800773370856e-01
1.36000000000000e+00 1.98867052764779e+00 1.44163592464141e+00 5.47034603006376e-01
1.36500000000000e+00 1.98669026014343e+00 1.40099860884315e+00 5.85691651300277e-01
1.37000000000000e+00 1.98473379194536e+00 1.36119992224821e+00 6.23533869697151e-01
1.37500000000000e+00 1.98280099898050e+00 1.32247332361862e+00 6.60327675361884e-01
1.38000000000000e+00 1.98089175675620e+00 1.28504636916085e+00 6.95845387595348e-01
1.38500000000000e+00 1.97900594036449e+00 1.24913931233114e+00 7.29866628033348e-01
1.39000000000000e+00 1.97714342448634e+00 1.21496374848942e+00 7.62179675996921e-01
1.39500000000000e+00 1.97530408339592e+00 1.18272131275752e+00 7.92582770638395e-01
1.40000000000000e+00 1.97348779096486e+00 1.15260243910916e+00 8.20885351855705e-01
1.40500000000000e+00 1.97169442066660e+00 1.12478518834171e+00 8.46909232324894e-01
1.41000000000000e+00 1.96992384558063e+00 1.09943415215529e+00 8.70489693425343e-01
1.41500000000000e+00 1.96817593839687e+00 1.07669944009536e+00 8.91476498301502e-01
1.42000000000000e+00 1.96645057141996e+00 1.05671575560428e+00 9.09734815815686e-01
1.42500000000000e+00 1.96474761657367e+00 1.03960156687779e+00 9.25146049695878e-01
1.43000000000000e+00 1.96306694540520e+00 1.02545837763829e+00 9.37608567766916e-01
1.43500000000000e+00 1.96140842908961e+00 1.01437010232018e+00 9.47038326769430e-01
1.44000000000000e+00 1.95977193843416e+00 1.00640254951957e+00 9.53369388914594e-01
1.44500000000000e+00 1.95815734388276e+00 1.00160301689261e+00 9.56554326990158e-01
1.45000000000000e+00 1.95656451552037e+00 1.00000000000000e+00 9.56564515520368e-01
1.45500000000000e+00 1.95499332307739e+00 1.00160301689261e+00 9.53390306184789e-01
1.46000000000000e+00 1.95344363593417e+00 1.00640254951957e+00 9.47041086414605e-01
1.46500000000000e+00 1.95191532312538e+00 1.01437010232018e+00 9.37545220805205e-01
1.47000000000000e+00 1.95040825334454e+00 1.02545837763829e+00 9.24949875706248e-01
1.47500000000000e+00 1.94892229494843e+00 1.03960156687779e+00 9.09320728070634e-01
1.48000000000000e+00 1.94745731596163e+00 1.05671575560428e+00 8.90741560357351e-01
1.48500000000000e+00 1.94601318408097e+00 1.07669944009536e+00 8.69313743985609e-01
1.49000000000000e+00 1.94458976668007e+00 1.09943415215529e+00 8.45155614524781e-01
1.49500000000000e+00 1.94318693081380e+00 1.12478518834171e+00 8.18401742472091e-01
1.50000000000000e+00 1.94180454322285e+00 1.15260243910916e+00 7.89202104113691e-01
1.50500000000000e+00 1.94044247033824e+00 1.18272131275752e+00 7.57721157580722e-01
1.51000000000000e+00 1.93910057828588e+00 1.21496374848942e+00 7.24136829796462e-01
1.51500000000000e+00 1.93777873289108e+00 1.24913931233114e+00 6.88639420559936e-01
1.52000000000000e+00 1.93647679968314e+00 1.28504636916085e+00 6.51430430522287e-01
1.52500000000000e+00 1.93519464389991e+00 1.32247332361862e+00 6.12721320281291e-01
1.53000000000000e+00 1.93393213049235e+00 1.36119992224821e+00 5.72732208244143e-01
1.53500000000000e+00 1.93268912412914e+00 1.40099860884315e+00 5.31690515285994e-01
1.54000000000000e+00 1.93146548920123e+00 1.44163592464141e+00 4.89829564559818e-01
1.54500000000000e+00 1.93026108982646e+00 1.48287394473691e+00 4.47387145089548e-01
1.55000000000000e+00 1.92907578985416e+00 1.52447174185242e+00 4.04604048001733e-01
1.55500000000000e+00 1.92790945286974e+00 1.56618686845015e+00 3.61722584419593e-01
1.56000000000000e+00 1.92676194219936e+00 1.60777684804300e+00 3.18985094156352e-01
1.56500000000000e+00 1.92563312091446e+00 1.64900066651302e+00 2.76632454401438e-01
1.57000000000000e+00 1.92452285183647e+00 1.68962025424335e+00 2.34902597593121e-01
1.57500000000000e+00 1.92343099754141e+00 1.72940194992690e+00 1.94029047614507e-01
1.58000000000000e+00 1.92235742036451e+00 1.76811793702778e+00 1.54239483336729e-01
1.58500000000000e+00 1.92130198240489e+00 1.80554764404025e+00 1.15754338364639e-01
1.59000000000000e+00 1.92026454553017e+00 1.84147909991323e+00 7.87854456169403e-02
1.59500000000000e+00 1.91924497138114e+00 1.87571023628478e+00 4.35347350963549e-02
1.60000000000000e+00 1.91824312137641e+00 1.90805012849909e+00 1.01929928773239e-02
1.60500000000000e+00 1.91725885671709e+00 1.93832016775567e+00 2.10613110385804e-02
1.61000000000000e+00 1.91629203839140e+00 1.96635515716554e+00 5.00631187741436e-02
1.61500000000000e+00 1.91534252717939e+00 1.99200432495795e+00 7.66617977785586e-02
1.62000000000000e+00 1.91441018365759e+00 2.01513224859221e+00 1.00722064934625e-01
1.62500000000000e+00 1.91349486820365e+00 2.03561968407860e+00 1.22124815874942e-01
1.63000000000000e+00 1.91259644100108e+00 2.05336429539657e+00 1.40767854395487e-01
1.63500000000000e+00 1.91171476204386e+00 2.06828127951470e+00 1.56566517470844e-01
1.64000000000000e+00 1.91084969114114e+00 2.08030388316029e+00 1.69454192019149e-01
1.64500000000000e+00 1.91000108792194e+00 2.08938380815405e+00 1.79382720232113e-01
1.65000000000000e+00 1.90916881183980e+00 2.09549150281253e+00 1.86322690972726e-01
1.65500000000000e+00 1.90835272217748e+00 2.09861633762302e+00 1.90263615445539e-01
1.66000000000000e+00 1.90755267805163e+00 2.09876666410972e+00 1.91213986058092e-01
1.66500000000000e+00 1.90676853841749e+00 2.09596975652967e+00 1.89201218112185e-01
1.67000000000000e+00 1.90600016207354e+00 2.09027163675968e+00 1.84271474686143e-01
1.67500000000000e+00 1.90524740766622e+00 2.08173678345563e+00 1.76489375789408e-01
1.68000000000000e+00 1.90451013369459e+00 2.07044772727895e+00 1.65937593584365e-01
1.68500000000000e+00 1.90378819851501e+00 2.05650453468774e+00 1.52716336172733e-01
1.69000000000000e+00 1.90308146034583e+00 2.04002418347677e+00 1.36942723130935e-01
1.69500000000000e+00 1.90238977727208e+00 2.02113983391842e+00 1.18750056646341e-01
1.70000000000000e+00 1.90171300725011e+00 2.00000000000000e+00 9.82869927498879e-02
1.70500000000000e+00 1.90105100811231e+00 1.97676762586893e+00 7.57166177566235e-02
1.71000000000000e+00 1.90040363757175e+00 1.95161907318189e+00 5.12154356101422e-02
1.71500000000000e+00 1.89977075322688e+00 1.92474302560309e+00 2.49722723762109e-02
1.72000000000000e+00 1.89915221256617e+00 1.89633931720795e+00 2.81289535821716e-03
1.72500000000000e+00 1.89854787297280e+00 1.86661769201745e+00 3.19301809553463e-02
1.73000000000000e+00 1.89795759172932e+00 1.83579650231313e+00 6.21610894161937e-02
1.73500000000000e+00 1.89738122602231e+00 1.80410135376010e+00 9.32798722622090e-02
1.74000000000000e+00 1.89681863294702e+00 1.77176370569363e+00 1.25054927253388e-01
1.74500000000000e+00 1.89626966951203e+00 1.73901943520098e+00 1.57250234311053e-01
1.75000000000000e+00 1.89573419264394e+00 1.70610737385376e+00 1.89626818790174e-01
1.75500000000000e+00 1.89521205919193e+00 1.67326782611444e+00 2.21944233077495e-01
1.76000000000000e+00 1.89470312593249e+00 1.64074107855382e+00 2.53962047378670e-01
1.76500000000000e+00 1.89420724957399e+00 1.60876590907298e+00 2.85441340501006e-01
1.77000000000000e+00 1.89372428676133e+00 1.57757810532303e+00 3.16146181438304e-01
1.77500000000000e+00 1.89325409408059e+00 1.54740900145948e+00 3.45845092621110e-01
1.78000000000000e+00 1.89279652806360e+00 1.51848404225504e+00 3.74312485808562e-01
1.78500000000000e+00 1.89235144519260e+00 1.49102138342582e+00 4.01330061766778e-01
1.79000000000000e+00 1.89191870190480e+00 1.46523053680291e+00 4.26688165101896e-01
1.79500000000000e+00 1.89149815459703e+00 1.44131106870462e+00 4.50187085892406e-01
1.80000000000000e+00 1.89108965963028e+00 1.41945135953695e+00 4.71638300093330e-01
1.80500000000000e+00 1.89069307333434e+00 1.39982743227203e+00 4.90865641062315e-01
1.81000000000000e+00 1.89030825201234e+00 1.38260185702999e+00 5.07706394982353e-01
1.81500000000000e+00 1.88993505194533e+00 1.36792273852040e+00 5.22012313424932e-01
1.82000000000000e+00 1.88957332939686e+00 1.35592279258843e+00 5.33650536808434e-01
1.82500000000000e+00 1.88922294061751e+00 1.34671851756181e+00 5.42504423055696e-01
1.83000000000000e+00 1.88888374184946e+00 1.34040946551008e+00 5.48474276339373e-01
1.83500000000000e+00 1.88855558933101e+00 1.33707761791153e+00 5.51477971419481e-01
1.84000000000000e+00 1.88823833930115e+00 1.33678686957979e+00 5.51451469721364e-01
1.84500000000000e+00 1.88793184800401e+00 1.33958262403436e+00 5.48349223969654e-01
1.85000000000000e+00 1.88763597169346e+00 1.34549150281253e+00 5.42144468880929e-01
1.85500000000000e+00 1.88735056663752e+00 1.35452117051728e+00 5.32829396120232e-01
1.86000000000000e+00 1.88707548912293e+00 1.36666027668282e+00 5.20415212440113e-01
1.86500000000000e+00 1.88681059545961e+00 1.38187851481848e+00 5.04932080641129e-01
1.87000000000000e+00 1.88655574198510e+00 1.40012679827000e+00 4.86428943715104e-01
1.87500000000000e+00 1.88631078506907e+00 1.42133755181640e+00 4.64973233252670e-01
1.88000000000000e+00 1.88607558111775e+00 1.44542511720755e+00 4.40650463910206e-01
1.88500000000000e+00 1.88584998657836e+00 1.47228627014470e+00 4.13563716433665e-01
1.89000000000000e+00 1.88563385794357e+00 1.50180084551967e+00 3.83833012423901e-01
1.89500000000000e+00 1.88542705175587e+00 1.53383246706028e+00 3.51594584695592e-01
1.90000000000000e+00 1.88522942461205e+00 1.56822937688661e+00 3.17000047725441e-01
1.90500000000000e+00 1.88504083316752e+00 1.60482535986612e+00 2.80215473301405e-01
1.91000000000000e+00 1.88486113414074e+00 1.64344075707161e+00 2.41420377069128e-01
1.91500000000000e+00 1.88469018431757e+00 1.68388356209650e+00 2.00806622221071e-01
1.92000000000000e+00 1.88452784055565e+00 1.72595059347097e+00 1.58577247084682e-01
1.92500000000000e+00 1.88437395978871e+00 1.76942873595353e+00 1.14945223835178e-01
1.93000000000000e+00 1.88422839903094e+00 1.81409624304787e+00 7.01321559830719e-02
1.93500000000000e+00 1.88409101538129e+00 1.85972409271723e+00 2.43669226640628e-02
1.94000000000000e+00 1.88396166602777e+00 1.90607738794082e+00 2.21157219130474e-02
1.94500000000000e+00 1.88384020825177e+00 1.95291679348017e+00 6.90765852284014e-02
1.95000000000000e+00 1.88372649943230e+00 2.00000000000000e+00 1.16273500567702e-01
1.95500000000000e+00 1.88362039705029e+00 2.04708320651983e+00 1.63462809469541e-01
1.96000000000000e+00 1.88352175869283e+00 2.09392261205918e+00 2.10400853366351e-01
1.96500000000000e+00 1.88343044205738e+00 2.14027590728277e+00 2.56845465225394e-01
1.97000000000000e+00 1.88334630495604e+00 2.18590375695213e+00 3.02557451996088e-01
1.97500000000000e+00 1.88326920531972e+00 2.23057126404646e+00 3.47302058726749e-01
1.98000000000000e+00 1.88319900120232e+00 2.27404940652903e+00 3.90850405326703e-01
1.98500000000000e+00 1.88313555078497e+00 2.31611643790350e+00 4.32980887118527e-01
1.99000000000000e+00 1.88307871238011e+00 2.35655924292839e+00 4.73480530548275e-01
1.99500000000000e+00 1.88302834443570e+00 2.39517464013388e+00 5.12146295698181e-01
2.00000000000000e+00 1.88298430553930e+00 2.43177062311339e+00 5.48786317574087e-01
2.00500000000000e+00 1.88294645442222e+00 2.46616753293972e+00 5.83221078517500e-01
2.01000000000000e+00 1.88291464996359e+00 2.49819915448034e+00 6.15284504516747e-01
2.01500000000000e+00 1.88288875119446e+00 2.52771372985530e+00 6.44824978660841e-01
2.02000000000000e+00 1.88286861730186e+00 2.55457488279245e+00 6.71706265490597e-01
2.02500000000000e+00 1.88285410763282e+00 2.57866244818359e+00 6.95808340550772e-01
2.03000000000000e+00 1.88284508169845e+00 2.59987320173000e+00 7.17028120031550e-01
2.03500000000000e+00 1.88284139917791e+00 2.61812148518152e+00 7.35280086003617e-01
2.04000000000000e+00 1.88284291992240e+00 2.63333972331718e+00 7.50496803394780e-01
2.04500000000000e+00 1.88284950395919e+00 2.64547882948272e+00 7.62629325523524e-01
2.05000000000000e+00 1.88286101149552e+00 2.65450849718747e+00 7.71647485691950e-01
2.05500000000000e+00 1.88287730292258e+00 2.66041737596564e+00 7.77540073043055e-01
2.06000000000000e+00 1.88289823881941e+00 2.66321313042021e+00 7.80314891600803e-01
2.06500000000000e+00 1.88292367995682e+00 2.66292238208847e+00 7.79998702131647e-01
2.07000000000000e+00 1.88295348730126e+00 2.65959053448992e+00 7.76637047188652e-01
2.07500000000000e+00 1.88298752201873e+00 2.65328148243819e+00 7.70293960419462e-01
2.08000000000000e+00 1.88302564547855e+00 2.64407720741157e+00 7.61051561933029e-01
2.08500000000000e+00 1.88306771925727e+00 2.63207726147960e+00 7.49009542222332e-01
2.09000000000000e+00 1.88311360514244e+00 2.61739814297001e+00 7.34284537827567e-01
2.09500000000000e+00 1.88316316513642e+00 2.60017256772797e+00 7.17009402591553e-01
2.10000000000000e+00 1.88321626146012e+00 2.58054864046305e+00 6.97332379002928e-01
2.10500000000000e+00 1.88327275655678e+00 2.55868893129538e+00 6.75416174738598e-01
2.11000000000000e+00 1.88333251309571e+00 2.53476946319710e+00 6.51436950101389e-01
2.11500000000000e+00 1.88339539397596e+00 2.50897861657418e+00 6.25583222598220e-01
2.12000000000000e+00 1.88346126233006e+00 2.48151595774496e+00 5.98054695414896e-01
2.12500000000000e+00 1.88352998152767e+00 2.45259099854052e+00 5.69061017012846e-01
2.13000000000000e+00 1.88360141517923e+00 2.42242189467697e+00 5.38820479497743e-01
2.13500000000000e+00 1.88367542713958e+00 2.39123409092702e+00 5.07558663787437e-01
2.14000000000000e+00 1.88375188151160e+00 2.35925892144618e+00 4.75507039934582e-01
2.14500000000000e+00 1.88383064264977e+00 2.32673217388556e+00 4.42901531235795e-01
2.15000000000000e+00 1.88391157516376e+00 2.29389262614624e+00 4.09981050982483e-01
2.15500000000000e+00 1.88399454392195e+00 2.26098056479902e+00 3.76986020877070e-01
2.16000000000000e+00 1.88407941405499e+00 2.22823629430637e+00 3.44156880251382e-01
2.16500000000000e+00 1.88416605095928e+00 2.19589864623990e+00 3.11732595280622e-01
2.17000000000000e+00 1.88425432030045e+00 2.16420349768687e+00 2.79949177386426e-01
2.17500000000000e+00 1.88434408801683e+00 2.13338230798255e+00 2.49038219965719e-01
2.18000000000000e+00 1.88443522032289e+00 2.10366068279205e+00 2.19225462469158e-01
2.18500000000000e+00 1.88452758371267e+00 2.07525697439691e+00 1.90729390684247e-01
2.19000000000000e+00 1.88462104496312e+00 2.04838092681811e+00 1.63759881854990e-01
2.19500000000000e+00 1.88471547113754e+00 2.02323237413107e+00 1.38516902993525e-01
2.20000000000000e+00 1.88481072958890e+00 2.00000000000000e+00 1.15189270411100e-01
2.20500000000000e+00 1.88490668796315e+00 1.97886016608158e+00 9.39534781184290e-02
2.21000000000000e+00 1.88500321420256e+00 1.95997581652323e+00 7.49726023206754e-02
2.21500000000000e+00 1.88510017654897e+00 1.94349546531226e+00 5.83952887632926e-02
2.22000000000000e+00 1.88519744354707e+00 1.92955227272105e+00 4.43548291739753e-02
2.22500000000000e+00 1.88529488404764e+00 1.91826321654437e+00 3.29683324967354e-02
2.23000000000000e+00 1.88539236721073e+00 1.90972836324032e+00 2.43359960295872e-02
2.23500000000000e+00 1.88548976250890e+00 1.90403024347033e+00 1.85404809614294e-02
2.24000000000000e+00 1.88558693973033e+00 1.90123333589028e+00 1.56463961599433e-02
2.24500000000000e+00 1.88568376898203e+00 1.90138366237698e+00 1.56998933949548e-02
2.25000000000000e+00 1.88578012069288e+00 1.90450849718747e+00 1.87283764945954e-02
2.25500000000000e+00 1.88587586561680e+00 1.91061619184595e+00 2.47403262291468e-02
2.26000000000000e+00 1.88597087483578e+00 1.91969611683971e+00 3.37252420039289e-02
2.26500000000000e+00 1.88606501976295e+00 1.93171872048530e+00 4.56537007223492e-02
2.27000000000000e+00 1.88615817214557e+00 1.94663570460343e+00 6.04775324578581e-02
2.27500000000000e+00 1.88625020406809e+00 1.96438031592140e+00 7.81301118533146e-02
2.28000000000000e+00 1.88634098795506e+00 1.98486775140779e+00 9.85267634527300e-02
2.28500000000000e+00 1.88643039657414e+00 2.00799567504205e+00 1.21565278467914e-01
2.29000000000000e+00 1.88651830303898e+00 2.03364484283446e+00 1.47126539795475e-01
2.29500000000000e+00 1.88660458081218e+00 2.06167983224433e+00 1.75075251432149e-01
2.30000000000000e+00 1.88668910370811e+00 2.09194987150091e+00 2.05260767792802e-01
2.30500000000000e+00 1.88677174589579e+00 2.12428976371522e+00 2.37518017819421e-01
2.31000000000000e+00 1.88685238190176e+00 2.15852090008677e+00 2.71668518185016e-01
2.31500000000000e+00 1.88693088661279e+00 2.19445235595975e+00 3.07521469346953e-01
2.32000000000000e+00 1.88700713527878e+00 2.23188206297221e+00 3.44874927693434e-01
2.32500000000000e+00 1.88708100351542e+00 2.27059805007310e+00 3.83517046557677e-01
2.33000000000000e+00 1.88715236730697e+00 2.31037974575665e+00 4.23227378449683e-01
2.33500000000000e+00 1.88722110300895e+00 2.35099933348698e+00 4.63778230478030e-01
2.34000000000000e+00 1.88728708735083e+00 2.39222315195699e+00 5.04936064606161e-01
2.34500000000000e+00 1.88735019743870e+00 2.43381313154985e+00 5.46462934111149e-01
2.35000000000000e+00 1.88741031075786e+00 2.47552825814758e+00 5.88117947389716e-01
2.35500000000000e+00 1.88746730517546e+00 2.51712605526309e+00 6.29658750087624e-01
2.36000000000000e+00 1.88752105894309e+00 2.55836407535858e+00 6.70843016415499e-01
2.36500000000000e+00 1.88757145069929e+00 2.59900139115685e+00 7.11429940457565e-01
2.37000000000000e+00 1.88761835947213e+00 2.63880007775179e+00 7.51181718279660e-01
2.37500000000000e+00 1.88766166468169e+00 2.67752667638138e+00 7.89865011699688e-01
2.38000000000000e+00 1.88770124614256e+00 2.71495363083914e+00 8.27252384696583e-01
2.38500000000000e+00 1.88773698406625e+00 2.75086068766886e+00 8.63123703602602e-01
2.39000000000000e+00 1.88776875906368e+00 2.78503625151058e+00 8.97267492446896e-01
2.39500000000000e+00 1.88779645214753e+00 2.81727868724248e+00 9.29482235094945e-01
2.40000000000000e+00 1.88781994473465e+00 2.84739756089084e+00 9.59577616156189e-01
2.40500000000000e+00 1.88783911864840e+00 2.87521481165829e+00 9.87375693009891e-01
2.41000000000000e+00 1.88785385612098e+00 2.90056584784471e+00 1.01271199172373e+00
2.41500000000000e+00 1.88786403979574e+00 2.92330055990463e+00 1.03543652010890e+00
2.42000000000000e+00 1.88786955272941e+00 2.94328424439572e+00 1.05541469166631e+00
2.42500000000000e+00 1.88787027839444e+00 2.96039843312221e+00 1.07252815472777e+00
2.43000000000000e+00 1.88786610068111e+00 2.97454162236171e+00 1.08667552168060e+00
2.43500000000000e+00 1.88785690389984e+00 2.98562989767982e+00 1.09777299377998e+00
2.44000000000000e+00 1.88784257278326e+00 2.99359745048043e+00 1.10575487769717e+00
2.44500000000000e+00 1.88782299248845e+00 2.99839698310739e+00 1.11057399061895e+00
2.45000000000000e+00 1.88779804859897e+00 3.00000000000000e+00 1.11220195140103e+00
2.45500000000000e+00 1.88776762712703e+00 2.99839698310739e+00 1.11062935598037e+00
2.46000000000000e+00 1.88773161451552e+00 2.99359745048044e+00 1.10586583596492e+00
2.46500000000000e+00 1.88768989764006e+00 2.98562989767982e+00 1.09794000003977e+00
2.47000000000000e+00 1.88764236381101e+00 2.97454162236171e+00 1.08689925855070e+00
2.47500000000000e+00 1.88758890077548e+00 2.96039843312221e+00 1.07280953234673e+00
2.48000000000000e+00 1.88752939671928e+00 2.94328424439572e+00 1.05575484767645e+00
2.48500000000000e+00 1.88746374026885e+00 2.92330055990464e+00 1.03583681963579e+00
2.49000000000000e+00 1.88739182049321e+00 2.90056584784471e+00 1.01317402735151e+00
2.49500000000000e+00 1.88731352690579e+00 2.87521481165830e+00 9.87901284752509e-01
2.50000000000000e+00 1.88722874946634e+00 2.84739756089084e+00 9.60168811424502e-01
2.50500000000000e+00 1.88713737858276e+00 2.81727868724248e+00 9.30141308659719e-01
2.51000000000000e+00 1.88703930511288e+00 2.78503625151058e+00 8.97996946397697e-01
2.51500000000000e+00 1.88693442036627e+00 2.75086068766886e+00 8.63926267302590e-01
2.52000000000000e+00 1.88682261610598e+00 2.71495363083915e+00 8.28131014733173e-01
2.52500000000000e+00 1.88670378455028e+00 2.67752667638138e+00 7.90822891831109e-01
2.53000000000000e+00 1.88657781837437e+00 2.63880007775179e+00 7.52222259377418e-01
2.53500000000000e+00 1.88644461071207e+00 2.59900139115685e+00 7.12556780444788e-01
2.54000000000000e+00 1.88630405515742e+00 2.55836407535859e+00 6.72060020201167e-01
2.54500000000000e+00 1.88615604576639e+00 2.51712605526309e+00 6.30970009496700e-01
2.55000000000000e+00 1.88600047705841e+00 2.47552825814758e+00 5.89527781089166e-01
2.55500000000000e+00 1.88583724401799e+00 2.43381313154985e+00 5.47975887531861e-01
2.56000000000000e+00 1.88566624209625e+00 2.39222315195700e+00 5.06556909860755e-01
2.56500000000000e+00 1.88548736721244e+00 2.35099933348698e+00 4.65511966274547e-01
2.57000000000000e+00 1.88530051575547e+00 2.31037974575666e+00 4.25079230001187e-01
2.57500000000000e+00 1.88510558458535e+00 2.27059805007310e+00 3.85492465487745e-01
2.58000000000000e+00 1.88490247103466e+00 2.23188206297222e+00 3.46979591937556e-01
2.58500000000000e+00 1.88469107290996e+00 2.19445235595975e+00 3.09761283049795e-01
2.59000000000000e+00 1.88447128849317e+00 2.15852090008678e+00 2.74049611593610e-01
2.59500000000000e+00 1.88424301654298e+00 2.12428976371522e+00 2.40046747172238e-01
2.60000000000000e+00 1.88400615629618e+00 2.09194987150091e+00 2.07943715204736e-01
2.60500000000000e+00 1.88376060746895e+00 2.06167983224433e+00 1.77919224775384e-01
2.61000000000000e+00 1.88350627025820e+00 2.03364484283446e+00 1.50138572576256e-01
2.61500000000000e+00 1.88324304534282e+00 2.00799567504205e+00 1.24752629699230e-01
2.62000000000000e+00 1.88297083388490e+00 1.98486775140779e+00 1.01896917522888e-01
2.62500000000000e+00 1.88268953753099e+00 1.96438031592140e+00 8.16907783904171e-02
2.63000000000000e+00 1.88239905841325e+00 1.94663570460343e+00 6.42366461901811e-02
2.63500000000000e+00 1.88209929915067e+00 1.93171872048530e+00 4.96194213346284e-02
2.64000000000000e+00 1.88179016285015e+00 1.91969611683971e+00 3.79059539895619e-02
2.64500000000000e+00 1.88147155310767e+00 1.91061619184595e+00 2.91446387382734e-02
2.65000000000000e+00 1.88114337400936e+00 1.90450849718747e+00 2.33651231781102e-02
2.65500000000000e+00 1.88080553013256e+00 1.90138366237698e+00 2.05781322444190e-02
2.66000000000000e+00 1.88045792654688e+00 1.90123333589028e+00 2.07754093433998e-02
2.66500000000000e+00 1.88010046881519e+00 1.90403024347033e+00 2.39297746551403e-02
2.67000000000000e+00 1.87973306299464e+00 1.90972836324032e+00 2.99953002456741e-02
2.67500000000000e+00 1.87935561563764e+00 1.91826321654437e+00 3.89076009067313e-02
2.68000000000000e+00 1.87896803379275e+00 1.92955227272105e+00 5.05842389282978e-02
2.68500000000000e+00 1.87857022500563e+00 1.94349546531226e+00 6.49252403066285e-02
2.69000000000000e+00 1.87816209731995e+00 1.95997581652323e+00 8.18137192032766e-02
2.69500000000000e+00 1.87774355927824e+00 1.97886016608158e+00 1.01116606803340e-01
2.70000000000000e+00 1.87731451992271e+00 2.00000000000000e+00 1.22685480077288e-01
2.70500000000000e+00 1.87687488879612e+00 2.02323237413106e+00 1.46357485334940e-01
2.71000000000000e+00 1.87642457594255e+00 2.04838092681811e+00 1.71956350875552e-01
2.71500000000000e+00 1.87596349190817e+00 2.07525697439691e+00 1.99293482488743e-01
2.72000000000000e+00 1.87549154774197e+00 2.10366068279205e+00 2.28169135050079e-01
2.72500000000000e+00 1.87500865499654e+00 2.13338230798255e+00 2.58373652986004e-01
2.73000000000000e+00 1.87451472572870e+00 2.16420349768687e+00 2.89688771958164e-01
2.73500000000000e+00 1.87400967250023e+00 2.19589864623990e+00 3.21888973739665e-01
2.74000000000000e+00 1.87349340837849e+00 2.22823629430637e+00 3.54742885927885e-01
2.74500000000000e+00 1.87296584693704e+00 2.26098056479902e+00 3.88014717861974e-01
2.75000000000000e+00 1.87242690225630e+00 2.29389262614624e+00 4.21465723889937e-01
2.75500000000000e+00 1.87187648892405e+00 2.32673217388556e+00 4.54855684961512e-01
2.76000000000000e+00 1.87131452203604e+00 2.35925892144618e+00 4.87944399410136e-01
2.76500000000000e+00 1.87074091719653e+00 2.39123409092702e+00 5.20493173730489e-01
2.77000000000000e+00 1.87015559051875e+00 2.42242189467697e+00 5.52266304158220e-01
2.77500000000000e+00 1.86955845862543e+00 2.45259099854052e+00 5.83032539915083e-01
2.78000000000000e+00 1.86894943864926e+00 2.48151595774496e+00 6.12566519095701e-01
2.78500000000000e+00 1.86832844823329e+00 2.50897861657418e+00 6.40650168340891e-01
2.79000000000000e+00 1.86769540553140e+00 2.53476946319709e+00 6.67074057665695e-01
2.79500000000000e+00 1.86705022920866e+00 2.55868893129538e+00 6.91638702086717e-01
2.80000000000000e+00 1.86639283844173e+00 2.58054864046305e+00 7.14155802021321e-01
2.80500000000000e+00 1.86572315291916e+00 2.60017256772797e+00 7.34449414808813e-01
2.81000000000000e+00 1.86504109284177e+00 2.61739814297001e+00 7.52357050128240e-01
2.81500000000000e+00 1.86434657892292e+00 2.63207726147960e+00 7.67730682556683e-01
2.82000000000000e+00 1.86363953238880e+00 2.64407720741157e+00 7.80437675022773e-01
2.82500000000000e+00 1.86291987497870e+00 2.65328148243819e+00 7.90361607459491e-01
2.83000000000000e+00 1.86218752894521e+00 2.65959053448992e+00 7.97403005544707e-01
2.83500000000000e+00 1.86144241705449e+00 2.66292238208847e+00 8.01479965033976e-01
2.84000000000000e+00 1.86068446258641e+00 2.66321313042021e+00 8.02528667833802e-01
2.84500000000000e+00 1.85991358933475e+00 2.66041737596564e+00 8.00503786630884e-01
2.85000000000000e+00 1.85912972160735e+00 2.65450849718747e+00 7.95378775580129e-01
2.85500000000000e+00 1.85833278422619e+00 2.64547882948272e+00 7.87146045256528e-01
2.86000000000000e+00 1.85752270252757e+00 2.63333972331719e+00 7.75817020789615e-01
2.86500000000000e+00 1.85669940236214e+00 2.61812148518152e+00 7.61422082819384e-01
2.87000000000000e+00 1.85586281009498e+00 2.59987320173000e+00 7.44010391635028e-01
2.87500000000000e+00 1.85501285260562e+00 2.57866244818360e+00 7.23649595577977e-01
2.88000000000000e+00 1.85414945728810e+00 2.55457488279246e+00 7.00425425504355e-01
2.88500000000000e+00 1.85327255205094e+00 2.52771372985530e+00 6.74441177804366e-01
2.89000000000000e+00 1.85238206531710e+00 2.49819915448034e+00 6.45817089163234e-01
2.89500000000000e+00 1.85147792602400e+00 2.46616753293972e+00 6.14689606915727e-01
2.90000000000000e+00 1.85056006362336e+00 2.43177062311339e+00 5.81210559490028e-01
2.90500000000000e+00 1.84962840808123e+00 2.39517464013388e+00 5.45546232052653e-01
2.91000000000000e+00 1.84868288987778e+00 2.35655924292839e+00 5.07876353050614e-01
2.91500000000000e+00 1.84772344000723e+00 2.31611643790350e+00 4.68392997896272e-01
2.92000000000000e+00 1.84674998997769e+00 2.27404940652904e+00 4.27299416551342e-01
2.92500000000000e+00 1.84576247181102e+00 2.23057126404647e+00 3.84808792235449e-01
2.93000000000000e+00 1.84476081804258e+00 2.18590375695213e+00 3.41142938909552e-01
2.93500000000000e+00 1.84374496172109e+00 2.14027590728278e+00 2.96530945561686e-01
2.94000000000000e+00 1.84271483640837e+00 2.09392261205918e+00 2.51207775650814e-01
2.94500000000000e+00 1.84167037617910e+00 2.04708320651984e+00 2.05412830340737e-01
2.95000000000000e+00 1.84061151562056e+00 2.00000000000000e+00 1.59388484379445e-01
2.95500000000000e+00 1.83953818983233e+00 1.95291679348017e+00 1.13378603647841e-01
2.96000000000000e+00 1.83845033442601e+00 1.90607738794082e+00 6.76270535148147e-02
2.96500000000000e+00 1.83734788552488e+00 1.85972409271723e+00 2.23762071923541e-02
2.97000000000000e+00 1.83623077976355e+00 1.81409624304787e+00 2.21345367156784e-02
2.97500000000000e+00 1.83509895428763e+00 1.76942873595354e+00 6.56702183340894e-02
2.98000000000000e+00 1.83395234675330e+00 1.72595059347097e+00 1.08001753282326e-01
2.98500000000000e+00 1.83279089532697e+00 1.68388356209651e+00 1.48907333230462e-01
2.99000000000000e+00 1.83161453868481e+00 1.64344075707161e+00 1.88173781613202e-01
2.99500000000000e+00 1.83042321601236e+00 1.60482535986612e+00 2.25597856146239e-01
3.00000000000000e+00 1.82921686700401e+00 1.56822937688661e+00 2.60987490117402e-01
3.00500000000000e+00 1.82799543186262e+00 1.53383246706028e+00 2.94162964802341e-01
3.01000000000000e+00 1.82675885129895e+00 1.50180084551966e+00 3.24958005779281e-01
3.01500000000000e+00 1.82550706653117e+00 1.47228627014470e+00 3.53220796386469e-01
3.02000000000000e+00 1.82424001928436e+00 1.44542511720755e+00 3.78814902076817e-01
3.02500000000000e+00 1.82295765178996e+00 1.42133755181641e+00 4.01620099973549e-01
3.03000000000000e+00 1.82165990678516e+00 1.40012679827000e+00 4.21533108515161e-01
3.03500000000000e+00 1.82034672751239e+00 1.38187851481848e+00 4.38468212693918e-01
3.04000000000000e+00 1.81901805771869e+00 1.36666027668282e+00 4.52357781035871e-01
3.04500000000000e+00 1.81767384165508e+00 1.35452117051728e+00 4.63152671137792e-01
3.05000000000000e+00 1.81631402407594e+00 1.34549150281253e+00 4.70822521263419e-01
3.05500000000000e+00 1.81493855023841e+00 1.33958262403436e+00 4.75355926204049e-01
3.06000000000000e+00 1.81354736590165e+00 1.33678686957979e+00 4.76760496321860e-01
3.06500000000000e+00 1.81214041732618e+00 1.33707761791153e+00 4.75062799414651e-01
3.07000000000000e+00 1.81071765127325e+00 1.34040946551008e+00 4.70308185763163e-01
3.07500000000000e+00 1.80927901500401e+00 1.34671851756181e+00 4.62560497442199e-01
3.08000000000000e+00 1.80782445627889e+00 1.35592279258843e+00 4.51901663690461e-01
3.08500000000000e+00 1.80635392335677e+00 1.36792273852040e+00 4.38431184836368e-01
3.09000000000000e+00 1.80486736499427e+00 1.38260185702999e+00 4.22265507964276e-01
3.09500000000000e+00 1.80336473044495e+00 1.39982743227203e+00 4.03537298172919e-01
3.10000000000000e+00 1.80184596945852e+00 1.41945135953695e+00 3.82394609921565e-01
3.10500000000000e+00 1.80031103228003e+00 1.44131106870462e+00 3.58999963575407e-01
3.11000000000000e+00 1.79875986964905e+00 1.46523053680290e+00 3.33529332846142e-01
3.11500000000000e+00 1.79719243279881e+00 1.49102138342582e+00 3.06171049372988e-01
3.12000000000000e+00 1.79560867345538e+00 1.51848404225504e+00 2.77124631200337e-01
3.12500000000000e+00 1.79400854383676e+00 1.54740900145948e+00 2.46599542377284e-01
3.13000000000000e+00 1.79239199665203e+00 1.57757810532302e+00 2.14813891329008e-01
3.13500000000000e+00 1.79075898510042e+00 1.60876590907298e+00 1.81993076027443e-01
3.14000000000000e+00 1.78910946287041e+00 1.64074107855382e+00 1.48368384316595e-01
3.14500000000000e+00 1.78744338413881e+00 1.67326782611444e+00 1.14175558024374e-01
3.15000000000000e+00 1.78576070356978e+00 1.70610737385376e+00 7.96533297160200e-02
3.15500000000000e+00 1.78406137631393e+00 1.73901943520098e+00 4.50419411129444e-02
3.16000000000000e+00 1.78234535800727e+00 1.77176370569363e+00 1.05816523136486e-02
3.16500000000000e+00 1.78061260477033e+00 1.80410135376010e+00 2.34887489897719e-02
3.17000000000000e+00 1.77886307320703e+00 1.83579650231313e+00 5.69334291060972e-02
3.17500000000000e+00 1.77709672040379e+00 1.86661769201745e+00 8.95209716136665e-02
3.18000000000000e+00 1.77531350392841e+00 1.89633931720795e+00 1.21025813279535e-01
3.18500000000000e+00 1.77351338182909e+00 1.92474302560309e+00 1.51229643773993e-01
3.19000000000000e+00 1.77169631263335e+00 1.95161907318189e+00 1.79922760548537e-01
3.19500000000000e+00 1.76986225534696e+00 1.97676762586893e+00 2.06905370521976e-01
3.20000000000000e+00 1.76801116945286e+00 2.00000000000000e+00 2.31988830547145e-01
3.20500000000000e+00 1.76614301491008e+00 2.02113983391842e+00 2.54996819008340e-01
3.21000000000000e+00 1.76425775215263e+00 2.04002418347677e+00 2.75766431324132e-01
3.21500000000000e+00 1.76235534208839e+00 2.05650453468774e+00 2.94149192599354e-01
3.22000000000000e+00 1.76043574609794e+00 2.07044772727895e+00 3.10011981181019e-01
3.22500000000000e+00 1.75849892603346e+00 2.08173678345563e+00 3.23237857422168e-01
3.23000000000000e+00 1.75654484421757e+00 2.09027163675968e+00 3.33726792542113e-01
3.23500000000000e+00 1.75457346344214e+00 2.09596975652967e+00 3.41396293087536e-01
3.24000000000000e+00 1.75258474696712e+00 2.09876666410972e+00 3.46181917142601e-01
3.24500000000000e+00 1.75057865851938e+00 2.09861633762302e+00 3.48037679103641e-01
3.25000000000000e+00 1.74855516229144e+00 2.09549150281253e+00 3.46936340521089e-01
3.25500000000000e+00 1.74651422294032e+00 2.08938380815405e+00 3.42869585213731e-01
3.26000000000000e+00 1.74445580558630e+00 2.08030388316029e+00 3.35848077573991e-01
3.26500000000000e+00 1.74237987581164e+00 2.06828127951470e+00 3.25901403703064e-01
3.27000000000000e+00 1.74028639965940e+00 2.05336429539657e+00 3.13077895737172e-01
3.27500000000000e+00 1.73817534363212e+00 2.03561968407860e+00 2.97444340446475e-01
3.28000000000000e+00 1.73604667469060e+00 2.01513224859221e+00 2.79085573901608e-01
3.28500000000000e+00 1.73390036025258e+00 1.99200432495795e+00 2.58103964705366e-01
3.29000000000000e+00 1.73173636819148e+00 1.96635515716554e+00 2.34618788974067e-01
3.29500000000000e+00 1.72955466683506e+00 1.93832016775567e+00 2.08765500920614e-01
3.30000000000000e+00 1.72735522496415e+00 1.90805012849909e+00 1.80694903534941e-01
3.30500000000000e+00 1.72513801181131e+00 1.87571023628479e+00 1.50572224473471e-01
3.31000000000000e+00 1.72290299705951e+00 1.84147909991323e+00 1.18576102853721e-01
3.31500000000000e+00 1.72065015084075e+00 1.80554764404025e+00 8.48974931995092e-02
3.32000000000000e+00 1.71837944373474e+00 1.76811793702778e+00 4.97384932930409e-02
3.32500000000000e+00 1.71609084676756e+00 1.72940194992690e+00 1.33111031593400e-02
3.33000000000000e+00 1.71378433141024e+00 1.68962025424335e+00 2.41640771668901e-02
3.33500000000000e+00 1.71145986957741e+00 1.64900066651302e+00 6.24592030643822e-02
3.34000000000000e+00 1.70911743362589e+00 1.60777684804301e+00 1.01340585582882e-01
3.34500000000000e+00 1.70675699635332e+00 1.56618686845015e+00 1.40570127903173e-01
3.35000000000000e+00 1.70437853099675e+00 1.52447174185243e+00 1.79906789144324e-01
3.35500000000000e+00 1.70198201123118e+00 1.48287394473692e+00 2.19108066494266e-01
3.36000000000000e+00 1.69956741116819e+00 1.44163592464142e+00 2.57931486526770e-01
3.36500000000000e+00 1.69713470535447e+00 1.40099860884315e+00 2.96136096511319e-01
3.37000000000000e+00 1.69468386877039e+00 1.36119992224821e+00 3.33483946522176e-01
3.37500000000000e+00 1.69221487682856e+00 1.32247332361862e+00 3.69741553209945e-01
3.38000000000000e+00 1.68972770537236e+00 1.28504636916086e+00 4.04681336211507e-01
3.38500000000000e+00 1.68722233067447e+00 1.24913931233114e+00 4.38083018343326e-01
3.39000000000000e+00 1.68469872943539e+00 1.21496374848942e+00 4.69734980945975e-01
3.39500000000000e+00 1.68215687878200e+00 1.18272131275752e+00 4.99435566024473e-01
3.40000000000000e+00 1.67959675626599e+00 1.15260243910916e+00 5.26994317156832e-01
3.40500000000000e+00 1.67701833986245e+00 1.12478518834171e+00 5.52233151520747e-01
3.41000000000000e+00 1.67442160796831e+00 1.09943415215529e+00 5.74987455813026e-01
3.41500000000000e+00 1.67180653940084e+00 1.07669944009537e+00 5.95107099305479e-01
3.42000000000000e+00 1.66917311339614e+00 1.05671575560428e+00 6.12457357791861e-01
3.42500000000000e+00 1.66652130960759e+00 1.03960156687779e+00 6.26919742729794e-01
3.43000000000000e+00 1.66385110810434e+00 1.02545837763829e+00 6.38392730466053e-01
3.43500000000000e+00 1.66116248936977e+00 1.01437010232018e+00 6.46792387049598e-01
3.44000000000000e+00 1.65845543429994e+00 1.00640254951957e+00 6.52052884780370e-01
3.44500000000000e+00 1.65572992420199e+00 1.00160301689261e+00 6.54126907309384e-01
3.45000000000000e+00 1.65298594079267e+00 1.00000000000000e+00 6.52985940792670e-01
3.45500000000000e+00 1.65022346619670e+00 1.00160301689261e+00 6.48620449304089e-01
3.46000000000000e+00 1.64744248294521e+00 1.00640254951956e+00 6.41039933425646e-01
3.46500000000000e+00 1.64464297397420e+00 1.01437010232018e+00 6.30272871654026e-01
3.47000000000000e+00 1.64182492262291e+00 1.02545837763829e+00 6.16366544984626e-01
3.47500000000000e+00 1.63898831263225e+00 1.03960156687779e+00 5.99386745754462e-01
3.48000000000000e+00 1.63613312814321e+00 1.05671575560427e+00 5.79417372538935e-01
3.48500000000000e+00 1.63325935369523e+00 1.07669944009536e+00 5.56559913599866e-01
3.49000000000000e+00 1.63036697422462e+00 1.09943415215529e+00 5.30932822069337e-01
3.49500000000000e+00 1.62745597506296e+00 1.12478518834171e+00 5.02670786721252e-01
3.50000000000000e+00 1.62452634193542e+00 1.15260243910915e+00 4.71923902826267e-01
3.50500000000000e+00 1.62157806095922e+00 1.18272131275752e+00 4.38856748201699e-01
3.51000000000000e+00 1.61861111864193e+00 1.21496374848942e+00 4.03647370152508e-01
3.51500000000000e+00 1.61562550187988e+00 1.24913931233114e+00 3.66486189548736e-01
3.52000000000000e+00 1.61262119795650e+00 1.28504636916085e+00 3.27574828795650e-01
3.52500000000000e+00 1.60959819454071e+00 1.32247332361861e+00 2.87124870922093e-01
3.53000000000000e+00 1.60655647968521e+00 1.36119992224821e+00 2.45356557437006e-01
3.53500000000000e+00 1.60349604182492e+00 1.40099860884315e+00 2.02497432981771e-01
3.54000000000000e+00 1.60041686977522e+00 1.44163592464141e+00 1.58780945133811e-01
3.54500000000000e+00 1.59731895273038e+00 1.48287394473691e+00 1.14445007993472e-01
3.55000000000000e+00 1.59420228026184e+00 1.52447174185242e+00 6.97305384094216e-02
3.55500000000000e+00 1.59106684231658e+00 1.56618686845015e+00 2.48799738664292e-02
3.56000000000000e+00 1.58791262921540e+00 1.60777684804300e+00 1.98642188275977e-02
3.56500000000000e+00 1.58473963165130e+00 1.64900066651302e+00 6.42610348617170e-02
3.57000000000000e+00 1.58154784068776e+00 1.68962025424335e+00 1.08072413555587e-01
3.57500000000000e+00 1.57833724775708e+00 1.72940194992690e+00 1.51064702169822e-01
3.58000000000000e+00 1.57510784465867e+00 1.76811793702778e+00 1.93010092369107e-01
3.58500000000000e+00 1.57185962355740e+00 1.80554764404025e+00 2.33688020482843e-01
3.59000000000000e+00 1.56859257698187e+00 1.84147909991322e+00 2.72886522931356e-01
3.59500000000000e+00 1.56530669782271e+00 1.87571023628478e+00 3.10403538462072e-01
3.60000000000000e+00 1.56200197933093e+00 1.90805012849909e+00 3.46048149168162e-01
3.60500000000000e+00 1.55867841511616e+00 1.93832016775567e+00 3.79641752639504e-01
3.61000000000000e+00 1.55533599914499e+00 1.96635515716554e+00 4.11019158020547e-01
3.61500000000000e+00 1.55197472573924e+00 1.99200432495795e+00 4.40029599218709e-01
3.62000000000000e+00 1.54859458957425e+00 2.01513224859221e+00 4.66537659017963e-01
3.62500000000000e+00 1.54519558567717e+00 2.03561968407860e+00 4.90424098401431e-01
3.63000000000000e+00 1.54177770942525e+00 2.05336429539657e+00 5.11586585971318e-01
3.63500000000000e+00 1.53834095654413e+00 2.06828127951470e+00 5.29940322970572e-01
3.64000000000000e+00 1.53488532310610e+00 2.08030388316029e+00 5.45418560054185e-01
3.64500000000000e+00 1.53141080552840e+00 2.08938380815405e+00 5.57973002625647e-01
3.65000000000000e+00 1.52791740057148e+00 2.09549150281253e+00 5.67574102241041e-01
3.65500000000000e+00 1.52440510533729e+00 2.09861633762302e+00 5.74211232285731e-01
3.66000000000000e+00 1.52087391726753e+00 2.09876666410972e+00 5.77892746842199e-01
3.66500000000000e+00 1.51732383414194e+00 2.09596975652967e+00 5.78645922387732e-01
3.67000000000000e+00 1.51375485407659e+00 2.09027163675968e+00 5.76516782683093e-01
3.67500000000000e+00 1.51016697552210e+00 2.08173678345563e+00 5.71569807933530e-01
3.68000000000000e+00 1.50656019726194e+00 2.07044772727895e+00 5.63887530017020e-01
3.68500000000000e+00 1.50293451841068e+00 2.05650453468774e+00 5.53570016277062e-01
3.69000000000000e+00 1.49928993841228e+00 2.04002418347677e+00 5.40734245064491e-01
3.69500000000000e+00 1.49562645703832e+00 2.02113983391842e+00 5.25513376880104e-01
3.70000000000000e+00 1.49194407438628e+00 2.00000000000000e+00 5.08055925613722e-01
3.70500000000000e+00 1.48824279087781e+00 1.97676762586894e+00 4.88524834991127e-01
3.71000000000000e+00 1.48452260725696e+00 1.95161907318189e+00 4.67096465924932e-01
3.71500000000000e+00 1.48078352458849e+00 1.92474302560309e+00 4.43959501014602e-01
3.72000000000000e+00 1.47702554425606e+00 1.89633931720795e+00 4.19313772951885e-01
3.72500000000000e+00 1.47324866796057e+00 1.86661769201745e+00 3.93369024056889e-01
3.73000000000000e+00 1.46945289771834e+00 1.83579650231313e+00 3.66343604594797e-01
3.73500000000000e+00 1.46563823585942e+00 1.80410135376010e+00 3.38463117900685e-01
3.74000000000000e+00 1.46180468502583e+00 1.77176370569363e+00 3.09959020667796e-01
3.74500000000000e+00 1.45795224816983e+00 1.73901943520098e+00 2.81067187031154e-01
3.75000000000000e+00 1.45408092855214e+00 1.70610737385376e+00 2.52026445301621e-01
3.75500000000000e+00 1.45019072974025e+00 1.67326782611444e+00 2.23077096374188e-01
3.76000000000000e+00 1.44628165560664e+00 1.64074107855382e+00 1.94459422947184e-01
3.76500000000000e+00 1.44235371032703e+00 1.60876590907298e+00 1.66412198745954e-01
3.77000000000000e+00 1.43840689837868e+00 1.57757810532303e+00 1.39171206944350e-01
3.77500000000000e+00 1.43444122453862e+00 1.54740900145948e+00 1.12967776920869e-01
3.78000000000000e+00 1.43045669388189e+00 1.51848404225504e+00 8.80273483731513e-02
3.78500000000000e+00 1.42645331177986e+00 1.49102138342582e+00 6.45680716459669e-02
3.79000000000000e+00 1.42243108389840e+00 1.46523053680291e+00 4.27994529045075e-02
3.79500000000000e+00 1.41839001619623e+00 1.44131106870462e+00 2.29210525083903e-02
3.80000000000000e+00 1.41433011492312e+00 1.41945135953695e+00 5.12124461382824e-03
3.80500000000000e+00 1.41025138661818e+00 1.39982743227203e+00 1.04239543461566e-02
3.81000000000000e+00 1.40615383810811e+00 1.38260185702999e+00 2.35519810781193e-02
3.81500000000000e+00 1.40203747650546e+00 1.36792273852040e+00 3.41147379850608e-02
3.82000000000000e+00 1.39790230920691e+00 1.35592279258843e+00 4.19795166184855e-02
3.82500000000000e+00 1.39374834389153e+00 1.34671851756181e+00 4.70298263297146e-02
3.83000000000000e+00 1.38957558851902e+00 1.34040946551008e+00 4.91661230089384e-02
3.83500000000000e+00 1.38538405132804e+00 1.33707761791153e+00 4.83064334165046e-02
3.84000000000000e+00 1.38117374083440e+00 1.33678686957979e+00 4.43868712546096e-02
3.84500000000000e+00 1.37694466582939e+00 1.33958262403436e+00 3.73620417950240e-02
3.85000000000000e+00 1.37269683537803e+00 1.34549150281253e+00 2.72053325654995e-02
3.85500000000000e+00 1.36843025881734e+00 1.35452117051728e+00 1.39090883000588e-02
3.86000000000000e+00 1.36414494575464e+00 1.36666027668282e+00 2.51533092818090e-03
3.86500000000000e+00 1.35984090606577e+00 1.38187851481848e+00 2.20376087527077e-02
3.87000000000000e+00 1.35551814989344e+00 1.40012679826999e+00 4.46086483765566e-02
3.87500000000000e+00 1.35117668764546e+00 1.42133755181640e+00 7.01608641709477e-02
3.88000000000000e+00 1.34681652999303e+00 1.44542511720754e+00 9.86085872145068e-02
3.88500000000000e+00 1.34243768786906e+00 1.47228627014469e+00 1.29848582275631e-01
3.89000000000000e+00 1.33804017246641e+00 1.50180084551966e+00 1.63760673053255e-01
3.89500000000000e+00 1.33362399523618e+00 1.53383246706028e+00 2.00208471824098e-01
3.90000000000000e+00 1.32918916788605e+00 1.56822937688661e+00 2.39040209000558e-01
3.90500000000000e+00 1.32473570237851e+00 1.60482535986612e+00 2.80089657487601e-01
3.91000000000000e+00 1.32026361092921e+00 1.64344075707161e+00 3.23177146142399e-01
3.91500000000000e+00 1.31577290600522e+00 1.68388356209650e+00 3.68110656091284e-01
3.92000000000000e+00 1.31126360032332e+00 1.72595059347097e+00 4.14686993147647e-01
3.92500000000000e+00 1.30673570684836e+00 1.76942873595353e+00 4.62693029105172e-01
3.93000000000000e+00 1.30218923879151e+00 1.81409624304787e+00 5.11907004256356e-01
3.93500000000000e+00 1.29762420960858e+00 1.85972409271722e+00 5.62099883108646e-01
3.94000000000000e+00 1.29304063299834e+00 1.90607738794081e+00 6.13036754942474e-01
3.94500000000000e+00 1.28843852290083e+00 1.95291679348016e+00 6.64478270579333e-01
3.95000000000000e+00 1.28381789349567e+00 2.00000000000000e+00 7.16182106504330e-01
3.95500000000000e+00 1.27917875920038e+00 2.04708320651983e+00 7.67904447319456e-01
3.96000000000000e+00 1.27452113466870e+00 2.09392261205918e+00 8.19401477390478e-01
3.96500000000000e+00 1.26984503478892e+00 2.14027590728278e+00 8.70430872493860e-01
3.97000000000000e+00 1.26515047468220e+00 2.18590375695213e+00 9.20753282269927e-01
3.97500000000000e+00 1.26043746970092e+00 2.23057126404647e+00 9.70133794345556e-01
3.98000000000000e+00 1.25570603542695e+00 2.27404940652903e+00 1.01834337110208e+00
3.98500000000000e+00 1.25095618767009e+00 2.31611643790350e+00 1.06516025023341e+00
3.99000000000000e+00 1.24618794246631e+00 2.35655924292839e+00 1.11037130046207e+00
3.99500000000000e+00 1.24140131607616e+00 2.39517464013388e+00 1.15377332405772e+00
4.00000000000000e+00 1.23659632498307e+00 2.43177062311338e+00 1.19517429813032e+00
