variables = x, value-predict, value-true, error
0.00000000000000e+00 2.43217986678524e+00 2.43177062311339e+00 4.09243671851467e-04
5.00000000000000e-03 2.46654658100522e+00 2.46616753293972e+00 3.79048065499266e-04
1.00000000000000e-02 2.49854816474042e+00 2.49819915448034e+00 3.49010260085159e-04
1.50000000000000e-02 2.52803432759027e+00 2.52771372985530e+00 3.20597734963179e-04
2.00000000000000e-02 2.55486902502290e+00 2.55457488279246e+00 2.94142230441441e-04
2.50000000000000e-02 2.57893172946258e+00 2.57866244818360e+00 2.69281278980404e-04
3.00000000000000e-02 2.60011850802090e+00 2.59987320173000e+00 2.45306290897140e-04
3.50000000000000e-02 2.61834290642666e+00 2.61812148518152e+00 2.21421245138576e-04
4.00000000000000e-02 2.63353664338788e+00 2.63333972331718e+00 1.96920070696827e-04
4.50000000000000e-02 2.64565012317781e+00 2.64547882948272e+00 1.71293695098829e-04
5.00000000000000e-02 2.65465277662912e+00 2.65450849718747e+00 1.44279441648187e-04
5.50000000000000e-02 2.66053324200247e+00 2.66041737596564e+00 1.15866036830781e-04
6.00000000000000e-02 2.66329939750905e+00 2.66321313042021e+00 8.62670888381878e-05
6.50000000000000e-02 2.66297825681224e+00 2.66292238208847e+00 5.58747237762169e-05
7.00000000000000e-02 2.65961573784631e+00 2.65959053448992e+00 2.52033563934440e-05
7.50000000000000e-02 2.65327631400984e+00 2.65328148243819e+00 5.16842835107667e-06
8.00000000000000e-02 2.64404255543772e+00 2.64407720741157e+00 3.46519738529949e-05
8.50000000000000e-02 2.63201456680865e+00 2.63207726147960e+00 6.26946709512133e-05
9.00000000000000e-02 2.61730932713352e+00 2.61739814297001e+00 8.88158364880098e-05
9.50000000000000e-02 2.60005993626410e+00 2.60017256772797e+00 1.12631463877300e-04
1.00000000000000e-01 2.58041477247803e+00 2.58054864046305e+00 1.33867985015357e-04
1.05000000000000e-01 2.55853656540631e+00 2.55868893129538e+00 1.52365889073192e-04
1.10000000000000e-01 2.53460138871279e+00 2.53476946319709e+00 1.68074484307557e-04
1.15000000000000e-01 2.50879757723706e+00 2.50897861657418e+00 1.81039337122435e-04
1.20000000000000e-01 2.48132457369670e+00 2.48151595774496e+00 1.91384048255472e-04
1.25000000000000e-01 2.45239171045265e+00 2.45259099854052e+00 1.99288087872951e-04
1.30000000000000e-01 2.42221693223233e+00 2.42242189467697e+00 2.04962444645407e-04
1.35000000000000e-01 2.39102546606737e+00 2.39123409092702e+00 2.08624859649120e-04
1.40000000000000e-01 2.35904844504350e+00 2.35925892144618e+00 2.10476402676907e-04
1.45000000000000e-01 2.32652149280548e+00 2.32673217388556e+00 2.10681080079045e-04
1.50000000000000e-01 2.29368327613841e+00 2.29389262614624e+00 2.09350007824849e-04
1.55000000000000e-01 2.26077403338334e+00 2.26098056479902e+00 2.06531415678946e-04
1.60000000000000e-01 2.22803408694905e+00 2.22823629430637e+00 2.02207357324458e-04
1.65000000000000e-01 2.19570234874416e+00 2.19589864623990e+00 1.96297495742126e-04
1.70000000000000e-01 2.16401482794130e+00 2.16420349768687e+00 1.88669745571524e-04
1.75000000000000e-01 2.13320315104819e+00 2.13338230798255e+00 1.79156934359881e-04
1.80000000000000e-01 2.10349310473555e+00 2.10366068279205e+00 1.67578056505135e-04
1.85000000000000e-01 2.07510321219287e+00 2.07525697439691e+00 1.53762204040397e-04
1.90000000000000e-01 2.04824335388887e+00 2.04838092681811e+00 1.37572929240548e-04
1.95000000000000e-01 2.02311344345957e+00 2.02323237413107e+00 1.18930671499484e-04
2.00000000000000e-01 1.99990216900920e+00 2.00000000000000e+00 9.78309908044039e-05
2.05000000000000e-01 1.97878580938910e+00 1.97886016608158e+00 7.43566924772399e-05
2.10000000000000e-01 1.95992713404722e+00 1.95997581652323e+00 4.86824760101978e-05
2.15000000000000e-01 1.94347439386630e+00 1.94349546531226e+00 2.10714459611960e-05
2.20000000000000e-01 1.92956040910563e+00 1.92955227272105e+00 8.13638458829757e-06
2.25000000000000e-01 1.91830175921053e+00 1.91826321654437e+00 3.85426661615451e-05
2.30000000000000e-01 1.90979807794276e+00 1.90972836324032e+00 6.97147024402156e-05
2.35000000000000e-01 1.90413145609550e+00 1.90403024347033e+00 1.01212625169378e-04
2.40000000000000e-01 1.90136595305389e+00 1.90123333589028e+00 1.32617163616233e-04
2.45000000000000e-01 1.90154721769478e+00 1.90138366237698e+00 1.63555317798991e-04
2.50000000000000e-01 1.90470221860672e+00 1.90450849718747e+00 1.93721419250892e-04
2.55000000000000e-01 1.91083908334598e+00 1.91061619184595e+00 2.22891500029299e-04
2.60000000000000e-01 1.91994704638969e+00 1.91969611683971e+00 2.50929549974854e-04
2.65000000000000e-01 1.93199650554324e+00 1.93171872048530e+00 2.77785057947177e-04
2.70000000000000e-01 1.94693918672525e+00 1.94663570460343e+00 3.03482121815524e-04
2.75000000000000e-01 1.96470841720138e+00 1.96438031592140e+00 3.28101279980952e-04
2.80000000000000e-01 1.98521950737985e+00 1.98486775140779e+00 3.51755972065160e-04
2.85000000000000e-01 2.00837024113652e+00 2.00799567504205e+00 3.74566094474282e-04
2.90000000000000e-01 2.03404147425181e+00 2.03364484283446e+00 3.96631417348026e-04
2.95000000000000e-01 2.06209783988262e+00 2.06167983224433e+00 4.18007638293805e-04
3.00000000000000e-01 2.09238855906487e+00 2.09194987150091e+00 4.38687563958151e-04
3.05000000000000e-01 2.12474835308017e+00 2.12428976371522e+00 4.58589364953799e-04
3.10000000000000e-01 2.15899845318928e+00 2.15852090008677e+00 4.77553102508743e-04
3.15000000000000e-01 2.19494770182070e+00 2.19445235595975e+00 4.95345860949126e-04
3.20000000000000e-01 2.23239373790523e+00 2.23188206297222e+00 5.11674933016515e-04
3.25000000000000e-01 2.27112425776539e+00 2.27059805007310e+00 5.26207692289837e-04
3.30000000000000e-01 2.31091834189124e+00 2.31037974575665e+00 5.38596134584957e-04
3.35000000000000e-01 2.35154783713065e+00 2.35099933348698e+00 5.48503643671427e-04
3.40000000000000e-01 2.39277878333189e+00 2.39222315195700e+00 5.55631374888677e-04
3.45000000000000e-01 2.43437287331003e+00 2.43381313154985e+00 5.59741760175925e-04
3.50000000000000e-01 2.47608893514464e+00 2.47552825814758e+00 5.60676997062970e-04
3.55000000000000e-01 2.51768442620600e+00 2.51712605526309e+00 5.58370942914888e-04
3.60000000000000e-01 2.55891692888437e+00 2.55836407535859e+00 5.52853525780161e-04
3.65000000000000e-01 2.59954563868337e+00 2.59900139115685e+00 5.44247526516273e-04
3.70000000000000e-01 2.63933283605622e+00 2.63880007775179e+00 5.32758304432335e-04
3.75000000000000e-01 2.67804533404163e+00 2.67752667638138e+00 5.18657660245836e-04
3.80000000000000e-01 2.71545589434004e+00 2.71495363083915e+00 5.02263500897548e-04
3.85000000000000e-01 2.75134460492470e+00 2.75086068766886e+00 4.83917255842403e-04
3.90000000000000e-01 2.78550021259139e+00 2.78503625151058e+00 4.63961080805042e-04
3.95000000000000e-01 2.81772140402321e+00 2.81727868724248e+00 4.42716780732155e-04
4.00000000000000e-01 2.84781802900573e+00 2.84739756089084e+00 4.20468114891825e-04
4.05000000000000e-01 2.87561225941043e+00 2.87521481165829e+00 3.97447752140234e-04
4.10000000000000e-01 2.90093967751564e+00 2.90056584784471e+00 3.73829670928139e-04
4.15000000000000e-01 2.92365028719919e+00 2.92330055990464e+00 3.49727294552515e-04
4.20000000000000e-01 2.94360944156002e+00 2.94328424439572e+00 3.25197164292579e-04
4.25000000000000e-01 2.96069868064209e+00 2.96039843312221e+00 3.00247519886998e-04
4.30000000000000e-01 2.97481647317049e+00 2.97454162236171e+00 2.74850808777760e-04
4.35000000000000e-01 2.98587885658095e+00 2.98562989767982e+00 2.48958901124752e-04
4.40000000000000e-01 2.99381997013582e+00 2.99359745048043e+00 2.22519655389775e-04
4.45000000000000e-01 2.99859247656497e+00 2.99839698310739e+00 1.95493457578078e-04
4.50000000000000e-01 3.00016786843645e+00 3.00000000000000e+00 1.67868436447449e-04
4.55000000000000e-01 2.99853665632872e+00 2.99839698310739e+00 1.39673221326575e-04
4.60000000000000e-01 2.99370843681974e+00 2.99359745048043e+00 1.10986339302510e-04
4.65000000000000e-01 2.98571183930316e+00 2.98562989767982e+00 8.19416233395209e-05
4.70000000000000e-01 2.97459435166306e+00 2.97454162236171e+00 5.27293013470320e-05
4.75000000000000e-01 2.96042202586090e+00 2.96039843312221e+00 2.35927386933454e-05
4.80000000000000e-01 2.94327906549169e+00 2.94328424439572e+00 5.17890403672894e-06
4.85000000000000e-01 2.92326729832966e+00 2.92330055990464e+00 3.32615749751852e-05
4.90000000000000e-01 2.90050553779285e+00 2.90056584784471e+00 6.03100518596911e-05
4.95000000000000e-01 2.87512883809546e+00 2.87521481165829e+00 8.59735628351288e-05
5.00000000000000e-01 2.84728764861695e+00 2.84739756089084e+00 1.09912273888568e-04
5.05000000000000e-01 2.81714687368805e+00 2.81727868724248e+00 1.31813554431925e-04
5.10000000000000e-01 2.78488484456893e+00 2.78503625151058e+00 1.51406941646393e-04
5.15000000000000e-01 2.75069221087121e+00 2.75086068766886e+00 1.68476797645312e-04
5.20000000000000e-01 2.71477075904838e+00 2.71495363083915e+00 1.82871790765038e-04
5.25000000000000e-01 2.67733216585414e+00 2.67752667638138e+00 1.94510527239622e-04
5.30000000000000e-01 2.63859669484610e+00 2.63880007775179e+00 2.03382905692884e-04
5.35000000000000e-01 2.59879184410583e+00 2.59900139115685e+00 2.09547051022607e-04
5.40000000000000e-01 2.55815095336697e+00 2.55836407535859e+00 2.13121991619047e-04
5.45000000000000e-01 2.51691177870899e+00 2.51712605526309e+00 2.14276554093562e-04
5.50000000000000e-01 2.47531504290600e+00 2.47552825814758e+00 2.13215241578357e-04
5.55000000000000e-01 2.43360296943914e+00 2.43381313154985e+00 2.10162110712897e-04
5.60000000000000e-01 2.39201780811016e+00 2.39222315195700e+00 2.05343846837902e-04
5.65000000000000e-01 2.35080036015108e+00 2.35099933348698e+00 1.98973335895580e-04
5.70000000000000e-01 2.31018851072543e+00 2.31037974575665e+00 1.91235031217651e-04
5.75000000000000e-01 2.27041577676683e+00 2.27059805007310e+00 1.82273306262637e-04
5.80000000000000e-01 2.23170987819873e+00 2.23188206297222e+00 1.72184773489459e-04
5.85000000000000e-01 2.19429134071380e+00 2.19445235595975e+00 1.61015245950136e-04
5.90000000000000e-01 2.15837213844157e+00 2.15852090008677e+00 1.48761645200945e-04
5.95000000000000e-01 2.12415438496929e+00 2.12428976371522e+00 1.35378745921511e-04
6.00000000000000e-01 2.09182908127011e+00 2.09194987150091e+00 1.20790230802914e-04
6.05000000000000e-01 2.06157492909755e+00 2.06167983224433e+00 1.04903146779467e-04
6.10000000000000e-01 2.03355721829228e+00 2.03364484283446e+00 8.76245421821409e-05
6.15000000000000e-01 2.00792679618742e+00 2.00799567504205e+00 6.88788546248098e-05
6.20000000000000e-01 1.98481912687414e+00 1.98486775140779e+00 4.86245336459579e-05
6.25000000000000e-01 1.96435344749147e+00 1.96438031592140e+00 2.68684299360444e-05
6.30000000000000e-01 1.94663202794153e+00 1.94663570460343e+00 3.67666190470572e-06
6.35000000000000e-01 1.93173953952066e+00 1.93171872048530e+00 2.08190353607751e-05
6.40000000000000e-01 1.91974253693030e+00 1.91969611683971e+00 4.64200905907486e-05
6.45000000000000e-01 1.91068905702771e+00 1.91061619184595e+00 7.28651817611947e-05
6.50000000000000e-01 1.90460833653919e+00 1.90450849718747e+00 9.98393517182006e-05
6.55000000000000e-01 1.90151064983290e+00 1.90138366237698e+00 1.26987455921324e-04
6.60000000000000e-01 1.90138726677510e+00 1.90123333589028e+00 1.53930884820852e-04
6.65000000000000e-01 1.90421052970858e+00 1.90403024347033e+00 1.80286238250948e-04
6.70000000000000e-01 1.90993404771973e+00 1.90972836324032e+00 2.05684479416046e-04
6.75000000000000e-01 1.91849300561586e+00 1.91826321654437e+00 2.29789071484410e-04
6.80000000000000e-01 1.92980458442088e+00 1.92955227272105e+00 2.52311699838303e-04
6.85000000000000e-01 1.94376848970784e+00 1.94349546531226e+00 2.73024395581523e-04
6.90000000000000e-01 1.96026758370433e+00 1.95997581652323e+00 2.91767181097136e-04
6.95000000000000e-01 1.97916861680993e+00 1.97886016608158e+00 3.08450728350396e-04
7.00000000000000e-01 2.00032305392499e+00 2.00000000000000e+00 3.23053924992767e-04
7.05000000000000e-01 2.02356799077902e+00 2.02323237413106e+00 3.35616647959558e-04
7.10000000000000e-01 2.04872715523708e+00 2.04838092681811e+00 3.46228418972583e-04
7.15000000000000e-01 2.07561198832815e+00 2.07525697439691e+00 3.55013931234271e-04
7.20000000000000e-01 2.10402279946194e+00 2.10366068279205e+00 3.62116669891499e-04
7.25000000000000e-01 2.13374998996511e+00 2.13338230798255e+00 3.67681982567092e-04
7.30000000000000e-01 2.16457533866964e+00 2.16420349768687e+00 3.71840982767768e-04
7.35000000000000e-01 2.19627334282628e+00 2.19589864623990e+00 3.74696586382672e-04
7.40000000000000e-01 2.22861260710367e+00 2.22823629430637e+00 3.76312797293554e-04
7.45000000000000e-01 2.26135727288633e+00 2.26098056479902e+00 3.76708087310718e-04
7.50000000000000e-01 2.29426847952466e+00 2.29389262614624e+00 3.75853378428381e-04
7.55000000000000e-01 2.32710584864508e+00 2.32673217388556e+00 3.73674759520881e-04
7.60000000000000e-01 2.35962898212912e+00 2.35925892144618e+00 3.70060682939766e-04
7.65000000000000e-01 2.39159896394816e+00 2.39123409092702e+00 3.64873021140522e-04
7.70000000000000e-01 2.42277985572494e+00 2.42242189467697e+00 3.57961047971589e-04
7.75000000000000e-01 2.45294017571033e+00 2.45259099854052e+00 3.49177169809867e-04
7.80000000000000e-01 2.48185435083309e+00 2.48151595774496e+00 3.38393088134215e-04
7.85000000000000e-01 2.50930413161450e+00 2.50897861657418e+00 3.25515040321189e-04
7.90000000000000e-01 2.53507996003922e+00 2.53476946319709e+00 3.10496842125474e-04
7.95000000000000e-01 2.55898228093451e+00 2.55868893129538e+00 2.93349639131080e-04
8.00000000000000e-01 2.58082278801163e+00 2.58054864046305e+00 2.74147548580572e-04
8.05000000000000e-01 2.60042559644482e+00 2.60017256772797e+00 2.53028716845627e-04
8.10000000000000e-01 2.61762833467026e+00 2.61739814297001e+00 2.30191700247850e-04
8.15000000000000e-01 2.63228314894624e+00 2.63207726147960e+00 2.05887466641297e-04
8.20000000000000e-01 2.64425761508968e+00 2.64407720741157e+00 1.80407678102679e-04
8.25000000000000e-01 2.65343555265791e+00 2.65328148243819e+00 1.54070219718694e-04
8.30000000000000e-01 2.65971773764968e+00 2.65959053448992e+00 1.27203159763667e-04
8.35000000000000e-01 2.66302251053169e+00 2.66292238208847e+00 1.00128443221159e-04
8.40000000000000e-01 2.66328627704442e+00 2.66321313042021e+00 7.31466242047674e-05
8.45000000000000e-01 2.66046389979883e+00 2.66041737596564e+00 4.65238331877060e-05
8.50000000000000e-01 2.65452897915065e+00 2.65450849718747e+00 2.04819631712816e-05
8.55000000000000e-01 2.64547402224677e+00 2.64547882948272e+00 4.80723594487031e-06
8.60000000000000e-01 2.63331049950120e+00 2.63333972331718e+00 2.92238159840252e-05
8.65000000000000e-01 2.61806878810412e+00 2.61812148518153e+00 5.26970774075153e-05
8.70000000000000e-01 2.59979800252636e+00 2.59987320173000e+00 7.51992036462923e-05
8.75000000000000e-01 2.57856571238077e+00 2.57866244818360e+00 9.67358028289844e-05
8.80000000000000e-01 2.55445754846683e+00 2.55457488279246e+00 1.17334325621332e-04
8.85000000000000e-01 2.52757669837139e+00 2.52771372985530e+00 1.37031483908867e-04
8.90000000000000e-01 2.49804329363539e+00 2.49819915448034e+00 1.55860844947675e-04
8.95000000000000e-01 2.46599369122239e+00 2.46616753293972e+00 1.73841717328038e-04
9.00000000000000e-01 2.43157965282650e+00 2.43177062311339e+00 1.90970286887637e-04
9.05000000000000e-01 2.39496742641435e+00 2.39517464013388e+00 2.07213719531918e-04
9.10000000000000e-01 2.35633673527881e+00 2.35655924292839e+00 2.22507649574322e-04
9.15000000000000e-01 2.31587968075680e+00 2.31611643790350e+00 2.36757146698352e-04
9.20000000000000e-01 2.27379956559481e+00 2.27404940652903e+00 2.49840934221535e-04
9.25000000000000e-01 2.23030964569967e+00 2.23057126404647e+00 2.61618346796055e-04
9.30000000000000e-01 2.18563181865869e+00 2.18590375695213e+00 2.71938293437302e-04
9.35000000000000e-01 2.13999525793246e+00 2.14027590728277e+00 2.80649350312245e-04
9.40000000000000e-01 2.09363500200223e+00 2.09392261205918e+00 2.87610056953103e-04
9.45000000000000e-01 2.04679050799035e+00 2.04708320651983e+00 2.92698529482216e-04
9.50000000000000e-01 1.99970417937501e+00 2.00000000000000e+00 2.95820624987009e-04
9.55000000000000e-01 1.95261987740538e+00 1.95291679348017e+00 2.96916074787656e-04
9.60000000000000e-01 1.90578142571297e+00 1.90607738794082e+00 2.95962227847335e-04
9.65000000000000e-01 1.85943111743502e+00 1.85972409271723e+00 2.92975282210950e-04
9.70000000000000e-01 1.81380823394010e+00 1.81409624304787e+00 2.88009107765719e-04
9.75000000000000e-01 1.76914758399866e+00 1.76942873595353e+00 2.81151954873105e-04
9.80000000000000e-01 1.72567807198570e+00 1.72595059347097e+00 2.72521485273236e-04
9.85000000000000e-01 1.68362130345096e+00 1.68388356209650e+00 2.62258645544300e-04
9.90000000000000e-01 1.64319023614318e+00 1.64344075707161e+00 2.50520928433140e-04
9.95000000000000e-01 1.60458788432594e+00 1.60482535986612e+00 2.37475540178833e-04
1.00000000000000e+00 1.56800608396233e+00 1.56822937688661e+00 2.23292924282248e-04
1.00500000000000e+00 1.53362432606137e+00 1.53383246706028e+00 2.08140998904982e-04
1.01000000000000e+00 1.50160866515790e+00 1.50180084551966e+00 1.92180361759720e-04
1.01500000000000e+00 1.47211070952818e+00 1.47228627014470e+00 1.75560616515247e-04
1.02000000000000e+00 1.44526669931935e+00 1.44542511720755e+00 1.58417888196816e-04
1.02500000000000e+00 1.42119667828934e+00 1.42133755181640e+00 1.40873527066265e-04
1.03000000000000e+00 1.40000376431893e+00 1.40012679827000e+00 1.23033951068940e-04
1.03500000000000e+00 1.38177352327617e+00 1.38187851481848e+00 1.04991542301036e-04
1.04000000000000e+00 1.36657345019593e+00 1.36666027668282e+00 8.68264868831847e-05
1.04500000000000e+00 1.35445256109449e+00 1.35452117051728e+00 6.86094227919654e-05
1.05000000000000e+00 1.34544109808137e+00 1.34549150281253e+00 5.04047311578049e-05
1.05500000000000e+00 1.33955034976373e+00 1.33958262403436e+00 3.22742706360124e-05
1.06000000000000e+00 1.33677258826696e+00 1.33678686957979e+00 1.42813128209962e-05
1.06500000000000e+00 1.33708112351712e+00 1.33707761791153e+00 3.50560558670665e-06
1.07000000000000e+00 1.34043047474179e+00 1.34040946551008e+00 2.10092317005639e-05
1.07500000000000e+00 1.34675665844195e+00 1.34671851756181e+00 3.81408801382044e-05
1.08000000000000e+00 1.35597759136038e+00 1.35592279258843e+00 5.47987719499154e-05
1.08500000000000e+00 1.36799360622116e+00 1.36792273852040e+00 7.08677007568159e-05
1.09000000000000e+00 1.38268807724049e+00 1.38260185702999e+00 8.62202105040843e-05
1.09500000000000e+00 1.39992815161828e+00 1.39982743227203e+00 1.00719346252109e-04
1.10000000000000e+00 1.41956558242683e+00 1.41945135953695e+00 1.14222889881166e-04
1.10500000000000e+00 1.44143765753609e+00 1.44131106870462e+00 1.26588831466323e-04
1.11000000000000e+00 1.46536821847678e+00 1.46523053680291e+00 1.37681673875845e-04
1.11500000000000e+00 1.49116876246848e+00 1.49102138342582e+00 1.47379042662488e-04
1.12000000000000e+00 1.51863962025098e+00 1.51848404225504e+00 1.55577995935463e-04
1.12500000000000e+00 1.54757120187274e+00 1.54740900145948e+00 1.62200413255320e-04
1.13000000000000e+00 1.57774530222104e+00 1.57757810532303e+00 1.67196898014144e-04
1.13500000000000e+00 1.60893645782505e+00 1.60876590907298e+00 1.70548752066901e-04
1.14000000000000e+00 1.64091334631949e+00 1.64074107855382e+00 1.72267765673917e-04
1.14500000000000e+00 1.67344021990486e+00 1.67326782611444e+00 1.72393790419889e-04
1.15000000000000e+00 1.70627836415685e+00 1.70610737385376e+00 1.70990303081542e-04
1.15500000000000e+00 1.73918757359634e+00 1.73901943520098e+00 1.68138395362671e-04
1.16000000000000e+00 1.77192763550253e+00 1.77176370569363e+00 1.63929808901342e-04
1.16500000000000e+00 1.80425981351360e+00 1.80410135376010e+00 1.58459753495155e-04
1.17000000000000e+00 1.83594832259361e+00 1.83579650231313e+00 1.51820280480663e-04
1.17500000000000e+00 1.86676178694428e+00 1.86661769201745e+00 1.44094926824101e-04
1.18000000000000e+00 1.89647467241013e+00 1.89633931720795e+00 1.35355202182330e-04
1.18500000000000e+00 1.92486868487979e+00 1.92474302560309e+00 1.25659276698720e-04
1.19000000000000e+00 1.95173412614844e+00 1.95161907318189e+00 1.15052966546347e-04
1.19500000000000e+00 1.97687119870737e+00 1.97676762586894e+00 1.03572838433985e-04
1.20000000000000e+00 2.00009125099733e+00 2.00000000000000e+00 9.12509973323150e-05
1.20500000000000e+00 2.02121795483465e+00 2.02113983391842e+00 7.81209162274976e-05
1.21000000000000e+00 2.04008840701501e+00 2.04002418347677e+00 6.42235382390943e-05
1.21500000000000e+00 2.05655414753530e+00 2.05650453468774e+00 4.96128475573343e-05
1.22000000000000e+00 2.07048208745002e+00 2.07044772727895e+00 3.43601710652841e-05
1.22500000000000e+00 2.08175534008521e+00 2.08173678345563e+00 1.85566295778372e-05
1.23000000000000e+00 2.09027395014752e+00 2.09027163675968e+00 2.31338784129065e-06
1.23500000000000e+00 2.09595551615596e+00 2.09596975652967e+00 1.42403737086738e-05
1.24000000000000e+00 2.09873570255101e+00 2.09876666410972e+00 3.09615587177348e-05
1.24500000000000e+00 2.09856863876063e+00 2.09861633762302e+00 4.76988623931973e-05
1.25000000000000e+00 2.09542720338762e+00 2.09549150281253e+00 6.42994249040463e-05
1.25500000000000e+00 2.08930319249833e+00 2.08938380815405e+00 8.06156557260351e-05
1.26000000000000e+00 2.08020737172027e+00 2.08030388316029e+00 9.65114400206524e-05
1.26500000000000e+00 2.06816941248919e+00 2.06828127951470e+00 1.11867025508694e-04
1.27000000000000e+00 2.05323771333135e+00 2.05336429539657e+00 1.26582065214542e-04
1.27500000000000e+00 2.03547910754335e+00 2.03561968407860e+00 1.40576535248016e-04
1.28000000000000e+00 2.01497845906781e+00 2.01513224859221e+00 1.53789524405923e-04
1.28500000000000e+00 1.99183814879022e+00 1.99200432495795e+00 1.66176167728072e-04
1.29000000000000e+00 1.96617745393417e+00 1.96635515716554e+00 1.77703231370563e-04
1.29500000000000e+00 1.93813182373549e+00 1.93832016775567e+00 1.88344020176867e-04
1.30000000000000e+00 1.90785205514953e+00 1.90805012849909e+00 1.98073349557459e-04
1.30500000000000e+00 1.87550337299416e+00 1.87571023628478e+00 2.06863290622250e-04
1.31000000000000e+00 1.84126441964611e+00 1.84147909991323e+00 2.14680267112577e-04
1.31500000000000e+00 1.80532616016632e+00 1.80554764404025e+00 2.21483873934059e-04
1.32000000000000e+00 1.76789070949689e+00 1.76811793702778e+00 2.27227530888330e-04
1.32500000000000e+00 1.72917008910720e+00 1.72940194992690e+00 2.31860819699836e-04
1.33000000000000e+00 1.68938492112600e+00 1.68962025424335e+00 2.35333117347469e-04
1.33500000000000e+00 1.64876306854363e+00 1.64900066651302e+00 2.37597969389824e-04
1.34000000000000e+00 1.60753823047469e+00 1.60777684804300e+00 2.38617568311783e-04
1.34500000000000e+00 1.56594850172595e+00 1.56618686845015e+00 2.38366724204964e-04
1.35000000000000e+00 1.52423490602023e+00 1.52447174185242e+00 2.36835832188920e-04
1.35500000000000e+00 1.48263991220675e+00 1.48287394473691e+00 2.34032530164185e-04
1.36000000000000e+00 1.44140594267444e+00 1.44163592464141e+00 2.29981966970660e-04
1.36500000000000e+00 1.40077388302047e+00 1.40099860884315e+00 2.24725822682625e-04
1.37000000000000e+00 1.36098160184917e+00 1.36119992224821e+00 2.18320399042682e-04
1.37500000000000e+00 1.32226248942253e+00 1.32247332361862e+00 2.10834196087806e-04
1.38000000000000e+00 1.28484402376682e+00 1.28504636916085e+00 2.02345394032966e-04
1.38500000000000e+00 1.24894637276193e+00 1.24913931233114e+00 1.92939569210848e-04
1.39000000000000e+00 1.21478104067798e+00 1.21496374848942e+00 1.82707811436922e-04
1.39500000000000e+00 1.18254956754145e+00 1.18272131275752e+00 1.71745216073438e-04
1.40000000000000e+00 1.15244228956455e+00 1.15260243910916e+00 1.60149544602639e-04
1.40500000000000e+00 1.12463716861052e+00 1.12478518834171e+00 1.48019731186722e-04
1.41000000000000e+00 1.09929869825932e+00 1.09943415215529e+00 1.35453895964144e-04
1.41500000000000e+00 1.07657689346850e+00 1.07669944009536e+00 1.22546626867504e-04
1.42000000000000e+00 1.05660637010201e+00 1.05671575560428e+00 1.09385502268688e-04
1.42500000000000e+00 1.03950551976590e+00 1.03960156687779e+00 9.60471118953699e-05
1.43000000000000e+00 1.02537578450272e+00 1.02545837763829e+00 8.25931355690201e-05
1.43500000000000e+00 1.01430103503306e+00 1.01437010232018e+00 6.90672871124232e-05
1.44000000000000e+00 1.00634705546672e+00 1.00640254951957e+00 5.54940528447734e-05
1.44500000000000e+00 1.00156113679903e+00 1.00160301689261e+00 4.18800935753083e-05
1.45000000000000e+00 9.99971781092132e-01 1.00000000000000e+00 2.82189078678607e-05
1.45500000000000e+00 1.00158851800930e+00 1.00160301689261e+00 1.44988833028492e-05
1.46000000000000e+00 1.00640183527446e+00 1.00640254951957e+00 7.14245105282174e-07
1.46500000000000e+00 1.01438322457873e+00 1.01437010232018e+00 1.31222585508795e-05
1.47000000000000e+00 1.02548534433627e+00 1.02545837763829e+00 2.69666979808569e-05
1.47500000000000e+00 1.03964230037652e+00 1.03960156687779e+00 4.07334987302388e-05
1.48000000000000e+00 1.05677004503905e+00 1.05671575560428e+00 5.42894347705936e-05
1.48500000000000e+00 1.07676689413792e+00 1.07669944009536e+00 6.74540425518177e-05
1.49000000000000e+00 1.09951415987196e+00 1.09943415215529e+00 8.00077166724922e-05
1.49500000000000e+00 1.12487689603391e+00 1.12478518834171e+00 9.17076922033466e-05
1.50000000000000e+00 1.15270474994798e+00 1.15260243910916e+00 1.02310838820063e-04
1.50500000000000e+00 1.18283291363546e+00 1.18272131275752e+00 1.11600877933826e-04
1.51000000000000e+00 1.21508316500057e+00 1.21496374848942e+00 1.19416511155102e-04
1.51500000000000e+00 1.24926498857429e+00 1.24913931233114e+00 1.25676243149631e-04
1.52000000000000e+00 1.28517676473939e+00 1.28504636916085e+00 1.30395578537223e-04
1.52500000000000e+00 1.32260701649412e+00 1.32247332361862e+00 1.33692875504465e-04
1.53000000000000e+00 1.36133570369035e+00 1.36119992224821e+00 1.35781442139438e-04
1.53500000000000e+00 1.40113555617836e+00 1.40099860884315e+00 1.36947335214854e-04
1.54000000000000e+00 1.44177343916129e+00 1.44163592464141e+00 1.37514519872761e-04
1.54500000000000e+00 1.48301174597780e+00 1.48287394473691e+00 1.37801240889246e-04
1.55000000000000e+00 1.52460981512689e+00 1.52447174185242e+00 1.38073274462691e-04
1.55500000000000e+00 1.56632536928069e+00 1.56618686845015e+00 1.38500830536570e-04
1.56000000000000e+00 1.60791597404712e+00 1.60777684804300e+00 1.39126004121026e-04
1.56500000000000e+00 1.64914051322716e+00 1.64900066651302e+00 1.39846714145131e-04
1.57000000000000e+00 1.68976067532015e+00 1.68962025424335e+00 1.40421076798791e-04
1.57500000000000e+00 1.72954244329681e+00 1.72940194992690e+00 1.40493369909622e-04
1.58000000000000e+00 1.76825757656636e+00 1.76811793702778e+00 1.39639538574654e-04
1.58500000000000e+00 1.80568507108903e+00 1.80554764404025e+00 1.37427048779504e-04
1.59000000000000e+00 1.84161258122880e+00 1.84147909991323e+00 1.33481315575557e-04
1.59500000000000e+00 1.87583778564300e+00 1.87571023628478e+00 1.27549358215795e-04
1.60000000000000e+00 1.90816967957398e+00 1.90805012849909e+00 1.19551074893254e-04
1.60500000000000e+00 1.93842977746048e+00 1.93832016775567e+00 1.09609704816549e-04
1.61000000000000e+00 1.96645321272581e+00 1.96635515716554e+00 9.80555602656530e-05
1.61500000000000e+00 1.99208972561982e+00 1.99200432495795e+00 8.54006618704606e-05
1.62000000000000e+00 2.01520453461532e+00 2.01513224859221e+00 7.22860231032740e-05
1.62500000000000e+00 2.03567909150526e+00 2.03561968407860e+00 5.94074266637712e-05
1.63000000000000e+00 2.05341172441087e+00 2.05336429539657e+00 4.74290143053224e-05
1.63500000000000e+00 2.06831817584885e+00 2.06828127951470e+00 3.68963341479400e-05
1.64000000000000e+00 2.08033204441825e+00 2.08030388316029e+00 2.81612579651203e-05
1.64500000000000e+00 2.08940513835385e+00 2.08938380815405e+00 2.13301997988857e-05
1.65000000000000e+00 2.09550774719090e+00 2.09549150281253e+00 1.62443783757737e-05
1.65500000000000e+00 2.09862883437766e+00 2.09861633762302e+00 1.24967546359933e-05
1.66000000000000e+00 2.09877614935449e+00 2.09876666410972e+00 9.48524477095702e-06
1.66500000000000e+00 2.09597625305413e+00 2.09596975652967e+00 6.49652446060855e-06
1.67000000000000e+00 2.09027444670835e+00 2.09027163675968e+00 2.80994866974638e-06
1.67500000000000e+00 2.08173459100201e+00 2.08173678345563e+00 2.19245361554599e-06
1.68000000000000e+00 2.07043880159970e+00 2.07044772727895e+00 8.92567925392385e-06
1.68500000000000e+00 2.05648700827041e+00 2.05650453468774e+00 1.75264173325473e-05
1.69000000000000e+00 2.03999636833483e+00 2.04002418347677e+00 2.78151419337291e-05
1.69500000000000e+00 2.02110053069803e+00 2.02113983391842e+00 3.93032203929167e-05
1.70000000000000e+00 1.99994875370741e+00 2.00000000000000e+00 5.12462925859047e-05
1.70500000000000e+00 1.97670488761258e+00 1.97676762586893e+00 6.27382563513912e-05
1.71000000000000e+00 1.95154623945416e+00 1.95161907318189e+00 7.28337277289270e-05
1.71500000000000e+00 1.92466234372074e+00 1.92474302560309e+00 8.06818823502198e-05
1.72000000000000e+00 1.89625366519738e+00 1.89633931720795e+00 8.56520105687597e-05
1.72500000000000e+00 1.86653026052985e+00 1.86661769201745e+00 8.74314876040394e-05
1.73000000000000e+00 1.83571042203851e+00 1.83579650231313e+00 8.60802746152078e-05
1.73500000000000e+00 1.80401932162962e+00 1.80410135376010e+00 8.20321304804139e-05
1.74000000000000e+00 1.77168766512564e+00 1.77176370569363e+00 7.60405679891552e-05
1.74500000000000e+00 1.73895035916700e+00 1.73901943520098e+00 6.90760339789875e-05
1.75000000000000e+00 1.70604518536689e+00 1.70610737385376e+00 6.21884868770017e-05
1.75500000000000e+00 1.67321147089047e+00 1.67326782611444e+00 5.63552239682963e-05
1.76000000000000e+00 1.64068874204112e+00 1.64074107855382e+00 5.23365127016451e-05
1.76500000000000e+00 1.60871534825573e+00 1.60876590907298e+00 5.05608172514105e-05
1.77000000000000e+00 1.57752704806501e+00 1.57757810532303e+00 5.10572580183499e-05
1.77500000000000e+00 1.54735555543314e+00 1.54740900145948e+00 5.34460263372782e-05
1.78000000000000e+00 1.51842705337833e+00 1.51848404225504e+00 5.69888767141258e-05
1.78500000000000e+00 1.49096069055006e+00 1.49102138342582e+00 6.06928757567182e-05
1.79000000000000e+00 1.46516708412038e+00 1.46523053680291e+00 6.34526825278314e-05
1.79500000000000e+00 1.44124685773921e+00 1.44131106870462e+00 6.42109654092060e-05
1.80000000000000e+00 1.41938924558838e+00 1.41945135953695e+00 6.21139485721400e-05
1.80500000000000e+00 1.39977079241126e+00 1.39982743227203e+00 5.66398607713126e-05
1.81000000000000e+00 1.38255417498807e+00 1.38260185702999e+00 4.76820419168522e-05
1.81500000000000e+00 1.36788716352729e+00 1.36792273852040e+00 3.55749931058025e-05
1.82000000000000e+00 1.35590173285670e+00 1.35592279258843e+00 2.10597317298333e-05
1.82500000000000e+00 1.34671332430705e+00 1.34671851756181e+00 5.19325476178167e-06
1.83000000000000e+00 1.34042025097064e+00 1.34040946551008e+00 1.07854605548852e-05
1.83500000000000e+00 1.33710323260513e+00 1.33707761791153e+00 2.56146935944113e-05
1.84000000000000e+00 1.33682504256983e+00 1.33678686957979e+00 3.81729900404970e-05
1.84500000000000e+00 1.33963024818651e+00 1.33958262403436e+00 4.76241521478737e-05
1.85000000000000e+00 1.34554502778129e+00 1.34549150281253e+00 5.35249687603212e-05
1.85500000000000e+00 1.35457705199491e+00 1.35452117051728e+00 5.58814776221439e-05
1.86000000000000e+00 1.36671542305608e+00 1.36666027668282e+00 5.51463732656465e-05
1.86500000000000e+00 1.38193067270539e+00 1.38187851481848e+00 5.21578869121520e-05
1.87000000000000e+00 1.40017482635458e+00 1.40012679827000e+00 4.80280845793768e-05
1.87500000000000e+00 1.42138154691300e+00 1.42133755181640e+00 4.39950965938074e-05
1.88000000000000e+00 1.44546637569018e+00 1.44542511720755e+00 4.12584826370299e-05
1.88500000000000e+00 1.47232708930362e+00 1.47228627014470e+00 4.08191589218454e-05
1.89000000000000e+00 1.50184419029865e+00 1.50180084551967e+00 4.33447789809360e-05
1.89500000000000e+00 1.53388154527913e+00 1.53383246706028e+00 4.90782188471428e-05
1.90000000000000e+00 1.56828717815333e+00 1.56822937688661e+00 5.78012667191707e-05
1.90500000000000e+00 1.60489421832125e+00 1.60482535986612e+00 6.88584551307159e-05
1.91000000000000e+00 1.64352199519297e+00 1.64344075707161e+00 8.12381213584068e-05
1.91500000000000e+00 1.68397726236433e+00 1.68388356209650e+00 9.37002678245147e-05
1.92000000000000e+00 1.72605552809260e+00 1.72595059347097e+00 1.04934621636188e-04
1.92500000000000e+00 1.76954246425106e+00 1.76942873595353e+00 1.13728297526539e-04
1.93000000000000e+00 1.81421536425114e+00 1.81409624304787e+00 1.19121203269845e-04
1.93500000000000e+00 1.85984462168979e+00 1.85972409271723e+00 1.20528972568534e-04
1.94000000000000e+00 1.90619520548859e+00 1.90607738794082e+00 1.17817547772070e-04
1.94500000000000e+00 1.95302811344963e+00 1.95291679348017e+00 1.11319969466894e-04
1.95000000000000e+00 2.00010179357614e+00 2.00000000000000e+00 1.01793576143594e-04
1.95500000000000e+00 2.04717353014608e+00 2.04708320651983e+00 9.03236262534968e-05
1.96000000000000e+00 2.09400079832556e+00 2.09392261205918e+00 7.81862663861155e-05
1.96500000000000e+00 2.14034259614573e+00 2.14027590728277e+00 6.66888629607953e-05
1.97000000000000e+00 2.18596076529328e+00 2.18590375695213e+00 5.70083411481903e-05
1.97500000000000e+00 2.23062131208545e+00 2.23057126404646e+00 5.00480389868940e-05
1.98000000000000e+00 2.27409573730942e+00 2.27404940652903e+00 4.63307803935109e-05
1.98500000000000e+00 2.31616237875435e+00 2.31611643790350e+00 4.59408508541870e-05
1.99000000000000e+00 2.35660776398972e+00 2.35655924292839e+00 4.85210613336839e-05
1.99500000000000e+00 2.39522796414713e+00 2.39517464013388e+00 5.33240132520874e-05
2.00000000000000e+00 2.43182993308405e+00 2.43177062311339e+00 5.93099706573952e-05
2.00500000000000e+00 2.46623281118789e+00 2.46616753293972e+00 6.52782481740388e-05
2.01000000000000e+00 2.49826916985705e+00 2.49819915448034e+00 7.00153767105860e-05
2.01500000000000e+00 2.52778617173121e+00 2.52771372985530e+00 7.24418759130430e-05
2.02000000000000e+00 2.55464662309492e+00 2.55457488279245e+00 7.17403024710350e-05
2.02500000000000e+00 2.57872989830755e+00 2.57866244818359e+00 6.74501239594782e-05
2.03000000000000e+00 2.59993272115037e+00 2.59987320173000e+00 5.95194203643068e-05
2.03500000000000e+00 2.61816979399342e+00 2.61812148518152e+00 4.83088118921060e-05
2.04000000000000e+00 2.63337427197653e+00 2.63333972331718e+00 3.45486593520405e-05
2.04500000000000e+00 2.64549808529585e+00 2.64547882948272e+00 1.92558131297815e-05
2.05000000000000e+00 2.65451211761979e+00 2.65450849718747e+00 3.62043231394438e-06
2.05500000000000e+00 2.66040625221317e+00 2.66041737596564e+00 1.11237524649255e-05
2.06000000000000e+00 2.66318929930027e+00 2.66321313042021e+00 2.38311199409758e-05
2.06500000000000e+00 2.66288881851654e+00 2.66292238208847e+00 3.35635719301841e-05
2.07000000000000e+00 2.65955084912988e+00 2.65959053448992e+00 3.96853600399538e-05
2.07500000000000e+00 2.65323955834505e+00 2.65328148243819e+00 4.19240931335274e-05
2.08000000000000e+00 2.64403681482735e+00 2.64407720741157e+00 4.03925842205055e-05
2.08500000000000e+00 2.63204169103421e+00 2.63207726147960e+00 3.55704453944838e-05
2.09000000000000e+00 2.61736989446878e+00 2.61739814297001e+00 2.82485012328415e-05
2.09500000000000e+00 2.60015312497264e+00 2.60017256772797e+00 1.94427553346088e-05
2.10000000000000e+00 2.58053835298567e+00 2.58054864046305e+00 1.02874773775241e-05
2.10500000000000e+00 2.55868701255187e+00 2.55868893129538e+00 1.91874350941035e-06
2.11000000000000e+00 2.53477410285729e+00 2.53476946319710e+00 4.63966019470519e-06
2.11500000000000e+00 2.50898719324903e+00 2.50897861657418e+00 8.57667485165692e-06
2.12000000000000e+00 2.48152532888921e+00 2.48151595774496e+00 9.37114424726104e-06
2.12500000000000e+00 2.45259783723377e+00 2.45259099854052e+00 6.83869324813458e-06
2.13000000000000e+00 2.42242303910982e+00 2.42242189467697e+00 1.14443284449095e-06
2.13500000000000e+00 2.39122687196786e+00 2.39123409092702e+00 7.21895915800630e-06
2.14000000000000e+00 2.35924143656849e+00 2.35925892144618e+00 1.74848776901548e-05
2.14500000000000e+00 2.32670348160743e+00 2.32673217388556e+00 2.86922781360666e-05
2.15000000000000e+00 2.29385284332117e+00 2.29389262614624e+00 3.97828250666699e-05
2.15500000000000e+00 2.26093085875375e+00 2.26098056479902e+00 4.97060452713249e-05
2.16000000000000e+00 2.22817877199788e+00 2.22823629430637e+00 5.75223084902099e-05
2.16500000000000e+00 2.19583615234043e+00 2.19589864623990e+00 6.24938994686630e-05
2.17000000000000e+00 2.16413934191945e+00 2.16420349768687e+00 6.41557674225801e-05
2.17500000000000e+00 2.13331994839336e+00 2.13338230798255e+00 6.23595891893203e-05
2.18000000000000e+00 2.10360339544107e+00 2.10366068279205e+00 5.72873509776528e-05
2.18500000000000e+00 2.07520754089996e+00 2.07525697439691e+00 4.94334969558530e-05
2.19000000000000e+00 2.04834136925949e+00 2.04838092681811e+00 3.95575586238373e-05
2.19500000000000e+00 2.02320376230518e+00 2.02323237413107e+00 2.86118258894241e-05
2.20000000000000e+00 1.99998234916312e+00 2.00000000000000e+00 1.76508368796569e-05
2.20500000000000e+00 1.97885243500268e+00 1.97886016608158e+00 7.73107890217339e-06
2.21000000000000e+00 1.95997600633712e+00 1.95997581652323e+00 1.89813889939217e-07
2.21500000000000e+00 1.94350081028893e+00 1.94349546531226e+00 5.34497667303846e-06
2.22000000000000e+00 1.92955950537426e+00 1.92955227272105e+00 7.23265321345146e-06
2.22500000000000e+00 1.91826888227141e+00 1.91826321654437e+00 5.66572703641910e-06
2.23000000000000e+00 1.90972915457966e+00 1.90972836324032e+00 7.91339342942621e-07
2.23500000000000e+00 1.90402332160508e+00 1.90403024347033e+00 6.92186524475780e-06
2.24000000000000e+00 1.90121660753871e+00 1.90123333589028e+00 1.67283515684069e-05
2.24500000000000e+00 1.90135598378825e+00 1.90138366237698e+00 2.76785887354247e-05
2.25000000000000e+00 1.90446978342508e+00 1.90450849718747e+00 3.87137623971689e-05
2.25500000000000e+00 1.91056741843750e+00 1.91061619184595e+00 4.87734084497760e-05
2.26000000000000e+00 1.91963921147198e+00 1.91969611683971e+00 5.69053677363929e-05
2.26500000000000e+00 1.93165635376652e+00 1.93171872048530e+00 6.23667187784616e-05
2.27000000000000e+00 1.94657099987348e+00 1.94663570460343e+00 6.47047299493497e-05
2.27500000000000e+00 1.96431650747238e+00 1.96438031592140e+00 6.38084490209856e-05
2.28000000000000e+00 1.98480782715135e+00 1.98486775140779e+00 5.99242564369717e-05
2.28500000000000e+00 2.00794204269189e+00 2.00799567504205e+00 5.36323501574287e-05
2.29000000000000e+00 2.03359905746570e+00 2.03364484283446e+00 4.57853687616527e-05
2.29500000000000e+00 2.06164241749708e+00 2.06167983224433e+00 3.74147472452790e-05
2.30000000000000e+00 2.09192025708253e+00 2.09194987150091e+00 2.96144183833391e-05
2.30500000000000e+00 2.12426634912046e+00 2.12428976371522e+00 2.34145947559661e-05
2.31000000000000e+00 2.15850123995715e+00 2.15852090008677e+00 1.96601296216237e-05
2.31500000000000e+00 2.19443344792779e+00 2.19445235595975e+00 1.89080319530355e-05
2.32000000000000e+00 2.23186070599898e+00 2.23188206297221e+00 2.13569732325780e-05
2.32500000000000e+00 2.27057123189422e+00 2.27059805007310e+00 2.68181788807276e-05
2.33000000000000e+00 2.31034501346079e+00 2.31037974575665e+00 3.47322958553775e-05
2.33500000000000e+00 2.35095510225429e+00 2.35099933348698e+00 4.42312326867089e-05
2.34000000000000e+00 2.39216891366947e+00 2.39222315195699e+00 5.42382875261538e-05
2.34500000000000e+00 2.43374953667664e+00 2.43381313154985e+00 6.35948732123914e-05
2.35000000000000e+00 2.47545705962961e+00 2.47552825814758e+00 7.11985179644437e-05
2.35500000000000e+00 2.51704992016034e+00 2.51712605526309e+00 7.61351027440682e-05
2.36000000000000e+00 2.55828628658088e+00 2.55836407535858e+00 7.77887777019259e-05
2.36500000000000e+00 2.59892547549431e+00 2.59900139115685e+00 7.59156625447233e-05
2.37000000000000e+00 2.63872940579823e+00 2.63880007775179e+00 7.06719535608080e-05
2.37500000000000e+00 2.67746408354047e+00 2.67752667638138e+00 6.25928409139220e-05
2.38000000000000e+00 2.71490110593067e+00 2.71495363083914e+00 5.25249084737389e-05
2.38500000000000e+00 2.75081916706740e+00 2.75086068766886e+00 4.15206014570124e-05
2.39000000000000e+00 2.78500554339661e+00 2.78503625151058e+00 3.07081139689913e-05
2.39500000000000e+00 2.81725753419465e+00 2.81727868724248e+00 2.11530478302357e-05
2.40000000000000e+00 2.84738383183429e+00 2.84739756089084e+00 1.37290565547232e-05
2.40500000000000e+00 2.87520579831394e+00 2.87521481165829e+00 9.01334435177148e-06
2.41000000000000e+00 2.90055862827895e+00 2.90056584784471e+00 7.21956575722160e-06
2.41500000000000e+00 2.92329238405766e+00 2.92330055990463e+00 8.17584697054841e-06
2.42000000000000e+00 2.94327289441567e+00 2.94328424439572e+00 1.13499800526995e-05
2.42500000000000e+00 2.96038251506242e+00 2.96039843312221e+00 1.59180597827380e-05
2.43000000000000e+00 2.97452075470790e+00 2.97454162236171e+00 2.08676538089314e-05
2.43500000000000e+00 2.98560477505472e+00 2.98562989767982e+00 2.51226251060110e-05
2.44000000000000e+00 2.99356977608882e+00 2.99359745048043e+00 2.76743916156619e-05
2.44500000000000e+00 2.99836927917868e+00 2.99839698310739e+00 2.77039287182035e-05
2.45000000000000e+00 2.99997531981086e+00 3.00000000000000e+00 2.46801891408133e-05
2.45500000000000e+00 2.99837855948989e+00 2.99839698310739e+00 1.84236175018171e-05
2.46000000000000e+00 2.99358832279363e+00 2.99359745048044e+00 9.12768680727538e-06
2.46500000000000e+00 2.98563256130720e+00 2.98562989767982e+00 2.66362737777470e-06
2.47000000000000e+00 2.97455774172695e+00 2.97454162236171e+00 1.61193652377101e-05
2.47500000000000e+00 2.96042865140461e+00 2.96039843312221e+00 3.02182823990194e-05
2.48000000000000e+00 2.94332811151153e+00 2.94328424439572e+00 4.38671158016213e-05
2.48500000000000e+00 2.92335658625898e+00 2.92330055990464e+00 5.60263543385453e-05
2.49000000000000e+00 2.90063167648202e+00 2.90056584784471e+00 6.58286373034223e-05
2.49500000000000e+00 2.87528748747423e+00 2.87521481165830e+00 7.26758159359520e-05
2.50000000000000e+00 2.84747386414984e+00 2.84739756089084e+00 7.63032589938817e-05
2.50500000000000e+00 2.81735549112540e+00 2.81727868724248e+00 7.68038829184192e-05
2.51000000000000e+00 2.78511086070924e+00 2.78503625151058e+00 7.46091986618680e-05
2.51500000000000e+00 2.75093111750065e+00 2.75086068766886e+00 7.04298317919516e-05
2.52000000000000e+00 2.71501879371309e+00 2.71495363083915e+00 6.51628739380961e-05
2.52500000000000e+00 2.67758645384302e+00 2.67752667638138e+00 5.97774616371005e-05
2.53000000000000e+00 2.63885527039569e+00 2.63880007775179e+00 5.51926439040784e-05
2.53500000000000e+00 2.59905355369893e+00 2.59900139115685e+00 5.21625420732974e-05
2.54000000000000e+00 2.55841525824431e+00 2.55836407535859e+00 5.11828857225893e-05
2.54500000000000e+00 2.51717848558729e+00 2.51712605526309e+00 5.24303241986601e-05
2.55000000000000e+00 2.47558399994016e+00 2.47552825814758e+00 5.57417925799442e-05
2.55500000000000e+00 2.43387376772451e+00 2.43381313154985e+00 6.06361746591233e-05
2.56000000000000e+00 2.39228952715767e+00 2.39222315195700e+00 6.63752006717644e-05
2.56500000000000e+00 2.35107138911720e+00 2.35099933348698e+00 7.20556302158393e-05
2.57000000000000e+00 2.31045646669007e+00 2.31037974575666e+00 7.67209334098240e-05
2.57500000000000e+00 2.27067752846065e+00 2.27059805007310e+00 7.94783875552874e-05
2.58000000000000e+00 2.23196167000661e+00 2.23188206297222e+00 7.96070343924704e-05
2.58500000000000e+00 2.19452899929090e+00 2.19445235595975e+00 7.66433311452097e-05
2.59000000000000e+00 2.15859133445114e+00 2.15852090008678e+00 7.04343643604943e-05
2.59500000000000e+00 2.12435091646642e+00 2.12428976371522e+00 6.11527512024423e-05
2.60000000000000e+00 2.09199914374919e+00 2.09194987150091e+00 4.92722482738905e-05
2.60500000000000e+00 2.06171534021889e+00 2.06167983224433e+00 3.55079745530951e-05
2.61000000000000e+00 2.03366557223989e+00 2.03364484283446e+00 2.07294054290763e-05
2.61500000000000e+00 2.00800153243064e+00 2.00799567504205e+00 5.85738858704943e-06
2.62000000000000e+00 1.98485950942842e+00 1.98486775140779e+00 8.24197936788451e-06
2.62500000000000e+00 1.96435946208956e+00 1.96438031592140e+00 2.08538318453577e-05
2.63000000000000e+00 1.94660421440161e+00 1.94663570460343e+00 3.14902018270224e-05
2.63500000000000e+00 1.93167878386095e+00 1.93171872048530e+00 3.99366243453159e-05
2.64000000000000e+00 1.91964985165176e+00 1.91969611683971e+00 4.62651879524767e-05
2.64500000000000e+00 1.91056537815848e+00 1.91061619184595e+00 5.08136874648457e-05
2.65000000000000e+00 1.90445436267611e+00 1.90450849718747e+00 5.41345113691527e-05
2.65500000000000e+00 1.90132674211735e+00 1.90138366237698e+00 5.69202596270024e-05
2.66000000000000e+00 1.90117342041781e+00 1.90123333589028e+00 5.99154724694184e-05
2.66500000000000e+00 1.90396641843048e+00 1.90403024347033e+00 6.38250398425910e-05
2.67000000000000e+00 1.90965913345031e+00 1.90972836324032e+00 6.92297900122263e-05
2.67500000000000e+00 1.91818669803655e+00 1.91826321654437e+00 7.65185078213104e-05
2.68000000000000e+00 1.92946642930435e+00 1.92955227272105e+00 8.58434166937094e-05
2.68500000000000e+00 1.94339836203790e+00 1.94349546531226e+00 9.71032743568578e-05
2.69000000000000e+00 1.95986586149199e+00 1.95997581652323e+00 1.09955031242892e-04
2.69500000000000e+00 1.97873631423736e+00 1.97886016608158e+00 1.23851844213929e-04
2.70000000000000e+00 1.99986189754066e+00 2.00000000000000e+00 1.38102459336320e-04
2.70500000000000e+00 2.02308042928147e+00 2.02323237413106e+00 1.51944849597463e-04
2.71000000000000e+00 2.04821630111015e+00 2.04838092681811e+00 1.64625707955945e-04
2.71500000000000e+00 2.07508149734856e+00 2.07525697439691e+00 1.75477048350192e-04
2.72000000000000e+00 2.10347670103761e+00 2.10366068279205e+00 1.83981754438456e-04
2.72500000000000e+00 2.13319248664074e+00 2.13338230798255e+00 1.89821341807228e-04
2.73000000000000e+00 2.16401059639896e+00 2.16420349768687e+00 1.92901287908498e-04
2.73500000000000e+00 2.19570529443880e+00 2.19589864623990e+00 1.93351801095254e-04
2.74000000000000e+00 2.22804478973166e+00 2.22823629430637e+00 1.91504574715395e-04
2.74500000000000e+00 2.26079271617184e+00 2.26098056479902e+00 1.87848627175580e-04
2.75000000000000e+00 2.29370965564290e+00 2.29389262614624e+00 1.82970503340041e-04
2.75500000000000e+00 2.32655468819476e+00 2.32673217388556e+00 1.77485690799895e-04
2.76000000000000e+00 2.35908695251455e+00 2.35925892144618e+00 1.71968931631739e-04
2.76500000000000e+00 2.39106719981709e+00 2.39123409092702e+00 1.66891109929068e-04
2.77000000000000e+00 2.42225932510232e+00 2.42242189467697e+00 1.62569574648330e-04
2.77500000000000e+00 2.45243186133410e+00 2.45259099854052e+00 1.59137206414250e-04
2.78000000000000e+00 2.48135942432523e+00 2.48151595774496e+00 1.56533419730653e-04
2.78500000000000e+00 2.50882409874149e+00 2.50897861657418e+00 1.54517832687606e-04
2.79000000000000e+00 2.53461675840285e+00 2.53476946319709e+00 1.52704794241565e-04
2.79500000000000e+00 2.55853831668716e+00 2.55868893129538e+00 1.50614608219080e-04
2.80000000000000e+00 2.58040090507200e+00 2.58054864046305e+00 1.47735391047732e-04
2.80500000000000e+00 2.60002897946337e+00 2.60017256772797e+00 1.43588264603700e-04
2.81000000000000e+00 2.61726035480191e+00 2.61739814297001e+00 1.37788168093955e-04
2.81500000000000e+00 2.63194716843708e+00 2.63207726147960e+00 1.30093042519874e-04
2.82000000000000e+00 2.64395677194113e+00 2.64407720741157e+00 1.20435470440494e-04
2.82500000000000e+00 2.65317254952183e+00 2.65328148243819e+00 1.08932916360160e-04
2.83000000000000e+00 2.65949465919851e+00 2.65959053448992e+00 9.58752914059779e-05
2.83500000000000e+00 2.66284069072018e+00 2.66292238208847e+00 8.16913682819553e-05
2.84000000000000e+00 2.66314623215795e+00 2.66321313042021e+00 6.68982622649139e-05
2.84500000000000e+00 2.66036533554008e+00 2.66041737596564e+00 5.20404255563989e-05
2.85000000000000e+00 2.65447087112031e+00 2.65450849718747e+00 3.76260671606232e-05
2.85500000000000e+00 2.64545476010575e+00 2.64547882948272e+00 2.40693769706368e-05
2.86000000000000e+00 2.63332807702776e+00 2.63333972331719e+00 1.16462894306224e-05
2.86500000000000e+00 2.61812101537983e+00 2.61812148518152e+00 4.69801689995109e-07
2.87000000000000e+00 2.59988271347891e+00 2.59987320173000e+00 9.51174890895246e-06
2.87500000000000e+00 2.57868094139778e+00 2.57866244818360e+00 1.84932141791272e-05
2.88000000000000e+00 2.55460165382900e+00 2.55457488279246e+00 2.67710365391416e-05
2.88500000000000e+00 2.52774841739092e+00 2.52771372985530e+00 3.46875356176390e-05
2.89000000000000e+00 2.49824172371586e+00 2.49819915448034e+00 4.25692355219276e-05
2.89500000000000e+00 2.46621820130924e+00 2.46616753293972e+00 5.06683695147281e-05
2.90000000000000e+00 2.43182973944095e+00 2.43177062311339e+00 5.91163275616147e-05
2.90500000000000e+00 2.39524253623353e+00 2.39517464013388e+00 6.78960996469691e-05
2.91000000000000e+00 2.35663608086932e+00 2.35655924292839e+00 7.68379409281650e-05
2.91500000000000e+00 2.31620207685976e+00 2.31611643790350e+00 8.56389562557958e-05
2.92000000000000e+00 2.27414331014062e+00 2.27404940652904e+00 9.39036115865655e-05
2.92500000000000e+00 2.23067246295704e+00 2.23057126404647e+00 1.01198910571032e-04
2.93000000000000e+00 2.18601087260678e+00 2.18590375695213e+00 1.07115654652823e-04
2.93500000000000e+00 2.14038723350328e+00 2.14027590728278e+00 1.11326220508356e-04
2.94000000000000e+00 2.09403624187460e+00 2.09392261205918e+00 1.13629815420069e-04
2.94500000000000e+00 2.04719718466090e+00 2.04708320651984e+00 1.13978141066617e-04
2.95000000000000e+00 2.00011247750507e+00 2.00000000000000e+00 1.12477505065822e-04
2.95500000000000e+00 1.95302616065282e+00 1.95291679348017e+00 1.09367172649089e-04
2.96000000000000e+00 1.90618236548524e+00 1.90607738794082e+00 1.04977544413964e-04
2.96500000000000e+00 1.85982376768174e+00 1.85972409271723e+00 9.96749645099104e-05
2.97000000000000e+00 1.81419004513057e+00 1.81409624304787e+00 9.38020826937169e-05
2.97500000000000e+00 1.76951635932142e+00 1.76942873595354e+00 8.76233678805960e-05
2.98000000000000e+00 1.72603187796277e+00 1.72595059347097e+00 8.12844917961186e-05
2.98500000000000e+00 1.68395835411373e+00 1.68388356209651e+00 7.47920172228245e-05
2.99000000000000e+00 1.64350877358777e+00 1.64344075707161e+00 6.80165161623947e-05
2.99500000000000e+00 1.60488607832294e+00 1.60482535986612e+00 6.07184568210961e-05
3.00000000000000e+00 1.56828196944426e+00 1.56822937688661e+00 5.25925576477793e-05
3.00500000000000e+00 1.53387579046403e+00 1.53383246706028e+00 4.33234037480190e-05
3.01000000000000e+00 1.50183348893721e+00 1.50180084551966e+00 3.26434175403900e-05
3.01500000000000e+00 1.47230665417015e+00 1.47228627014470e+00 2.03840254506815e-05
3.02000000000000e+00 1.44543162928243e+00 1.44542511720755e+00 6.51207488178152e-06
3.02500000000000e+00 1.42132869781349e+00 1.42133755181641e+00 8.85400291750216e-06
3.03000000000000e+00 1.40010134772534e+00 1.40012679827000e+00 2.54505446601883e-05
3.03500000000000e+00 1.38183561853901e+00 1.38187851481848e+00 4.28962794642995e-05
3.04000000000000e+00 1.36659953989925e+00 1.36666027668282e+00 6.07367835649963e-05
3.04500000000000e+00 1.35444267160441e+00 1.35452117051728e+00 7.84989128719271e-05
3.05000000000000e+00 1.34539575573587e+00 1.34549150281253e+00 9.57470766513868e-05
3.05500000000000e+00 1.33947049083730e+00 1.33958262403436e+00 1.12133197062825e-04
3.06000000000000e+00 1.33665943619799e+00 1.33678686957979e+00 1.27433381793551e-04
3.06500000000000e+00 1.33693605143490e+00 1.33707761791153e+00 1.41566476636212e-04
3.07000000000000e+00 1.34025487311742e+00 1.34040946551008e+00 1.54592392664910e-04
3.07500000000000e+00 1.34655182657053e+00 1.34671851756181e+00 1.66690991286966e-04
3.08000000000000e+00 1.35574466764409e+00 1.35592279258843e+00 1.78124944334446e-04
3.08500000000000e+00 1.36773354649981e+00 1.36792273852040e+00 1.89192020588091e-04
3.09000000000000e+00 1.38240168357801e+00 1.38260185702999e+00 2.00173451979202e-04
3.09500000000000e+00 1.39961614697001e+00 1.39982743227203e+00 2.11285302020858e-04
3.10000000000000e+00 1.41922872041142e+00 1.41945135953695e+00 2.22639125531110e-04
3.10500000000000e+00 1.44107685189049e+00 1.44131106870462e+00 2.34216814127386e-04
3.11000000000000e+00 1.46498467421358e+00 1.46523053680290e+00 2.45862589319579e-04
3.11500000000000e+00 1.49076409052378e+00 1.49102138342582e+00 2.57292902043904e-04
3.12000000000000e+00 1.51821591945480e+00 1.51848404225504e+00 2.68122800238579e-04
3.12500000000000e+00 1.54713109607102e+00 1.54740900145948e+00 2.77905388462285e-04
3.13000000000000e+00 1.57729192579271e+00 1.57757810532302e+00 2.86179530314623e-04
3.13500000000000e+00 1.60847338899656e+00 1.60876590907298e+00 2.92520076417890e-04
3.14000000000000e+00 1.64044449384809e+00 1.64074107855382e+00 2.96584705728797e-04
3.14500000000000e+00 1.67296967417444e+00 1.67326782611444e+00 2.98151939991831e-04
3.15000000000000e+00 1.70581022789625e+00 1.70610737385376e+00 2.97145957509626e-04
3.15500000000000e+00 1.73872578983871e+00 1.73901943520098e+00 2.93645362267281e-04
3.16000000000000e+00 1.77147583080600e+00 1.77176370569363e+00 2.87874887626272e-04
3.16500000000000e+00 1.80382117282747e+00 1.80410135376010e+00 2.80180932627605e-04
3.17000000000000e+00 1.83552550867026e+00 1.83579650231313e+00 2.70993642871087e-04
3.17500000000000e+00 1.86635691225086e+00 1.86661769201745e+00 2.60779766595887e-04
3.18000000000000e+00 1.89608932562730e+00 1.89633931720795e+00 2.49991580650644e-04
3.18500000000000e+00 1.92450400792727e+00 1.92474302560309e+00 2.39017675819131e-04
3.19000000000000e+00 1.95139093192440e+00 1.95161907318189e+00 2.28141257492709e-04
3.19500000000000e+00 1.97655011500928e+00 1.97676762586893e+00 2.17510859654491e-04
3.20000000000000e+00 1.99979287294457e+00 2.00000000000000e+00 2.07127055430023e-04
3.20500000000000e+00 2.02094298691527e+00 2.02113983391842e+00 1.96847003154588e-04
3.21000000000000e+00 2.03983777680781e+00 2.04002418347677e+00 1.86406668953865e-04
3.21500000000000e+00 2.05632907616272e+00 2.05650453468774e+00 1.75458525025984e-04
3.22000000000000e+00 2.07028410661833e+00 2.07044772727895e+00 1.63620660626140e-04
3.22500000000000e+00 2.08158625168046e+00 2.08173678345563e+00 1.50531775163110e-04
3.23000000000000e+00 2.09013573112624e+00 2.09027163675968e+00 1.35905633438238e-04
3.23500000000000e+00 2.09585017814750e+00 2.09596975652967e+00 1.19578382176577e-04
3.24000000000000e+00 2.09866512139550e+00 2.09876666410972e+00 1.01542714219693e-04
3.24500000000000e+00 2.09853437342544e+00 2.09861633762302e+00 8.19641975735586e-05
3.25000000000000e+00 2.09543032576276e+00 2.09549150281253e+00 6.11770497678243e-05
3.25500000000000e+00 2.08934414911548e+00 2.08938380815405e+00 3.96590385682849e-05
3.26000000000000e+00 2.08028589539471e+00 2.08030388316029e+00 1.79877655828165e-05
3.26500000000000e+00 2.06828449648165e+00 2.06828127951470e+00 3.21696694260964e-06
3.27000000000000e+00 2.05338765340660e+00 2.05336429539657e+00 2.33580100288400e-05
3.27500000000000e+00 2.03566160906561e+00 2.03561968407860e+00 4.19249870091676e-05
3.28000000000000e+00 2.01519079800948e+00 2.01513224859221e+00 5.85494172669065e-05
3.28500000000000e+00 1.99207736830446e+00 1.99200432495795e+00 7.30433465134794e-05
3.29000000000000e+00 1.96644057295872e+00 1.96635515716554e+00 8.54157931742261e-05
3.29500000000000e+00 1.93841603176137e+00 1.93832016775567e+00 9.58640057031612e-05
3.30000000000000e+00 1.90815486828185e+00 1.90805012849909e+00 1.04739782765151e-04
3.30500000000000e+00 1.87582273080701e+00 1.87571023628479e+00 1.12494522220841e-04
3.31000000000000e+00 1.84159870967613e+00 1.84147909991323e+00 1.19609762899264e-04
3.31500000000000e+00 1.80567416634009e+00 1.80554764404025e+00 1.26522299839893e-04
3.32000000000000e+00 1.76825149113086e+00 1.76811793702778e+00 1.33554103075140e-04
3.32500000000000e+00 1.72954280693965e+00 1.72940194992690e+00 1.40857012751239e-04
3.33000000000000e+00 1.68976863472033e+00 1.68962025424335e+00 1.48380476983068e-04
3.33500000000000e+00 1.64915653413114e+00 1.64900066651302e+00 1.55867618118588e-04
3.34000000000000e+00 1.60793972908265e+00 1.60777684804301e+00 1.62881039647456e-04
3.34500000000000e+00 1.56635572400841e+00 1.56618686845015e+00 1.68855558258629e-04
3.35000000000000e+00 1.52464491293562e+00 1.52447174185243e+00 1.73171083190038e-04
3.35500000000000e+00 1.48304918050965e+00 1.48287394473692e+00 1.75235772734705e-04
3.36000000000000e+00 1.44181049250962e+00 1.44163592464142e+00 1.74567868203912e-04
3.36500000000000e+00 1.40116947338010e+00 1.40099860884315e+00 1.70864536957804e-04
3.37000000000000e+00 1.36136396994576e+00 1.36119992224821e+00 1.64047697548853e-04
3.37500000000000e+00 1.32262760355936e+00 1.32247332361862e+00 1.54279940741242e-04
3.38000000000000e+00 1.28518831701510e+00 1.28504636916086e+00 1.41947854240820e-04
3.38500000000000e+00 1.24926692702921e+00 1.24913931233114e+00 1.27614698064216e-04
3.39000000000000e+00 1.21507569726833e+00 1.21496374848942e+00 1.11948778909188e-04
3.39500000000000e+00 1.18281695014693e+00 1.18272131275752e+00 9.56373894092089e-05
3.40000000000000e+00 1.15268173740617e+00 1.15260243910916e+00 7.92982970154732e-05
3.40500000000000e+00 1.12484858952327e+00 1.12478518834171e+00 6.34011815607849e-05
3.41000000000000e+00 1.09948236223173e+00 1.09943415215529e+00 4.82100764369608e-05
3.41500000000000e+00 1.07673319506023e+00 1.07669944009537e+00 3.37549648667945e-05
3.42000000000000e+00 1.05673559224245e+00 1.05671575560428e+00 1.98366381665149e-05
3.42500000000000e+00 1.03960763118749e+00 1.03960156687779e+00 6.06430969884997e-06
3.43000000000000e+00 1.02545029857439e+00 1.02545837763829e+00 8.07906390187796e-06
3.43500000000000e+00 1.01434694966813e+00 1.01437010232018e+00 2.31526520493297e-05
3.44000000000000e+00 1.00636288317164e+00 1.00640254951957e+00 3.96663479265147e-05
3.44500000000000e+00 1.00154502218007e+00 1.00160301689261e+00 5.79947125358693e-05
3.45000000000000e+00 9.99921691739040e-01 1.00000000000000e+00 7.83082609604469e-05
3.45500000000000e+00 1.00150248505071e+00 1.00160301689261e+00 1.00531841892737e-04
3.46000000000000e+00 1.00627821323919e+00 1.00640254951956e+00 1.24336280375559e-04
3.46500000000000e+00 1.01422093732499e+00 1.01437010232018e+00 1.49164995189466e-04
3.47000000000000e+00 1.02528408509749e+00 1.02545837763829e+00 1.74292540795040e-04
3.47500000000000e+00 1.03940265929543e+00 1.03960156687779e+00 1.98907582363184e-04
3.48000000000000e+00 1.05649354631589e+00 1.05671575560427e+00 2.22209288382569e-04
3.48500000000000e+00 1.07645593607949e+00 1.07669944009536e+00 2.43504015875473e-04
3.49000000000000e+00 1.09917186335508e+00 1.09943415215529e+00 2.62288800208399e-04
3.49500000000000e+00 1.12450687868212e+00 1.12478518834171e+00 2.78309659589748e-04
3.50000000000000e+00 1.15231085315625e+00 1.15260243910915e+00 2.91585952901796e-04
3.50500000000000e+00 1.18241891614357e+00 1.18272131275752e+00 3.02396613947487e-04
3.51000000000000e+00 1.21465251905144e+00 1.21496374848942e+00 3.11229437980565e-04
3.51500000000000e+00 1.24882061234480e+00 1.24913931233114e+00 3.18699986340043e-04
3.52000000000000e+00 1.28472091784344e+00 1.28504636916085e+00 3.25451317406689e-04
3.52500000000000e+00 1.32214127469381e+00 1.32247332361861e+00 3.32048924803541e-04
3.53000000000000e+00 1.36086103582938e+00 1.36119992224821e+00 3.38886418825624e-04
3.53500000000000e+00 1.40065249249396e+00 1.40099860884315e+00 3.46116349187575e-04
3.54000000000000e+00 1.44128230744048e+00 1.44163592464141e+00 3.53617200932188e-04
3.54500000000000e+00 1.48251294232040e+00 1.48287394473691e+00 3.61002416511269e-04
3.55000000000000e+00 1.52410407082055e+00 1.52447174185242e+00 3.67671031867411e-04
3.55500000000000e+00 1.56581397534762e+00 1.56618686845015e+00 3.72893102535299e-04
3.56000000000000e+00 1.60740093049775e+00 1.60777684804300e+00 3.75917545248905e-04
3.56500000000000e+00 1.64862458026572e+00 1.64900066651302e+00 3.76086247299678e-04
3.57000000000000e+00 1.68924731728087e+00 1.68962025424335e+00 3.72936962474313e-04
3.57500000000000e+00 1.72903567101928e+00 1.72940194992690e+00 3.66278907619311e-04
3.58000000000000e+00 1.76776170808223e+00 1.76811793702778e+00 3.56228945551651e-04
3.58500000000000e+00 1.80520444183192e+00 1.80554764404025e+00 3.43202208325177e-04
3.59000000000000e+00 1.84115124185739e+00 1.84147909991322e+00 3.27858055835462e-04
3.59500000000000e+00 1.87539922702479e+00 1.87571023628478e+00 3.11009259997830e-04
3.60000000000000e+00 1.90775662037117e+00 1.90805012849909e+00 2.93508127925168e-04
3.60500000000000e+00 1.93804404077333e+00 1.93832016775567e+00 2.76126982336145e-04
3.61000000000000e+00 1.96609570576631e+00 1.96635515716554e+00 2.59451399235777e-04
3.61500000000000e+00 1.99176052226062e+00 1.99200432495795e+00 2.43802697335704e-04
3.62000000000000e+00 2.01490304691018e+00 2.01513224859221e+00 2.29201682034219e-04
3.62500000000000e+00 2.03540430479824e+00 2.03561968407860e+00 2.15379280360306e-04
3.63000000000000e+00 2.05316246293209e+00 2.05336429539657e+00 2.01832464481022e-04
3.63500000000000e+00 2.06809336263675e+00 2.06828127951470e+00 1.87916877951722e-04
3.64000000000000e+00 2.08013092123486e+00 2.08030388316029e+00 1.72961925429149e-04
3.64500000000000e+00 2.08922741753020e+00 2.08938380815405e+00 1.56390623855973e-04
3.65000000000000e+00 2.09535367705450e+00 2.09549150281253e+00 1.37825758024679e-04
3.65500000000000e+00 2.09849917167864e+00 2.09861633762302e+00 1.17165944375941e-04
3.66000000000000e+00 2.09867204434021e+00 2.09876666410972e+00 9.46197695133044e-05
3.66500000000000e+00 2.09589906397996e+00 2.09596975652967e+00 7.06925497140354e-05
3.67000000000000e+00 2.09022550926075e+00 2.09027163675968e+00 4.61274989320692e-05
3.67500000000000e+00 2.08171497335127e+00 2.08173678345563e+00 2.18101043563124e-05
3.68000000000000e+00 2.07044907705652e+00 2.07044772727895e+00 1.34977756305332e-06
3.68500000000000e+00 2.05652707475362e+00 2.05650453468774e+00 2.25400658813157e-05
3.69000000000000e+00 2.04006533751449e+00 2.04002418347677e+00 4.11540377198705e-05
3.69500000000000e+00 2.02119670062206e+00 2.02113983391842e+00 5.68667036358050e-05
3.70000000000000e+00 2.00006966811802e+00 2.00000000000000e+00 6.96681180185621e-05
3.70500000000000e+00 1.97684747433499e+00 1.97676762586894e+00 7.98484660551324e-05
3.71000000000000e+00 1.95170701051965e+00 1.95161907318189e+00 8.79373377586923e-05
3.71500000000000e+00 1.92483763243296e+00 1.92474302560309e+00 9.46068298692815e-05
3.72000000000000e+00 1.89643987104008e+00 1.89633931720795e+00 1.00553832133699e-04
3.72500000000000e+00 1.86672407212942e+00 1.86661769201745e+00 1.06380111969395e-04
3.73000000000000e+00 1.83590899138168e+00 1.83579650231313e+00 1.12489068549770e-04
3.73500000000000e+00 1.80422036900425e+00 1.80410135376010e+00 1.19015244143705e-04
3.74000000000000e+00 1.77188950302469e+00 1.77176370569363e+00 1.25797331059996e-04
3.74500000000000e+00 1.73915183360396e+00 1.73901943520098e+00 1.32398402981959e-04
3.75000000000000e+00 1.70624554345884e+00 1.70610737385376e+00 1.38169605078176e-04
3.75500000000000e+00 1.67341017290842e+00 1.67326782611444e+00 1.42346793980730e-04
3.76000000000000e+00 1.64088524325923e+00 1.64074107855382e+00 1.44164705406791e-04
3.76500000000000e+00 1.60890887995629e+00 1.60876590907298e+00 1.42970883306504e-04
3.77000000000000e+00 1.57771642744055e+00 1.57757810532303e+00 1.38322117522849e-04
3.77500000000000e+00 1.54753905077205e+00 1.54740900145948e+00 1.30049312569547e-04
3.78000000000000e+00 1.51860232418673e+00 1.51848404225504e+00 1.18281931682285e-04
3.78500000000000e+00 1.49112481294153e+00 1.49102138342582e+00 1.03429515708076e-04
3.79000000000000e+00 1.46531666103000e+00 1.46523053680291e+00 8.61242270968621e-05
3.79500000000000e+00 1.44137820263312e+00 1.44131106870462e+00 6.71339284950001e-05
3.80000000000000e+00 1.41949861872698e+00 1.41945135953695e+00 4.72591900246844e-05
3.80500000000000e+00 1.39985466162858e+00 1.39982743227203e+00 2.72293565524162e-05
3.81000000000000e+00 1.38260946931078e+00 1.38260185702999e+00 7.61228078616227e-06
3.81500000000000e+00 1.36791148828503e+00 1.36792273852040e+00 1.12502353708521e-05
3.82000000000000e+00 1.35589351923994e+00 1.35592279258843e+00 2.92733484825725e-05
3.82500000000000e+00 1.34667189411508e+00 1.34671851756181e+00 4.66234467317861e-05
3.83000000000000e+00 1.34034578762437e+00 1.34040946551008e+00 6.36778857099340e-05
3.83500000000000e+00 1.33699666111751e+00 1.33707761791153e+00 8.09567940218692e-05
3.84000000000000e+00 1.33668783263849e+00 1.33678686957979e+00 9.90369412998682e-05
3.84500000000000e+00 1.33946416447405e+00 1.33958262403436e+00 1.18459560314976e-04
3.85000000000000e+00 1.34535185852328e+00 1.34549150281253e+00 1.39644289244512e-04
3.85500000000000e+00 1.35435835039280e+00 1.35452117051728e+00 1.62820124480323e-04
3.86000000000000e+00 1.36647229497469e+00 1.36666027668282e+00 1.87981708130058e-04
3.86500000000000e+00 1.38166363900674e+00 1.38187851481848e+00 2.14875811739290e-04
3.87000000000000e+00 1.39988377928126e+00 1.40012679826999e+00 2.43018988729027e-04
3.87500000000000e+00 1.42106580827854e+00 1.42133755181640e+00 2.71743537860747e-04
3.88000000000000e+00 1.44512485161294e+00 1.44542511720754e+00 3.00265594598503e-04
3.88500000000000e+00 1.47195850343945e+00 1.47228627014469e+00 3.27766705249477e-04
3.89000000000000e+00 1.50144736663978e+00 1.50180084551966e+00 3.53478879880242e-04
3.89500000000000e+00 1.53345570409309e+00 1.53383246706028e+00 3.76762967188915e-04
3.90000000000000e+00 1.56783220567627e+00 1.56822937688661e+00 3.97171210339220e-04
3.90500000000000e+00 1.60441087300324e+00 1.60482535986612e+00 4.14486862877261e-04
3.91000000000000e+00 1.64301202056895e+00 1.64344075707161e+00 4.28736502659843e-04
3.91500000000000e+00 1.68344338825067e+00 1.68388356209650e+00 4.40173845833502e-04
3.92000000000000e+00 1.72550135639686e+00 1.72595059347097e+00 4.49237074108932e-04
3.92500000000000e+00 1.76897225135146e+00 1.76942873595353e+00 4.56484602075813e-04
3.93000000000000e+00 1.81363372651088e+00 1.81409624304787e+00 4.62516536986923e-04
3.93500000000000e+00 1.85925620210660e+00 1.85972409271722e+00 4.67890610620358e-04
3.94000000000000e+00 1.90560434596013e+00 1.90607738794081e+00 4.73041980687094e-04
3.94500000000000e+00 1.95243857747890e+00 1.95291679348016e+00 4.78216001262188e-04
3.95000000000000e+00 1.99951657806645e+00 2.00000000000000e+00 4.83421933544781e-04
3.95500000000000e+00 2.04659479274320e+00 2.04708320651983e+00 4.88413776635443e-04
3.96000000000000e+00 2.09342990990352e+00 2.09392261205918e+00 4.92702155653113e-04
3.96500000000000e+00 2.13978030853323e+00 2.14027590728278e+00 4.95598749553849e-04
3.97000000000000e+00 2.18540746464856e+00 2.18590375695213e+00 4.96292303571177e-04
3.97500000000000e+00 2.23007731099167e+00 2.23057126404647e+00 4.93953054799157e-04
3.98000000000000e+00 2.27356154596927e+00 2.27404940652903e+00 4.87860559763575e-04
3.98500000000000e+00 2.31563888934633e+00 2.31611643790350e+00 4.77548557168195e-04
3.99000000000000e+00 2.35609628325167e+00 2.35655924292839e+00 4.62959676713393e-04
3.99500000000000e+00 2.39473003761164e+00 2.39517464013388e+00 4.44602522244431e-04
4.00000000000000e+00 2.43134691923453e+00 2.43177062311338e+00 4.23703878852599e-04
