variables = x, value-predict, value-true, error
0.00000000000000e+00 3.42847585122648e+00 2.43177062311339e+00 9.96705228113087e-01
5.00000000000000e-03 3.43005251554693e+00 2.46616753293972e+00 9.63884982607213e-01
1.00000000000000e-02 3.42966728389128e+00 2.49819915448034e+00 9.31468129410948e-01
1.50000000000000e-02 3.42733257606175e+00 2.52771372985530e+00 8.99618846206447e-01
2.00000000000000e-02 3.42306610917048e+00 2.55457488279246e+00 8.68491226378028e-01
2.50000000000000e-02 3.41689098021486e+00 2.57866244818360e+00 8.38228532031267e-01
3.00000000000000e-02 3.40883572195289e+00 2.59987320173000e+00 8.08962520222890e-01
3.50000000000000e-02 3.39893433002383e+00 2.61812148518152e+00 7.80812844842306e-01
4.00000000000000e-02 3.38722625942829e+00 2.63333972331718e+00 7.53886536111103e-01
4.50000000000000e-02 3.37375638869562e+00 2.64547882948272e+00 7.28277559212904e-01
5.00000000000000e-02 3.35857495032403e+00 2.65450849718747e+00 7.04066453136553e-01
5.50000000000000e-02 3.34173742637960e+00 2.66041737596564e+00 6.81320050413961e-01
6.00000000000000e-02 3.32330440848236e+00 2.66321313042021e+00 6.60091278062148e-01
6.50000000000000e-02 3.30334142178639e+00 2.66292238208847e+00 6.40419039697924e-01
7.00000000000000e-02 3.28191871297285e+00 2.65959053448992e+00 6.22328178482936e-01
7.50000000000000e-02 3.25911100271305e+00 2.65328148243819e+00 6.05829520274865e-01
8.00000000000000e-02 3.23499720351614e+00 2.64407720741157e+00 5.90919996104569e-01
8.50000000000000e-02 3.20966010434467e+00 2.63207726147960e+00 5.77582842865072e-01
9.00000000000000e-02 3.18318602385173e+00 2.61739814297001e+00 5.65787880881722e-01
9.50000000000000e-02 3.15566443455578e+00 2.60017256772797e+00 5.55491866827805e-01
1.00000000000000e-01 3.12718756071378e+00 2.58054864046305e+00 5.46638920250737e-01
1.05000000000000e-01 3.09784995306929e+00 2.55868893129538e+00 5.39161021773914e-01
1.10000000000000e-01 3.06774804402958e+00 2.53476946319709e+00 5.32978580832487e-01
1.15000000000000e-01 3.03697968715596e+00 2.50897861657418e+00 5.28001070581778e-01
1.20000000000000e-01 3.00564368512461e+00 2.48151595774496e+00 5.24127727379646e-01
1.25000000000000e-01 2.97383931052514e+00 2.45259099854052e+00 5.21248311984624e-01
1.30000000000000e-01 2.94166582400418e+00 2.42242189467697e+00 5.19243929327207e-01
1.35000000000000e-01 2.90922199432772e+00 2.39123409092702e+00 5.17987903400703e-01
1.40000000000000e-01 2.87660562492678e+00 2.35925892144618e+00 5.17346703480599e-01
1.45000000000000e-01 2.84391309140484e+00 2.32673217388556e+00 5.17180917519282e-01
1.50000000000000e-01 2.81123889432563e+00 2.29389262614624e+00 5.17346268179392e-01
1.55000000000000e-01 2.77867523136846e+00 2.26098056479902e+00 5.17694666569441e-01
1.60000000000000e-01 2.74631159264194e+00 2.22823629430637e+00 5.18075298335571e-01
1.65000000000000e-01 2.71423438259173e+00 2.19589864623990e+00 5.18335736351829e-01
1.70000000000000e-01 2.68252657153339e+00 2.16420349768687e+00 5.18323073846519e-01
1.75000000000000e-01 2.65126737939629e+00 2.13338230798255e+00 5.17885071413742e-01
1.80000000000000e-01 2.62053199378921e+00 2.10366068279205e+00 5.16871310997156e-01
1.85000000000000e-01 2.59039132400416e+00 2.07525697439691e+00 5.15134349607244e-01
1.90000000000000e-01 2.56091179207201e+00 2.04838092681811e+00 5.12530865253904e-01
1.95000000000000e-01 2.53215516148288e+00 2.02323237413107e+00 5.08922787351811e-01
2.00000000000000e-01 2.50417840369553e+00 2.00000000000000e+00 5.04178403695533e-01
2.05000000000000e-01 2.47703360209294e+00 1.97886016608158e+00 4.98173436011366e-01
2.10000000000000e-01 2.45076789260292e+00 1.95997581652323e+00 4.90792076079683e-01
2.15000000000000e-01 2.42542343980112e+00 1.94349546531226e+00 4.81927974488862e-01
2.20000000000000e-01 2.40103744695402e+00 1.92955227272105e+00 4.71485174232971e-01
2.25000000000000e-01 2.37764219814497e+00 1.91826321654437e+00 4.59378981600594e-01
2.30000000000000e-01 2.35526513036184e+00 1.90972836324032e+00 4.45536767121524e-01
2.35000000000000e-01 2.33392893320901e+00 1.90403024347033e+00 4.29898689738685e-01
2.40000000000000e-01 2.31365167374191e+00 1.90123333589028e+00 4.12418337851637e-01
2.45000000000000e-01 2.29444694380636e+00 1.90138366237698e+00 3.93063281429376e-01
2.50000000000000e-01 2.27632402719631e+00 1.90450849718747e+00 3.71815530008838e-01
2.55000000000000e-01 2.25928808391917e+00 1.91061619184595e+00 3.48671892073221e-01
2.60000000000000e-01 2.24334034887382e+00 1.91969611683971e+00 3.23644232034106e-01
2.65000000000000e-01 2.22847834229913e+00 1.93171872048530e+00 2.96759621813831e-01
2.70000000000000e-01 2.21469608943516e+00 1.94663570460343e+00 2.68060384831732e-01
2.75000000000000e-01 2.20198434695106e+00 1.96438031592140e+00 2.37604031029654e-01
2.80000000000000e-01 2.19033083382793e+00 1.98486775140779e+00 2.05463082420143e-01
2.85000000000000e-01 2.17972046453750e+00 2.00799567504205e+00 1.71724789495454e-01
2.90000000000000e-01 2.17013558252271e+00 2.03364484283446e+00 1.36490739688249e-01
2.95000000000000e-01 2.16155619216171e+00 2.06167983224433e+00 9.98763599173831e-02
3.00000000000000e-01 2.15396018757708e+00 2.09194987150091e+00 6.20103160761718e-02
3.05000000000000e-01 2.14732357683401e+00 2.12428976371522e+00 2.30338131187926e-02
3.10000000000000e-01 2.14162070025276e+00 2.15852090008677e+00 1.69001998340104e-02
3.15000000000000e-01 2.13682444173764e+00 2.19445235595975e+00 5.76279142221030e-02
3.20000000000000e-01 2.13290643219594e+00 2.23188206297222e+00 9.89756307762724e-02
3.25000000000000e-01 2.12983724428368e+00 2.27059805007310e+00 1.40760805789419e-01
3.30000000000000e-01 2.12758657786882e+00 2.31037974575665e+00 1.82793167887833e-01
3.35000000000000e-01 2.12612343574630e+00 2.35099933348698e+00 2.24875897740677e-01
3.40000000000000e-01 2.12541628927156e+00 2.39222315195700e+00 2.66806862685438e-01
3.45000000000000e-01 2.12543323370012e+00 2.43381313154985e+00 3.08379897849731e-01
3.50000000000000e-01 2.12614213313011e+00 2.47552825814758e+00 3.49386125017469e-01
3.55000000000000e-01 2.12751075504176e+00 2.51712605526309e+00 3.89615300221329e-01
3.60000000000000e-01 2.12950689451422e+00 2.55836407535859e+00 4.28857180844369e-01
3.65000000000000e-01 2.13209848827468e+00 2.59900139115685e+00 4.66902902882167e-01
3.70000000000000e-01 2.13525371879944e+00 2.63880007775179e+00 5.03546358952349e-01
3.75000000000000e-01 2.13894110874059e+00 2.67752667638138e+00 5.38585567640796e-01
3.80000000000000e-01 2.14312960599747e+00 2.71495363083915e+00 5.71824024841675e-01
3.85000000000000e-01 2.14778865978825e+00 2.75086068766886e+00 6.03072027880609e-01
3.90000000000000e-01 2.15288828810555e+00 2.78503625151058e+00 6.32147963405033e-01
3.95000000000000e-01 2.15839913696183e+00 2.81727868724248e+00 6.58879550280651e-01
4.00000000000000e-01 2.16429253184487e+00 2.84739756089084e+00 6.83105029045977e-01
4.05000000000000e-01 2.17054052181326e+00 2.87521481165829e+00 7.04674289845034e-01
4.10000000000000e-01 2.17711591666603e+00 2.90056584784471e+00 7.23449931178682e-01
4.15000000000000e-01 2.18399231762031e+00 2.92330055990464e+00 7.39308242284322e-01
4.20000000000000e-01 2.19114414192719e+00 2.94328424439572e+00 7.52140102468530e-01
4.25000000000000e-01 2.19854664184854e+00 2.96039843312221e+00 7.61851791273667e-01
4.30000000000000e-01 2.20617591840781e+00 2.97454162236171e+00 7.68365703953905e-01
4.35000000000000e-01 2.21400893031566e+00 2.98562989767982e+00 7.71620967364161e-01
4.40000000000000e-01 2.22202349845719e+00 2.99359745048043e+00 7.71573952023243e-01
4.45000000000000e-01 2.23019830631214e+00 2.99839698310739e+00 7.68198676795258e-01
4.50000000000000e-01 2.23851289666295e+00 3.00000000000000e+00 7.61487103337048e-01
4.55000000000000e-01 2.24694766492817e+00 2.99839698310739e+00 7.51449318179220e-01
4.60000000000000e-01 2.25548384944070e+00 2.99359745048043e+00 7.38113601039736e-01
4.65000000000000e-01 2.26410351897233e+00 2.98562989767982e+00 7.21526378707489e-01
4.70000000000000e-01 2.27278955778766e+00 2.97454162236171e+00 7.01752064574057e-01
4.75000000000000e-01 2.28152564849201e+00 2.96039843312221e+00 6.78872784630195e-01
4.80000000000000e-01 2.29029625292036e+00 2.94328424439572e+00 6.52987991475365e-01
4.85000000000000e-01 2.29908659129594e+00 2.92330055990464e+00 6.24213968608693e-01
4.90000000000000e-01 2.30788261987051e+00 2.90056584784471e+00 5.92683227974207e-01
4.95000000000000e-01 2.31667100724088e+00 2.87521481165829e+00 5.58543804417412e-01
5.00000000000000e-01 2.32543910952063e+00 2.84739756089084e+00 5.21958451370212e-01
5.05000000000000e-01 2.33417494452967e+00 2.81727868724248e+00 4.83103742712807e-01
5.10000000000000e-01 2.34286716515005e+00 2.78503625151058e+00 4.42169086360535e-01
5.15000000000000e-01 2.35150503198150e+00 2.75086068766886e+00 3.99355655687359e-01
5.20000000000000e-01 2.36007838541717e+00 2.71495363083915e+00 3.54875245421980e-01
5.25000000000000e-01 2.36857761724672e+00 2.67752667638138e+00 3.08949059134660e-01
5.30000000000000e-01 2.37699364188222e+00 2.63880007775179e+00 2.61806435869569e-01
5.35000000000000e-01 2.38531786729055e+00 2.59900139115685e+00 2.13683523866300e-01
5.40000000000000e-01 2.39354216570574e+00 2.55836407535859e+00 1.64821909652850e-01
5.45000000000000e-01 2.40165884418438e+00 2.51712605526309e+00 1.15467211078705e-01
5.50000000000000e-01 2.40966061505838e+00 2.47552825814758e+00 6.58676430891956e-02
5.55000000000000e-01 2.41754056633057e+00 2.43381313154985e+00 1.62725652192846e-02
5.60000000000000e-01 2.42529213205117e+00 2.39222315195700e+00 3.30689800941748e-02
5.65000000000000e-01 2.43290906270599e+00 2.35099933348698e+00 8.19097292190119e-02
5.70000000000000e-01 2.44038539564077e+00 2.31037974575665e+00 1.30005649884123e-01
5.75000000000000e-01 2.44771542554079e+00 2.27059805007310e+00 1.77117375467695e-01
5.80000000000000e-01 2.45489367497972e+00 2.23188206297222e+00 2.23011612007501e-01
5.85000000000000e-01 2.46191486504771e+00 2.19445235595975e+00 2.67462509087963e-01
5.90000000000000e-01 2.46877388606537e+00 2.15852090008677e+00 3.10252985978593e-01
5.95000000000000e-01 2.47546576838747e+00 2.12428976371522e+00 3.51176004672259e-01
6.00000000000000e-01 2.48198565329886e+00 2.09194987150091e+00 3.90035781797946e-01
6.05000000000000e-01 2.48832876400352e+00 2.06167983224433e+00 4.26648931759188e-01
6.10000000000000e-01 2.49449037670835e+00 2.03364484283446e+00 4.60845533873895e-01
6.15000000000000e-01 2.50046579180348e+00 2.00799567504205e+00 4.92470116761426e-01
6.20000000000000e-01 2.50625030514313e+00 1.98486775140779e+00 5.21382553735343e-01
6.25000000000000e-01 2.51183917943404e+00 1.96438031592140e+00 5.47458863512635e-01
6.30000000000000e-01 2.51722761574211e+00 1.94663570460343e+00 5.70591911138683e-01
6.35000000000000e-01 2.52241072513370e+00 1.93171872048530e+00 5.90692004648408e-01
6.40000000000000e-01 2.52738350047414e+00 1.91969611683971e+00 6.07687383634424e-01
6.45000000000000e-01 2.53214078841428e+00 1.91061619184595e+00 6.21524596568328e-01
6.50000000000000e-01 2.53667726160541e+00 1.90450849718747e+00 6.32168764417936e-01
6.55000000000000e-01 2.54098739119380e+00 1.90138366237698e+00 6.39603728816821e-01
6.60000000000000e-01 2.54506541965930e+00 1.90123333589028e+00 6.43832083769019e-01
6.65000000000000e-01 2.54890533407709e+00 1.90403024347033e+00 6.44875090606766e-01
6.70000000000000e-01 2.55250083989876e+00 1.90972836324032e+00 6.42772476658446e-01
6.75000000000000e-01 2.55584533536749e+00 1.91826321654437e+00 6.37582118823121e-01
6.80000000000000e-01 2.55893188670400e+00 1.92955227272105e+00 6.29379613982950e-01
6.85000000000000e-01 2.56175320422325e+00 1.94349546531226e+00 6.18257738910991e-01
6.90000000000000e-01 2.56430161956855e+00 1.95997581652323e+00 6.04325803045319e-01
6.95000000000000e-01 2.56656906427834e+00 1.97886016608158e+00 5.87708898196764e-01
7.00000000000000e-01 2.56854704993295e+00 2.00000000000000e+00 5.68547049932949e-01
7.05000000000000e-01 2.57022665016280e+00 2.02323237413106e+00 5.46994276031737e-01
7.10000000000000e-01 2.57159848483687e+00 2.04838092681811e+00 5.23217558018766e-01
7.15000000000000e-01 2.57265270678986e+00 2.07525697439691e+00 4.97395732392950e-01
7.20000000000000e-01 2.57337899148903e+00 2.10366068279205e+00 4.69718308696973e-01
7.25000000000000e-01 2.57376653008610e+00 2.13338230798255e+00 4.40384222103557e-01
7.30000000000000e-01 2.57380402634637e+00 2.16420349768687e+00 4.09600528659495e-01
7.35000000000000e-01 2.57347969799469e+00 2.19589864623990e+00 3.77581051754788e-01
7.40000000000000e-01 2.57278128306738e+00 2.22823629430637e+00 3.44544988761004e-01
7.45000000000000e-01 2.57169605190716e+00 2.26098056479902e+00 3.10715487108145e-01
7.50000000000000e-01 2.57021082548650e+00 2.29389262614624e+00 2.76318199340265e-01
7.55000000000000e-01 2.56831200078971e+00 2.32673217388556e+00 2.41579826904146e-01
7.60000000000000e-01 2.56598558402619e+00 2.35925892144618e+00 2.06726662580006e-01
7.65000000000000e-01 2.56321723248304e+00 2.39123409092702e+00 1.71983141556018e-01
7.70000000000000e-01 2.55999230585390e+00 2.42242189467697e+00 1.37570411176930e-01
7.75000000000000e-01 2.55629592789946e+00 2.45259099854052e+00 1.03704929358936e-01
7.80000000000000e-01 2.55211305930088e+00 2.48151595774496e+00 7.05971015559177e-02
7.85000000000000e-01 2.54742858255808e+00 2.50897861657418e+00 3.84499659838973e-02
7.90000000000000e-01 2.54222739975592e+00 2.53476946319709e+00 7.45793655882521e-03
7.95000000000000e-01 2.53649454397115e+00 2.55868893129538e+00 2.21943873242250e-02
8.00000000000000e-01 2.53021530501610e+00 2.58054864046305e+00 5.03333354469517e-02
8.05000000000000e-01 2.52337537010916e+00 2.60017256772797e+00 7.67971976188178e-02
8.10000000000000e-01 2.51596097992298e+00 2.61739814297001e+00 1.01437163047026e-01
8.15000000000000e-01 2.50795910028522e+00 2.63207726147960e+00 1.24118161194384e-01
8.20000000000000e-01 2.49935760959133e+00 2.64407720741157e+00 1.44719597820240e-01
8.25000000000000e-01 2.49014550173171e+00 2.65328148243819e+00 1.63135980706475e-01
8.30000000000000e-01 2.48031310403384e+00 2.65959053448992e+00 1.79277430456072e-01
8.35000000000000e-01 2.46985230937578e+00 2.66292238208847e+00 1.93070072712684e-01
8.40000000000000e-01 2.45875682123904e+00 2.66321313042021e+00 2.04456309181170e-01
8.45000000000000e-01 2.44702241004130e+00 2.66041737596564e+00 2.13394965924343e-01
8.50000000000000e-01 2.43464717862623e+00 2.65450849718747e+00 2.19861318561246e-01
8.55000000000000e-01 2.42163183429728e+00 2.64547882948272e+00 2.23846995185439e-01
8.60000000000000e-01 2.40797996427290e+00 2.63333972331718e+00 2.25359759044288e-01
8.65000000000000e-01 2.39369831092671e+00 2.61812148518153e+00 2.24423174254816e-01
8.70000000000000e-01 2.37879704267097e+00 2.59987320173000e+00 2.21076159059034e-01
8.75000000000000e-01 2.36329001586411e+00 2.57866244818360e+00 2.15372432319488e-01
8.80000000000000e-01 2.34719502269279e+00 2.55457488279246e+00 2.07379860099670e-01
8.85000000000000e-01 2.33053401961729e+00 2.52771372985530e+00 1.97179710238013e-01
8.90000000000000e-01 2.31333333069922e+00 2.49819915448034e+00 1.84865823781112e-01
8.95000000000000e-01 2.29562381997473e+00 2.46616753293972e+00 1.70543712964992e-01
9.00000000000000e-01 2.27744102701697e+00 2.43177062311339e+00 1.54329596096415e-01
9.05000000000000e-01 2.25882525996758e+00 2.39517464013388e+00 1.36349380166302e-01
9.10000000000000e-01 2.23982164062361e+00 2.35655924292839e+00 1.16737602304778e-01
9.15000000000000e-01 2.22048009665576e+00 2.31611643790350e+00 9.56363412477375e-02
9.20000000000000e-01 2.20085529670801e+00 2.27404940652903e+00 7.31941098210220e-02
9.25000000000000e-01 2.18100652498650e+00 2.23057126404647e+00 4.95647390599721e-02
9.30000000000000e-01 2.16099749297337e+00 2.18590375695213e+00 2.49062639787589e-02
9.35000000000000e-01 2.14089608707970e+00 2.14027590728277e+00 6.20179796928522e-04
9.40000000000000e-01 2.12077405235052e+00 2.09392261205918e+00 2.68514402913449e-02
9.45000000000000e-01 2.10070661371741e+00 2.04708320651983e+00 5.36234071975756e-02
9.50000000000000e-01 2.08077203771507e+00 2.00000000000000e+00 8.07720377150694e-02
9.55000000000000e-01 2.06105113898915e+00 1.95291679348017e+00 1.08134345508981e-01
9.60000000000000e-01 2.04162673726986e+00 1.90607738794082e+00 1.35549349329036e-01
9.65000000000000e-01 2.02258307171861e+00 1.85972409271723e+00 1.62858979001384e-01
9.70000000000000e-01 2.00400518062177e+00 1.81409624304787e+00 1.89908937573902e-01
9.75000000000000e-01 1.98597825526356e+00 1.76942873595353e+00 2.16549519310028e-01
9.80000000000000e-01 1.96858697742250e+00 1.72595059347097e+00 2.42636383951533e-01
9.85000000000000e-01 1.95191485027697e+00 1.68388356209650e+00 2.68031288180465e-01
9.90000000000000e-01 1.93604353256181e+00 1.64344075707161e+00 2.92602775490193e-01
9.95000000000000e-01 1.92105218558848e+00 1.60482535986612e+00 3.16226825722357e-01
1.00000000000000e+00 1.90701684223797e+00 1.56822937688661e+00 3.38787465351355e-01
1.00500000000000e+00 1.89400980628266e+00 1.53383246706028e+00 3.60177339222382e-01
1.01000000000000e+00 1.88209908942538e+00 1.50180084551966e+00 3.80298243905720e-01
1.01500000000000e+00 1.87134789230393e+00 1.47228627014470e+00 3.99061622159233e-01
1.02000000000000e+00 1.86181413444663e+00 1.44542511720755e+00 4.16389017239083e-01
1.02500000000000e+00 1.85355003683097e+00 1.42133755181640e+00 4.32212485014570e-01
1.03000000000000e+00 1.84660175934512e+00 1.40012679827000e+00 4.46474961075120e-01
1.03500000000000e+00 1.84100909413078e+00 1.38187851481848e+00 4.59130579312300e-01
1.04000000000000e+00 1.83680521454055e+00 1.36666027668282e+00 4.70144937857733e-01
1.04500000000000e+00 1.83401647831050e+00 1.35452117051728e+00 4.79495307793219e-01
1.05000000000000e+00 1.83266228256022e+00 1.34549150281253e+00 4.87170779747696e-01
1.05500000000000e+00 1.83275496740802e+00 1.33958262403436e+00 4.93172343373660e-01
1.06000000000000e+00 1.83429976434108e+00 1.33678686957979e+00 4.97512894761299e-01
1.06500000000000e+00 1.83729478501221e+00 1.33707761791153e+00 5.00217167100672e-01
1.07000000000000e+00 1.84173104584285e+00 1.34040946551008e+00 5.01321580332770e-01
1.07500000000000e+00 1.84759252368577e+00 1.34671851756181e+00 5.00874006123960e-01
1.08000000000000e+00 1.85485623782377e+00 1.35592279258843e+00 4.98933445235345e-01
1.08500000000000e+00 1.86349235373605e+00 1.36792273852040e+00 4.95569615215653e-01
1.09000000000000e+00 1.87346430432780e+00 1.38260185702999e+00 4.90862447297810e-01
1.09500000000000e+00 1.88472892467193e+00 1.39982743227203e+00 4.84901492399908e-01
1.10000000000000e+00 1.89723659673249e+00 1.41945135953695e+00 4.77785237195538e-01
1.10500000000000e+00 1.91093140100834e+00 1.44131106870462e+00 4.69620332303721e-01
1.11000000000000e+00 1.92575127253752e+00 1.46523053680291e+00 4.60520735734619e-01
1.11500000000000e+00 1.94162815922313e+00 1.49102138342582e+00 4.50606775797304e-01
1.12000000000000e+00 1.95848818097243e+00 1.51848404225504e+00 4.40004138717385e-01
1.12500000000000e+00 1.97625178867619e+00 1.54740900145948e+00 4.28842787216714e-01
1.13000000000000e+00 1.99483392259343e+00 1.57757810532303e+00 4.17255817270400e-01
1.13500000000000e+00 2.01414417025040e+00 1.60876590907298e+00 4.05378261177416e-01
1.14000000000000e+00 2.03408692451735e+00 1.64074107855382e+00 3.93345845963533e-01
1.14500000000000e+00 2.05456154309973e+00 1.67326782611444e+00 3.81293716985292e-01
1.15000000000000e+00 2.07546251128385e+00 1.70610737385376e+00 3.69355137430089e-01
1.15500000000000e+00 2.09667961042117e+00 1.73901943520098e+00 3.57660175220186e-01
1.16000000000000e+00 2.11809809533217e+00 1.77176370569363e+00 3.46334389638543e-01
1.16500000000000e+00 2.13959888457189e+00 1.80410135376010e+00 3.35497530811788e-01
1.17000000000000e+00 2.16105876833150e+00 1.83579650231313e+00 3.25262266018376e-01
1.17500000000000e+00 2.18235063965989e+00 1.86661769201745e+00 3.15732947642436e-01
1.18000000000000e+00 2.20334375567264e+00 1.89633931720795e+00 3.07004438464696e-01
1.18500000000000e+00 2.22390403646542e+00 1.92474302560309e+00 2.99161010862330e-01
1.19000000000000e+00 2.24389441054269e+00 1.95161907318189e+00 2.92275337360794e-01
1.19500000000000e+00 2.26317521668031e+00 1.97676762586894e+00 2.86407590811372e-01
1.20000000000000e+00 2.28160467321226e+00 2.00000000000000e+00 2.81604673212260e-01
1.20500000000000e+00 2.29903942670299e+00 2.02113983391842e+00 2.77899592784573e-01
1.21000000000000e+00 2.31533519275164e+00 2.04002418347677e+00 2.75311009274869e-01
1.21500000000000e+00 2.33034750216589e+00 2.05650453468774e+00 2.73842967478145e-01
1.22000000000000e+00 2.34393256581344e+00 2.07044772727895e+00 2.73484838534488e-01
1.22500000000000e+00 2.35594827095853e+00 2.08173678345563e+00 2.74211487502907e-01
1.23000000000000e+00 2.36625532065551e+00 2.09027163675968e+00 2.75983683895828e-01
1.23500000000000e+00 2.37471852562538e+00 2.09596975652967e+00 2.78748769095709e-01
1.24000000000000e+00 2.38120825481093e+00 2.09876666410972e+00 2.82441590701208e-01
1.24500000000000e+00 2.38560204633326e+00 2.09861633762302e+00 2.86985708710236e-01
1.25000000000000e+00 2.38778637473513e+00 2.09549150281253e+00 2.92294871922606e-01
1.25500000000000e+00 2.38765856313182e+00 2.08938380815405e+00 2.98274754977765e-01
1.26000000000000e+00 2.38512882022315e+00 2.08030388316029e+00 3.04824937062861e-01
1.26500000000000e+00 2.38012237219502e+00 2.06828127951470e+00 3.11841092680314e-01
1.27000000000000e+00 2.37258164864146e+00 2.05336429539657e+00 3.19217353244892e-01
1.27500000000000e+00 2.36246847022744e+00 2.03561968407860e+00 3.26848786148842e-01
1.28000000000000e+00 2.34976617452279e+00 2.01513224859221e+00 3.34633925930575e-01
1.28500000000000e+00 2.33448160607989e+00 1.99200432495795e+00 3.42477281121937e-01
1.29000000000000e+00 2.31664688835699e+00 1.96635515716554e+00 3.50291731191453e-01
1.29500000000000e+00 2.29632088955165e+00 1.93832016775567e+00 3.58000721795979e-01
1.30000000000000e+00 2.27359029285561e+00 1.90805012849909e+00 3.65540164356516e-01
1.30500000000000e+00 2.24857018502059e+00 1.87571023628478e+00 3.72859948735803e-01
1.31000000000000e+00 2.22140408614607e+00 1.84147909991323e+00 3.79924986232846e-01
1.31500000000000e+00 2.19226335861350e+00 1.80554764404025e+00 3.86715714573243e-01
1.32000000000000e+00 2.16134595395871e+00 1.76811793702778e+00 3.93228016930932e-01
1.32500000000000e+00 2.12887448249526e+00 1.72940194992690e+00 3.99472532568358e-01
1.33000000000000e+00 2.09509362038434e+00 1.68962025424335e+00 4.05473366140990e-01
1.33500000000000e+00 2.06026690076504e+00 1.64900066651302e+00 4.11266234252025e-01
1.34000000000000e+00 2.02467296727113e+00 1.60777684804300e+00 4.16896119228126e-01
1.34500000000000e+00 1.98860139732221e+00 1.56618686845015e+00 4.22414528872058e-01
1.35000000000000e+00 1.95234822658571e+00 1.52447174185242e+00 4.27876484733290e-01
1.35500000000000e+00 1.91621132287670e+00 1.48287394473691e+00 4.33337378139789e-01
1.36000000000000e+00 1.88048576597827e+00 1.44163592464141e+00 4.38849841336861e-01
1.36500000000000e+00 1.84545938866624e+00 1.40099860884315e+00 4.44460779823092e-01
1.37000000000000e+00 1.81140862370235e+00 1.36119992224821e+00 4.50208701454138e-01
1.37500000000000e+00 1.77859478265965e+00 1.32247332361862e+00 4.56121459041029e-01
1.38000000000000e+00 1.74726086682566e+00 1.28504636916085e+00 4.62214497664803e-01
1.38500000000000e+00 1.71762898027914e+00 1.24913931233114e+00 4.68489667947995e-01
1.39000000000000e+00 1.68989838300226e+00 1.21496374848942e+00 4.74934634512839e-01
1.39500000000000e+00 1.66424419001069e+00 1.18272131275752e+00 4.81522877253165e-01
1.40000000000000e+00 1.64081669314465e+00 1.15260243910916e+00 4.88214254035488e-01
1.40500000000000e+00 1.61974125710620e+00 1.12478518834171e+00 4.94956068764499e-01
1.41000000000000e+00 1.60111872173774e+00 1.09943415215529e+00 5.01684569582454e-01
1.41500000000000e+00 1.58502622900891e+00 1.07669944009536e+00 5.08326788913546e-01
1.42000000000000e+00 1.57151838575468e+00 1.05671575560428e+00 5.14802630150400e-01
1.42500000000000e+00 1.56062867146127e+00 1.03960156687779e+00 5.21027104583476e-01
1.43000000000000e+00 1.55237100356310e+00 1.02545837763829e+00 5.26912625924815e-01
1.43500000000000e+00 1.54674137981437e+00 1.01437010232018e+00 5.32371277494196e-01
1.44000000000000e+00 1.54371952727156e+00 1.00640254951957e+00 5.37316977751997e-01
1.44500000000000e+00 1.54327049922356e+00 1.00160301689261e+00 5.41667482330957e-01
1.45000000000000e+00 1.54534617408800e+00 1.00000000000000e+00 5.45346174088001e-01
1.45500000000000e+00 1.54988662305446e+00 1.00160301689261e+00 5.48283606161850e-01
1.46000000000000e+00 1.55682132546472e+00 1.00640254951957e+00 5.50418775945155e-01
1.46500000000000e+00 1.56607022211346e+00 1.01437010232018e+00 5.51700119793282e-01
1.47000000000000e+00 1.57754460652075e+00 1.02545837763829e+00 5.52086228882460e-01
1.47500000000000e+00 1.59114786259373e+00 1.03960156687779e+00 5.51546295715935e-01
1.48000000000000e+00 1.60677606388462e+00 1.05671575560428e+00 5.50060308280346e-01
1.48500000000000e+00 1.62431845486963e+00 1.07669944009536e+00 5.47619014774271e-01
1.49000000000000e+00 1.64365783837356e+00 1.09943415215529e+00 5.44223686218270e-01
1.49500000000000e+00 1.66467089553686e+00 1.12478518834171e+00 5.39885707195153e-01
1.50000000000000e+00 1.68722846567343e+00 1.15260243910916e+00 5.34626026564272e-01
1.50500000000000e+00 1.71119581311604e+00 1.18272131275752e+00 5.28474500358516e-01
1.51000000000000e+00 1.73643290681714e+00 1.21496374848942e+00 5.21469158327724e-01
1.51500000000000e+00 1.76279473619415e+00 1.24913931233114e+00 5.13655423863004e-01
1.52000000000000e+00 1.79013168361640e+00 1.28504636916085e+00 5.05085314455546e-01
1.52500000000000e+00 1.81828997017073e+00 1.32247332361862e+00 4.95816646552110e-01
1.53000000000000e+00 1.84711218706824e+00 1.36119992224821e+00 4.85912264820029e-01
1.53500000000000e+00 1.87643792043416e+00 1.40099860884315e+00 4.75439311591009e-01
1.54000000000000e+00 1.90610447243156e+00 1.44163592464141e+00 4.64468547790151e-01
1.54500000000000e+00 1.93594767689289e+00 1.48287394473691e+00 4.53073732155975e-01
1.55000000000000e+00 1.96580280305499e+00 1.52447174185242e+00 4.41331061202567e-01
1.55500000000000e+00 1.99550553679349e+00 1.56618686845015e+00 4.29318668343344e-01
1.56000000000000e+00 2.02489302509389e+00 1.60777684804300e+00 4.17116177050882e-01
1.56500000000000e+00 2.05380496652027e+00 1.64900066651302e+00 4.04804300007253e-01
1.57000000000000e+00 2.08208472825523e+00 1.68962025424335e+00 3.92464474011879e-01
1.57500000000000e+00 2.10958046895347e+00 1.72940194992690e+00 3.80178519026566e-01
1.58000000000000e+00 2.13614624620198e+00 1.76811793702778e+00 3.68028309174193e-01
1.58500000000000e+00 2.16164308778819e+00 1.80554764404025e+00 3.56095443747943e-01
1.59000000000000e+00 2.18594000718043e+00 1.84147909991323e+00 3.44460907267201e-01
1.59500000000000e+00 2.20891494551702e+00 1.87571023628478e+00 3.33204709232238e-01
1.60000000000000e+00 2.23045562484817e+00 1.90805012849909e+00 3.22405496349079e-01
1.60500000000000e+00 2.25046030022071e+00 1.93832016775567e+00 3.12140132465043e-01
1.61000000000000e+00 2.26883840127605e+00 1.96635515716554e+00 3.02483244110509e-01
1.61500000000000e+00 2.28551105717961e+00 1.99200432495795e+00 2.93506732221663e-01
1.62000000000000e+00 2.30041150176383e+00 2.01513224859221e+00 2.85279253171617e-01
1.62500000000000e+00 2.31348535861216e+00 2.03561968407860e+00 2.77865674533558e-01
1.63000000000000e+00 2.32469080833290e+00 2.05336429539657e+00 2.71326512936334e-01
1.63500000000000e+00 2.33399864239279e+00 2.06828127951470e+00 2.65717362878091e-01
1.64000000000000e+00 2.34139220955781e+00 2.08030388316029e+00 2.61088326397525e-01
1.64500000000000e+00 2.34686726221088e+00 2.08938380815405e+00 2.57483454056828e-01
1.65000000000000e+00 2.35043171059762e+00 2.09549150281253e+00 2.54940207785089e-01
1.65500000000000e+00 2.35210529343302e+00 2.09861633762302e+00 2.53488955810005e-01
1.66000000000000e+00 2.35191917333987e+00 2.09876666410972e+00 2.53152509230141e-01
1.66500000000000e+00 2.34991546535349e+00 2.09596975652967e+00 2.53945708823813e-01
1.67000000000000e+00 2.34614670629235e+00 2.09027163675968e+00 2.55875069532663e-01
1.67500000000000e+00 2.34067527223335e+00 2.08173678345563e+00 2.58938488777727e-01
1.68000000000000e+00 2.33357275071655e+00 2.07044772727895e+00 2.63125023437594e-01
1.68500000000000e+00 2.32491927369557e+00 2.05650453468774e+00 2.68414739007833e-01
1.69000000000000e+00 2.31480281669919e+00 2.04002418347677e+00 2.74778633222419e-01
1.69500000000000e+00 2.30331846921038e+00 2.02113983391842e+00 2.82178635291962e-01
1.70000000000000e+00 2.29056768092703e+00 2.00000000000000e+00 2.90567680927034e-01
1.70500000000000e+00 2.27665748834947e+00 1.97676762586893e+00 2.99889862480540e-01
1.71000000000000e+00 2.26169972604318e+00 1.95161907318189e+00 3.10080652861291e-01
1.71500000000000e+00 2.24581022693409e+00 1.92474302560309e+00 3.21067201331003e-01
1.72000000000000e+00 2.22910801608710e+00 1.89633931720795e+00 3.32768698879155e-01
1.72500000000000e+00 2.21171450256709e+00 1.86661769201745e+00 3.45096810549640e-01
1.73000000000000e+00 2.19375267415299e+00 1.83579650231313e+00 3.57956171839862e-01
1.73500000000000e+00 2.17534629983790e+00 1.80410135376010e+00 3.71244946077798e-01
1.74000000000000e+00 2.15661914516988e+00 1.77176370569363e+00 3.84855439476256e-01
1.74500000000000e+00 2.13769420554278e+00 1.73901943520098e+00 3.98674770341795e-01
1.75000000000000e+00 2.11869296251231e+00 1.70610737385376e+00 4.12585588658545e-01
1.75500000000000e+00 2.09973466807597e+00 1.67326782611444e+00 4.26466841961533e-01
1.76000000000000e+00 2.08093566160792e+00 1.64074107855382e+00 4.40194583054099e-01
1.76500000000000e+00 2.06240872378392e+00 1.60876590907298e+00 4.53642814710939e-01
1.77000000000000e+00 2.04426247137323e+00 1.57757810532303e+00 4.66684366050198e-01
1.77500000000000e+00 2.02660079622932e+00 1.54740900145948e+00 4.79191794769839e-01
1.78000000000000e+00 2.00952235119864e+00 1.51848404225504e+00 4.91038308943595e-01
1.78500000000000e+00 1.99312008500952e+00 1.49102138342582e+00 5.02098701583702e-01
1.79000000000000e+00 1.97748082752818e+00 1.46523053680291e+00 5.12250290725270e-01
1.79500000000000e+00 1.96268492610032e+00 1.44131106870462e+00 5.21373857395695e-01
1.80000000000000e+00 1.94880593306219e+00 1.41945135953695e+00 5.29354573525235e-01
1.80500000000000e+00 1.93591034392446e+00 1.39982743227203e+00 5.36082911652437e-01
1.81000000000000e+00 1.92405738522728e+00 1.38260185702999e+00 5.41455528197289e-01
1.81500000000000e+00 1.91329885064790e+00 1.36792273852040e+00 5.45376112127497e-01
1.82000000000000e+00 1.90367898362432e+00 1.35592279258843e+00 5.47756191035891e-01
1.82500000000000e+00 1.89523440454170e+00 1.34671851756181e+00 5.48515886979887e-01
1.83000000000000e+00 1.88799408041311e+00 1.34040946551008e+00 5.47584614903028e-01
1.83500000000000e+00 1.88197933496448e+00 1.33707761791153e+00 5.44901717052951e-01
1.84000000000000e+00 1.87720389709529e+00 1.33678686957979e+00 5.40417027515506e-01
1.84500000000000e+00 1.87367398581623e+00 1.33958262403436e+00 5.34091361781868e-01
1.85000000000000e+00 1.87138842994553e+00 1.34549150281253e+00 5.25896927133008e-01
1.85500000000000e+00 1.87033882105698e+00 1.35452117051728e+00 5.15817650539697e-01
1.86000000000000e+00 1.87050969839465e+00 1.36666027668282e+00 5.03849421711832e-01
1.86500000000000e+00 1.87187876468252e+00 1.38187851481848e+00 4.90000249864040e-01
1.87000000000000e+00 1.87441713194131e+00 1.40012679827000e+00 4.74290333671316e-01
1.87500000000000e+00 1.87808959656491e+00 1.42133755181640e+00 4.56752044748506e-01
1.88000000000000e+00 1.88285494298936e+00 1.44542511720755e+00 4.37429825781817e-01
1.88500000000000e+00 1.88866627529965e+00 1.47228627014470e+00 4.16380005154956e-01
1.89000000000000e+00 1.89547137605603e+00 1.50180084551967e+00 3.93670530536361e-01
1.89500000000000e+00 1.90321309148141e+00 1.53383246706028e+00 3.69380624421130e-01
1.90000000000000e+00 1.91182974193656e+00 1.56822937688661e+00 3.43600365049945e-01
1.90500000000000e+00 1.92125555632681e+00 1.60482535986612e+00 3.16430196460689e-01
1.91000000000000e+00 1.93142112874449e+00 1.64344075707161e+00 2.87980371672880e-01
1.91500000000000e+00 1.94225389526833e+00 1.68388356209650e+00 2.58370333171824e-01
1.92000000000000e+00 1.95367862843194e+00 1.72595059347097e+00 2.27728034960968e-01
1.92500000000000e+00 1.96561794645760e+00 1.76942873595353e+00 1.96189210504069e-01
1.93000000000000e+00 1.97799283394699e+00 1.81409624304787e+00 1.63896590899119e-01
1.93500000000000e+00 1.99072317034861e+00 1.85972409271723e+00 1.30999077631384e-01
1.94000000000000e+00 2.00372826220017e+00 1.90607738794082e+00 9.76508742593469e-02
1.94500000000000e+00 2.01692737488953e+00 1.95291679348017e+00 6.40105814093592e-02
1.95000000000000e+00 2.03024025950482e+00 2.00000000000000e+00 3.02402595048201e-02
1.95500000000000e+00 2.04358767026224e+00 2.04708320651983e+00 3.49553625758947e-03
1.96000000000000e+00 2.05689186801629e+00 2.09392261205918e+00 3.70307440428874e-02
1.96500000000000e+00 2.07007710547304e+00 2.14027590728277e+00 7.01988018097373e-02
1.97000000000000e+00 2.08307008994114e+00 2.18590375695213e+00 1.02833667010992e-01
1.97500000000000e+00 2.09580041976088e+00 2.23057126404646e+00 1.34770844285586e-01
1.98000000000000e+00 2.10820099093914e+00 2.27404940652903e+00 1.65848415589891e-01
1.98500000000000e+00 2.12020837097440e+00 2.31611643790350e+00 1.95908066929103e-01
1.99000000000000e+00 2.13176313736581e+00 2.35655924292839e+00 2.24796105562577e-01
1.99500000000000e+00 2.14281017884661e+00 2.39517464013388e+00 2.52364461287274e-01
2.00000000000000e+00 2.15329895794712e+00 2.43177062311339e+00 2.78471665166266e-01
2.00500000000000e+00 2.16318373405947e+00 2.46616753293972e+00 3.02983798880249e-01
2.01000000000000e+00 2.17242374672664e+00 2.49819915448034e+00 3.25775407753693e-01
2.01500000000000e+00 2.18098335939972e+00 2.52771372985530e+00 3.46730370455581e-01
2.02000000000000e+00 2.18883216438432e+00 2.55457488279245e+00 3.65742718408135e-01
2.02500000000000e+00 2.19594505012106e+00 2.57866244818359e+00 3.82717398062534e-01
2.03000000000000e+00 2.20230223230742e+00 2.59987320173000e+00 3.97570969422580e-01
2.03500000000000e+00 2.20788925066475e+00 2.61812148518152e+00 4.10232234516777e-01
2.04000000000000e+00 2.21269693338264e+00 2.63333972331718e+00 4.20642789934546e-01
2.04500000000000e+00 2.21672133143414e+00 2.64547882948272e+00 4.28757498048575e-01
2.05000000000000e+00 2.21996362505180e+00 2.65450849718747e+00 4.34544872135674e-01
2.05500000000000e+00 2.22243000469177e+00 2.66041737596564e+00 4.37987371273871e-01
2.06000000000000e+00 2.22413152879755e+00 2.66321313042021e+00 4.39081601622667e-01
2.06500000000000e+00 2.22508396061315e+00 2.66292238208847e+00 4.37838421475320e-01
2.07000000000000e+00 2.22530758619689e+00 2.65959053448992e+00 4.34282948293027e-01
2.07500000000000e+00 2.22482701565929e+00 2.65328148243819e+00 4.28454466778893e-01
2.08000000000000e+00 2.22367096950032e+00 2.64407720741157e+00 4.20406237911253e-01
2.08500000000000e+00 2.22187205176049e+00 2.63207726147960e+00 4.10205209719114e-01
2.09000000000000e+00 2.21946651153459e+00 2.61739814297001e+00 3.97931631435419e-01
2.09500000000000e+00 2.21649399423226e+00 2.60017256772797e+00 3.83678573495712e-01
2.10000000000000e+00 2.21299728381206e+00 2.58054864046305e+00 3.67551356650988e-01
2.10500000000000e+00 2.20902203706975e+00 2.55868893129538e+00 3.49666894225634e-01
2.11000000000000e+00 2.20461651093068e+00 2.53476946319710e+00 3.30152952266416e-01
2.11500000000000e+00 2.19983128358276e+00 2.50897861657418e+00 3.09147332991420e-01
2.12000000000000e+00 2.19471897019264e+00 2.48151595774496e+00 2.86796987552320e-01
2.12500000000000e+00 2.18933393387405e+00 2.45259099854052e+00 2.63257064666476e-01
2.13000000000000e+00 2.18373199252354e+00 2.42242189467697e+00 2.38689902153433e-01
2.13500000000000e+00 2.17797012210564e+00 2.39123409092702e+00 2.13263968821374e-01
2.14000000000000e+00 2.17210615695449e+00 2.35925892144618e+00 1.87152764491694e-01
2.14500000000000e+00 2.16619848766273e+00 2.32673217388556e+00 1.60533686222833e-01
2.15000000000000e+00 2.16030575714825e+00 2.29389262614624e+00 1.33586868997992e-01
2.15500000000000e+00 2.15448655552408e+00 2.26098056479902e+00 1.06494009274935e-01
2.16000000000000e+00 2.14879911444593e+00 2.22823629430637e+00 7.94371798604407e-02
2.16500000000000e+00 2.14330100167199e+00 2.19589864623990e+00 5.25976445679137e-02
2.17000000000000e+00 2.13804881664198e+00 2.16420349768687e+00 2.61546810448912e-02
2.17500000000000e+00 2.13309788796322e+00 2.13338230798255e+00 2.84420019325715e-04
2.18000000000000e+00 2.12850197378112e+00 2.10366068279205e+00 2.48412909890665e-02
2.18500000000000e+00 2.12431296610828e+00 2.07525697439691e+00 4.90559917113638e-02
2.19000000000000e+00 2.12058060028856e+00 2.04838092681811e+00 7.21996734704478e-02
2.19500000000000e+00 2.11735217087930e+00 2.02323237413107e+00 9.41197967482297e-02
2.20000000000000e+00 2.11467225534422e+00 2.00000000000000e+00 1.14672255344223e-01
2.20500000000000e+00 2.11258244705967e+00 1.97886016608158e+00 1.33722280978091e-01
2.21000000000000e+00 2.11112109924537e+00 1.95997581652323e+00 1.51145282722138e-01
2.21500000000000e+00 2.11032308153512e+00 1.94349546531226e+00 1.66827616222856e-01
2.22000000000000e+00 2.11021955099924e+00 1.92955227272105e+00 1.80667278278195e-01
2.22500000000000e+00 2.11083773951621e+00 1.91826321654437e+00 1.92574522971835e-01
2.23000000000000e+00 2.11220075946011e+00 1.90972836324032e+00 2.02472396219794e-01
2.23500000000000e+00 2.11432742972076e+00 1.90403024347033e+00 2.10297186250429e-01
2.24000000000000e+00 2.11723212409731e+00 1.90123333589028e+00 2.15998788207037e-01
2.24500000000000e+00 2.12092464410123e+00 1.90138366237698e+00 2.19540981724251e-01
2.25000000000000e+00 2.12541011816331e+00 1.90450849718747e+00 2.20901620975833e-01
2.25500000000000e+00 2.13068892915948e+00 1.91061619184595e+00 2.20072737313532e-01
2.26000000000000e+00 2.13675667204537e+00 1.91969611683971e+00 2.17060555205660e-01
2.26500000000000e+00 2.14360414321765e+00 1.93171872048530e+00 2.11885422732358e-01
2.27000000000000e+00 2.15121736299855e+00 1.94663570460343e+00 2.04581658395119e-01
2.27500000000000e+00 2.15957763236744e+00 1.96438031592140e+00 1.95197316446037e-01
2.28000000000000e+00 2.16866162474077e+00 1.98486775140779e+00 1.83793873332980e-01
2.28500000000000e+00 2.17844151323128e+00 2.00799567504205e+00 1.70445838189230e-01
2.29000000000000e+00 2.18888513340388e+00 2.03364484283446e+00 1.55240290569423e-01
2.29500000000000e+00 2.19995618109465e+00 2.06167983224433e+00 1.38276348850320e-01
2.30000000000000e+00 2.21161444437985e+00 2.09194987150091e+00 1.19664572878944e-01
2.30500000000000e+00 2.22381606828330e+00 2.12428976371522e+00 9.95263045680894e-02
2.31000000000000e+00 2.23651385030452e+00 2.15852090008677e+00 7.79929502177508e-02
2.31500000000000e+00 2.24965756434957e+00 2.19445235595975e+00 5.52052083898236e-02
2.32000000000000e+00 2.26319431016486e+00 2.23188206297221e+00 3.13122471926488e-02
2.32500000000000e+00 2.27706888492515e+00 2.27059805007310e+00 6.47083485205346e-03
2.33000000000000e+00 2.29122417322396e+00 2.31037974575665e+00 1.91555725326866e-02
2.33500000000000e+00 2.30560155137061e+00 2.35099933348698e+00 4.53977821163694e-02
2.34000000000000e+00 2.32014130162369e+00 2.39222315195699e+00 7.20818503333072e-02
2.34500000000000e+00 2.33478303179626e+00 2.43381313154985e+00 9.90300997535942e-02
2.35000000000000e+00 2.34946609555939e+00 2.47552825814758e+00 1.26062162588188e-01
2.35500000000000e+00 2.36413000875324e+00 2.51712605526309e+00 1.52996046509844e-01
2.36000000000000e+00 2.37871485708937e+00 2.55836407535858e+00 1.79649218269219e-01
2.36500000000000e+00 2.39316169079326e+00 2.59900139115685e+00 2.05839700363595e-01
2.37000000000000e+00 2.40741290198786e+00 2.63880007775179e+00 2.31387175763929e-01
2.37500000000000e+00 2.42141258094953e+00 2.67752667638138e+00 2.56114095431851e-01
2.38000000000000e+00 2.43510684776840e+00 2.71495363083914e+00 2.79846783070742e-01
2.38500000000000e+00 2.44844415640362e+00 2.75086068766886e+00 3.02416531265240e-01
2.39000000000000e+00 2.46137556862745e+00 2.78503625151058e+00 3.23660682883132e-01
2.39500000000000e+00 2.47385499588690e+00 2.81727868724248e+00 3.43423691355574e-01
2.40000000000000e+00 2.48583940766252e+00 2.84739756089084e+00 3.61558153228326e-01
2.40500000000000e+00 2.49728900545763e+00 2.87521481165829e+00 3.77925806200663e-01
2.41000000000000e+00 2.50816736209396e+00 2.90056584784471e+00 3.92398485750753e-01
2.41500000000000e+00 2.51844152650789e+00 2.92330055990463e+00 4.04859033396748e-01
2.42000000000000e+00 2.52808209472653e+00 2.94328424439572e+00 4.15202149669192e-01
2.42500000000000e+00 2.53706324814315e+00 2.96039843312221e+00 4.23335184979057e-01
2.43000000000000e+00 2.54536276060168e+00 2.97454162236171e+00 4.29178861760031e-01
2.43500000000000e+00 2.55296197613428e+00 2.98562989767982e+00 4.32667921545545e-01
2.44000000000000e+00 2.55984575947088e+00 2.99359745048043e+00 4.33751691009558e-01
2.44500000000000e+00 2.56600242165526e+00 2.99839698310739e+00 4.32394561452135e-01
2.45000000000000e+00 2.57142362325770e+00 3.00000000000000e+00 4.28576376742296e-01
2.45500000000000e+00 2.57610425777307e+00 2.99839698310739e+00 4.22292725334327e-01
2.46000000000000e+00 2.58004231783842e+00 2.99359745048044e+00 4.13555132642015e-01
2.46500000000000e+00 2.58323874690019e+00 2.98562989767982e+00 4.02391150779638e-01
2.47000000000000e+00 2.58569727891352e+00 2.97454162236171e+00 3.88844343448191e-01
2.47500000000000e+00 2.58742426857128e+00 2.96039843312221e+00 3.72974164550928e-01
2.48000000000000e+00 2.58842851444305e+00 2.94328424439572e+00 3.54855729952677e-01
2.48500000000000e+00 2.58872107726250e+00 2.92330055990464e+00 3.34579482642139e-01
2.49000000000000e+00 2.58831509543934e+00 2.90056584784471e+00 3.12250752405371e-01
2.49500000000000e+00 2.58722559969660e+00 2.87521481165830e+00 2.87989211961693e-01
2.50000000000000e+00 2.58546932854961e+00 2.84739756089084e+00 2.61928232341234e-01
2.50500000000000e+00 2.58306454615489e+00 2.81727868724248e+00 2.34214141087594e-01
2.51000000000000e+00 2.58003086386912e+00 2.78503625151058e+00 2.05005387641456e-01
2.51500000000000e+00 2.57638906667399e+00 2.75086068766886e+00 1.74471620994872e-01
2.52000000000000e+00 2.57216094544473e+00 2.71495363083915e+00 1.42792685394417e-01
2.52500000000000e+00 2.56736913587151e+00 2.67752667638138e+00 1.10157540509871e-01
2.53000000000000e+00 2.56203696468394e+00 2.63880007775179e+00 7.67631130678512e-02
2.53500000000000e+00 2.55618830368265e+00 2.59900139115685e+00 4.28130874742063e-02
2.54000000000000e+00 2.54984743194766e+00 2.55836407535859e+00 8.51664341092606e-03
2.54500000000000e+00 2.54303890647207e+00 2.51712605526309e+00 2.59128512089837e-02
2.55000000000000e+00 2.53578744136144e+00 2.47552825814758e+00 6.02591832138653e-02
2.55500000000000e+00 2.52811779564380e+00 2.43381313154985e+00 9.43046640939520e-02
2.56000000000000e+00 2.52005466965210e+00 2.39222315195700e+00 1.27831517695104e-01
2.56500000000000e+00 2.51162260986932e+00 2.35099933348698e+00 1.60623276382334e-01
2.57000000000000e+00 2.50284592206600e+00 2.31037974575666e+00 1.92466176309340e-01
2.57500000000000e+00 2.49374859250946e+00 2.27059805007310e+00 2.23150542436364e-01
2.58000000000000e+00 2.48435421698281e+00 2.23188206297222e+00 2.52472154010596e-01
2.58500000000000e+00 2.47468593731880e+00 2.19445235595975e+00 2.80233581359051e-01
2.59000000000000e+00 2.46476638512844e+00 2.15852090008678e+00 3.06245485041666e-01
2.59500000000000e+00 2.45461763238533e+00 2.12428976371522e+00 3.30327868670109e-01
2.60000000000000e+00 2.44426114851369e+00 2.09194987150091e+00 3.52311277012777e-01
2.60500000000000e+00 2.43371776362026e+00 2.06167983224433e+00 3.72037931375925e-01
2.61000000000000e+00 2.42300763750645e+00 2.03364484283446e+00 3.89362794671994e-01
2.61500000000000e+00 2.41215023409748e+00 2.00799567504205e+00 4.04154559055429e-01
2.62000000000000e+00 2.40116430092807e+00 1.98486775140779e+00 4.16296549520276e-01
2.62500000000000e+00 2.39006785333044e+00 1.96438031592140e+00 4.25687537409039e-01
2.63000000000000e+00 2.37887816297801e+00 1.94663570460343e+00 4.32242458374575e-01
2.63500000000000e+00 2.36761175044759e+00 1.93171872048530e+00 4.35893029962289e-01
2.64000000000000e+00 2.35628438147444e+00 1.91969611683971e+00 4.36588264634726e-01
2.64500000000000e+00 2.34491106658582e+00 1.91061619184595e+00 4.34294874739872e-01
2.65000000000000e+00 2.33350606381184e+00 1.90450849718747e+00 4.28997566624367e-01
2.65500000000000e+00 2.32208288418561e+00 1.90138366237698e+00 4.20699221808627e-01
2.66000000000000e+00 2.31065429975834e+00 1.90123333589028e+00 4.09420963868065e-01
2.66500000000000e+00 2.29923235386883e+00 1.90403024347033e+00 3.95202110398506e-01
2.67000000000000e+00 2.28782837342076e+00 1.90972836324032e+00 3.78100010180441e-01
2.67500000000000e+00 2.27645298293500e+00 1.91826321654437e+00 3.58189766390623e-01
2.68000000000000e+00 2.26511612015786e+00 1.92955227272105e+00 3.35563847436810e-01
2.68500000000000e+00 2.25382705301967e+00 1.94349546531226e+00 3.10331587707406e-01
2.69000000000000e+00 2.24259439775122e+00 1.95997581652323e+00 2.82618581227985e-01
2.69500000000000e+00 2.23142613797857e+00 1.97886016608158e+00 2.52565971896994e-01
2.70000000000000e+00 2.22032964462907e+00 2.00000000000000e+00 2.20329644629067e-01
2.70500000000000e+00 2.20931169649356e+00 2.02323237413106e+00 1.86079322362492e-01
2.71000000000000e+00 2.19837850130149e+00 2.04838092681811e+00 1.49997574483388e-01
2.71500000000000e+00 2.18753571717667e+00 2.07525697439691e+00 1.12278742779758e-01
2.72000000000000e+00 2.17678847435227e+00 2.10366068279205e+00 7.31277915602160e-02
2.72500000000000e+00 2.16614139703404e+00 2.13338230798255e+00 3.27590890514919e-02
2.73000000000000e+00 2.15559862531028e+00 2.16420349768687e+00 8.60487237658925e-03
2.73500000000000e+00 2.14516383701670e+00 2.19589864623990e+00 5.07348092231927e-02
2.74000000000000e+00 2.13484026947305e+00 2.22823629430637e+00 9.33960248333210e-02
2.74500000000000e+00 2.12463074101673e+00 2.26098056479902e+00 1.36349823782283e-01
2.75000000000000e+00 2.11453767226680e+00 2.29389262614624e+00 1.79354953879437e-01
2.75500000000000e+00 2.10456310705892e+00 2.32673217388556e+00 2.22169066826639e-01
2.76000000000000e+00 2.09470873299914e+00 2.35925892144618e+00 2.64550188447039e-01
2.76500000000000e+00 2.08497590159082e+00 2.39123409092702e+00 3.06258189336202e-01
2.77000000000000e+00 2.07536564789520e+00 2.42242189467697e+00 3.47056246781773e-01
2.77500000000000e+00 2.06587870969196e+00 2.45259099854052e+00 3.86712288848555e-01
2.78000000000000e+00 2.05651554611135e+00 2.48151595774496e+00 4.25000411633611e-01
2.78500000000000e+00 2.04727635571446e+00 2.50897861657418e+00 4.61702260859719e-01
2.79000000000000e+00 2.03816109400284e+00 2.53476946319709e+00 4.96608369194248e-01
2.79500000000000e+00 2.02916949034280e+00 2.55868893129538e+00 5.29519440952577e-01
2.80000000000000e+00 2.02030106429361e+00 2.58054864046305e+00 5.60247576169443e-01
2.80500000000000e+00 2.01155514133241e+00 2.60017256772797e+00 5.88617426395563e-01
2.81000000000000e+00 2.00293086797183e+00 2.61739814297001e+00 6.14467274998175e-01
2.81500000000000e+00 1.99442722626912e+00 2.63207726147960e+00 6.37650035210482e-01
2.82000000000000e+00 1.98604304772832e+00 2.64407720741157e+00 6.58034159683248e-01
2.82500000000000e+00 1.97777702659951e+00 2.65328148243819e+00 6.75504455838678e-01
2.83000000000000e+00 1.96962773258077e+00 2.65959053448992e+00 6.89962801909147e-01
2.83500000000000e+00 1.96159362293101e+00 2.66292238208847e+00 7.01328759157461e-01
2.84000000000000e+00 1.95367305400287e+00 2.66321313042021e+00 7.09540076417346e-01
2.84500000000000e+00 1.94586429220667e+00 2.66041737596564e+00 7.14553083758972e-01
2.85000000000000e+00 1.93816552441746e+00 2.65450849718747e+00 7.16342972770012e-01
2.85500000000000e+00 1.93057486783833e+00 2.64547882948272e+00 7.14903961644388e-01
2.86000000000000e+00 1.92309037933389e+00 2.63333972331719e+00 7.10249343983299e-01
2.86500000000000e+00 1.91571006424878e+00 2.61812148518152e+00 7.02411420932743e-01
2.87000000000000e+00 1.90843188472640e+00 2.59987320173000e+00 6.91441317003601e-01
2.87500000000000e+00 1.90125376754361e+00 2.57866244818360e+00 6.77408680639986e-01
2.88000000000000e+00 1.89417361147748e+00 2.55457488279246e+00 6.60401271314980e-01
2.88500000000000e+00 1.88718929422042e+00 2.52771372985530e+00 6.40524435634885e-01
2.89000000000000e+00 1.88029867886001e+00 2.49819915448034e+00 6.17900475620331e-01
2.89500000000000e+00 1.87349961994002e+00 2.46616753293972e+00 5.92667912999699e-01
2.90000000000000e+00 1.86678996911907e+00 2.43177062311339e+00 5.64980653994326e-01
2.90500000000000e+00 1.86016758044304e+00 2.39517464013388e+00 5.35007059690848e-01
2.91000000000000e+00 1.85363031524759e+00 2.35655924292839e+00 5.02928927680797e-01
2.91500000000000e+00 1.84717604670652e+00 2.31611643790350e+00 4.68940391196977e-01
2.92000000000000e+00 1.84080266404155e+00 2.27404940652904e+00 4.33246742487483e-01
2.92500000000000e+00 1.83450807640898e+00 2.23057126404647e+00 3.96063187637491e-01
2.93000000000000e+00 1.82829021647805e+00 2.18590375695213e+00 3.57613540474085e-01
2.93500000000000e+00 1.82214704371567e+00 2.14027590728278e+00 3.18128863567102e-01
2.94000000000000e+00 1.81607654739167e+00 2.09392261205918e+00 2.77846064667516e-01
2.94500000000000e+00 1.81007674931830e+00 2.04708320651984e+00 2.37006457201537e-01
2.95000000000000e+00 1.80414570633749e+00 2.00000000000000e+00 1.95854293662515e-01
2.95500000000000e+00 1.79828151256854e+00 1.95291679348017e+00 1.54635280911631e-01
2.96000000000000e+00 1.79248230142894e+00 1.90607738794082e+00 1.13595086511886e-01
2.96500000000000e+00 1.78674624744017e+00 1.85972409271723e+00 7.29778452770626e-02
2.97000000000000e+00 1.78107156783009e+00 1.81409624304787e+00 3.30246752177770e-02
2.97500000000000e+00 1.77545652394313e+00 1.76942873595354e+00 6.02778798959225e-03
2.98000000000000e+00 1.76989942246873e+00 1.72595059347097e+00 4.39488289977608e-02
2.98500000000000e+00 1.76439861649859e+00 1.68388356209651e+00 8.05150544020821e-02
2.99000000000000e+00 1.75895250642217e+00 1.64344075707161e+00 1.15511749350555e-01
2.99500000000000e+00 1.75355954067011e+00 1.60482535986612e+00 1.48734180803992e-01
3.00000000000000e+00 1.74821821631441e+00 1.56822937688661e+00 1.79988839427793e-01
3.00500000000000e+00 1.74292707953388e+00 1.53383246706028e+00 2.09094612473597e-01
3.01000000000000e+00 1.73768472595321e+00 1.50180084551966e+00 2.35883880433548e-01
3.01500000000000e+00 1.73248980086324e+00 1.47228627014470e+00 2.60203530718537e-01
3.02000000000000e+00 1.72734099932998e+00 1.44542511720755e+00 2.81915882122431e-01
3.02500000000000e+00 1.72223706619951e+00 1.42133755181641e+00 3.00899514383104e-01
3.03000000000000e+00 1.71717679600533e+00 1.40012679827000e+00 3.17049997735332e-01
3.03500000000000e+00 1.71215903278466e+00 1.38187851481848e+00 3.30280517966185e-01
3.04000000000000e+00 1.70718266980984e+00 1.36666027668282e+00 3.40522393127020e-01
3.04500000000000e+00 1.70224664924047e+00 1.35452117051728e+00 3.47725478723190e-01
3.05000000000000e+00 1.69734996170196e+00 1.34549150281253e+00 3.51858458889435e-01
3.05500000000000e+00 1.69249164579558e+00 1.33958262403436e+00 3.52909021761221e-01
3.06000000000000e+00 1.68767078754511e+00 1.33678686957979e+00 3.50883917965321e-01
3.06500000000000e+00 1.68288651978467e+00 1.33707761791153e+00 3.45808901873136e-01
3.07000000000000e+00 1.67813802149236e+00 1.34040946551008e+00 3.37728555982280e-01
3.07500000000000e+00 1.67342451707389e+00 1.34671851756181e+00 3.26705999512074e-01
3.08000000000000e+00 1.66874527560016e+00 1.35592279258843e+00 3.12822483011730e-01
3.08500000000000e+00 1.66409961000288e+00 1.36792273852040e+00 2.96176871482484e-01
3.09000000000000e+00 1.65948687623165e+00 1.38260185702999e+00 2.76885019201660e-01
3.09500000000000e+00 1.65490647237599e+00 1.39982743227203e+00 2.55079040103964e-01
3.10000000000000e+00 1.65035783775582e+00 1.41945135953695e+00 2.30906478218870e-01
3.10500000000000e+00 1.64584045198324e+00 1.44131106870462e+00 2.04529383278618e-01
3.11000000000000e+00 1.64135383399880e+00 1.46523053680290e+00 1.76123297195894e-01
3.11500000000000e+00 1.63689754108501e+00 1.49102138342582e+00 1.45876157659186e-01
3.12000000000000e+00 1.63247116785975e+00 1.51848404225504e+00 1.13987125604710e-01
3.12500000000000e+00 1.62807434525226e+00 1.54740900145948e+00 8.06653437927813e-02
3.13000000000000e+00 1.62370673946397e+00 1.57757810532302e+00 4.61286341409441e-02
3.13500000000000e+00 1.61936805091666e+00 1.60876590907298e+00 1.06021418436812e-02
3.14000000000000e+00 1.61505801319008e+00 1.64074107855382e+00 2.56830653637383e-02
3.14500000000000e+00 1.61077639195109e+00 1.67326782611444e+00 6.24914341633478e-02
3.15000000000000e+00 1.60652298387641e+00 1.70610737385376e+00 9.95843899773570e-02
3.15500000000000e+00 1.60229761557081e+00 1.73901943520098e+00 1.36721819630168e-01
3.16000000000000e+00 1.59810014248264e+00 1.77176370569363e+00 1.73663563210981e-01
3.16500000000000e+00 1.59393044781828e+00 1.80410135376010e+00 2.10170905941818e-01
3.17000000000000e+00 1.58978844145728e+00 1.83579650231313e+00 2.46008060855845e-01
3.17500000000000e+00 1.58567405886976e+00 1.86661769201745e+00 2.80943633147693e-01
3.18000000000000e+00 1.58158726003743e+00 1.89633931720795e+00 3.14752057170520e-01
3.18500000000000e+00 1.57752802837975e+00 1.92474302560309e+00 3.47214997223341e-01
3.19000000000000e+00 1.57349636968657e+00 1.95161907318189e+00 3.78122703495318e-01
3.19500000000000e+00 1.56949231105848e+00 1.97676762586893e+00 4.07275314810457e-01
3.20000000000000e+00 1.56551589985605e+00 2.00000000000000e+00 4.34484100143954e-01
3.20500000000000e+00 1.56156720265924e+00 2.02113983391842e+00 4.59572631259181e-01
3.21000000000000e+00 1.55764630423793e+00 2.04002418347677e+00 4.82377879238832e-01
3.21500000000000e+00 1.55375330653465e+00 2.05650453468774e+00 5.02751228153091e-01
3.22000000000000e+00 1.54988832766046e+00 2.07044772727895e+00 5.20559399618496e-01
3.22500000000000e+00 1.54605150090495e+00 2.08173678345563e+00 5.35685282550677e-01
3.23000000000000e+00 1.54224297376116e+00 2.09027163675968e+00 5.48028662998521e-01
3.23500000000000e+00 1.53846290696620e+00 2.09596975652967e+00 5.57506849563473e-01
3.24000000000000e+00 1.53471147355845e+00 2.09876666410972e+00 5.64055190551273e-01
3.24500000000000e+00 1.53098885795189e+00 2.09861633762302e+00 5.67627479671129e-01
3.25000000000000e+00 1.52729525502830e+00 2.09549150281253e+00 5.68196247784224e-01
3.25500000000000e+00 1.52363086924797e+00 2.08938380815405e+00 5.65752938906080e-01
3.26000000000000e+00 1.51999591377938e+00 2.08030388316029e+00 5.60307969380910e-01
3.26500000000000e+00 1.51639060964841e+00 2.06828127951470e+00 5.51890669866299e-01
3.27000000000000e+00 1.51281518490761e+00 2.05336429539657e+00 5.40549110488961e-01
3.27500000000000e+00 1.50926987382587e+00 2.03561968407860e+00 5.26349810252727e-01
3.28000000000000e+00 1.50575491609887e+00 2.01513224859221e+00 5.09377332493341e-01
3.28500000000000e+00 1.50227055608071e+00 1.99200432495795e+00 4.89733768877238e-01
3.29000000000000e+00 1.49881704203700e+00 1.96635515716554e+00 4.67538115128538e-01
3.29500000000000e+00 1.49539462541963e+00 1.93832016775567e+00 4.42925542336043e-01
3.30000000000000e+00 1.49200356016343e+00 1.90805012849909e+00 4.16046568335663e-01
3.30500000000000e+00 1.48864410200501e+00 1.87571023628479e+00 3.87066134279773e-01
3.31000000000000e+00 1.48531650782380e+00 1.84147909991323e+00 3.56162592089431e-01
3.31500000000000e+00 1.48202103500538e+00 1.80554764404025e+00 3.23526609034874e-01
3.32000000000000e+00 1.47875794082735e+00 1.76811793702778e+00 2.89359996200432e-01
3.32500000000000e+00 1.47552748186754e+00 1.72940194992690e+00 2.53874468059363e-01
3.33000000000000e+00 1.47232991343473e+00 1.68962025424335e+00 2.17290340808617e-01
3.33500000000000e+00 1.46916548902178e+00 1.64900066651302e+00 1.79835177491241e-01
3.34000000000000e+00 1.46603445978112e+00 1.60777684804301e+00 1.41742388261889e-01
3.34500000000000e+00 1.46293707402249e+00 1.56618686845015e+00 1.03249794427657e-01
3.35000000000000e+00 1.45987357673289e+00 1.52447174185243e+00 6.45981651195333e-02
3.35500000000000e+00 1.45684420911841e+00 1.48287394473692e+00 2.60297356185069e-02
3.36000000000000e+00 1.45384920816799e+00 1.44163592464142e+00 1.22132835265680e-02
3.36500000000000e+00 1.45088880623873e+00 1.40099860884315e+00 4.98901973955799e-02
3.37000000000000e+00 1.44796323066262e+00 1.36119992224821e+00 8.67633084144119e-02
3.37500000000000e+00 1.44507270337441e+00 1.32247332361862e+00 1.22599379755789e-01
3.38000000000000e+00 1.44221744056025e+00 1.28504636916086e+00 1.57171071399398e-01
3.38500000000000e+00 1.43939765232710e+00 1.24913931233114e+00 1.90258339995953e-01
3.39000000000000e+00 1.43661354239214e+00 1.21496374848942e+00 2.21649793902718e-01
3.39500000000000e+00 1.43386530779234e+00 1.18272131275752e+00 2.51143995034812e-01
3.40000000000000e+00 1.43115313861342e+00 1.15260243910916e+00 2.78550699504259e-01
3.40500000000000e+00 1.42847721773813e+00 1.12478518834171e+00 3.03692029396426e-01
3.41000000000000e+00 1.42583772061330e+00 1.09943415215529e+00 3.26403568458007e-01
3.41500000000000e+00 1.42323481503530e+00 1.07669944009537e+00 3.46535374939933e-01
3.42000000000000e+00 1.42066866095357e+00 1.05671575560428e+00 3.63952905349294e-01
3.42500000000000e+00 1.41813941029173e+00 1.03960156687779e+00 3.78537843413941e-01
3.43000000000000e+00 1.41564720678581e+00 1.02545837763829e+00 3.90188829147520e-01
3.43500000000000e+00 1.41319218583926e+00 1.01437010232018e+00 3.98822083519083e-01
3.44000000000000e+00 1.41077447439423e+00 1.00640254951957e+00 4.04371924874660e-01
3.44500000000000e+00 1.40839419081863e+00 1.00160301689261e+00 4.06791173926023e-01
3.45000000000000e+00 1.40605144480862e+00 1.00000000000000e+00 4.06051444808623e-01
3.45500000000000e+00 1.40374633730594e+00 1.00160301689261e+00 4.02143320413330e-01
3.46000000000000e+00 1.40147896042963e+00 1.00640254951956e+00 3.95076410910067e-01
3.46500000000000e+00 1.39924939742183e+00 1.01437010232018e+00 3.84879295101657e-01
3.47000000000000e+00 1.39705772260690e+00 1.02545837763829e+00 3.71599344968609e-01
3.47500000000000e+00 1.39490400136360e+00 1.03960156687779e+00 3.55302434485809e-01
3.48000000000000e+00 1.39278829010984e+00 1.05671575560427e+00 3.36072534505570e-01
3.48500000000000e+00 1.39071063629937e+00 1.07669944009536e+00 3.14011196204012e-01
3.49000000000000e+00 1.38867107843010e+00 1.09943415215529e+00 2.89236926274816e-01
3.49500000000000e+00 1.38666964606348e+00 1.12478518834171e+00 2.61884457721774e-01
3.50000000000000e+00 1.38470635985452e+00 1.15260243910915e+00 2.32103920745362e-01
3.50500000000000e+00 1.38278123159195e+00 1.18272131275752e+00 2.00059918834425e-01
3.51000000000000e+00 1.38089426424807e+00 1.21496374848942e+00 1.65930515758646e-01
3.51500000000000e+00 1.37904545203783e+00 1.24913931233114e+00 1.29906139706690e-01
3.52000000000000e+00 1.37723478048670e+00 1.28504636916085e+00 9.21884113258504e-02
3.52500000000000e+00 1.37546222650685e+00 1.32247332361861e+00 5.29889028882384e-02
3.53000000000000e+00 1.37372775848122e+00 1.36119992224821e+00 1.25278362330157e-02
3.53500000000000e+00 1.37203133635509e+00 1.40099860884315e+00 2.89672724880519e-02
3.54000000000000e+00 1.37037291173463e+00 1.44163592464141e+00 7.12630129067802e-02
3.54500000000000e+00 1.36875242799207e+00 1.48287394473691e+00 1.14121516744840e-01
3.55000000000000e+00 1.36716982037713e+00 1.52447174185242e+00 1.57301921475292e-01
3.55500000000000e+00 1.36562501613420e+00 1.56618686845015e+00 2.00561852315950e-01
3.56000000000000e+00 1.36411793462492e+00 1.60777684804300e+00 2.43658913418076e-01
3.56500000000000e+00 1.36264848745587e+00 1.64900066651302e+00 2.86352179057149e-01
3.57000000000000e+00 1.36121657861080e+00 1.68962025424335e+00 3.28403675632547e-01
3.57500000000000e+00 1.35982210458728e+00 1.72940194992690e+00 3.69579845339619e-01
3.58000000000000e+00 1.35846495453719e+00 1.76811793702778e+00 4.09652982490596e-01
3.58500000000000e+00 1.35714501041083e+00 1.80554764404025e+00 4.48402633629413e-01
3.59000000000000e+00 1.35586214710438e+00 1.84147909991322e+00 4.85616952808845e-01
3.59500000000000e+00 1.35461623261012e+00 1.87571023628478e+00 5.21094003674661e-01
3.60000000000000e+00 1.35340712816947e+00 1.90805012849909e+00 5.54643000329621e-01
3.60500000000000e+00 1.35223468842822e+00 1.93832016775567e+00 5.86085479327450e-01
3.61000000000000e+00 1.35109876159386e+00 1.96635515716554e+00 6.15256395571685e-01
3.61500000000000e+00 1.34999918959464e+00 1.99200432495795e+00 6.42005135363316e-01
3.62000000000000e+00 1.34893580824010e+00 2.01513224859221e+00 6.66196440352112e-01
3.62500000000000e+00 1.34790844738285e+00 2.03561968407860e+00 6.87711236695746e-01
3.63000000000000e+00 1.34691693108129e+00 2.05336429539657e+00 7.06447364315277e-01
3.63500000000000e+00 1.34596107776306e+00 2.06828127951470e+00 7.22320201751643e-01
3.64000000000000e+00 1.34504070038900e+00 2.08030388316029e+00 7.35263182771284e-01
3.64500000000000e+00 1.34415560661741e+00 2.08938380815405e+00 7.45228201536642e-01
3.65000000000000e+00 1.34330559896831e+00 2.09549150281253e+00 7.52185903844220e-01
3.65500000000000e+00 1.34249047498763e+00 2.09861633762302e+00 7.56125862635386e-01
3.66000000000000e+00 1.34171002741109e+00 2.09876666410972e+00 7.57056636698638e-01
3.66500000000000e+00 1.34096404432747e+00 2.09596975652967e+00 7.55005712202202e-01
3.67000000000000e+00 1.34025230934136e+00 2.09027163675968e+00 7.50019327418319e-01
3.67500000000000e+00 1.33957460173492e+00 2.08173678345563e+00 7.42162181720707e-01
3.68000000000000e+00 1.33893069662874e+00 2.07044772727895e+00 7.31517030650218e-01
3.68500000000000e+00 1.33832036514152e+00 2.05650453468774e+00 7.18184169546219e-01
3.69000000000000e+00 1.33774337454853e+00 2.04002418347677e+00 7.02280808928242e-01
3.69500000000000e+00 1.33719948843854e+00 2.02113983391842e+00 6.83940345479881e-01
3.70000000000000e+00 1.33668846686940e+00 2.00000000000000e+00 6.63311533130601e-01
3.70500000000000e+00 1.33621006652182e+00 1.97676762586894e+00 6.40557559347120e-01
3.71000000000000e+00 1.33576404085149e+00 1.95161907318189e+00 6.15855032330403e-01
3.71500000000000e+00 1.33535014023940e+00 1.92474302560309e+00 5.89392885363691e-01
3.72000000000000e+00 1.33496811214008e+00 1.89633931720795e+00 5.61371205067869e-01
3.72500000000000e+00 1.33461770122800e+00 1.86661769201745e+00 5.31999990789456e-01
3.73000000000000e+00 1.33429864954176e+00 1.83579650231313e+00 5.01497852771371e-01
3.73500000000000e+00 1.33401069662618e+00 1.80410135376010e+00 4.70090657133918e-01
3.74000000000000e+00 1.33375357967213e+00 1.77176370569363e+00 4.38010126021496e-01
3.74500000000000e+00 1.33352703365409e+00 1.73901943520098e+00 4.05492401546897e-01
3.75000000000000e+00 1.33333079146537e+00 1.70610737385376e+00 3.72776582388399e-01
3.75500000000000e+00 1.33316458405098e+00 1.67326782611444e+00 3.40103242063460e-01
3.76000000000000e+00 1.33302814053804e+00 1.64074107855382e+00 3.07712938015785e-01
3.76500000000000e+00 1.33292118836371e+00 1.60876590907298e+00 2.75844720709271e-01
3.77000000000000e+00 1.33284345340074e+00 1.57757810532303e+00 2.44734651922290e-01
3.77500000000000e+00 1.33279466008035e+00 1.54740900145948e+00 2.14614341379137e-01
3.78000000000000e+00 1.33277453151269e+00 1.51848404225504e+00 1.85709510742355e-01
3.78500000000000e+00 1.33278278960472e+00 1.49102138342582e+00 1.58238593821105e-01
3.79000000000000e+00 1.33281915517547e+00 1.46523053680291e+00 1.32411381627433e-01
3.79500000000000e+00 1.33288334806882e+00 1.44131106870462e+00 1.08427720635800e-01
3.80000000000000e+00 1.33297508726357e+00 1.41945135953695e+00 8.64762722733865e-02
3.80500000000000e+00 1.33309409098103e+00 1.39982743227203e+00 6.67333412909989e-02
3.81000000000000e+00 1.33324007679002e+00 1.38260185702999e+00 4.93617802399764e-02
3.81500000000000e+00 1.33341276170918e+00 1.36792273852040e+00 3.45099768112207e-02
3.82000000000000e+00 1.33361186230688e+00 1.35592279258843e+00 2.23109302815478e-02
3.82500000000000e+00 1.33383709479840e+00 1.34671851756181e+00 1.28814227634098e-02
3.83000000000000e+00 1.33408817514067e+00 1.34040946551008e+00 6.32129036940987e-03
3.83500000000000e+00 1.33436481912444e+00 1.33707761791153e+00 2.71279878708919e-03
3.84000000000000e+00 1.33466674246392e+00 1.33678686957979e+00 2.12012711586151e-03
3.84500000000000e+00 1.33499366088394e+00 1.33958262403436e+00 4.58896315042145e-03
3.85000000000000e+00 1.33534529020463e+00 1.34549150281253e+00 1.01462126078999e-02
3.85500000000000e+00 1.33572134642364e+00 1.35452117051728e+00 1.87998240936436e-02
3.86000000000000e+00 1.33612154579596e+00 1.36666027668282e+00 3.05387308868605e-02
3.86500000000000e+00 1.33654560491128e+00 1.38187851481848e+00 4.53329099071933e-02
3.87000000000000e+00 1.33699324076908e+00 1.40012679826999e+00 6.31335575009171e-02
3.87500000000000e+00 1.33746417085123e+00 1.42133755181640e+00 8.38733809651711e-02
3.88000000000000e+00 1.33795811319245e+00 1.44542511720754e+00 1.07467004015093e-01
3.88500000000000e+00 1.33847478644833e+00 1.47228627014469e+00 1.33811483696360e-01
3.89000000000000e+00 1.33901390996125e+00 1.50180084551966e+00 1.62786935558414e-01
3.89500000000000e+00 1.33957520382394e+00 1.53383246706028e+00 1.94257263236341e-01
3.90000000000000e+00 1.34015838894101e+00 1.56822937688661e+00 2.28070987945602e-01
3.90500000000000e+00 1.34076318708821e+00 1.60482535986612e+00 2.64062172777901e-01
3.91000000000000e+00 1.34138932096971e+00 1.64344075707161e+00 3.02051436101904e-01
3.91500000000000e+00 1.34203651427316e+00 1.68388356209650e+00 3.41847047823336e-01
3.92000000000000e+00 1.34270449172289e+00 1.72595059347097e+00 3.83246101748076e-01
3.92500000000000e+00 1.34339297913097e+00 1.76942873595353e+00 4.26035756822566e-01
3.93000000000000e+00 1.34410170344638e+00 1.81409624304787e+00 4.69994539601482e-01
3.93500000000000e+00 1.34483039280232e+00 1.85972409271722e+00 5.14893699914909e-01
3.94000000000000e+00 1.34557877656148e+00 1.90607738794081e+00 5.60498611379336e-01
3.94500000000000e+00 1.34634658535966e+00 1.95291679348016e+00 6.06570208120504e-01
3.95000000000000e+00 1.34713355114745e+00 2.00000000000000e+00 6.52866448852549e-01
3.95500000000000e+00 1.34793940723021e+00 2.04708320651983e+00 6.99143799289623e-01
3.96000000000000e+00 1.34876388830631e+00 2.09392261205918e+00 7.45158723752866e-01
3.96500000000000e+00 1.34960673050369e+00 2.14027590728278e+00 7.90669176779092e-01
3.97000000000000e+00 1.35046767141475e+00 2.18590375695213e+00 8.35436085537376e-01
3.97500000000000e+00 1.35134645012971e+00 2.23057126404647e+00 8.79224813916759e-01
3.98000000000000e+00 1.35224280726826e+00 2.27404940652903e+00 9.21806599260770e-01
3.98500000000000e+00 1.35315648500981e+00 2.31611643790350e+00 9.62959952893687e-01
3.99000000000000e+00 1.35408722712220e+00 2.35655924292839e+00 1.00247201580619e+00
3.99500000000000e+00 1.35503477898890e+00 2.39517464013388e+00 1.04013986114499e+00
4.00000000000000e+00 1.35599888763488e+00 2.43177062311338e+00 1.07577173547851e+00
