variables = x, value-predict, value-true, error
0.00000000000000e+00 3.41100475243804e+00 2.43177062311339e+00 9.79234129324656e-01
5.00000000000000e-03 3.40440548181744e+00 2.46616753293972e+00 9.38237948877719e-01
1.00000000000000e-02 3.39781750455654e+00 2.49819915448034e+00 8.99618350076208e-01
1.50000000000000e-02 3.39124086479967e+00 2.52771372985530e+00 8.63527134944370e-01
2.00000000000000e-02 3.38467560652233e+00 2.55457488279246e+00 8.30100723729878e-01
2.50000000000000e-02 3.37812177352981e+00 2.57866244818360e+00 7.99459325346211e-01
3.00000000000000e-02 3.37157940945575e+00 2.59987320173000e+00 7.71706207725742e-01
3.50000000000000e-02 3.36504855776075e+00 2.61812148518152e+00 7.46927072579224e-01
4.00000000000000e-02 3.35852926173097e+00 2.63333972331718e+00 7.25189538413782e-01
4.50000000000000e-02 3.35202156447669e+00 2.64547882948272e+00 7.06542734993973e-01
5.00000000000000e-02 3.34552550893095e+00 2.65450849718747e+00 6.91017011743480e-01
5.50000000000000e-02 3.33904113784814e+00 2.66041737596564e+00 6.78623761882501e-01
6.00000000000000e-02 3.33256849380258e+00 2.66321313042021e+00 6.69355363382361e-01
6.50000000000000e-02 3.32610761918715e+00 2.66292238208847e+00 6.63185237098679e-01
7.00000000000000e-02 3.31965855621191e+00 2.65959053448992e+00 6.60068021721994e-01
7.50000000000000e-02 3.31322134690271e+00 2.65328148243819e+00 6.59939864464520e-01
8.00000000000000e-02 3.30679603309979e+00 2.64407720741157e+00 6.62718825688211e-01
8.50000000000000e-02 3.30038265645641e+00 2.63207726147960e+00 6.68305394976815e-01
9.00000000000000e-02 3.29398125843752e+00 2.61739814297001e+00 6.76583115467508e-01
9.50000000000000e-02 3.28759188031830e+00 2.60017256772797e+00 6.87419312590329e-01
1.00000000000000e-01 3.28121456318288e+00 2.58054864046305e+00 7.00665922719835e-01
1.05000000000000e-01 3.27484934792293e+00 2.55868893129538e+00 7.16160416627555e-01
1.10000000000000e-01 3.26849627523632e+00 2.53476946319709e+00 7.33726812039223e-01
1.15000000000000e-01 3.26215538562574e+00 2.50897861657418e+00 7.53176769051557e-01
1.20000000000000e-01 3.25582671939737e+00 2.48151595774496e+00 7.74310761652410e-01
1.25000000000000e-01 3.24951031665955e+00 2.45259099854052e+00 7.96919318119031e-01
1.30000000000000e-01 3.24320621732139e+00 2.42242189467697e+00 8.20784322644422e-01
1.35000000000000e-01 3.23691446109148e+00 2.39123409092702e+00 8.45680370164462e-01
1.40000000000000e-01 3.23063508747651e+00 2.35925892144618e+00 8.71376166030327e-01
1.45000000000000e-01 3.22436813577997e+00 2.32673217388556e+00 8.97635961894409e-01
1.50000000000000e-01 3.21811364510083e+00 2.29389262614624e+00 9.24221018954589e-01
1.55000000000000e-01 3.21187165433218e+00 2.26098056479902e+00 9.50891089533156e-01
1.60000000000000e-01 3.20564220215995e+00 2.22823629430637e+00 9.77405907853578e-01
1.65000000000000e-01 3.19942532706160e+00 2.19589864623990e+00 1.00352668082170e+00
1.70000000000000e-01 3.19322106730478e+00 2.16420349768687e+00 1.02901756961791e+00
1.75000000000000e-01 3.18702946094604e+00 2.13338230798255e+00 1.05364715296349e+00
1.80000000000000e-01 3.18085054582956e+00 2.10366068279205e+00 1.07718986303751e+00
1.85000000000000e-01 3.17468435958581e+00 2.07525697439691e+00 1.09942738518890e+00
1.90000000000000e-01 3.16853093963031e+00 2.04838092681811e+00 1.12015001281220e+00
1.95000000000000e-01 3.16239032316230e+00 2.02323237413107e+00 1.13915794903124e+00
2.00000000000000e-01 3.15626254716350e+00 2.00000000000000e+00 1.15626254716350e+00
2.05000000000000e-01 3.15014764839680e+00 1.97886016608158e+00 1.17128748231522e+00
2.10000000000000e-01 3.14404566340504e+00 1.95997581652323e+00 1.18406984688181e+00
2.15000000000000e-01 3.13795662850970e+00 1.94349546531226e+00 1.19446116319744e+00
2.20000000000000e-01 3.13188057980968e+00 1.92955227272105e+00 1.20232830708863e+00
2.25000000000000e-01 3.12581755318001e+00 1.91826321654437e+00 1.20755433663564e+00
2.30000000000000e-01 3.11976758427065e+00 1.90972836324032e+00 1.21003922103033e+00
2.35000000000000e-01 3.11373070850519e+00 1.90403024347033e+00 1.20970046503487e+00
2.40000000000000e-01 3.10770696107969e+00 1.90123333589028e+00 1.20647362518941e+00
2.45000000000000e-01 3.10169637696137e+00 1.90138366237698e+00 1.20031271458439e+00
2.50000000000000e-01 3.09569899088745e+00 1.90450849718747e+00 1.19119049369997e+00
2.55000000000000e-01 3.08971483736389e+00 1.91061619184595e+00 1.17909864551794e+00
2.60000000000000e-01 3.08374395066420e+00 1.91969611683971e+00 1.16404783382449e+00
2.65000000000000e-01 3.07778636482823e+00 1.93171872048530e+00 1.14606764434293e+00
2.70000000000000e-01 3.07184211366096e+00 1.94663570460343e+00 1.12520640905753e+00
2.75000000000000e-01 3.06591123073131e+00 1.96438031592140e+00 1.10153091480991e+00
2.80000000000000e-01 3.05999374937097e+00 1.98486775140779e+00 1.07512599796318e+00
2.85000000000000e-01 3.05408970267317e+00 2.00799567504205e+00 1.04609402763112e+00
2.90000000000000e-01 3.04819912349157e+00 2.03364484283446e+00 1.01455428065711e+00
2.95000000000000e-01 3.04232204443902e+00 2.06167983224433e+00 9.80642212194694e-01
3.00000000000000e-01 3.03645849788647e+00 2.09194987150091e+00 9.44508626385558e-01
3.05000000000000e-01 3.03060851596173e+00 2.12428976371522e+00 9.06318752246518e-01
3.10000000000000e-01 3.02477213054841e+00 2.15852090008677e+00 8.66251230461633e-01
3.15000000000000e-01 3.01894937328468e+00 2.19445235595975e+00 8.24497017324933e-01
3.20000000000000e-01 3.01314027556223e+00 2.23188206297222e+00 7.81258212590009e-01
3.25000000000000e-01 3.00734486852505e+00 2.27059805007310e+00 7.36746818451949e-01
3.30000000000000e-01 3.00156318306837e+00 2.31037974575665e+00 6.91183437311723e-01
3.35000000000000e-01 2.99579524983753e+00 2.35099933348698e+00 6.44795916350546e-01
3.40000000000000e-01 2.99004109922682e+00 2.39222315195700e+00 5.97817947269822e-01
3.45000000000000e-01 2.98430076137845e+00 2.43381313154985e+00 5.50487629828599e-01
3.50000000000000e-01 2.97857426618140e+00 2.47552825814758e+00 5.03046008033826e-01
3.55000000000000e-01 2.97286164327036e+00 2.51712605526309e+00 4.55735588007276e-01
3.60000000000000e-01 2.96716292202463e+00 2.55836407535859e+00 4.08798846666046e-01
3.65000000000000e-01 2.96147813156705e+00 2.59900139115685e+00 3.62476740410199e-01
3.70000000000000e-01 2.95580730076293e+00 2.63880007775179e+00 3.17007223011139e-01
3.75000000000000e-01 2.95015045821899e+00 2.67752667638138e+00 2.72623781837608e-01
3.80000000000000e-01 2.94450763228232e+00 2.71495363083915e+00 2.29554001443169e-01
3.85000000000000e-01 2.93887885103930e+00 2.75086068766886e+00 1.88018163370440e-01
3.90000000000000e-01 2.93326414231460e+00 2.78503625151058e+00 1.48227890804014e-01
3.95000000000000e-01 2.92766353367011e+00 2.81727868724248e+00 1.10384846427633e-01
4.00000000000000e-01 2.92207705240397e+00 2.84739756089084e+00 7.46794915131241e-02
4.05000000000000e-01 2.91650472554947e+00 2.87521481165829e+00 4.12899138911809e-02
4.10000000000000e-01 2.91094657987415e+00 2.90056584784471e+00 1.03807320294340e-02
4.15000000000000e-01 2.90540264187868e+00 2.92330055990464e+00 1.78979180259558e-02
4.20000000000000e-01 2.89987293779597e+00 2.94328424439572e+00 4.34113065997535e-02
4.25000000000000e-01 2.89435749359012e+00 2.96039843312221e+00 6.60409395320869e-02
4.30000000000000e-01 2.88885633495547e+00 2.97454162236171e+00 8.56852874062413e-02
4.35000000000000e-01 2.88336948731563e+00 2.98562989767982e+00 1.02260410364197e-01
4.40000000000000e-01 2.87789697582249e+00 2.99359745048043e+00 1.15700474657948e-01
4.45000000000000e-01 2.87243882535531e+00 2.99839698310739e+00 1.25958157752085e-01
4.50000000000000e-01 2.86699506051974e+00 3.00000000000000e+00 1.33004939480255e-01
4.55000000000000e-01 2.86156570564692e+00 2.99839698310739e+00 1.36831277460476e-01
4.60000000000000e-01 2.85615078479248e+00 2.99359745048043e+00 1.37446665687950e-01
4.65000000000000e-01 2.85075032173571e+00 2.98562989767982e+00 1.34879575944109e-01
4.70000000000000e-01 2.84536433997858e+00 2.97454162236171e+00 1.29177282383128e-01
4.75000000000000e-01 2.83999286274487e+00 2.96039843312221e+00 1.20405570377342e-01
4.80000000000000e-01 2.83463591297923e+00 2.94328424439572e+00 1.08648331416491e-01
4.85000000000000e-01 2.82929351334638e+00 2.92330055990464e+00 9.40070465582599e-02
4.90000000000000e-01 2.82396568623012e+00 2.90056584784471e+00 7.66001616145933e-02
4.95000000000000e-01 2.81865245373255e+00 2.87521481165829e+00 5.65623579257410e-02
5.00000000000000e-01 2.81335383767317e+00 2.84739756089084e+00 3.40437232176707e-02
5.05000000000000e-01 2.80806985958802e+00 2.81727868724248e+00 9.20882765445930e-03
5.10000000000000e-01 2.80280054072885e+00 2.78503625151058e+00 1.77642892182690e-02
5.15000000000000e-01 2.79754590206228e+00 2.75086068766886e+00 4.66852143934240e-02
5.20000000000000e-01 2.79230596426898e+00 2.71495363083915e+00 7.73523334298329e-02
5.25000000000000e-01 2.78708074774284e+00 2.67752667638138e+00 1.09554071361454e-01
5.30000000000000e-01 2.78187027259016e+00 2.63880007775179e+00 1.43070194838371e-01
5.35000000000000e-01 2.77667455862887e+00 2.59900139115685e+00 1.77673167472022e-01
5.40000000000000e-01 2.77149362538773e+00 2.55836407535859e+00 2.13129550029141e-01
5.45000000000000e-01 2.76632749210552e+00 2.51712605526309e+00 2.49201436842429e-01
5.50000000000000e-01 2.76117617773030e+00 2.47552825814758e+00 2.85647919582725e-01
5.55000000000000e-01 2.75603970091865e+00 2.43381313154985e+00 3.22226569368805e-01
5.60000000000000e-01 2.75091808003490e+00 2.39222315195700e+00 3.58694928077903e-01
5.65000000000000e-01 2.74581133315037e+00 2.35099933348698e+00 3.94811999663386e-01
5.70000000000000e-01 2.74071947804265e+00 2.31037974575665e+00 4.30339732286003e-01
5.75000000000000e-01 2.73564253219491e+00 2.27059805007310e+00 4.65044482121811e-01
5.80000000000000e-01 2.73058051279510e+00 2.23188206297222e+00 4.98698449822880e-01
5.85000000000000e-01 2.72553343673531e+00 2.19445235595975e+00 5.31081080775566e-01
5.90000000000000e-01 2.72050132061106e+00 2.15852090008677e+00 5.61980420524292e-01
5.95000000000000e-01 2.71548418072059e+00 2.12428976371522e+00 5.91194417005374e-01
6.00000000000000e-01 2.71048203306418e+00 2.09194987150091e+00 6.18532161563272e-01
6.05000000000000e-01 2.70549489334351e+00 2.06167983224433e+00 6.43815061099182e-01
6.10000000000000e-01 2.70052277696098e+00 2.03364484283446e+00 6.66877934126519e-01
6.15000000000000e-01 2.69556569901904e+00 2.00799567504205e+00 6.87570023976989e-01
6.20000000000000e-01 2.69062367431959e+00 1.98486775140779e+00 7.05755922911804e-01
6.25000000000000e-01 2.68569671736333e+00 1.96438031592140e+00 7.21316401441926e-01
6.30000000000000e-01 2.68078484234912e+00 1.94663570460343e+00 7.34149137745688e-01
6.35000000000000e-01 2.67588806317340e+00 1.93171872048530e+00 7.44169342688098e-01
6.40000000000000e-01 2.67100639342956e+00 1.91969611683971e+00 7.51310276589844e-01
6.45000000000000e-01 2.66613984640737e+00 1.91061619184595e+00 7.55523654561426e-01
6.50000000000000e-01 2.66128843509240e+00 1.90450849718747e+00 7.56779937904930e-01
6.55000000000000e-01 2.65645217216542e+00 1.90138366237698e+00 7.55068509788443e-01
6.60000000000000e-01 2.65163107000187e+00 1.90123333589028e+00 7.50397734111593e-01
6.65000000000000e-01 2.64682514067128e+00 1.90403024347033e+00 7.42794897200950e-01
6.70000000000000e-01 2.64203439593674e+00 1.90972836324032e+00 7.32306032696425e-01
6.75000000000000e-01 2.63725884725440e+00 1.91826321654437e+00 7.18995630710027e-01
6.80000000000000e-01 2.63249850577288e+00 1.92955227272105e+00 7.02946233051837e-01
6.85000000000000e-01 2.62775338233283e+00 1.94349546531226e+00 6.84257917020574e-01
6.90000000000000e-01 2.62302348746638e+00 1.95997581652323e+00 6.63047670943148e-01
6.95000000000000e-01 2.61830883139666e+00 1.97886016608158e+00 6.39448665315083e-01
7.00000000000000e-01 2.61360942403734e+00 2.00000000000000e+00 6.13609424037342e-01
7.05000000000000e-01 2.60892527499214e+00 2.02323237413106e+00 5.85692900861073e-01
7.10000000000000e-01 2.60425639355436e+00 2.04838092681811e+00 5.55875466736254e-01
7.15000000000000e-01 2.59960278870647e+00 2.07525697439691e+00 5.24345814309559e-01
7.20000000000000e-01 2.59496446911963e+00 2.10366068279205e+00 4.91303786327577e-01
7.25000000000000e-01 2.59034144315328e+00 2.13338230798255e+00 4.56959135170729e-01
7.30000000000000e-01 2.58573371885471e+00 2.16420349768687e+00 4.21530221167840e-01
7.35000000000000e-01 2.58114130395869e+00 2.19589864623990e+00 3.85242657718786e-01
7.40000000000000e-01 2.57656420588700e+00 2.22823629430637e+00 3.48327911580629e-01
7.45000000000000e-01 2.57200243174813e+00 2.26098056479902e+00 3.11021866949114e-01
7.50000000000000e-01 2.56745598833684e+00 2.29389262614624e+00 2.73563362190607e-01
7.55000000000000e-01 2.56292488213382e+00 2.32673217388556e+00 2.36192708248255e-01
7.60000000000000e-01 2.55840911930532e+00 2.35925892144618e+00 1.99150197859134e-01
7.65000000000000e-01 2.55390870570282e+00 2.39123409092702e+00 1.62674614775803e-01
7.70000000000000e-01 2.54942364686272e+00 2.42242189467697e+00 1.27001752185745e-01
7.75000000000000e-01 2.54495394800595e+00 2.45259099854052e+00 9.23629494654294e-02
7.80000000000000e-01 2.54049961403772e+00 2.48151595774496e+00 5.89836562927624e-02
7.85000000000000e-01 2.53606064954720e+00 2.50897861657418e+00 2.70820329730221e-02
7.90000000000000e-01 2.53163705880721e+00 2.53476946319709e+00 3.13240438988105e-03
7.95000000000000e-01 2.52722884577397e+00 2.55868893129538e+00 3.14600855214038e-02
8.00000000000000e-01 2.52283601408682e+00 2.58054864046305e+00 5.77126263762286e-02
8.05000000000000e-01 2.51845856706794e+00 2.60017256772797e+00 8.17140006600350e-02
8.10000000000000e-01 2.51409650772213e+00 2.61739814297001e+00 1.03301635247876e-01
8.15000000000000e-01 2.50974983873659e+00 2.63207726147960e+00 1.22327422743012e-01
8.20000000000000e-01 2.50541856248063e+00 2.64407720741157e+00 1.38658644930944e-01
8.25000000000000e-01 2.50110268100552e+00 2.65328148243819e+00 1.52178801432665e-01
8.30000000000000e-01 2.49680219604427e+00 2.65959053448992e+00 1.62788338445648e-01
8.35000000000000e-01 2.49251710901140e+00 2.66292238208847e+00 1.70405273077068e-01
8.40000000000000e-01 2.48824742100281e+00 2.66321313042021e+00 1.74965709417403e-01
8.45000000000000e-01 2.48399313279559e+00 2.66041737596564e+00 1.76424243170052e-01
8.50000000000000e-01 2.47975424484783e+00 2.65450849718747e+00 1.74754252339640e-01
8.55000000000000e-01 2.47553075729854e+00 2.64547882948272e+00 1.69948072184176e-01
8.60000000000000e-01 2.47132266996743e+00 2.63333972331718e+00 1.62017053349750e-01
8.65000000000000e-01 2.46712998235486e+00 2.61812148518153e+00 1.50991502826664e-01
8.70000000000000e-01 2.46295269364166e+00 2.59987320173000e+00 1.36920508088343e-01
8.75000000000000e-01 2.45879080268907e+00 2.57866244818360e+00 1.19871645494524e-01
8.80000000000000e-01 2.45464430803863e+00 2.55457488279246e+00 9.99305747538224e-02
8.85000000000000e-01 2.45051320791210e+00 2.52771372985530e+00 7.72005219432010e-02
8.90000000000000e-01 2.44639750021138e+00 2.49819915448034e+00 5.18016542689557e-02
8.95000000000000e-01 2.44229718251847e+00 2.46616753293972e+00 2.38703504212547e-02
9.00000000000000e-01 2.43821225209539e+00 2.43177062311339e+00 6.44162898199996e-03
9.05000000000000e-01 2.43414270588418e+00 2.39517464013388e+00 3.89680657503009e-02
9.10000000000000e-01 2.43008854050686e+00 2.35655924292839e+00 7.35292975784683e-02
9.15000000000000e-01 2.42604975226538e+00 2.31611643790350e+00 1.09933314361885e-01
9.20000000000000e-01 2.42202633714168e+00 2.27404940652903e+00 1.47976930612649e-01
9.25000000000000e-01 2.41801829079763e+00 2.23057126404647e+00 1.87447026751165e-01
9.30000000000000e-01 2.41402560857511e+00 2.18590375695213e+00 2.28121851622979e-01
9.35000000000000e-01 2.41004828549599e+00 2.14027590728277e+00 2.69772378213213e-01
9.40000000000000e-01 2.40608631626219e+00 2.09392261205918e+00 3.12163704203007e-01
9.45000000000000e-01 2.40213969525574e+00 2.04708320651983e+00 3.55056488735906e-01
9.50000000000000e-01 2.39820841653883e+00 2.00000000000000e+00 3.98208416538834e-01
9.55000000000000e-01 2.39429247385391e+00 1.95291679348017e+00 4.41375680373738e-01
9.60000000000000e-01 2.39039186062371e+00 1.90607738794082e+00 4.84314472682884e-01
9.65000000000000e-01 2.38650656995141e+00 1.85972409271723e+00 5.26782477234183e-01
9.70000000000000e-01 2.38263659462073e+00 1.81409624304787e+00 5.68540351572856e-01
9.75000000000000e-01 2.37878192709600e+00 1.76942873595353e+00 6.09353191142467e-01
9.80000000000000e-01 2.37494255952236e+00 1.72595059347097e+00 6.48991966051395e-01
9.85000000000000e-01 2.37111848372587e+00 1.68388356209650e+00 6.87234921629362e-01
9.90000000000000e-01 2.36730969121362e+00 1.64344075707161e+00 7.23868934142012e-01
9.95000000000000e-01 2.36351617317399e+00 1.60482535986612e+00 7.58690813307873e-01
1.00000000000000e+00 2.35973792047673e+00 1.56822937688661e+00 7.91508543590124e-01
1.00500000000000e+00 2.35597492367321e+00 1.53383246706028e+00 8.22142456612935e-01
1.01000000000000e+00 2.35222717299658e+00 1.50180084551966e+00 8.50426327476920e-01
1.01500000000000e+00 2.34849465836200e+00 1.47228627014470e+00 8.76208388217304e-01
1.02000000000000e+00 2.34477736936685e+00 1.44542511720755e+00 8.99352252159303e-01
1.02500000000000e+00 2.34107529529096e+00 1.42133755181640e+00 9.19737743474551e-01
1.03000000000000e+00 2.33738842509685e+00 1.40012679827000e+00 9.37261626826855e-01
1.03500000000000e+00 2.33371674743001e+00 1.38187851481848e+00 9.51838232611537e-01
1.04000000000000e+00 2.33006025061913e+00 1.36666027668282e+00 9.63399973936313e-01
1.04500000000000e+00 2.32641892267638e+00 1.35452117051728e+00 9.71897752159097e-01
1.05000000000000e+00 2.32279275129773e+00 1.34549150281253e+00 9.77301248485198e-01
1.05500000000000e+00 2.31918172386319e+00 1.33958262403436e+00 9.79599099828825e-01
1.06000000000000e+00 2.31558582743718e+00 1.33678686957979e+00 9.78798957857391e-01
1.06500000000000e+00 2.31200504876881e+00 1.33707761791153e+00 9.74927430857278e-01
1.07000000000000e+00 2.30843937429224e+00 1.34040946551008e+00 9.68029908782154e-01
1.07500000000000e+00 2.30488879012699e+00 1.34671851756181e+00 9.58170272565174e-01
1.08000000000000e+00 2.30135328207830e+00 1.35592279258843e+00 9.45430489489878e-01
1.08500000000000e+00 2.29783283563755e+00 1.36792273852040e+00 9.29910097117149e-01
1.09000000000000e+00 2.29432743598254e+00 1.38260185702999e+00 9.11725578952548e-01
1.09500000000000e+00 2.29083706797795e+00 1.39982743227203e+00 8.91009635705927e-01
1.10000000000000e+00 2.28736171617573e+00 1.41945135953695e+00 8.67910356638772e-01
1.10500000000000e+00 2.28390136481545e+00 1.44131106870462e+00 8.42590296110832e-01
1.11000000000000e+00 2.28045599782482e+00 1.46523053680291e+00 8.15225461021911e-01
1.11500000000000e+00 2.27702559882001e+00 1.49102138342582e+00 7.86004215394191e-01
1.12000000000000e+00 2.27361015110619e+00 1.51848404225504e+00 7.55126108851151e-01
1.12500000000000e+00 2.27020963767791e+00 1.54740900145948e+00 7.22800636218432e-01
1.13000000000000e+00 2.26682404121961e+00 1.57757810532303e+00 6.89245935896582e-01
1.13500000000000e+00 2.26345334410606e+00 1.60876590907298e+00 6.54687435033081e-01
1.14000000000000e+00 2.26009752840288e+00 1.64074107855382e+00 6.19356449849061e-01
1.14500000000000e+00 2.25675657586701e+00 1.67326782611444e+00 5.83488749752568e-01
1.15000000000000e+00 2.25343046794722e+00 1.70610737385376e+00 5.47323094093452e-01
1.15500000000000e+00 2.25011918578464e+00 1.73901943520098e+00 5.11099750583658e-01
1.16000000000000e+00 2.24682271021329e+00 1.77176370569363e+00 4.75059004519661e-01
1.16500000000000e+00 2.24354102176060e+00 1.80410135376010e+00 4.39439668000496e-01
1.17000000000000e+00 2.24027410064798e+00 1.83579650231313e+00 4.04477598334847e-01
1.17500000000000e+00 2.23702192679136e+00 1.86661769201745e+00 3.70404234773908e-01
1.18000000000000e+00 2.23378447980181e+00 1.89633931720795e+00 3.37445162593860e-01
1.18500000000000e+00 2.23056173898604e+00 1.92474302560309e+00 3.05818713382955e-01
1.19000000000000e+00 2.22735368334709e+00 1.95161907318189e+00 2.75734610165195e-01
1.19500000000000e+00 2.22416029158484e+00 1.97676762586894e+00 2.47392665715906e-01
1.20000000000000e+00 2.22098154209670e+00 2.00000000000000e+00 2.20981542096704e-01
1.20500000000000e+00 2.21781741297820e+00 2.02113983391842e+00 1.96677579059783e-01
1.21000000000000e+00 2.21466788202363e+00 2.04002418347677e+00 1.74643698546860e-01
1.21500000000000e+00 2.21153292672666e+00 2.05650453468774e+00 1.55028392038923e-01
1.22000000000000e+00 2.20841252428107e+00 2.07044772727895e+00 1.37964797002118e-01
1.22500000000000e+00 2.20530665158134e+00 2.08173678345563e+00 1.23569868125709e-01
1.23000000000000e+00 2.20221528522335e+00 2.09027163675968e+00 1.11943648463668e-01
1.23500000000000e+00 2.19913840150510e+00 2.09596975652967e+00 1.03168644975431e-01
1.24000000000000e+00 2.19607597642738e+00 2.09876666410972e+00 9.73093123176567e-02
1.24500000000000e+00 2.19302798569447e+00 2.09861633762302e+00 9.44116480714481e-02
1.25000000000000e+00 2.18999440471487e+00 2.09549150281253e+00 9.45029019023438e-02
1.25500000000000e+00 2.18697520860205e+00 2.08938380815405e+00 9.75914004479996e-02
1.26000000000000e+00 2.18397037217516e+00 2.08030388316029e+00 1.03666489014875e-01
1.26500000000000e+00 2.18097986995979e+00 2.06828127951470e+00 1.12698590445089e-01
1.27000000000000e+00 2.17800367618873e+00 2.05336429539657e+00 1.24639380792163e-01
1.27500000000000e+00 2.17504176480275e+00 2.03561968407860e+00 1.39422080724151e-01
1.28000000000000e+00 2.17209410945135e+00 2.01513224859221e+00 1.56961860859138e-01
1.28500000000000e+00 2.16916068349359e+00 1.99200432495795e+00 1.77156358535643e-01
1.29000000000000e+00 2.16624145999888e+00 1.96635515716554e+00 1.99886302833336e-01
1.29500000000000e+00 2.16333641174775e+00 1.93832016775567e+00 2.25016243992080e-01
1.30000000000000e+00 2.16044551123273e+00 1.90805012849909e+00 2.52395382733636e-01
1.30500000000000e+00 2.15756873065914e+00 1.87571023628478e+00 2.81858494374351e-01
1.31000000000000e+00 2.15470604194594e+00 1.84147909991323e+00 3.13226942032715e-01
1.31500000000000e+00 2.15185741672660e+00 1.80554764404025e+00 3.46309772686352e-01
1.32000000000000e+00 2.14902282634993e+00 1.76811793702778e+00 3.80904889322152e-01
1.32500000000000e+00 2.14620224188096e+00 1.72940194992690e+00 4.16800291954061e-01
1.33000000000000e+00 2.14339563410183e+00 1.68962025424335e+00 4.53775379858478e-01
1.33500000000000e+00 2.14060297351265e+00 1.64900066651302e+00 4.91602306999628e-01
1.34000000000000e+00 2.13782423033244e+00 1.60777684804300e+00 5.30047382289436e-01
1.34500000000000e+00 2.13505937450001e+00 1.56618686845015e+00 5.68872506049861e-01
1.35000000000000e+00 2.13230837567489e+00 1.52447174185242e+00 6.07836633822467e-01
1.35500000000000e+00 2.12957120323824e+00 1.48287394473691e+00 6.46697258501327e-01
1.36000000000000e+00 2.12684782629380e+00 1.44163592464141e+00 6.85211901652392e-01
1.36500000000000e+00 2.12413821366885e+00 1.40099860884315e+00 7.23139604825705e-01
1.37000000000000e+00 2.12144233391514e+00 1.36119992224821e+00 7.60242411666928e-01
1.37500000000000e+00 2.11876015530985e+00 1.32247332361862e+00 7.96286831691233e-01
1.38000000000000e+00 2.11609164585660e+00 1.28504636916085e+00 8.31045276695752e-01
1.38500000000000e+00 2.11343677328641e+00 1.24913931233114e+00 8.64297460955270e-01
1.39000000000000e+00 2.11079550505869e+00 1.21496374848942e+00 8.95831756569269e-01
1.39500000000000e+00 2.10816780836224e+00 1.18272131275752e+00 9.25446495604714e-01
1.40000000000000e+00 2.10555365011627e+00 1.15260243910916e+00 9.52951211007111e-01
1.40500000000000e+00 2.10295299697143e+00 1.12478518834171e+00 9.78167808629720e-01
1.41000000000000e+00 2.10036581531080e+00 1.09943415215529e+00 1.00093166315552e+00
1.41500000000000e+00 2.09779207125099e+00 1.07669944009536e+00 1.02109263115563e+00
1.42000000000000e+00 2.09523173064311e+00 1.05671575560428e+00 1.03851597503884e+00
1.42500000000000e+00 2.09268475907390e+00 1.03960156687779e+00 1.05308319219611e+00
1.43000000000000e+00 2.09015112186673e+00 1.02545837763829e+00 1.06469274422844e+00
1.43500000000000e+00 2.08763078408271e+00 1.01437010232018e+00 1.07326068176253e+00
1.44000000000000e+00 2.08512371052178e+00 1.00640254951957e+00 1.07872116100222e+00
1.44500000000000e+00 2.08262986572377e+00 1.00160301689261e+00 1.08102684883117e+00
1.45000000000000e+00 2.08014921396952e+00 1.00000000000000e+00 1.08014921396952e+00
1.45500000000000e+00 2.07768171928196e+00 1.00160301689261e+00 1.07607870238935e+00
1.46000000000000e+00 2.07522734542727e+00 1.00640254951957e+00 1.06882479590771e+00
1.46500000000000e+00 2.07278605591598e+00 1.01437010232018e+00 1.05841595359580e+00
1.47000000000000e+00 2.07035781400407e+00 1.02545837763829e+00 1.04489943636579e+00
1.47500000000000e+00 2.06794258269419e+00 1.03960156687779e+00 1.02834101581640e+00
1.48000000000000e+00 2.06554032473673e+00 1.05671575560428e+00 1.00882456913245e+00
1.48500000000000e+00 2.06315100263101e+00 1.07669944009536e+00 9.86451562535650e-01
1.49000000000000e+00 2.06077457862647e+00 1.09943415215529e+00 9.61340426471184e-01
1.49500000000000e+00 2.05841101472379e+00 1.12478518834171e+00 9.33625826382086e-01
1.50000000000000e+00 2.05606027267612e+00 1.15260243910916e+00 9.03457833566961e-01
1.50500000000000e+00 2.05372231399023e+00 1.18272131275752e+00 8.71001001232707e-01
1.51000000000000e+00 2.05139709992774e+00 1.21496374848942e+00 8.36433351438325e-01
1.51500000000000e+00 2.04908459150632e+00 1.24913931233114e+00 7.99945279175178e-01
1.52000000000000e+00 2.04678474950087e+00 1.28504636916085e+00 7.61738380340021e-01
1.52500000000000e+00 2.04449753444479e+00 1.32247332361862e+00 7.22024210826173e-01
1.53000000000000e+00 2.04222290663116e+00 1.36119992224821e+00 6.81022984382953e-01
1.53500000000000e+00 2.03996082611403e+00 1.40099860884315e+00 6.38962217270879e-01
1.54000000000000e+00 2.03771125270959e+00 1.44163592464141e+00 5.96075328068181e-01
1.54500000000000e+00 2.03547414599751e+00 1.48287394473691e+00 5.52600201260599e-01
1.55000000000000e+00 2.03324946532212e+00 1.52447174185242e+00 5.08777723469696e-01
1.55500000000000e+00 2.03103716979371e+00 1.56618686845015e+00 4.64850301343565e-01
1.56000000000000e+00 2.02883721828983e+00 1.60777684804300e+00 4.21060370246822e-01
1.56500000000000e+00 2.02664956945649e+00 1.64900066651302e+00 3.77648902943473e-01
1.57000000000000e+00 2.02447418170955e+00 1.68962025424335e+00 3.34853927466199e-01
1.57500000000000e+00 2.02231101323592e+00 1.72940194992690e+00 2.92909063309022e-01
1.58000000000000e+00 2.02016002199494e+00 1.76811793702778e+00 2.52042084967157e-01
1.58500000000000e+00 2.01802116571962e+00 1.80554764404025e+00 2.12473521679373e-01
1.59000000000000e+00 2.01589440191801e+00 1.84147909991323e+00 1.74415302004786e-01
1.59500000000000e+00 2.01377968787449e+00 1.87571023628478e+00 1.38069451589709e-01
1.60000000000000e+00 2.01167698065111e+00 1.90805012849909e+00 1.03626852152019e-01
1.60500000000000e+00 2.00958623708892e+00 1.93832016775567e+00 7.12660693332483e-02
1.61000000000000e+00 2.00750741380932e+00 1.96635515716554e+00 4.11522566437728e-02
1.61500000000000e+00 2.00544046721540e+00 1.99200432495795e+00 1.34361422574483e-02
1.62000000000000e+00 2.00338535349331e+00 2.01513224859221e+00 1.17468950988990e-02
1.62500000000000e+00 2.00134202861361e+00 2.03561968407860e+00 3.42776554649840e-02
1.63000000000000e+00 1.99931044833264e+00 2.05336429539657e+00 5.40538470639329e-02
1.63500000000000e+00 1.99729056819387e+00 2.06828127951470e+00 7.09907113208290e-02
1.64000000000000e+00 1.99528234352935e+00 2.08030388316029e+00 8.50215396309375e-02
1.64500000000000e+00 1.99328572946102e+00 2.08938380815405e+00 9.60980786930339e-02
1.65000000000000e+00 1.99130068090214e+00 2.09549150281253e+00 1.04190821910389e-01
1.65500000000000e+00 1.98932715255868e+00 2.09861633762302e+00 1.09289185064335e-01
1.66000000000000e+00 1.98736509893076e+00 2.09876666410972e+00 1.11401565178968e-01
1.66500000000000e+00 1.98541447431397e+00 2.09596975652967e+00 1.10555282215699e-01
1.67000000000000e+00 1.98347523280091e+00 2.09027163675968e+00 1.06796403958770e-01
1.67500000000000e+00 1.98154732828251e+00 2.08173678345563e+00 1.00189455173119e-01
1.68000000000000e+00 1.97963071444950e+00 2.07044772727895e+00 9.08170128294561e-02
1.68500000000000e+00 1.97772534479384e+00 2.05650453468774e+00 7.87791898938974e-02
1.69000000000000e+00 1.97583117261018e+00 2.04002418347677e+00 6.41930108665849e-02
1.69500000000000e+00 1.97394815099726e+00 2.02113983391842e+00 4.71916829211603e-02
1.70000000000000e+00 1.97207623285939e+00 2.00000000000000e+00 2.79237671406110e-02
1.70500000000000e+00 1.97021537090790e+00 1.97676762586893e+00 6.55225496103506e-03
1.71000000000000e+00 1.96836551766260e+00 1.95161907318189e+00 1.67464444807059e-02
1.71500000000000e+00 1.96652662545325e+00 1.92474302560309e+00 4.17835998501581e-02
1.72000000000000e+00 1.96469864642101e+00 1.89633931720795e+00 6.83593292130602e-02
1.72500000000000e+00 1.96288153251995e+00 1.86661769201745e+00 9.62638405024991e-02
1.73000000000000e+00 1.96107523551851e+00 1.83579650231313e+00 1.25278733205383e-01
1.73500000000000e+00 1.95927970700098e+00 1.80410135376010e+00 1.55178353240883e-01
1.74000000000000e+00 1.95749489836901e+00 1.77176370569363e+00 1.85731192675382e-01
1.74500000000000e+00 1.95572076084308e+00 1.73901943520098e+00 2.16701325642098e-01
1.75000000000000e+00 1.95395724546403e+00 1.70610737385376e+00 2.47849871610264e-01
1.75500000000000e+00 1.95220430309453e+00 1.67326782611444e+00 2.78936476980096e-01
1.76000000000000e+00 1.95046188442064e+00 1.64074107855382e+00 3.09720805866817e-01
1.76500000000000e+00 1.94872993995325e+00 1.60876590907298e+00 3.39964030880272e-01
1.77000000000000e+00 1.94700842002968e+00 1.57757810532303e+00 3.69430314706651e-01
1.77500000000000e+00 1.94529727481513e+00 1.54740900145948e+00 3.97888273355650e-01
1.78000000000000e+00 1.94359645430426e+00 1.51848404225504e+00 4.25112412049217e-01
1.78500000000000e+00 1.94190590832268e+00 1.49102138342582e+00 4.50884524896857e-01
1.79000000000000e+00 1.94022558652852e+00 1.46523053680291e+00 4.74995049725614e-01
1.79500000000000e+00 1.93855543841394e+00 1.44131106870462e+00 4.97244369709321e-01
1.80000000000000e+00 1.93689541330670e+00 1.41945135953695e+00 5.17444053769745e-01
1.80500000000000e+00 1.93524546037167e+00 1.39982743227203e+00 5.35418028099639e-01
1.81000000000000e+00 1.93360552861241e+00 1.38260185702999e+00 5.51003671582420e-01
1.81500000000000e+00 1.93197556687272e+00 1.36792273852040e+00 5.64052828352323e-01
1.82000000000000e+00 1.93035552383820e+00 1.35592279258843e+00 5.74432731249772e-01
1.82500000000000e+00 1.92874534803777e+00 1.34671851756181e+00 5.82026830475961e-01
1.83000000000000e+00 1.92714498784531e+00 1.34040946551008e+00 5.86735522335229e-01
1.83500000000000e+00 1.92555439148116e+00 1.33707761791153e+00 5.88476773569631e-01
1.84000000000000e+00 1.92397350701373e+00 1.33678686957979e+00 5.87186637433943e-01
1.84500000000000e+00 1.92240228236104e+00 1.33958262403436e+00 5.82819658326680e-01
1.85000000000000e+00 1.92084066529235e+00 1.34549150281253e+00 5.75349162479821e-01
1.85500000000000e+00 1.91928860342969e+00 1.35452117051728e+00 5.64767432912401e-01
1.86000000000000e+00 1.91774604424946e+00 1.36666027668282e+00 5.51085767566646e-01
1.86500000000000e+00 1.91621293508405e+00 1.38187851481848e+00 5.34334420265571e-01
1.87000000000000e+00 1.91468922312336e+00 1.40012679827000e+00 5.14562424853364e-01
1.87500000000000e+00 1.91317485541646e+00 1.42133755181640e+00 4.91837303600061e-01
1.88000000000000e+00 1.91166977887316e+00 1.44542511720755e+00 4.66244661665611e-01
1.88500000000000e+00 1.91017394026557e+00 1.47228627014470e+00 4.37887670120877e-01
1.89000000000000e+00 1.90868728622979e+00 1.50180084551967e+00 4.06886440710122e-01
1.89500000000000e+00 1.90720976326741e+00 1.53383246706028e+00 3.73377296207126e-01
1.90000000000000e+00 1.90574131774718e+00 1.56822937688661e+00 3.37511940860571e-01
1.90500000000000e+00 1.90428189590662e+00 1.60482535986612e+00 2.99456536040499e-01
1.91000000000000e+00 1.90283144385357e+00 1.64344075707161e+00 2.59390686781957e-01
1.91500000000000e+00 1.90138990756788e+00 1.68388356209650e+00 2.17506345471381e-01
1.92000000000000e+00 1.89995723290298e+00 1.72595059347097e+00 1.74006639432010e-01
1.92500000000000e+00 1.89853336558748e+00 1.76942873595353e+00 1.29104629633943e-01
1.93000000000000e+00 1.89711825122682e+00 1.81409624304787e+00 8.30220081789550e-02
1.93500000000000e+00 1.89571183530491e+00 1.85972409271723e+00 3.59877425876827e-02
1.94000000000000e+00 1.89431406318567e+00 1.90607738794082e+00 1.17633247551479e-02
1.94500000000000e+00 1.89292488011475e+00 1.95291679348017e+00 5.99919133654219e-02
1.95000000000000e+00 1.89154423122108e+00 2.00000000000000e+00 1.08455768778922e-01
1.95500000000000e+00 1.89017206151854e+00 2.04708320651983e+00 1.56911145001292e-01
1.96000000000000e+00 1.88880831590758e+00 2.09392261205918e+00 2.05114296151599e-01
1.96500000000000e+00 1.88745293917683e+00 2.14027590728277e+00 2.52822968105945e-01
1.97000000000000e+00 1.88610587600475e+00 2.18590375695213e+00 2.99797880947377e-01
1.97500000000000e+00 1.88476707096127e+00 2.23057126404646e+00 3.45804193085197e-01
1.98000000000000e+00 1.88343646850938e+00 2.27404940652903e+00 3.90612938019642e-01
1.98500000000000e+00 1.88211401300683e+00 2.31611643790350e+00 4.34002424896666e-01
1.99000000000000e+00 1.88079964870771e+00 2.35655924292839e+00 4.75759594220683e-01
1.99500000000000e+00 1.87949331976409e+00 2.39517464013388e+00 5.15681320369792e-01
2.00000000000000e+00 1.87819497022771e+00 2.43177062311339e+00 5.53575652885680e-01
2.00500000000000e+00 1.87690454405155e+00 2.46616753293972e+00 5.89262988888168e-01
2.01000000000000e+00 1.87562198509152e+00 2.49819915448034e+00 6.22577169388818e-01
2.01500000000000e+00 1.87434723710806e+00 2.52771372985530e+00 6.53366492747240e-01
2.02000000000000e+00 1.87308024376782e+00 2.55457488279245e+00 6.81494639024635e-01
2.02500000000000e+00 1.87182094864526e+00 2.57866244818359e+00 7.06841499538336e-01
2.03000000000000e+00 1.87056929522432e+00 2.59987320173000e+00 7.29303906505687e-01
2.03500000000000e+00 1.86932522690005e+00 2.61812148518152e+00 7.48796258281478e-01
2.04000000000000e+00 1.86808868698025e+00 2.63333972331718e+00 7.65251036336936e-01
2.04500000000000e+00 1.86685961868711e+00 2.64547882948272e+00 7.78619210795603e-01
2.05000000000000e+00 1.86563796515888e+00 2.65450849718747e+00 7.88870532028593e-01
2.05500000000000e+00 1.86442366945146e+00 2.66041737596564e+00 7.95993706514183e-01
2.06000000000000e+00 1.86321667454007e+00 2.66321313042021e+00 7.99996455880145e-01
2.06500000000000e+00 1.86201692332091e+00 2.66292238208847e+00 8.00905458767554e-01
2.07000000000000e+00 1.86082435861278e+00 2.65959053448992e+00 7.98766175877136e-01
2.07500000000000e+00 1.85963892315871e+00 2.65328148243819e+00 7.93642559279479e-01
2.08000000000000e+00 1.85846055962762e+00 2.64407720741157e+00 7.85616647783955e-01
2.08500000000000e+00 1.85728921061596e+00 2.63207726147960e+00 7.74788050863639e-01
2.09000000000000e+00 1.85612481864935e+00 2.61739814297001e+00 7.61273324320659e-01
2.09500000000000e+00 1.85496732618421e+00 2.60017256772797e+00 7.45205241543768e-01
2.10000000000000e+00 1.85381667560939e+00 2.58054864046305e+00 7.26731964853661e-01
2.10500000000000e+00 1.85267280924784e+00 2.55868893129538e+00 7.06016122047538e-01
2.11000000000000e+00 1.85153566935824e+00 2.53476946319710e+00 6.83233793838861e-01
2.11500000000000e+00 1.85040519813659e+00 2.50897861657418e+00 6.58573418437590e-01
2.12000000000000e+00 1.84928133771792e+00 2.48151595774496e+00 6.32234620027044e-01
2.12500000000000e+00 1.84816403017786e+00 2.45259099854052e+00 6.04426968362663e-01
2.13000000000000e+00 1.84705321753432e+00 2.42242189467697e+00 5.75368677142658e-01
2.13500000000000e+00 1.84594884174909e+00 2.39123409092702e+00 5.45285249177933e-01
2.14000000000000e+00 1.84485084472948e+00 2.35925892144618e+00 5.14408076716699e-01
2.14500000000000e+00 1.84375916832998e+00 2.32673217388556e+00 4.82973005555581e-01
2.15000000000000e+00 1.84267375435384e+00 2.29389262614624e+00 4.51218871792396e-01
2.15500000000000e+00 1.84159454455473e+00 2.26098056479902e+00 4.19386020244288e-01
2.16000000000000e+00 1.84052148063835e+00 2.22823629430637e+00 3.87714813668021e-01
2.16500000000000e+00 1.83945450426407e+00 2.19589864623990e+00 3.56444141975830e-01
2.17000000000000e+00 1.83839355704654e+00 2.16420349768687e+00 3.25809940640335e-01
2.17500000000000e+00 1.83733858055731e+00 2.13338230798255e+00 2.96043727425241e-01
2.18000000000000e+00 1.83628951632646e+00 2.10366068279205e+00 2.67371166465597e-01
2.18500000000000e+00 1.83524630584420e+00 2.07525697439691e+00 2.40010668552709e-01
2.19000000000000e+00 1.83420889056253e+00 2.04838092681811e+00 2.14172036255577e-01
2.19500000000000e+00 1.83317721189678e+00 2.02323237413107e+00 1.90055162234283e-01
2.20000000000000e+00 1.83215121122729e+00 2.00000000000000e+00 1.67848788772707e-01
2.20500000000000e+00 1.83113082990098e+00 1.97886016608158e+00 1.47729336180598e-01
2.21000000000000e+00 1.83011600923297e+00 1.95997581652323e+00 1.29859807290266e-01
2.21500000000000e+00 1.82910669050818e+00 1.94349546531226e+00 1.14388774804081e-01
2.22000000000000e+00 1.82810281498295e+00 1.92955227272105e+00 1.01449457738098e-01
2.22500000000000e+00 1.82710432388662e+00 1.91826321654437e+00 9.11588926577571e-02
2.23000000000000e+00 1.82611115842312e+00 1.90972836324032e+00 8.36172048171944e-02
2.23500000000000e+00 1.82512325977262e+00 1.90403024347033e+00 7.89069836977034e-02
2.24000000000000e+00 1.82414056909305e+00 1.90123333589028e+00 7.70927667972270e-02
2.24500000000000e+00 1.82316302752173e+00 1.90138366237698e+00 7.82206348552543e-02
2.25000000000000e+00 1.82219057617695e+00 1.90450849718747e+00 8.23179210105225e-02
2.25500000000000e+00 1.82122315615957e+00 1.91061619184595e+00 8.93930356863750e-02
2.26000000000000e+00 1.82026070855458e+00 1.91969611683971e+00 9.94354082851308e-02
2.26500000000000e+00 1.81930317443268e+00 1.93171872048530e+00 1.12415546052613e-01
2.27000000000000e+00 1.81835049485188e+00 1.94663570460343e+00 1.28285209751549e-01
2.27500000000000e+00 1.81740261085904e+00 1.96438031592140e+00 1.46977705062364e-01
2.28000000000000e+00 1.81645946349146e+00 1.98486775140779e+00 1.68408287916333e-01
2.28500000000000e+00 1.81552099377844e+00 2.00799567504205e+00 1.92474681263605e-01
2.29000000000000e+00 1.81458714274288e+00 2.03364484283446e+00 2.19057700091581e-01
2.29500000000000e+00 1.81365785140275e+00 2.06167983224433e+00 2.48021980841580e-01
2.30000000000000e+00 1.81273306077275e+00 2.09194987150091e+00 2.79216810728159e-01
2.30500000000000e+00 1.81181271186580e+00 2.12428976371522e+00 3.12477051849414e-01
2.31000000000000e+00 1.81089674569461e+00 2.15852090008677e+00 3.47624154392159e-01
2.31500000000000e+00 1.80998510327323e+00 2.19445235595975e+00 3.84467252686516e-01
2.32000000000000e+00 1.80907772561857e+00 2.23188206297221e+00 4.22804337353639e-01
2.32500000000000e+00 1.80817455375199e+00 2.27059805007310e+00 4.62423496321108e-01
2.33000000000000e+00 1.80727552870077e+00 2.31037974575665e+00 5.03104217055884e-01
2.33500000000000e+00 1.80638059149968e+00 2.35099933348698e+00 5.44618741987295e-01
2.34000000000000e+00 1.80548968319253e+00 2.39222315195699e+00 5.86733468764464e-01
2.34500000000000e+00 1.80460274483364e+00 2.43381313154985e+00 6.29210386716211e-01
2.35000000000000e+00 1.80371971748939e+00 2.47552825814758e+00 6.71808540658183e-01
2.35500000000000e+00 1.80284054223975e+00 2.51712605526309e+00 7.14285513023334e-01
2.36000000000000e+00 1.80196516017976e+00 2.55836407535858e+00 7.56398915178822e-01
2.36500000000000e+00 1.80109351242106e+00 2.59900139115685e+00 7.97907878735786e-01
2.37000000000000e+00 1.80022554009340e+00 2.63880007775179e+00 8.38574537658391e-01
2.37500000000000e+00 1.79936118434610e+00 2.67752667638138e+00 8.78165492035284e-01
2.38000000000000e+00 1.79850038634960e+00 2.71495363083914e+00 9.16453244489548e-01
2.38500000000000e+00 1.79764308729691e+00 2.75086068766886e+00 9.53217600371949e-01
2.39000000000000e+00 1.79678922840512e+00 2.78503625151058e+00 9.88247023105459e-01
2.39500000000000e+00 1.79593875091687e+00 2.81727868724248e+00 1.02133993632560e+00
2.40000000000000e+00 1.79509159610184e+00 2.84739756089084e+00 1.05230596478900e+00
2.40500000000000e+00 1.79424770525820e+00 2.87521481165829e+00 1.08096710640010e+00
2.41000000000000e+00 1.79340701971410e+00 2.90056584784471e+00 1.10715882813061e+00
2.41500000000000e+00 1.79256948082913e+00 2.92330055990463e+00 1.13073107907550e+00
2.42000000000000e+00 1.79173502999578e+00 2.94328424439572e+00 1.15154921439994e+00
2.42500000000000e+00 1.79090360864089e+00 2.96039843312221e+00 1.16949482448132e+00
2.43000000000000e+00 1.79007515822709e+00 2.97454162236171e+00 1.18446646413462e+00
2.43500000000000e+00 1.78924962025427e+00 2.98562989767982e+00 1.19638027742555e+00
2.44000000000000e+00 1.78842693626101e+00 2.99359745048043e+00 1.20517051421943e+00
2.44500000000000e+00 1.78760704782598e+00 2.99839698310739e+00 1.21078993528141e+00
2.45000000000000e+00 1.78678989656945e+00 3.00000000000000e+00 1.21321010343055e+00
2.45500000000000e+00 1.78597542415462e+00 2.99839698310739e+00 1.21242155895277e+00
2.46000000000000e+00 1.78516357228912e+00 2.99359745048044e+00 1.20843387819131e+00
2.46500000000000e+00 1.78435428272637e+00 2.98562989767982e+00 1.20127561495346e+00
2.47000000000000e+00 1.78354749726701e+00 2.97454162236171e+00 1.19099412509470e+00
2.47500000000000e+00 1.78274315776031e+00 2.96039843312221e+00 1.17765527536189e+00
2.48000000000000e+00 1.78194120610558e+00 2.94328424439572e+00 1.16134303829015e+00
2.48500000000000e+00 1.78114158425351e+00 2.92330055990464e+00 1.14215897565113e+00
2.49000000000000e+00 1.78034423420762e+00 2.90056584784471e+00 1.12022161363709e+00
2.49500000000000e+00 1.77954909802561e+00 2.87521481165830e+00 1.09566571363269e+00
2.50000000000000e+00 1.77875611782075e+00 2.84739756089084e+00 1.06864144307010e+00
2.50500000000000e+00 1.77796523576323e+00 2.81727868724248e+00 1.03931345147926e+00
2.51000000000000e+00 1.77717639408155e+00 2.78503625151058e+00 1.00785985742903e+00
2.51500000000000e+00 1.77638953506389e+00 2.75086068766886e+00 9.74471152604964e-01
2.52000000000000e+00 1.77560460105943e+00 2.71495363083915e+00 9.39349029779721e-01
2.52500000000000e+00 1.77482153447970e+00 2.67752667638138e+00 9.02705141901682e-01
2.53000000000000e+00 1.77404027779998e+00 2.63880007775179e+00 8.64759799951813e-01
2.53500000000000e+00 1.77326077356055e+00 2.59900139115685e+00 8.25740617596301e-01
2.54000000000000e+00 1.77248296436811e+00 2.55836407535859e+00 7.85881110990477e-01
2.54500000000000e+00 1.77170679289704e+00 2.51712605526309e+00 7.45419262366048e-01
2.55000000000000e+00 1.77093220189075e+00 2.47552825814758e+00 7.04596056256825e-01
2.55500000000000e+00 1.77015913416299e+00 2.43381313154985e+00 6.63653997386858e-01
2.56000000000000e+00 1.76938753259916e+00 2.39222315195700e+00 6.22835619357843e-01
2.56500000000000e+00 1.76861734015759e+00 2.35099933348698e+00 5.82381993329400e-01
2.57000000000000e+00 1.76784849987086e+00 2.31037974575666e+00 5.42531245885792e-01
2.57500000000000e+00 1.76708095484711e+00 2.27059805007310e+00 5.03517095225985e-01
2.58000000000000e+00 1.76631464827126e+00 2.23188206297222e+00 4.65567414700955e-01
2.58500000000000e+00 1.76554952340635e+00 2.19445235595975e+00 4.28902832553402e-01
2.59000000000000e+00 1.76478552359476e+00 2.15852090008678e+00 3.93735376492017e-01
2.59500000000000e+00 1.76402259225952e+00 2.12428976371522e+00 3.60267171455698e-01
2.60000000000000e+00 1.76326067290554e+00 2.09194987150091e+00 3.28689198595371e-01
2.60500000000000e+00 1.76249970912088e+00 2.06167983224433e+00 2.99180123123457e-01
2.61000000000000e+00 1.76173964457797e+00 2.03364484283446e+00 2.71905198256496e-01
2.61500000000000e+00 1.76098042303487e+00 2.00799567504205e+00 2.47015252007181e-01
2.62000000000000e+00 1.76022198833652e+00 1.98486775140779e+00 2.24645763071274e-01
2.62500000000000e+00 1.75946428441591e+00 1.96438031592140e+00 2.04916031505496e-01
2.63000000000000e+00 1.75870725529536e+00 1.94663570460343e+00 1.87928449308071e-01
2.63500000000000e+00 1.75795084508771e+00 1.93171872048530e+00 1.73767875397588e-01
2.64000000000000e+00 1.75719499799751e+00 1.91969611683971e+00 1.62501118842206e-01
2.64500000000000e+00 1.75643965832224e+00 1.91061619184595e+00 1.54176533523712e-01
2.65000000000000e+00 1.75568477045350e+00 1.90450849718747e+00 1.48823726733972e-01
2.65500000000000e+00 1.75493027887821e+00 1.90138366237698e+00 1.46453383498768e-01
2.66000000000000e+00 1.75417612817976e+00 1.90123333589028e+00 1.47057207710512e-01
2.66500000000000e+00 1.75342226303921e+00 1.90403024347033e+00 1.50607980431114e-01
2.67000000000000e+00 1.75266862823644e+00 1.90972836324032e+00 1.57059735003881e-01
2.67500000000000e+00 1.75191516865131e+00 1.91826321654437e+00 1.66348047893061e-01
2.68000000000000e+00 1.75116182926485e+00 1.92955227272105e+00 1.78390443456200e-01
2.68500000000000e+00 1.75040855516034e+00 1.94349546531226e+00 1.93086910151923e-01
2.69000000000000e+00 1.74965529152450e+00 1.95997581652323e+00 2.10320524998726e-01
2.69500000000000e+00 1.74890198364864e+00 1.97886016608158e+00 2.29958182432940e-01
2.70000000000000e+00 1.74814857692970e+00 2.00000000000000e+00 2.51851423070300e-01
2.70500000000000e+00 1.74739501687146e+00 2.02323237413106e+00 2.75837357259606e-01
2.71000000000000e+00 1.74664124908561e+00 2.04838092681811e+00 3.01739677732498e-01
2.71500000000000e+00 1.74588721929285e+00 2.07525697439691e+00 3.29369755104064e-01
2.72000000000000e+00 1.74513287332400e+00 2.10366068279205e+00 3.58527809468050e-01
2.72500000000000e+00 1.74437815712111e+00 2.13338230798255e+00 3.89004150861434e-01
2.73000000000000e+00 1.74362301673849e+00 2.16420349768687e+00 4.20580480948377e-01
2.73500000000000e+00 1.74286739834384e+00 2.19589864623990e+00 4.53031247896055e-01
2.74000000000000e+00 1.74211124821930e+00 2.22823629430637e+00 4.86125046087075e-01
2.74500000000000e+00 1.74135451276249e+00 2.26098056479902e+00 5.19626052036526e-01
2.75000000000000e+00 1.74059713848762e+00 2.29389262614624e+00 5.53295487658620e-01
2.75500000000000e+00 1.73983907202646e+00 2.32673217388556e+00 5.86893101859094e-01
2.76000000000000e+00 1.73908026012948e+00 2.35925892144618e+00 6.20178661316698e-01
2.76500000000000e+00 1.73832064966679e+00 2.39123409092702e+00 6.52913441260232e-01
2.77000000000000e+00 1.73756018762921e+00 2.42242189467697e+00 6.84861707047763e-01
2.77500000000000e+00 1.73679882112929e+00 2.45259099854052e+00 7.15792177411223e-01
2.78000000000000e+00 1.73603649740233e+00 2.48151595774496e+00 7.45479460342623e-01
2.78500000000000e+00 1.73527316380736e+00 2.50897861657418e+00 7.73705452766817e-01
2.79000000000000e+00 1.73450876782814e+00 2.53476946319709e+00 8.00260695368951e-01
2.79500000000000e+00 1.73374325707418e+00 2.55868893129538e+00 8.24945674221203e-01
2.80000000000000e+00 1.73297657928167e+00 2.58054864046305e+00 8.47572061181377e-01
2.80500000000000e+00 1.73220868231453e+00 2.60017256772797e+00 8.67963885413444e-01
2.81000000000000e+00 1.73143951416530e+00 2.61739814297001e+00 8.85958628804708e-01
2.81500000000000e+00 1.73066902295616e+00 2.63207726147960e+00 9.01408238523443e-01
2.82000000000000e+00 1.72989715693984e+00 2.64407720741157e+00 9.14180050471737e-01
2.82500000000000e+00 1.72912386450059e+00 2.65328148243819e+00 9.24157617937595e-01
2.83000000000000e+00 1.72834909415513e+00 2.65959053448992e+00 9.31241440334785e-01
2.83500000000000e+00 1.72757279455355e+00 2.66292238208847e+00 9.35349587534914e-01
2.84000000000000e+00 1.72679491448025e+00 2.66321313042021e+00 9.36418215939964e-01
2.84500000000000e+00 1.72601540285485e+00 2.66041737596564e+00 9.34401973110784e-01
2.85000000000000e+00 1.72523420873312e+00 2.65450849718747e+00 9.29274288454353e-01
2.85500000000000e+00 1.72445128130785e+00 2.64547882948272e+00 9.21027548174869e-01
2.86000000000000e+00 1.72366656990975e+00 2.63333972331719e+00 9.09673153407432e-01
2.86500000000000e+00 1.72288002400838e+00 2.61812148518152e+00 8.95241461173149e-01
2.87000000000000e+00 1.72209159321294e+00 2.59987320173000e+00 8.77781608517060e-01
2.87500000000000e+00 1.72130122727325e+00 2.57866244818360e+00 8.57361220910346e-01
2.88000000000000e+00 1.72050887608052e+00 2.55457488279246e+00 8.34066006711939e-01
2.88500000000000e+00 1.71971448966825e+00 2.52771372985530e+00 8.07999240187051e-01
2.89000000000000e+00 1.71891801821309e+00 2.49819915448034e+00 7.79281136267244e-01
2.89500000000000e+00 1.71811941203565e+00 2.46616753293972e+00 7.48048120904073e-01
2.90000000000000e+00 1.71731862160134e+00 2.43177062311339e+00 7.14452001512047e-01
2.90500000000000e+00 1.71651559752123e+00 2.39517464013388e+00 6.78659042612652e-01
2.91000000000000e+00 1.71571029055281e+00 2.35655924292839e+00 6.40848952375577e-01
2.91500000000000e+00 1.71490265160086e+00 2.31611643790350e+00 6.01213786302641e-01
2.92000000000000e+00 1.71409263171820e+00 2.27404940652904e+00 5.59956774810834e-01
2.92500000000000e+00 1.71328018210653e+00 2.23057126404647e+00 5.17291081939934e-01
2.93000000000000e+00 1.71246525411720e+00 2.18590375695213e+00 4.73438502834933e-01
2.93500000000000e+00 1.71164779925197e+00 2.14027590728278e+00 4.28628108030803e-01
2.94000000000000e+00 1.71082776916383e+00 2.09392261205918e+00 3.83094842895352e-01
2.94500000000000e+00 1.71000511565772e+00 2.04708320651984e+00 3.37078090862120e-01
2.95000000000000e+00 1.70917979069130e+00 2.00000000000000e+00 2.90820209308698e-01
2.95500000000000e+00 1.70835174637573e+00 1.95291679348017e+00 2.44565047104436e-01
2.96000000000000e+00 1.70752093497638e+00 1.90607738794082e+00 1.98556452964447e-01
2.96500000000000e+00 1.70668730891355e+00 1.85972409271723e+00 1.53036783803683e-01
2.97000000000000e+00 1.70585082076325e+00 1.81409624304787e+00 1.08245422284625e-01
2.97500000000000e+00 1.70501142325787e+00 1.76942873595354e+00 6.44173126956642e-02
2.98000000000000e+00 1.70416906928693e+00 1.72595059347097e+00 2.17815241840398e-02
2.98500000000000e+00 1.70332371189776e+00 1.68388356209651e+00 1.94401498012557e-02
2.99000000000000e+00 1.70247530429620e+00 1.64344075707161e+00 5.90345472245914e-02
2.99500000000000e+00 1.70162379984730e+00 1.60482535986612e+00 9.67984399811779e-02
3.00000000000000e+00 1.70076915207598e+00 1.56822937688661e+00 1.32539775189364e-01
3.00500000000000e+00 1.69991131466773e+00 1.53383246706028e+00 1.66078847607448e-01
3.01000000000000e+00 1.69905024146927e+00 1.50180084551966e+00 1.97249395949609e-01
3.01500000000000e+00 1.69818588648921e+00 1.47228627014470e+00 2.25899616344510e-01
3.02000000000000e+00 1.69731820389867e+00 1.44542511720755e+00 2.51893086691123e-01
3.02500000000000e+00 1.69644714803197e+00 1.42133755181641e+00 2.75109596215566e-01
3.03000000000000e+00 1.69557267338724e+00 1.40012679827000e+00 2.95445875117248e-01
3.03500000000000e+00 1.69469473462707e+00 1.38187851481848e+00 3.12816219808590e-01
3.04000000000000e+00 1.69381328657908e+00 1.36666027668282e+00 3.27153009896261e-01
3.04500000000000e+00 1.69292828423660e+00 1.35452117051728e+00 3.38407113719319e-01
3.05000000000000e+00 1.69203968275924e+00 1.34549150281253e+00 3.46548179946717e-01
3.05500000000000e+00 1.69114743747349e+00 1.33958262403436e+00 3.51564813439129e-01
3.06000000000000e+00 1.69025150387331e+00 1.33678686957979e+00 3.53464634293522e-01
3.06500000000000e+00 1.68935183762072e+00 1.33707761791153e+00 3.52274219709186e-01
3.07000000000000e+00 1.68844839454638e+00 1.34040946551008e+00 3.48038929036295e-01
3.07500000000000e+00 1.68754113065015e+00 1.34671851756181e+00 3.40822613088334e-01
3.08000000000000e+00 1.68663000210164e+00 1.35592279258843e+00 3.30707209513218e-01
3.08500000000000e+00 1.68571496524080e+00 1.36792273852040e+00 3.17792226720406e-01
3.09000000000000e+00 1.68479597657843e+00 1.38260185702999e+00 3.02194119548441e-01
3.09500000000000e+00 1.68387299279672e+00 1.39982743227203e+00 2.84045560524696e-01
3.10000000000000e+00 1.68294597074981e+00 1.41945135953695e+00 2.63494611212860e-01
3.10500000000000e+00 1.68201486746428e+00 1.44131106870462e+00 2.40703798759660e-01
3.11000000000000e+00 1.68107964013969e+00 1.46523053680290e+00 2.15849103336789e-01
3.11500000000000e+00 1.68014024614908e+00 1.49102138342582e+00 1.89118862723261e-01
3.12000000000000e+00 1.67919664303946e+00 1.51848404225504e+00 1.60712600784422e-01
3.12500000000000e+00 1.67824878853233e+00 1.54740900145948e+00 1.30839787072851e-01
3.13000000000000e+00 1.67729664052413e+00 1.57757810532302e+00 9.97185352011085e-02
3.13500000000000e+00 1.67634015708677e+00 1.60876590907298e+00 6.75742480137860e-02
3.14000000000000e+00 1.67537929646803e+00 1.64074107855382e+00 3.46382179142097e-02
3.14500000000000e+00 1.67441401709210e+00 1.67326782611444e+00 1.14619097766444e-03
3.15000000000000e+00 1.67344427755999e+00 1.70610737385376e+00 3.26630962937717e-02
3.15500000000000e+00 1.67247003664999e+00 1.73901943520098e+00 6.65493985509888e-02
3.16000000000000e+00 1.67149125331812e+00 1.77176370569363e+00 1.00272452375506e-01
3.16500000000000e+00 1.67050788669855e+00 1.80410135376010e+00 1.33593467061550e-01
3.17000000000000e+00 1.66951989610404e+00 1.83579650231313e+00 1.66276606209090e-01
3.17500000000000e+00 1.66852724102635e+00 1.86661769201745e+00 1.98090450991098e-01
3.18000000000000e+00 1.66752988113669e+00 1.89633931720795e+00 2.28809436071260e-01
3.18500000000000e+00 1.66652777628605e+00 1.92474302560309e+00 2.58215249317039e-01
3.19000000000000e+00 1.66552088650567e+00 1.95161907318189e+00 2.86098186676218e-01
3.19500000000000e+00 1.66450917200742e+00 1.97676762586893e+00 3.12258453861519e-01
3.20000000000000e+00 1.66349259318413e+00 2.00000000000000e+00 3.36507406815875e-01
3.20500000000000e+00 1.66247111061003e+00 2.02113983391842e+00 3.58668723308387e-01
3.21000000000000e+00 1.66144468504111e+00 2.04002418347677e+00 3.78579498435652e-01
3.21500000000000e+00 1.66041327741545e+00 2.05650453468774e+00 3.96091257272290e-01
3.22000000000000e+00 1.65937684885359e+00 2.07044772727895e+00 4.11070878425361e-01
3.22500000000000e+00 1.65833536065890e+00 2.08173678345563e+00 4.23401422796723e-01
3.23000000000000e+00 1.65728877431790e+00 2.09027163675968e+00 4.32982862441780e-01
3.23500000000000e+00 1.65623705150059e+00 2.09596975652967e+00 4.39732705029083e-01
3.24000000000000e+00 1.65518015406079e+00 2.09876666410972e+00 4.43586510048932e-01
3.24500000000000e+00 1.65411804403647e+00 2.09861633762302e+00 4.44498293586550e-01
3.25000000000000e+00 1.65305068365002e+00 2.09549150281253e+00 4.42440819162502e-01
3.25500000000000e+00 1.65197803530863e+00 2.08938380815405e+00 4.37405772845426e-01
3.26000000000000e+00 1.65090006160449e+00 2.08030388316029e+00 4.29403821555794e-01
3.26500000000000e+00 1.64981672531520e+00 2.06828127951470e+00 4.18464554199509e-01
3.27000000000000e+00 1.64872798940393e+00 2.05336429539657e+00 4.04636305992640e-01
3.27500000000000e+00 1.64763381701981e+00 2.03561968407860e+00 3.87985867058790e-01
3.28000000000000e+00 1.64653417149813e+00 2.01513224859221e+00 3.68598077094086e-01
3.28500000000000e+00 1.64542901636062e+00 1.99200432495795e+00 3.46575308597326e-01
3.29000000000000e+00 1.64431831531575e+00 1.96635515716554e+00 3.22036841849791e-01
3.29500000000000e+00 1.64320203225891e+00 1.93832016775567e+00 2.95118135496758e-01
3.30000000000000e+00 1.64208013127271e+00 1.90805012849909e+00 2.65969997226378e-01
3.30500000000000e+00 1.64095257662719e+00 1.87571023628479e+00 2.34757659657592e-01
3.31000000000000e+00 1.63981933278007e+00 1.84147909991323e+00 2.01659767133159e-01
3.31500000000000e+00 1.63868036437695e+00 1.80554764404025e+00 1.66867279663306e-01
3.32000000000000e+00 1.63753563625154e+00 1.76811793702778e+00 1.30582300776241e-01
3.32500000000000e+00 1.63638511342589e+00 1.72940194992690e+00 9.30168365010093e-02
3.33000000000000e+00 1.63522876111056e+00 1.68962025424335e+00 5.43914931327876e-02
3.33500000000000e+00 1.63406654470483e+00 1.64900066651302e+00 1.49341218081882e-02
3.34000000000000e+00 1.63289842979691e+00 1.60777684804301e+00 2.51215817539028e-02
3.34500000000000e+00 1.63172438216408e+00 1.56618686845015e+00 6.55375137139269e-02
3.35000000000000e+00 1.63054436777291e+00 1.52447174185243e+00 1.06072625920488e-01
3.35500000000000e+00 1.62935835277943e+00 1.48287394473692e+00 1.46484408042518e-01
3.36000000000000e+00 1.62816630352926e+00 1.44163592464142e+00 1.86530378887847e-01
3.36500000000000e+00 1.62696818655780e+00 1.40099860884315e+00 2.25969577714652e-01
3.37000000000000e+00 1.62576396859035e+00 1.36119992224821e+00 2.64564046342140e-01
3.37500000000000e+00 1.62455361654231e+00 1.32247332361862e+00 3.02080292923689e-01
3.38000000000000e+00 1.62333709751925e+00 1.28504636916086e+00 3.38290728358392e-01
3.38500000000000e+00 1.62211437881709e+00 1.24913931233114e+00 3.72975066485947e-01
3.39000000000000e+00 1.62088542792222e+00 1.21496374848942e+00 4.05921679432805e-01
3.39500000000000e+00 1.61965021251161e+00 1.18272131275752e+00 4.36928899754088e-01
3.40000000000000e+00 1.61840870045291e+00 1.15260243910916e+00 4.65806261343753e-01
3.40500000000000e+00 1.61716085980459e+00 1.12478518834171e+00 4.92375671462883e-01
3.41000000000000e+00 1.61590665881601e+00 1.09943415215529e+00 5.16472506660723e-01
3.41500000000000e+00 1.61464606592754e+00 1.07669944009537e+00 5.37946625832177e-01
3.42000000000000e+00 1.61337904977063e+00 1.05671575560428e+00 5.56663294166353e-01
3.42500000000000e+00 1.61210557916790e+00 1.03960156687779e+00 5.72504012290110e-01
3.43000000000000e+00 1.61082562313322e+00 1.02545837763829e+00 5.85367245494930e-01
3.43500000000000e+00 1.60953915087176e+00 1.01437010232018e+00 5.95169048551584e-01
3.44000000000000e+00 1.60824613178009e+00 1.00640254951957e+00 6.01843582260521e-01
3.44500000000000e+00 1.60694653544619e+00 1.00160301689261e+00 6.05343518553589e-01
3.45000000000000e+00 1.60564033164957e+00 1.00000000000000e+00 6.05640331649570e-01
3.45500000000000e+00 1.60432749036123e+00 1.00160301689261e+00 6.02724473468629e-01
3.46000000000000e+00 1.60300798174378e+00 1.00640254951956e+00 5.96605432224214e-01
3.46500000000000e+00 1.60168177615141e+00 1.01437010232018e+00 5.87311673831235e-01
3.47000000000000e+00 1.60034884412997e+00 1.02545837763829e+00 5.74890466491684e-01
3.47500000000000e+00 1.59900915641696e+00 1.03960156687779e+00 5.59407589539164e-01
3.48000000000000e+00 1.59766268394154e+00 1.05671575560427e+00 5.40946928337271e-01
3.48500000000000e+00 1.59630939782460e+00 1.07669944009536e+00 5.19609957729236e-01
3.49000000000000e+00 1.59494926937867e+00 1.09943415215529e+00 4.95515117223382e-01
3.49500000000000e+00 1.59358227010800e+00 1.12478518834171e+00 4.68797081766294e-01
3.50000000000000e+00 1.59220837170852e+00 1.15260243910915e+00 4.39605932599361e-01
3.50500000000000e+00 1.59082754606781e+00 1.18272131275752e+00 4.08106233310293e-01
3.51000000000000e+00 1.58943976526514e+00 1.21496374848942e+00 3.74476016775724e-01
3.51500000000000e+00 1.58804500157138e+00 1.24913931233114e+00 3.38905689240244e-01
3.52000000000000e+00 1.58664322744902e+00 1.28504636916085e+00 3.01596858288165e-01
3.52500000000000e+00 1.58523441555208e+00 1.32247332361861e+00 2.62761091933467e-01
3.53000000000000e+00 1.58381853872614e+00 1.36119992224821e+00 2.22618616477935e-01
3.53500000000000e+00 1.58239557000825e+00 1.40099860884315e+00 1.81396961165108e-01
3.54000000000000e+00 1.58096548262689e+00 1.44163592464141e+00 1.39329557985478e-01
3.54500000000000e+00 1.57952825000189e+00 1.48287394473691e+00 9.66543052649760e-02
3.55000000000000e+00 1.57808384574440e+00 1.52447174185242e+00 5.36121038919790e-02
3.55500000000000e+00 1.57663224365683e+00 1.56618686845015e+00 1.04453752066751e-02
3.56000000000000e+00 1.57517341773272e+00 1.60777684804300e+00 3.26034303102778e-02
3.56500000000000e+00 1.57370734215674e+00 1.64900066651302e+00 7.52933243562808e-02
3.57000000000000e+00 1.57223399130452e+00 1.68962025424335e+00 1.17386262938825e-01
3.57500000000000e+00 1.57075333974265e+00 1.72940194992690e+00 1.58648610184245e-01
3.58000000000000e+00 1.56926536222852e+00 1.76811793702778e+00 1.98852574799260e-01
3.58500000000000e+00 1.56777003371024e+00 1.80554764404025e+00 2.37777610330007e-01
3.59000000000000e+00 1.56626732932655e+00 1.84147909991322e+00 2.75211770586678e-01
3.59500000000000e+00 1.56475722440668e+00 1.87571023628478e+00 3.10953011878102e-01
3.60000000000000e+00 1.56323969447028e+00 1.90805012849909e+00 3.44810434028809e-01
3.60500000000000e+00 1.56171471522726e+00 1.93832016775567e+00 3.76605452528406e-01
3.61000000000000e+00 1.56018226257768e+00 1.96635515716554e+00 4.06172894587863e-01
3.61500000000000e+00 1.55864231261162e+00 1.99200432495795e+00 4.33362012346336e-01
3.62000000000000e+00 1.55709484160904e+00 2.01513224859221e+00 4.58037406983175e-01
3.62500000000000e+00 1.55553982603965e+00 2.03561968407860e+00 4.80079858038948e-01
3.63000000000000e+00 1.55397724256277e+00 2.05336429539657e+00 4.99387052833800e-01
3.63500000000000e+00 1.55240706802715e+00 2.06828127951470e+00 5.15874211487553e-01
3.64000000000000e+00 1.55082927947085e+00 2.08030388316029e+00 5.29474603689434e-01
3.64500000000000e+00 1.54924385412108e+00 2.08938380815405e+00 5.40139954032976e-01
3.65000000000000e+00 1.54765076939398e+00 2.09549150281253e+00 5.47840733418546e-01
3.65500000000000e+00 1.54605000289454e+00 2.09861633762302e+00 5.52566334728479e-01
3.66000000000000e+00 1.54444153241636e+00 2.09876666410972e+00 5.54325131693366e-01
3.66500000000000e+00 1.54282533594149e+00 2.09596975652967e+00 5.53144420588184e-01
3.67000000000000e+00 1.54120139164026e+00 2.09027163675968e+00 5.49070245119420e-01
3.67500000000000e+00 1.53956967787108e+00 2.08173678345563e+00 5.42167105584545e-01
3.68000000000000e+00 1.53793017318025e+00 2.07044772727895e+00 5.32517554098705e-01
3.68500000000000e+00 1.53628285630176e+00 2.05650453468774e+00 5.20221678385984e-01
3.69000000000000e+00 1.53462770615709e+00 2.04002418347677e+00 5.05396477319676e-01
3.69500000000000e+00 1.53296470185503e+00 2.02113983391842e+00 4.88175132063391e-01
3.70000000000000e+00 1.53129382269142e+00 2.00000000000000e+00 4.68706177308582e-01
3.70500000000000e+00 1.52961504814898e+00 1.97676762586894e+00 4.47152577719958e-01
3.71000000000000e+00 1.52792835789706e+00 1.95161907318189e+00 4.23690715284831e-01
3.71500000000000e+00 1.52623373179146e+00 1.92474302560309e+00 3.98509293811628e-01
3.72000000000000e+00 1.52453114987414e+00 1.89633931720795e+00 3.71808167333805e-01
3.72500000000000e+00 1.52282059237305e+00 1.86661769201745e+00 3.43797099644407e-01
3.73000000000000e+00 1.52110203970184e+00 1.83579650231313e+00 3.14694462611291e-01
3.73500000000000e+00 1.51937547245967e+00 1.80410135376010e+00 2.84725881300428e-01
3.74000000000000e+00 1.51764087143094e+00 1.77176370569363e+00 2.54122834262691e-01
3.74500000000000e+00 1.51589821758502e+00 1.73901943520098e+00 2.23121217615965e-01
3.75000000000000e+00 1.51414749207604e+00 1.70610737385376e+00 1.91959881777720e-01
3.75500000000000e+00 1.51238867624263e+00 1.67326782611444e+00 1.60879149871816e-01
3.76000000000000e+00 1.51062175160760e+00 1.64074107855382e+00 1.30119326946225e-01
3.76500000000000e+00 1.50884669987775e+00 1.60876590907298e+00 9.99192091952317e-02
3.77000000000000e+00 1.50706350294357e+00 1.57757810532303e+00 7.05146023794598e-02
3.77500000000000e+00 1.50527214287895e+00 1.54740900145948e+00 4.21368585805295e-02
3.78000000000000e+00 1.50347260194095e+00 1.51848404225504e+00 1.50114403140962e-02
3.78500000000000e+00 1.50166486256944e+00 1.49102138342582e+00 1.06434791436225e-02
3.79000000000000e+00 1.49984890738693e+00 1.46523053680291e+00 3.46183705840184e-02
3.79500000000000e+00 1.49802471919816e+00 1.44131106870462e+00 5.67136504935339e-02
3.80000000000000e+00 1.49619228098989e+00 1.41945135953695e+00 7.67409214529364e-02
3.80500000000000e+00 1.49435157593059e+00 1.39982743227203e+00 9.45241436585598e-02
3.81000000000000e+00 1.49250258737011e+00 1.38260185702999e+00 1.09900730340117e-01
3.81500000000000e+00 1.49064529883941e+00 1.36792273852040e+00 1.22722560319013e-01
3.82000000000000e+00 1.48877969405024e+00 1.35592279258843e+00 1.32856901461818e-01
3.82500000000000e+00 1.48690575689483e+00 1.34671851756181e+00 1.40187239333017e-01
3.83000000000000e+00 1.48502347144556e+00 1.34040946551008e+00 1.44614005935476e-01
3.83500000000000e+00 1.48313282195468e+00 1.33707761791153e+00 1.46055204043148e-01
3.84000000000000e+00 1.48123379285396e+00 1.33678686957979e+00 1.44446923274171e-01
3.84500000000000e+00 1.47932636875436e+00 1.33958262403436e+00 1.39743744720002e-01
3.85000000000000e+00 1.47741053444575e+00 1.34549150281253e+00 1.31919031633219e-01
3.85500000000000e+00 1.47548627489649e+00 1.35452117051728e+00 1.20965104379210e-01
3.86000000000000e+00 1.47355357525320e+00 1.36666027668282e+00 1.06893298570387e-01
3.86500000000000e+00 1.47161242084035e+00 1.38187851481848e+00 8.97339060218709e-02
3.87000000000000e+00 1.46966279715992e+00 1.40012679826999e+00 6.95359988899265e-02
3.87500000000000e+00 1.46770468989110e+00 1.42133755181640e+00 4.63671380746997e-02
3.88000000000000e+00 1.46573808488992e+00 1.44542511720754e+00 2.03129676823761e-02
3.88500000000000e+00 1.46376296818886e+00 1.47228627014469e+00 8.52330195583395e-03
3.89000000000000e+00 1.46177932599657e+00 1.50180084551966e+00 4.00215195230951e-02
3.89500000000000e+00 1.45978714469744e+00 1.53383246706028e+00 7.40453223628366e-02
3.90000000000000e+00 1.45778641085130e+00 1.56822937688661e+00 1.10442966035305e-01
3.90500000000000e+00 1.45577711119301e+00 1.60482535986612e+00 1.49048248673105e-01
3.91000000000000e+00 1.45375923263211e+00 1.64344075707161e+00 1.89681524439500e-01
3.91500000000000e+00 1.45173276225246e+00 1.68388356209650e+00 2.32150799844038e-01
3.92000000000000e+00 1.44969768731185e+00 1.72595059347097e+00 2.76252906159115e-01
3.92500000000000e+00 1.44765399524164e+00 1.76942873595353e+00 3.21774740711892e-01
3.93000000000000e+00 1.44560167364636e+00 1.81409624304787e+00 3.68494569401505e-01
3.93500000000000e+00 1.44354071030336e+00 1.85972409271722e+00 4.16183382413867e-01
3.94000000000000e+00 1.44147109316238e+00 1.90607738794081e+00 4.64606294778434e-01
3.94500000000000e+00 1.43939281034521e+00 1.95291679348016e+00 5.13523983134949e-01
3.95000000000000e+00 1.43730585014528e+00 2.00000000000000e+00 5.62694149854715e-01
3.95500000000000e+00 1.43521020102725e+00 2.04708320651983e+00 6.11873005492581e-01
3.96000000000000e+00 1.43310585162664e+00 2.09392261205918e+00 6.60816760432538e-01
3.96500000000000e+00 1.43099279074941e+00 2.14027590728278e+00 7.09283116533374e-01
3.97000000000000e+00 1.42887100737158e+00 2.18590375695213e+00 7.57032749580556e-01
3.97500000000000e+00 1.42674049063880e+00 2.23057126404647e+00 8.03830773407667e-01
3.98000000000000e+00 1.42460122986599e+00 2.27404940652903e+00 8.49448176663038e-01
3.98500000000000e+00 1.42245321453687e+00 2.31611643790350e+00 8.93663223366626e-01
3.99000000000000e+00 1.42029643430359e+00 2.35655924292839e+00 9.36262808624799e-01
3.99500000000000e+00 1.41813087898629e+00 2.39517464013388e+00 9.77043761147591e-01
4.00000000000000e+00 1.41595653857272e+00 2.43177062311338e+00 1.01581408454067e+00
