variables = x, value-predict, value-true, error
0.00000000000000e+00 2.43129713919037e+00 2.43177062311339e+00 4.73483923022933e-04
5.00000000000000e-03 2.46568048843388e+00 2.46616753293972e+00 4.87044505839140e-04
1.00000000000000e-02 2.49770193550861e+00 2.49819915448034e+00 4.97218971729829e-04
1.50000000000000e-02 2.52721513653441e+00 2.52771372985530e+00 4.98593320888752e-04
2.00000000000000e-02 2.55408569346085e+00 2.55457488279246e+00 4.89189331608575e-04
2.50000000000000e-02 2.57819291020143e+00 2.57866244818360e+00 4.69537982168422e-04
3.00000000000000e-02 2.59943137645213e+00 2.59987320173000e+00 4.41825277877506e-04
3.50000000000000e-02 2.61771234647680e+00 2.61812148518152e+00 4.09138704721368e-04
4.00000000000000e-02 2.63296488763960e+00 2.63333972331718e+00 3.74835677582563e-04
4.50000000000000e-02 2.64513678196701e+00 2.64547882948272e+00 3.42047515703658e-04
5.00000000000000e-02 2.65419517300060e+00 2.65450849718747e+00 3.13324186878461e-04
5.50000000000000e-02 2.66012695908742e+00 2.66041737596564e+00 2.90416878221844e-04
6.00000000000000e-02 2.66293894249445e+00 2.66321313042021e+00 2.74187925766611e-04
6.50000000000000e-02 2.66265775082874e+00 2.66292238208847e+00 2.64631259732084e-04
7.00000000000000e-02 2.65932955280508e+00 2.65959053448992e+00 2.60981684836903e-04
7.50000000000000e-02 2.65301959416404e+00 2.65328148243819e+00 2.61888274144084e-04
8.00000000000000e-02 2.64381158139720e+00 2.64407720741157e+00 2.65626014376519e-04
8.50000000000000e-02 2.63180694092328e+00 2.63207726147960e+00 2.70320556321924e-04
9.00000000000000e-02 2.61712397966215e+00 2.61739814297001e+00 2.74163307863784e-04
9.50000000000000e-02 2.59989696986740e+00 2.60017256772797e+00 2.75597860570187e-04
1.00000000000000e-01 2.58027517698301e+00 2.58054864046305e+00 2.73463480040537e-04
1.05000000000000e-01 2.55842184460498e+00 2.55868893129538e+00 2.67086690394880e-04
1.10000000000000e-01 2.53451314578458e+00 2.53476946319709e+00 2.56317412513862e-04
1.15000000000000e-01 2.50873710530679e+00 2.50897861657418e+00 2.41511267385697e-04
1.20000000000000e-01 2.48129249356431e+00 2.48151595774496e+00 2.23464180653554e-04
1.25000000000000e-01 2.45238768949881e+00 2.45259099854052e+00 2.03309041710398e-04
1.30000000000000e-01 2.42223950798743e+00 2.42242189467697e+00 1.82386689540071e-04
1.35000000000000e-01 2.39107198611289e+00 2.39123409092702e+00 1.62104814129815e-04
1.40000000000000e-01 2.35911512298227e+00 2.35925892144618e+00 1.43798463909661e-04
1.45000000000000e-01 2.32660356907423e+00 2.32673217388556e+00 1.28604811332256e-04
1.50000000000000e-01 2.29377526334919e+00 2.29389262614624e+00 1.17362797043885e-04
1.55000000000000e-01 2.26087001933234e+00 2.26098056479902e+00 1.10545466676992e-04
1.60000000000000e-01 2.22812806481196e+00 2.22823629430637e+00 1.08229494417245e-04
1.65000000000000e-01 2.19578854338929e+00 2.19589864623990e+00 1.10102850608307e-04
1.70000000000000e-01 2.16408798956635e+00 2.16420349768687e+00 1.15508120519081e-04
1.75000000000000e-01 2.13325879207737e+00 2.13338230798255e+00 1.23515905174898e-04
1.80000000000000e-01 2.10352766250709e+00 2.10366068279205e+00 1.33020284961205e-04
1.85000000000000e-01 2.07511412770564e+00 2.07525697439691e+00 1.42846691269849e-04
1.90000000000000e-01 2.04822906499246e+00 2.04838092681811e+00 1.51861825644417e-04
1.95000000000000e-01 2.02307329861325e+00 2.02323237413107e+00 1.59075517815133e-04
2.00000000000000e-01 1.99983627443584e+00 2.00000000000000e+00 1.63725564159556e-04
2.05000000000000e-01 1.97869482758286e+00 1.97886016608158e+00 1.65338498719469e-04
2.10000000000000e-01 1.95981205480732e+00 1.95997581652323e+00 1.63761715913813e-04
2.15000000000000e-01 1.94333630016991e+00 1.94349546531226e+00 1.59165142352924e-04
2.20000000000000e-01 1.92940025924142e+00 1.92955227272105e+00 1.52013479626678e-04
2.25000000000000e-01 1.91812020388956e+00 1.91826321654437e+00 1.43012654816532e-04
2.30000000000000e-01 1.90959532694664e+00 1.90972836324032e+00 1.33036293681332e-04
2.35000000000000e-01 1.90390720387253e+00 1.90403024347033e+00 1.23039597792030e-04
2.40000000000000e-01 1.90111936704212e+00 1.90123333589028e+00 1.13968848155066e-04
2.45000000000000e-01 1.90127698754675e+00 1.90138366237698e+00 1.06674830235409e-04
2.50000000000000e-01 1.90440665938204e+00 1.90450849718747e+00 1.01837805437821e-04
2.55000000000000e-01 1.91051628151400e+00 1.91061619184595e+00 9.99103319525574e-05
2.60000000000000e-01 1.91959503443522e+00 1.91969611683971e+00 1.01082404494024e-04
2.65000000000000e-01 1.93161344926480e+00 1.93171872048530e+00 1.05271220499414e-04
2.70000000000000e-01 1.94652356901383e+00 1.94663570460343e+00 1.12135589603657e-04
2.75000000000000e-01 1.96425920312937e+00 1.96438031592140e+00 1.21112792035305e-04
2.80000000000000e-01 1.98473627765663e+00 1.98486775140779e+00 1.31473751153077e-04
2.85000000000000e-01 2.00785328415961e+00 2.00799567504205e+00 1.42390882435173e-04
2.90000000000000e-01 2.03349183079803e+00 2.03364484283446e+00 1.53012036427480e-04
2.95000000000000e-01 2.06151729860535e+00 2.06167983224433e+00 1.62533638981444e-04
3.00000000000000e-01 2.09177960503924e+00 2.09194987150091e+00 1.70266461670732e-04
3.05000000000000e-01 2.12411407533274e+00 2.12428976371522e+00 1.75688382474171e-04
3.10000000000000e-01 2.15834242016395e+00 2.15852090008677e+00 1.78479922821495e-04
3.15000000000000e-01 2.19427381583574e+00 2.19445235595975e+00 1.78540124012638e-04
3.20000000000000e-01 2.23170608069718e+00 2.23188206297222e+00 1.75982275033348e-04
3.25000000000000e-01 2.27042693914304e+00 2.27059805007310e+00 1.71110930061058e-04
3.30000000000000e-01 2.31021536239187e+00 2.31037974575665e+00 1.64383364785081e-04
3.35000000000000e-01 2.35084297353752e+00 2.35099933348698e+00 1.56359949458729e-04
3.40000000000000e-01 2.39207550322105e+00 2.39222315195700e+00 1.47648735942418e-04
3.45000000000000e-01 2.43367428175268e+00 2.43381313154985e+00 1.38849797173268e-04
3.50000000000000e-01 2.47539775363271e+00 2.47552825814758e+00 1.30504514871621e-04
3.55000000000000e-01 2.51700300111639e+00 2.51712605526309e+00 1.23054146700330e-04
3.60000000000000e-01 2.55824726462050e+00 2.55836407535859e+00 1.16810738091111e-04
3.65000000000000e-01 2.59888944921513e+00 2.59900139115685e+00 1.11941941721927e-04
3.70000000000000e-01 2.63869160799324e+00 2.63880007775179e+00 1.08469758545393e-04
3.75000000000000e-01 2.67742039457500e+00 2.67752667638138e+00 1.06281806379727e-04
3.80000000000000e-01 2.71484847822171e+00 2.71495363083915e+00 1.05152617439153e-04
3.85000000000000e-01 2.75075591589069e+00 2.75086068766886e+00 1.04771778164814e-04
3.90000000000000e-01 2.78493147600761e+00 2.78503625151058e+00 1.04775502967058e-04
3.95000000000000e-01 2.81717390878499e+00 2.81727868724248e+00 1.04778457493016e-04
4.00000000000000e-01 2.84729315765980e+00 2.84739756089084e+00 1.04403231044436e-04
4.05000000000000e-01 2.87511150599227e+00 2.87521481165829e+00 1.03305666019349e-04
4.10000000000000e-01 2.90046465272123e+00 2.90056584784471e+00 1.01195123487052e-04
4.15000000000000e-01 2.92320271036508e+00 2.92330055990464e+00 9.78495395602685e-05
4.20000000000000e-01 2.94319111871570e+00 2.94328424439572e+00 9.31256800189573e-05
4.25000000000000e-01 2.96031146786412e+00 2.96039843312221e+00 8.69652580859359e-05
4.30000000000000e-01 2.97446222482478e+00 2.97454162236171e+00 7.93975369330902e-05
4.35000000000000e-01 2.98555935892365e+00 2.98562989767982e+00 7.05387561734661e-05
4.40000000000000e-01 2.99353686216472e+00 2.99359745048043e+00 6.05883157098752e-05
4.45000000000000e-01 2.99834716184169e+00 2.99839698310739e+00 4.98212657071839e-05
4.50000000000000e-01 2.99996142357141e+00 3.00000000000000e+00 3.85764285888435e-05
4.55000000000000e-01 2.99836974357939e+00 2.99839698310739e+00 2.72395280087601e-05
4.60000000000000e-01 2.99358122941248e+00 2.99359745048043e+00 1.62210679515162e-05
4.65000000000000e-01 2.98562396830859e+00 2.98562989767982e+00 5.92937122911863e-06
4.70000000000000e-01 2.97454488230756e+00 2.97454162236171e+00 3.25994584349232e-06
4.75000000000000e-01 2.96040946898784e+00 2.96039843312221e+00 1.10358656293386e-05
4.80000000000000e-01 2.94330142663518e+00 2.94328424439572e+00 1.71822394587906e-05
4.85000000000000e-01 2.92332216286333e+00 2.92330055990464e+00 2.16029586939115e-05
4.90000000000000e-01 2.90059018634731e+00 2.90056584784471e+00 2.43385025937570e-05
4.95000000000000e-01 2.87524038246708e+00 2.87521481165829e+00 2.55708087855133e-05
5.00000000000000e-01 2.84742317528454e+00 2.84739756089084e+00 2.56143937020781e-05
5.05000000000000e-01 2.81730358029887e+00 2.81727868724248e+00 2.48930563864214e-05
5.10000000000000e-01 2.78506015468178e+00 2.78503625151058e+00 2.39031712014892e-05
5.15000000000000e-01 2.75088385397366e+00 2.75086068766886e+00 2.31663048007036e-05
5.20000000000000e-01 2.71497680629095e+00 2.71495363083915e+00 2.31754518069671e-05
5.25000000000000e-01 2.67755101673281e+00 2.67752667638138e+00 2.43403514246232e-05
5.30000000000000e-01 2.63882701569816e+00 2.63880007775179e+00 2.69379463717634e-05
5.35000000000000e-01 2.59903246511445e+00 2.59900139115685e+00 3.10739576030450e-05
5.40000000000000e-01 2.55840073609643e+00 2.55836407535859e+00 3.66607378481376e-05
5.45000000000000e-01 2.51716947034404e+00 2.51712605526309e+00 4.34150809538458e-05
5.50000000000000e-01 2.47557913578041e+00 2.47552825814758e+00 5.08776328311811e-05
5.55000000000000e-01 2.43387158472513e+00 2.43381313154985e+00 5.84531752783057e-05
5.60000000000000e-01 2.39228862054556e+00 2.39222315195700e+00 6.54685885606021e-05
5.65000000000000e-01 2.35107057651137e+00 2.35099933348698e+00 7.12430243905438e-05
5.70000000000000e-01 2.31045490877417e+00 2.31037974575665e+00 7.51630175153117e-05
5.75000000000000e-01 2.27067480425489e+00 2.27059805007310e+00 7.67541817916495e-05
5.80000000000000e-01 2.23195780393515e+00 2.23188206297222e+00 7.57409629330574e-05
5.85000000000000e-01 2.19452444271419e+00 2.19445235595975e+00 7.20867544456993e-05
5.90000000000000e-01 2.15858690859975e+00 2.15852090008677e+00 6.60085129768895e-05
5.95000000000000e-01 2.12434772641423e+00 2.12428976371522e+00 5.79626990111493e-05
6.00000000000000e-01 2.09199847416004e+00 2.09194987150091e+00 4.86026591262068e-05
6.05000000000000e-01 2.06171854333673e+00 2.06167983224433e+00 3.87110924000567e-05
6.10000000000000e-01 2.03367395740395e+00 2.03364484283446e+00 2.91145694930606e-05
6.15000000000000e-01 2.00801626478387e+00 2.00799567504205e+00 2.05897418155132e-05
6.20000000000000e-01 1.98488152388483e+00 1.98486775140779e+00 1.37724770430392e-05
6.25000000000000e-01 1.96438939730224e+00 1.96438031592140e+00 9.08138083399734e-06
6.30000000000000e-01 1.94664237048161e+00 1.94663570460343e+00 6.66587818010100e-06
6.35000000000000e-01 1.93172510678734e+00 1.93171872048530e+00 6.38630203897428e-06
6.40000000000000e-01 1.91970394640166e+00 1.91969611683971e+00 7.82956194700368e-06
6.45000000000000e-01 1.91062655126773e+00 1.91061619184595e+00 1.03594217808478e-05
6.50000000000000e-01 1.90452169300224e+00 1.90450849718747e+00 1.31958147682187e-05
6.55000000000000e-01 1.90139917599627e+00 1.90138366237698e+00 1.55136192914185e-05
6.60000000000000e-01 1.90124988439496e+00 1.90123333589028e+00 1.65485046839109e-05
6.65000000000000e-01 1.90404593974094e+00 1.90403024347033e+00 1.56962706110431e-05
6.70000000000000e-01 1.90974095599489e+00 1.90972836324032e+00 1.25927545711058e-05
6.75000000000000e-01 1.91827038035309e+00 1.91826321654437e+00 7.16380871979005e-06
6.80000000000000e-01 1.92955191144773e+00 1.92955227272105e+00 3.61273316817901e-07
6.85000000000000e-01 1.94348599060669e+00 1.94349546531226e+00 9.47470556589280e-06
6.90000000000000e-01 1.95995636619984e+00 1.95997581652323e+00 1.94503233941212e-05
6.95000000000000e-01 1.97883073501016e+00 1.97886016608158e+00 2.94310714188395e-05
7.00000000000000e-01 1.99996146741880e+00 2.00000000000000e+00 3.85325811977921e-05
7.05000000000000e-01 2.02318642452339e+00 2.02323237413106e+00 4.59496076783417e-05
7.10000000000000e-01 2.04832987488950e+00 2.04838092681811e+00 5.10519286045508e-05
7.15000000000000e-01 2.07520351649004e+00 2.07525697439691e+00 5.34579068767194e-05
7.20000000000000e-01 2.10360760578431e+00 2.10366068279205e+00 5.30770077409315e-05
7.25000000000000e-01 2.13333219129296e+00 2.13338230798255e+00 5.01166895858773e-05
7.30000000000000e-01 2.16415844402251e+00 2.16420349768687e+00 4.50536643650246e-05
7.35000000000000e-01 2.19586007230913e+00 2.19589864623990e+00 3.85739307726674e-05
7.40000000000000e-01 2.22820480465156e+00 2.22823629430637e+00 3.14896548143651e-05
7.45000000000000e-01 2.26095592133087e+00 2.26098056479902e+00 2.46434681487884e-05
7.50000000000000e-01 2.29387381432524e+00 2.29389262614624e+00 1.88118209920596e-05
7.55000000000000e-01 2.32671755527583e+00 2.32673217388556e+00 1.46186097360612e-05
7.60000000000000e-01 2.35924645289797e+00 2.35925892144618e+00 1.24685482068010e-05
7.65000000000000e-01 2.39122158395404e+00 2.39123409092702e+00 1.25069729794980e-05
7.70000000000000e-01 2.42240728529332e+00 2.42242189467697e+00 1.46093836561612e-05
7.75000000000000e-01 2.45257259806379e+00 2.45259099854052e+00 1.84004767334045e-05
7.80000000000000e-01 2.48149265857219e+00 2.48151595774496e+00 2.32991727648901e-05
7.85000000000000e-01 2.50895003305393e+00 2.50897861657418e+00 2.85835202471496e-05
7.90000000000000e-01 2.53473599556581e+00 2.53476946319709e+00 3.34676312814253e-05
7.95000000000000e-01 2.55865174921846e+00 2.55868893129538e+00 3.71820769178299e-05
8.00000000000000e-01 2.58050959103712e+00 2.58054864046305e+00 3.90494259296936e-05
8.05000000000000e-01 2.60013402000653e+00 2.60017256772797e+00 3.85477214432939e-05
8.10000000000000e-01 2.61736278652584e+00 2.61739814297001e+00 3.53564441653020e-05
8.15000000000000e-01 2.63204787982611e+00 2.63207726147960e+00 2.93816534884250e-05
8.20000000000000e-01 2.64405644814873e+00 2.64407720741157e+00 2.07592628433950e-05
8.25000000000000e-01 2.65327164488857e+00 2.65328148243819e+00 9.83754961447758e-06
8.30000000000000e-01 2.65959339266460e+00 2.65959053448992e+00 2.85817468848037e-06
8.35000000000000e-01 2.66293905652896e+00 2.66292238208847e+00 1.66744404901387e-05
8.40000000000000e-01 2.66324401733230e+00 2.66321313042021e+00 3.08869120875244e-05
8.45000000000000e-01 2.66046213663642e+00 2.66041737596564e+00 4.47606707845161e-05
8.50000000000000e-01 2.65456610545964e+00 2.65450849718747e+00 5.76082721659432e-05
8.55000000000000e-01 2.64554767047134e+00 2.64547882948272e+00 6.88409886251407e-05
8.60000000000000e-01 2.63341773290848e+00 2.63333972331718e+00 7.80095912999990e-05
8.65000000000000e-01 2.61820631734594e+00 2.61812148518153e+00 8.48321644175698e-05
8.70000000000000e-01 2.59996240939428e+00 2.59987320173000e+00 8.92076642773354e-05
8.75000000000000e-01 2.57875366331166e+00 2.57866244818360e+00 9.12151280623164e-05
8.80000000000000e-01 2.55466598230902e+00 2.55457488279246e+00 9.10995165663842e-05
8.85000000000000e-01 2.52780297592882e+00 2.52771372985530e+00 8.92460735197886e-05
8.90000000000000e-01 2.49828530024065e+00 2.49819915448034e+00 8.61457603105187e-05
8.95000000000000e-01 2.46624988769640e+00 2.46616753293972e+00 8.23547566826122e-05
9.00000000000000e-01 2.43184907431888e+00 2.43177062311339e+00 7.84512054869957e-05
9.05000000000000e-01 2.39524963247250e+00 2.39517464013388e+00 7.49923386131890e-05
9.10000000000000e-01 2.35663171780785e+00 2.35655924292839e+00 7.24748794613816e-05
9.15000000000000e-01 2.31618773911574e+00 2.31611643790350e+00 7.13012122433021e-05
9.20000000000000e-01 2.27412115980980e+00 2.27404940652903e+00 7.17532807743559e-05
9.25000000000000e-01 2.23064523962057e+00 2.23057126404647e+00 7.39755741050452e-05
9.30000000000000e-01 2.18598172486494e+00 2.18590375695213e+00 7.79679128086741e-05
9.35000000000000e-01 2.14035949539289e+00 2.14027590728277e+00 8.35881101197700e-05
9.40000000000000e-01 2.09401317603671e+00 2.09392261205918e+00 9.05639775314881e-05
9.45000000000000e-01 2.04718172012624e+00 2.04708320651983e+00 9.85136064097780e-05
9.50000000000000e-01 2.00010697240688e+00 2.00000000000000e+00 1.06972406883621e-04
9.55000000000000e-01 1.95303221851984e+00 1.95291679348017e+00 1.15425039676875e-04
9.60000000000000e-01 1.90620072808867e+00 1.90607738794082e+00 1.23340147845985e-04
9.65000000000000e-01 1.85985429840429e+00 1.85972409271723e+00 1.30205687058016e-04
9.70000000000000e-01 1.81423180571417e+00 1.81409624304787e+00 1.35562666297995e-04
9.75000000000000e-01 1.76956777119471e+00 1.76942873595353e+00 1.39035241176311e-04
9.80000000000000e-01 1.72609094881116e+00 1.72595059347097e+00 1.40355340186860e-04
9.85000000000000e-01 1.68402294243303e+00 1.68388356209650e+00 1.39380336527051e-04
9.90000000000000e-01 1.64357685976218e+00 1.64344075707161e+00 1.36102690563966e-04
9.95000000000000e-01 1.60495601082441e+00 1.60482535986612e+00 1.30650958293677e-04
1.00000000000000e+00 1.56835265895607e+00 1.56822937688661e+00 1.23282069460995e-04
1.00500000000000e+00 1.53394683235979e+00 1.53383246706028e+00 1.14365299512587e-04
1.01000000000000e+00 1.50190520438689e+00 1.50180084551966e+00 1.04358867225818e-04
1.01500000000000e+00 1.47238005070196e+00 1.47228627014470e+00 9.37805572587269e-05
1.02000000000000e+00 1.44550829137513e+00 1.44542511720755e+00 8.31741675844100e-05
1.02500000000000e+00 1.42141062570642e+00 1.42133755181640e+00 7.30738900154293e-05
1.03000000000000e+00 1.40019076719601e+00 1.40012679827000e+00 6.39689260109044e-05
1.03500000000000e+00 1.38193478551779e+00 1.38187851481848e+00 5.62706993121331e-05
1.04000000000000e+00 1.36671056162361e+00 1.36666027668282e+00 5.02849407972850e-05
1.04500000000000e+00 1.35456736120066e+00 1.35452117051728e+00 4.61906833741921e-05
1.05000000000000e+00 1.34553553063054e+00 1.34549150281253e+00 4.40278180096065e-05
1.05500000000000e+00 1.33962631837840e+00 1.33958262403436e+00 4.36943440380588e-05
1.06000000000000e+00 1.33683182339625e+00 1.33678686957979e+00 4.49538164650765e-05
1.06500000000000e+00 1.33712507070257e+00 1.33707761791153e+00 4.74527910379052e-05
1.07000000000000e+00 1.34046021284405e+00 1.34040946551008e+00 5.07473339697029e-05
1.07500000000000e+00 1.34677285451387e+00 1.34671851756181e+00 5.43369520578096e-05
1.08000000000000e+00 1.35598049625285e+00 1.35592279258843e+00 5.77036644204831e-05
1.08500000000000e+00 1.36798309195606e+00 1.36792273852040e+00 6.03534356595770e-05
1.09000000000000e+00 1.38266371390187e+00 1.38260185702999e+00 6.18568718806500e-05
1.09500000000000e+00 1.39988931825842e+00 1.39982743227203e+00 6.18859863901200e-05
1.10000000000000e+00 1.41951160353431e+00 1.41945135953695e+00 6.02439973533819e-05
1.10500000000000e+00 1.44136795423461e+00 1.44131106870462e+00 5.68855299933890e-05
1.11000000000000e+00 1.46528246205106e+00 1.46523053680291e+00 5.19252481578913e-05
1.11500000000000e+00 1.49106701721717e+00 1.49102138342582e+00 4.56337913468108e-05
1.12000000000000e+00 1.51852246314522e+00 1.51848404225504e+00 3.84208901764715e-05
1.12500000000000e+00 1.54743980804896e+00 1.54740900145948e+00 3.08065894829568e-05
1.13000000000000e+00 1.57760148786416e+00 1.57757810532303e+00 2.33825411273259e-05
1.13500000000000e+00 1.60878267531295e+00 1.60876590907298e+00 1.67662399646051e-05
1.14000000000000e+00 1.64075263033256e+00 1.64074107855382e+00 1.15517787417918e-05
1.14500000000000e+00 1.67327608723140e+00 1.67326782611444e+00 8.26111696028420e-06
1.15000000000000e+00 1.70611467379851e+00 1.70610737385376e+00 7.29994474424345e-06
1.15500000000000e+00 1.73902835715147e+00 1.73901943520098e+00 8.92195049129185e-06
1.16000000000000e+00 1.77177691038067e+00 1.77176370569363e+00 1.32046870455760e-05
1.16500000000000e+00 1.80412139307703e+00 1.80410135376010e+00 2.00393169338398e-05
1.17000000000000e+00 1.83582563769271e+00 1.83579650231313e+00 2.91353795844884e-05
1.17500000000000e+00 1.86665773248012e+00 1.86661769201745e+00 4.00404626694773e-05
1.18000000000000e+00 1.89639149059486e+00 1.89633931720795e+00 5.21733869127683e-05
1.18500000000000e+00 1.92480789394881e+00 1.92474302560309e+00 6.48683457225019e-05
1.19000000000000e+00 1.95169649966697e+00 1.95161907318189e+00 7.74264850778028e-05
1.19500000000000e+00 1.97685679661915e+00 1.97676762586894e+00 8.91707502133077e-05
1.20000000000000e+00 2.00009949952652e+00 2.00000000000000e+00 9.94995265182208e-05
1.20500000000000e+00 2.02124776860113e+00 2.02113983391842e+00 1.07934682712862e-04
1.21000000000000e+00 2.04013834355746e+00 2.04002418347677e+00 1.14160080696202e-04
1.21500000000000e+00 2.05662258208611e+00 2.05650453468774e+00 1.18047398366183e-04
1.22000000000000e+00 2.07056739443132e+00 2.07044772727895e+00 1.19667152368219e-04
1.22500000000000e+00 2.08185606746498e+00 2.08173678345563e+00 1.19284009352683e-04
1.23000000000000e+00 2.09038897349680e+00 2.09027163675968e+00 1.17336737117668e-04
1.23500000000000e+00 2.09608416089121e+00 2.09596975652967e+00 1.14404361537090e-04
1.24000000000000e+00 2.09887782527617e+00 2.09876666410972e+00 1.11161166448603e-04
1.24500000000000e+00 2.09872466164229e+00 2.09861633762302e+00 1.08324019267858e-04
1.25000000000000e+00 2.09559809887630e+00 2.09549150281253e+00 1.06596063777609e-04
1.25500000000000e+00 2.08949041921643e+00 2.08938380815405e+00 1.06611062375084e-04
1.26000000000000e+00 2.08041276574018e+00 2.08030388316029e+00 1.08882579890501e-04
1.26500000000000e+00 2.06839504131701e+00 2.06828127951470e+00 1.13761802307266e-04
1.27000000000000e+00 2.05348570250739e+00 2.05336429539657e+00 1.21407110818428e-04
1.27500000000000e+00 2.03575145172352e+00 2.03561968407860e+00 1.31767644918401e-04
1.28000000000000e+00 2.01527683064940e+00 2.01513224859221e+00 1.44582057190146e-04
1.28500000000000e+00 1.99216371751798e+00 1.99200432495795e+00 1.59392560031613e-04
1.29000000000000e+00 1.96653073044016e+00 1.96635515716554e+00 1.75573274616925e-04
1.29500000000000e+00 1.93851253863986e+00 1.93832016775567e+00 1.92370884187554e-04
1.30000000000000e+00 1.90825908323589e+00 1.90805012849909e+00 2.08954736797606e-04
1.30500000000000e+00 1.87593470917406e+00 1.87571023628478e+00 2.24472889277072e-04
1.31000000000000e+00 1.84171721009065e+00 1.84147909991323e+00 2.38110177425366e-04
1.31500000000000e+00 1.80579678829769e+00 1.80554764404025e+00 2.49144257440381e-04
1.32000000000000e+00 1.76837493272796e+00 1.76811793702778e+00 2.56995700182339e-04
1.32500000000000e+00 1.72966321854742e+00 1.72940194992690e+00 2.61268620521449e-04
1.33000000000000e+00 1.68988203320553e+00 1.68962025424335e+00 2.61778962186154e-04
1.33500000000000e+00 1.64925923490656e+00 1.64900066651302e+00 2.58568393541658e-04
1.34000000000000e+00 1.60802875078772e+00 1.60777684804300e+00 2.51902744720311e-04
1.34500000000000e+00 1.56642912342235e+00 1.56618686845015e+00 2.42254972197209e-04
1.35000000000000e+00 1.52470201555299e+00 1.52447174185242e+00 2.30273700563499e-04
1.35500000000000e+00 1.48309068413154e+00 1.48287394473691e+00 2.16739394628851e-04
1.36000000000000e+00 1.44183843573190e+00 1.44163592464141e+00 2.02511090487079e-04
1.36500000000000e+00 1.40118707614256e+00 1.40099860884315e+00 1.88467299413908e-04
1.37000000000000e+00 1.36137536739493e+00 1.36119992224821e+00 1.75445146723963e-04
1.37500000000000e+00 1.32263750560081e+00 1.32247332361862e+00 1.64181982190925e-04
1.38000000000000e+00 1.28520163274358e+00 1.28504636916085e+00 1.55263582727549e-04
1.38500000000000e+00 1.24928839499597e+00 1.24913931233114e+00 1.49082664822942e-04
1.39000000000000e+00 1.21510955924323e+00 1.21496374848942e+00 1.45810753808595e-04
1.39500000000000e+00 1.18286669831916e+00 1.18272131275752e+00 1.45385561637346e-04
1.40000000000000e+00 1.15274995407039e+00 1.15260243910916e+00 1.47514961230666e-04
1.40500000000000e+00 1.12493688582652e+00 1.12478518834171e+00 1.51697484814584e-04
1.41000000000000e+00 1.09959141025084e+00 1.09943415215529e+00 1.57258095554891e-04
1.41500000000000e+00 1.07686283696539e+00 1.07669944009536e+00 1.63396870021426e-04
1.42000000000000e+00 1.05688500286854e+00 1.05671575560428e+00 1.69247264259820e-04
1.42500000000000e+00 1.03977550676798e+00 1.03960156687779e+00 1.73939890189434e-04
1.43000000000000e+00 1.02563504490208e+00 1.02545837763829e+00 1.76667263787955e-04
1.43500000000000e+00 1.01454684715864e+00 1.01437010232018e+00 1.76744838464193e-04
1.44000000000000e+00 1.00657621334830e+00 1.00640254951957e+00 1.73663828735737e-04
1.44500000000000e+00 1.00177014874484e+00 1.00160301689261e+00 1.67131852234270e-04
1.45000000000000e+00 1.00015709824402e+00 1.00000000000000e+00 1.57098244022436e-04
1.45500000000000e+00 1.00174677886396e+00 1.00160301689261e+00 1.43761971353573e-04
1.46000000000000e+00 1.00653011084650e+00 1.00640254951957e+00 1.27561326932035e-04
1.46500000000000e+00 1.01447924823527e+00 1.01437010232018e+00 1.09145915089259e-04
1.47000000000000e+00 1.02554771040833e+00 1.02545837763829e+00 8.93327700453028e-05
1.47500000000000e+00 1.03967061653693e+00 1.03960156687779e+00 6.90496591388978e-05
1.48000000000000e+00 1.05676502523569e+00 1.05671575560428e+00 4.92696314156049e-05
1.48500000000000e+00 1.07673038168750e+00 1.07669944009536e+00 3.09415921315725e-05
1.49000000000000e+00 1.09944907421018e+00 1.09943415215529e+00 1.49220548895102e-05
1.49500000000000e+00 1.12478710155039e+00 1.12478518834171e+00 1.91320868747624e-06
1.50000000000000e+00 1.15259485113950e+00 1.15260243910916e+00 7.58796966149333e-06
1.50500000000000e+00 1.18270798715399e+00 1.18272131275752e+00 1.33256035308449e-05
1.51000000000000e+00 1.21494844554634e+00 1.21496374848942e+00 1.53029430767226e-05
1.51500000000000e+00 1.24912553133356e+00 1.24913931233114e+00 1.37809975826464e-05
1.52000000000000e+00 1.28503711145366e+00 1.28504636916085e+00 9.25770719439889e-06
1.52500000000000e+00 1.32247089454048e+00 1.32247332361862e+00 2.42907813485793e-06
1.53000000000000e+00 1.36120578714369e+00 1.36119992224821e+00 5.86489547815816e-06
1.53500000000000e+00 1.40101331434723e+00 1.40099860884315e+00 1.47055040857769e-05
1.54000000000000e+00 1.44165909151396e+00 1.44163592464141e+00 2.31668725496625e-05
1.54500000000000e+00 1.48290433308121e+00 1.48287394473691e+00 3.03883442991371e-05
1.55000000000000e+00 1.52450738399853e+00 1.52447174185242e+00 3.56421461029655e-05
1.55500000000000e+00 1.56622525954601e+00 1.56618686845015e+00 3.83910958596800e-05
1.56000000000000e+00 1.60781517987959e+00 1.60777684804300e+00 3.83318365904106e-05
1.56500000000000e+00 1.64903608666453e+00 1.64900066651302e+00 3.54201515151420e-05
1.57000000000000e+00 1.68965013049977e+00 1.68962025424335e+00 2.98762564261423e-05
1.57500000000000e+00 1.72942411940278e+00 1.72940194992690e+00 2.21694758812951e-05
1.58000000000000e+00 1.76813092030220e+00 1.76811793702778e+00 1.29832744184544e-05
1.58500000000000e+00 1.80555080715711e+00 1.80554764404025e+00 3.16311685955029e-06
1.59000000000000e+00 1.84147275087366e+00 1.84147909991323e+00 6.34903956320265e-06
1.59500000000000e+00 1.87569564752228e+00 1.87571023628478e+00 1.45887624996011e-05
1.60000000000000e+00 1.90802948239232e+00 1.90805012849909e+00 2.06461067682184e-05
1.60500000000000e+00 1.93829642809971e+00 1.93832016775567e+00 2.37396559568115e-05
1.61000000000000e+00 1.96633187526071e+00 1.96635515716554e+00 2.32819048346933e-05
1.61500000000000e+00 1.99198539416231e+00 1.99200432495795e+00 1.89307956388607e-05
1.62000000000000e+00 2.01512162542817e+00 2.01513224859221e+00 1.06231640382148e-05
1.62500000000000e+00 2.03562109695443e+00 2.03561968407860e+00 1.41287583277361e-06
1.63000000000000e+00 2.05338096345241e+00 2.05336429539657e+00 1.66680558413290e-05
1.63500000000000e+00 2.06831566388167e+00 2.06828127951470e+00 3.43843669647903e-05
1.64000000000000e+00 2.08035749099768e+00 2.08030388316029e+00 5.36078373918336e-05
1.64500000000000e+00 2.08945706629013e+00 2.08938380815405e+00 7.32581360805007e-05
1.65000000000000e+00 2.09558371286507e+00 2.09549150281253e+00 9.22100525464487e-05
1.65500000000000e+00 2.09872571843585e+00 2.09861633762302e+00 1.09380812830739e-04
1.66000000000000e+00 2.09889048062519e+00 2.09876666410972e+00 1.23816515464892e-04
1.66500000000000e+00 2.09610452731281e+00 2.09596975652967e+00 1.34770783140059e-04
1.67000000000000e+00 2.09041340582762e+00 2.09027163675968e+00 1.41769067941055e-04
1.67500000000000e+00 2.08188143638122e+00 2.08173678345563e+00 1.44652925587962e-04
1.68000000000000e+00 2.07059132723060e+00 2.07044772727895e+00 1.43599951642148e-04
1.68500000000000e+00 2.05664365155752e+00 2.05650453468774e+00 1.39116869779077e-04
1.69000000000000e+00 2.04015618883649e+00 2.04002418347677e+00 1.32005359722243e-04
1.69500000000000e+00 2.02126313637161e+00 2.02113983391842e+00 1.23302453188590e-04
1.70000000000000e+00 2.00011419953003e+00 2.00000000000000e+00 1.14199530031556e-04
1.70500000000000e+00 1.97687357178959e+00 1.97676762586893e+00 1.05945920657824e-04
1.71000000000000e+00 1.95171881786082e+00 1.95161907318189e+00 9.97446789225975e-05
1.71500000000000e+00 1.92483967467260e+00 1.92474302560309e+00 9.66490695115674e-05
1.72000000000000e+00 1.89643678580300e+00 1.89633931720795e+00 9.74685950494436e-05
1.72500000000000e+00 1.86672038492527e+00 1.86661769201745e+00 1.02692907822277e-04
1.73000000000000e+00 1.83590894302632e+00 1.83579650231313e+00 1.12440713194939e-04
1.73500000000000e+00 1.80422779261220e+00 1.80410135376010e+00 1.26438852099842e-04
1.74000000000000e+00 1.77190773998676e+00 1.77176370569363e+00 1.44034293132478e-04
1.74500000000000e+00 1.73918367417336e+00 1.73901943520098e+00 1.64238972382380e-04
1.75000000000000e+00 1.70629317838801e+00 1.70610737385376e+00 1.85804534249989e-04
1.75500000000000e+00 1.67347514742547e+00 1.67326782611444e+00 2.07321311035180e-04
1.76000000000000e+00 1.64096841214225e+00 1.64074107855382e+00 2.27333588428857e-04
1.76500000000000e+00 1.60901037063460e+00 1.60876590907298e+00 2.44461561621945e-04
1.77000000000000e+00 1.57783562488632e+00 1.57757810532303e+00 2.57519563293229e-04
1.77500000000000e+00 1.54767462169552e+00 1.54740900145948e+00 2.65620236035602e-04
1.78000000000000e+00 1.51875229759751e+00 1.51848404225504e+00 2.68255342467771e-04
1.78500000000000e+00 1.49128672920669e+00 1.49102138342582e+00 2.65345780865456e-04
1.79000000000000e+00 1.46548779275179e+00 1.46523053680291e+00 2.57255948882040e-04
1.79500000000000e+00 1.44155583935151e+00 1.44131106870462e+00 2.44770646884440e-04
1.80000000000000e+00 1.41968039550193e+00 1.41945135953695e+00 2.29035964976809e-04
1.80500000000000e+00 1.40003890103153e+00 1.39982743227203e+00 2.11468759500510e-04
1.81000000000000e+00 1.38279549913762e+00 1.38260185702999e+00 1.93642107627845e-04
1.81500000000000e+00 1.36809989479778e+00 1.36792273852040e+00 1.77156277377577e-04
1.82000000000000e+00 1.35608629865866e+00 1.35592279258843e+00 1.63506070238295e-04
1.82500000000000e+00 1.34687247332467e+00 1.34671851756181e+00 1.53955762859148e-04
1.83000000000000e+00 1.34055889777415e+00 1.34040946551008e+00 1.49432264067162e-04
1.83500000000000e+00 1.33722806348226e+00 1.33707761791153e+00 1.50445570727520e-04
1.84000000000000e+00 1.33694391287324e+00 1.33678686957979e+00 1.57043293452563e-04
1.84500000000000e+00 1.33975142717681e+00 1.33958262403436e+00 1.68803142452711e-04
1.85000000000000e+00 1.34567636688379e+00 1.34549150281253e+00 1.84864071264279e-04
1.85500000000000e+00 1.35472516407067e+00 1.35452117051728e+00 2.03993553381743e-04
1.86000000000000e+00 1.36688496217186e+00 1.36666027668282e+00 2.24685489044862e-04
1.86500000000000e+00 1.38212379557245e+00 1.38187851481848e+00 2.45280753972121e-04
1.87000000000000e+00 1.40039089887567e+00 1.40012679827000e+00 2.64100605675388e-04
1.87500000000000e+00 1.42161713400596e+00 1.42133755181640e+00 2.79582189561367e-04
1.88000000000000e+00 1.44571552250221e+00 1.44542511720755e+00 2.90405294668172e-04
1.88500000000000e+00 1.47258187042919e+00 1.47228627014470e+00 2.95600284496267e-04
1.89000000000000e+00 1.50209547420693e+00 1.50180084551967e+00 2.94628687266707e-04
1.89500000000000e+00 1.53411989719138e+00 1.53383246706028e+00 2.87430131098887e-04
1.90000000000000e+00 1.56850380885362e+00 1.56822937688661e+00 2.74431967012490e-04
1.90500000000000e+00 1.60508188068956e+00 1.60482535986612e+00 2.56520823441519e-04
1.91000000000000e+00 1.64367573532884e+00 1.64344075707161e+00 2.34978257226182e-04
1.91500000000000e+00 1.68409494748717e+00 1.68388356209650e+00 2.11385390664232e-04
1.92000000000000e+00 1.72613809722806e+00 1.72595059347097e+00 1.87503757090424e-04
1.92500000000000e+00 1.76959387730826e+00 1.76942873595353e+00 1.65141354723009e-04
1.93000000000000e+00 1.81424225705844e+00 1.81409624304787e+00 1.46014010572681e-04
1.93500000000000e+00 1.85985570522672e+00 1.85972409271723e+00 1.31612509490564e-04
1.94000000000000e+00 1.90620047347021e+00 1.90607738794082e+00 1.23085529390998e-04
1.94500000000000e+00 1.95303794075288e+00 1.95291679348017e+00 1.21147272709843e-04
1.95000000000000e+00 2.00012601688073e+00 2.00000000000000e+00 1.26016880733770e-04
1.95500000000000e+00 2.04722060090780e+00 2.04708320651983e+00 1.37394387970335e-04
1.96000000000000e+00 2.09407708734478e+00 2.09392261205918e+00 1.54475285606637e-04
1.96500000000000e+00 2.14045191019091e+00 2.14027590728277e+00 1.76002908132133e-04
1.97000000000000e+00 2.18610411199684e+00 2.18590375695213e+00 2.00355044711387e-04
1.97500000000000e+00 2.23079692266028e+00 2.23057126404646e+00 2.25658613817625e-04
1.98000000000000e+00 2.27429933064926e+00 2.27404940652903e+00 2.49924120234724e-04
1.98500000000000e+00 2.31638762800290e+00 2.31611643790350e+00 2.71190099399021e-04
1.99000000000000e+00 2.35684690989285e+00 2.35655924292839e+00 2.87666964463806e-04
1.99500000000000e+00 2.39547250980427e+00 2.39517464013388e+00 2.97869670390138e-04
2.00000000000000e+00 2.43207135251372e+00 2.43177062311339e+00 3.00729400326993e-04
2.00500000000000e+00 2.46646320894347e+00 2.46616753293972e+00 2.95676003754242e-04
2.01000000000000e+00 2.49848183953725e+00 2.49819915448034e+00 2.82685056917753e-04
2.01500000000000e+00 2.52797601586517e+00 2.52771372985530e+00 2.62286009864887e-04
2.02000000000000e+00 2.55481041352324e+00 2.55457488279245e+00 2.35530730789968e-04
2.02500000000000e+00 2.57886637282522e+00 2.57866244818359e+00 2.03924641624109e-04
2.03000000000000e+00 2.60004252707064e+00 2.59987320173000e+00 1.69325340640736e-04
2.03500000000000e+00 2.61825530111199e+00 2.61812148518152e+00 1.33815930464465e-04
2.04000000000000e+00 2.63343928536330e+00 2.63333972331718e+00 9.95620461194946e-05
2.04500000000000e+00 2.64554749216990e+00 2.64547882948272e+00 6.86626871879703e-05
2.05000000000000e+00 2.65455150251976e+00 2.65450849718747e+00 4.30053322819646e-05
2.05500000000000e+00 2.66044151140598e+00 2.66041737596564e+00 2.41354403418548e-05
2.06000000000000e+00 2.66322627978418e+00 2.66321313042021e+00 1.31493639647928e-05
2.06500000000000e+00 2.66293300009417e+00 2.66292238208847e+00 1.06180057035665e-05
2.07000000000000e+00 2.65960708086019e+00 2.65959053448992e+00 1.65463702757052e-05
2.07500000000000e+00 2.65331185410234e+00 2.65328148243819e+00 3.03716641503193e-05
2.08000000000000e+00 2.64412820735825e+00 2.64407720741157e+00 5.09999466755673e-05
2.08500000000000e+00 2.63215414020490e+00 2.63207726147960e+00 7.68787252964920e-05
2.09000000000000e+00 2.61750424345603e+00 2.61739814297001e+00 1.06100486016114e-04
2.09500000000000e+00 2.60030909784267e+00 2.60017256772797e+00 1.36530114695610e-04
2.10000000000000e+00 2.58071458808609e+00 2.58054864046305e+00 1.65947623045337e-04
2.10500000000000e+00 2.55888112793350e+00 2.55868893129538e+00 1.92196638122866e-04
2.11000000000000e+00 2.53498279199719e+00 2.53476946319710e+00 2.13328800097390e-04
2.11500000000000e+00 2.50920635112379e+00 2.50897861657418e+00 2.27734549610670e-04
2.12000000000000e+00 2.48175020948948e+00 2.48151595774496e+00 2.34251744519298e-04
2.12500000000000e+00 2.45282324359491e+00 2.45259099854052e+00 2.32245054389679e-04
2.13000000000000e+00 2.42264354571336e+00 2.42242189467697e+00 2.21651036387271e-04
2.13500000000000e+00 2.39143707699204e+00 2.39123409092702e+00 2.02986065018784e-04
2.14000000000000e+00 2.35943623816634e+00 2.35925892144618e+00 1.77316720161524e-04
2.14500000000000e+00 2.32687836855796e+00 2.32673217388556e+00 1.46194672395961e-04
2.15000000000000e+00 2.29400418652896e+00 2.29389262614624e+00 1.11560382717535e-04
2.15500000000000e+00 2.26105618670832e+00 2.26098056479902e+00 7.56219093047683e-05
2.16000000000000e+00 2.22827701096747e+00 2.22823629430637e+00 4.07166610978393e-05
2.16500000000000e+00 2.19590781120116e+00 2.19589864623990e+00 9.16496125702437e-06
2.17000000000000e+00 2.16418662241162e+00 2.16420349768687e+00 1.68752752558454e-05
2.17500000000000e+00 2.13334676437475e+00 2.13338230798255e+00 3.55436077956739e-05
2.18000000000000e+00 2.10361528931089e+00 2.10366068279205e+00 4.53934811615042e-05
2.18500000000000e+00 2.07521149154761e+00 2.07525697439691e+00 4.54828493015036e-05
2.19000000000000e+00 2.04834549324132e+00 2.04838092681811e+00 3.54335767940306e-05
2.19500000000000e+00 2.02321691793783e+00 2.02323237413107e+00 1.54561932399488e-05
2.20000000000000e+00 2.00001366123668e+00 2.00000000000000e+00 1.36612366841149e-05
2.20500000000000e+00 1.97891076522358e+00 1.97886016608158e+00 5.05991419965657e-05
2.21000000000000e+00 1.96006940079408e+00 1.95997581652323e+00 9.35842708438273e-05
2.21500000000000e+00 1.94363595963899e+00 1.94349546531226e+00 1.40494326728691e-04
2.22000000000000e+00 1.92974125561093e+00 1.92955227272105e+00 1.88982889888001e-04
2.22500000000000e+00 1.91849983352875e+00 1.91826321654437e+00 2.36616984376603e-04
2.23000000000000e+00 1.91000938225877e+00 1.90972836324032e+00 2.81019018450346e-04
2.23500000000000e+00 1.90435024816653e+00 1.90403024347033e+00 3.20004696206189e-04
2.24000000000000e+00 1.90158504475490e+00 1.90123333589028e+00 3.51708864623212e-04
2.24500000000000e+00 1.90175835446212e+00 1.90138366237698e+00 3.74692085142625e-04
2.25000000000000e+00 1.90489651912926e+00 1.90450849718747e+00 3.88021941783112e-04
2.25500000000000e+00 1.91100751648370e+00 1.91061619184595e+00 3.91324637754487e-04
2.26000000000000e+00 1.92008092103278e+00 1.91969611683971e+00 3.84804193066746e-04
2.26500000000000e+00 1.93208794891913e+00 1.93171872048530e+00 3.69228433838131e-04
2.27000000000000e+00 1.94698158745596e+00 1.94663570460343e+00 3.45882852528900e-04
2.27500000000000e+00 1.96469681113509e+00 1.96438031592140e+00 3.16495213690926e-04
2.28000000000000e+00 1.98515088679379e+00 1.98486775140779e+00 2.83135386001110e-04
2.28500000000000e+00 2.00824377125776e+00 2.00799567504205e+00 2.48096215706095e-04
2.29000000000000e+00 2.03385860508522e+00 2.03364484283446e+00 2.13762250767413e-04
2.29500000000000e+00 2.06186230597687e+00 2.06167983224433e+00 1.82473732541766e-04
2.30000000000000e+00 2.09210626496499e+00 2.09194987150091e+00 1.56393464077365e-04
2.30500000000000e+00 2.12442714765309e+00 2.12428976371522e+00 1.37383937870883e-04
2.31000000000000e+00 2.15864780156368e+00 2.15852090008677e+00 1.26901476911190e-04
2.31500000000000e+00 2.19457826911152e+00 2.19445235595975e+00 1.25913151773460e-04
2.32000000000000e+00 2.23201690391069e+00 2.23188206297221e+00 1.34840938473157e-04
2.32500000000000e+00 2.27075158612677e+00 2.27059805007310e+00 1.53536053669079e-04
2.33000000000000e+00 2.31056103048448e+00 2.31037974575665e+00 1.81284727834630e-04
2.33500000000000e+00 2.35121617843765e+00 2.35099933348698e+00 2.16844950674311e-04
2.34000000000000e+00 2.39248166399432e+00 2.39222315195699e+00 2.58512037321967e-04
2.34500000000000e+00 2.43411734086428e+00 2.43381313154985e+00 3.04209314426096e-04
2.35000000000000e+00 2.47587985704162e+00 2.47552825814758e+00 3.51598894039462e-04
2.35500000000000e+00 2.51752426172303e+00 2.51712605526309e+00 3.98206459946149e-04
2.36000000000000e+00 2.55880562864971e+00 2.55836407535858e+00 4.41553291127939e-04
2.36500000000000e+00 2.59948067957842e+00 2.59900139115685e+00 4.79288421570523e-04
2.37000000000000e+00 2.63930939164812e+00 2.63880007775179e+00 5.09313896329466e-04
2.37500000000000e+00 2.67805657290276e+00 2.67752667638138e+00 5.29896521380024e-04
2.38000000000000e+00 2.71549339112666e+00 2.71495363083914e+00 5.39760287519453e-04
2.38500000000000e+00 2.75139884239577e+00 2.75086068766886e+00 5.38154726914097e-04
2.39000000000000e+00 2.78556114728253e+00 2.78503625151058e+00 5.24895771950806e-04
2.39500000000000e+00 2.81777906439640e+00 2.81727868724248e+00 5.00377153918929e-04
2.40000000000000e+00 2.84786311281556e+00 2.84739756089084e+00 4.65551924721641e-04
2.40500000000000e+00 2.87563669688259e+00 2.87521481165829e+00 4.21885224294538e-04
2.41000000000000e+00 2.90093712871795e+00 2.90056584784471e+00 3.71280873240121e-04
2.41500000000000e+00 2.92361654557539e+00 2.92330055990463e+00 3.15985670753083e-04
2.42000000000000e+00 2.94354272075828e+00 2.94328424439572e+00 2.58476362553495e-04
2.42500000000000e+00 2.96059976818585e+00 2.96039843312221e+00 2.01335063645391e-04
2.43000000000000e+00 2.97468874180381e+00 2.97454162236171e+00 1.47119442093668e-04
2.43500000000000e+00 2.98572813185550e+00 2.98562989767982e+00 9.82341756765592e-05
2.44000000000000e+00 2.99365426056058e+00 2.99359745048043e+00 5.68100801441318e-05
2.44500000000000e+00 2.99842157999494e+00 2.99839698310739e+00 2.45968875418612e-05
2.45000000000000e+00 3.00000287495026e+00 3.00000000000000e+00 2.87495025608209e-06
2.45500000000000e+00 2.99838937330900e+00 2.99839698310739e+00 7.60979839276033e-06
2.46000000000000e+00 2.99359076603858e+00 2.99359745048044e+00 6.68444185425443e-06
2.46500000000000e+00 2.98563513834184e+00 2.98562989767982e+00 5.24066201590401e-06
2.47000000000000e+00 2.97456881285141e+00 2.97454162236171e+00 2.71904897011233e-05
2.47500000000000e+00 2.96045610508179e+00 2.96039843312221e+00 5.76719595790642e-05
2.48000000000000e+00 2.94337899071374e+00 2.94328424439572e+00 9.47463180125396e-05
2.48500000000000e+00 2.92343668373575e+00 2.92330055990464e+00 1.36123831116830e-04
2.49000000000000e+00 2.90074512406235e+00 2.90056584784471e+00 1.79276217636914e-04
2.49500000000000e+00 2.87543637302947e+00 2.87521481165830e+00 2.21561371177792e-04
2.50000000000000e+00 2.84765791518000e+00 2.84739756089084e+00 2.60354289157494e-04
2.50500000000000e+00 2.81757186501552e+00 2.81727868724248e+00 2.93177773039499e-04
2.51000000000000e+00 2.78535407793132e+00 2.78503625151058e+00 3.17826420735745e-04
2.51500000000000e+00 2.75119316536556e+00 2.75086068766886e+00 3.32477696698419e-04
2.52000000000000e+00 2.71528941527734e+00 2.71495363083915e+00 3.35784438190601e-04
2.52500000000000e+00 2.67785362039560e+00 2.67752667638138e+00 3.26944014215069e-04
2.53000000000000e+00 2.63910581821528e+00 2.63880007775179e+00 3.05740463493187e-04
2.53500000000000e+00 2.59927394840749e+00 2.59900139115685e+00 2.72557250634353e-04
2.54000000000000e+00 2.55859243509689e+00 2.55836407535859e+00 2.28359738301709e-04
2.54500000000000e+00 2.51730070326745e+00 2.51712605526309e+00 1.74648004355848e-04
2.55000000000000e+00 2.47564164031320e+00 2.47552825814758e+00 1.13382165623399e-04
2.55500000000000e+00 2.43386001537050e+00 2.43381313154985e+00 4.68838206511002e-05
2.56000000000000e+00 2.39220087047389e+00 2.39222315195700e+00 2.22814831110085e-05
2.56500000000000e+00 2.35090789869704e+00 2.35099933348698e+00 9.14347899438894e-05
2.57000000000000e+00 2.31022182520713e+00 2.31037974575666e+00 1.57920549523016e-04
2.57500000000000e+00 2.27037880752746e+00 2.27059805007310e+00 2.19242545633769e-04
2.58000000000000e+00 2.23160887123680e+00 2.23188206297222e+00 2.73191735421729e-04
2.58500000000000e+00 2.19413439682221e+00 2.19445235595975e+00 3.17959137541290e-04
2.59000000000000e+00 2.15816867245622e+00 2.15852090008678e+00 3.52227630553870e-04
2.59500000000000e+00 2.12391452612043e+00 2.12428976371522e+00 3.75237594782529e-04
2.60000000000000e+00 2.09156304880062e+00 2.09194987150091e+00 3.86822700291223e-04
2.60500000000000e+00 2.06129241850473e+00 2.06167983224433e+00 3.87413739607378e-04
2.61000000000000e+00 2.03326683269343e+00 2.03364484283446e+00 3.78010141027119e-04
2.61500000000000e+00 2.00763555446116e+00 2.00799567504205e+00 3.60120580891632e-04
2.62000000000000e+00 1.98453207556676e+00 1.98486775140779e+00 3.35675841032224e-04
2.62500000000000e+00 1.96407339729123e+00 1.96438031592140e+00 3.06918630175623e-04
2.63000000000000e+00 1.94635942818913e+00 1.94663570460343e+00 2.76276414299836e-04
2.63500000000000e+00 1.93147249618548e+00 1.93171872048530e+00 2.46224299817133e-04
2.64000000000000e+00 1.91947697121633e+00 1.91969611683971e+00 2.19145623382211e-04
2.64500000000000e+00 1.91041899376287e+00 1.91061619184595e+00 1.97198083074390e-04
2.65000000000000e+00 1.90432630420749e+00 1.90450849718747e+00 1.82192979986562e-04
2.65500000000000e+00 1.90120816793924e+00 1.90138366237698e+00 1.75494437743229e-04
2.66000000000000e+00 1.90105539152588e+00 1.90123333589028e+00 1.77944364400551e-04
2.66500000000000e+00 1.90384042599541e+00 1.90403024347033e+00 1.89817474915088e-04
2.67000000000000e+00 1.90951755425695e+00 1.90972836324032e+00 2.10808983363897e-04
2.67500000000000e+00 1.91802316084665e+00 1.91826321654437e+00 2.40055697723784e-04
2.68000000000000e+00 1.92927608340641e+00 1.92955227272105e+00 2.76189314635467e-04
2.68500000000000e+00 1.94317804648273e+00 1.94349546531226e+00 3.17418829526073e-04
2.69000000000000e+00 1.95961417926263e+00 1.95997581652323e+00 3.61637260602565e-04
2.69500000000000e+00 1.97845361964339e+00 1.97886016608158e+00 4.06546438181499e-04
2.70000000000000e+00 1.99955020747733e+00 2.00000000000000e+00 4.49792522664527e-04
2.70500000000000e+00 2.02274326987557e+00 2.02323237413106e+00 4.89104255494865e-04
2.71000000000000e+00 2.04785850105474e+00 2.04838092681811e+00 5.22425763363810e-04
2.71500000000000e+00 2.07470893835392e+00 2.07525697439691e+00 5.48036042992806e-04
2.72000000000000e+00 2.10309603475260e+00 2.10366068279205e+00 5.64648039455218e-04
2.72500000000000e+00 2.13281082653016e+00 2.13338230798255e+00 5.71481452390277e-04
2.73000000000000e+00 2.16363519269759e+00 2.16420349768687e+00 5.68304989279955e-04
2.73500000000000e+00 2.19534320060127e+00 2.19589864623990e+00 5.55445638627639e-04
2.74000000000000e+00 2.22770252976252e+00 2.22823629430637e+00 5.33764543855675e-04
2.74500000000000e+00 2.26047596370436e+00 2.26098056479902e+00 5.04601094654777e-04
2.75000000000000e+00 2.29342293735692e+00 2.29389262614624e+00 4.69688789317413e-04
2.75500000000000e+00 2.32630112575200e+00 2.32673217388556e+00 4.31048133555212e-04
2.76000000000000e+00 2.35886805822427e+00 2.35925892144618e+00 3.90863221908511e-04
2.76500000000000e+00 2.39088274132013e+00 2.39123409092702e+00 3.51349606891205e-04
2.77000000000000e+00 2.42210727313635e+00 2.42242189467697e+00 3.14621540618010e-04
2.77500000000000e+00 2.45230843189549e+00 2.45259099854052e+00 2.82566645022797e-04
2.78000000000000e+00 2.48125922220869e+00 2.48151595774496e+00 2.56735536265040e-04
2.78500000000000e+00 2.50874036363864e+00 2.50897861657418e+00 2.38252935542693e-04
2.79000000000000e+00 2.53454170778553e+00 2.53476946319709e+00 2.27755411567276e-04
2.79500000000000e+00 2.55846357208204e+00 2.55868893129538e+00 2.25359213338550e-04
2.80000000000000e+00 2.58031798068658e+00 2.58054864046305e+00 2.30659776470521e-04
2.80500000000000e+00 2.59992980518271e+00 2.60017256772797e+00 2.42762545258124e-04
2.81000000000000e+00 2.61713780010358e+00 2.61739814297001e+00 2.60342866432506e-04
2.81500000000000e+00 2.63179553048305e+00 2.63207726147960e+00 2.81730996545271e-04
2.82000000000000e+00 2.64377219058745e+00 2.64407720741157e+00 3.05016824122983e-04
2.82500000000000e+00 2.65295331461734e+00 2.65328148243819e+00 3.28167820843994e-04
2.83000000000000e+00 2.65924138142987e+00 2.65959053448992e+00 3.49153060042795e-04
2.83500000000000e+00 2.66255631618319e+00 2.66292238208847e+00 3.66065905280433e-04
2.84000000000000e+00 2.66283589224234e+00 2.66321313042021e+00 3.77238177874606e-04
2.84500000000000e+00 2.66003603672994e+00 2.66041737596564e+00 3.81339235700384e-04
2.85000000000000e+00 2.65413104279924e+00 2.65450849718747e+00 3.77454388231335e-04
2.85500000000000e+00 2.64511369111710e+00 2.64547882948272e+00 3.65138365620243e-04
2.86000000000000e+00 2.63299528224634e+00 2.63333972331719e+00 3.44441070847079e-04
2.86500000000000e+00 2.61780558070126e+00 2.61812148518152e+00 3.15904480260532e-04
2.87000000000000e+00 2.59959267050613e+00 2.59987320173000e+00 2.80531223871616e-04
2.87500000000000e+00 2.57842272120643e+00 2.57866244818360e+00 2.39726977168342e-04
2.88000000000000e+00 2.55437966254824e+00 2.55457488279246e+00 1.95220244215477e-04
2.88500000000000e+00 2.52756476552552e+00 2.52771372985530e+00 1.48964329784729e-04
2.89000000000000e+00 2.49809612725513e+00 2.49819915448034e+00 1.03027225210273e-04
2.89500000000000e+00 2.46610805721571e+00 2.46616753293972e+00 5.94757240137689e-05
2.90000000000000e+00 2.43175036279901e+00 2.43177062311339e+00 2.02603143852897e-05
2.90500000000000e+00 2.39518753287254e+00 2.39517464013388e+00 1.28927386575661e-05
2.91000000000000e+00 2.35659781912109e+00 2.35655924292839e+00 3.85761926939843e-05
2.91500000000000e+00 2.31617221628485e+00 2.31611643790350e+00 5.57783813497359e-05
2.92000000000000e+00 2.27411334399127e+00 2.27404940652904e+00 6.39374622362077e-05
2.92500000000000e+00 2.23063423461866e+00 2.23057126404647e+00 6.29705721983953e-05
2.93000000000000e+00 2.18595703345871e+00 2.18590375695213e+00 5.32765065828222e-05
2.93500000000000e+00 2.14031161927938e+00 2.14027590728278e+00 3.57119966039043e-05
2.94000000000000e+00 2.09393415515030e+00 2.09392261205918e+00 1.15430911185044e-05
2.94500000000000e+00 2.04706558099804e+00 2.04708320651984e+00 1.76255217967380e-05
2.95000000000000e+00 1.99995006074087e+00 2.00000000000000e+00 4.99392591319925e-05
2.95500000000000e+00 1.95283339794924e+00 1.95291679348017e+00 8.33955309313961e-05
2.96000000000000e+00 1.90596143474468e+00 1.90607738794082e+00 1.15953196138996e-04
2.96500000000000e+00 1.85957844905441e+00 1.85972409271723e+00 1.45643662822659e-04
2.97000000000000e+00 1.81392556536993e+00 1.81409624304787e+00 1.70677677940212e-04
2.97500000000000e+00 1.76923919381822e+00 1.76942873595354e+00 1.89542135313303e-04
2.98000000000000e+00 1.72574951166520e+00 1.72595059347097e+00 2.01081805770054e-04
2.98500000000000e+00 1.68367900036822e+00 1.68388356209651e+00 2.04561728286645e-04
2.99000000000000e+00 1.64324105002682e+00 1.64344075707161e+00 1.99707044794550e-04
2.99500000000000e+00 1.60463864160617e+00 1.60482535986612e+00 1.86718259943097e-04
3.00000000000000e+00 1.56806311569122e+00 1.56822937688661e+00 1.66261195396089e-04
3.00500000000000e+00 1.53369303483961e+00 1.53383246706028e+00 1.39432220673363e-04
3.01000000000000e+00 1.50169314490695e+00 1.50180084551966e+00 1.07700612712591e-04
3.01500000000000e+00 1.47221343908152e+00 1.47228627014470e+00 7.28310631781248e-05
3.02000000000000e+00 1.44538832684949e+00 1.44542511720755e+00 3.67903580595907e-05
3.02500000000000e+00 1.42133590876244e+00 1.42133755181641e+00 1.64305396177511e-06
3.03000000000000e+00 1.40015735673975e+00 1.40012679827000e+00 3.05584697577466e-05
3.03500000000000e+00 1.38193639873451e+00 1.38187851481848e+00 5.78839160345623e-05
3.04000000000000e+00 1.36673890594166e+00 1.36666027668282e+00 7.86292588410564e-05
3.04500000000000e+00 1.35461258033180e+00 1.35452117051728e+00 9.14098145132769e-05
3.05000000000000e+00 1.34558674014549e+00 1.34549150281253e+00 9.52373329623502e-05
3.05500000000000e+00 1.33967220106020e+00 1.33958262403436e+00 8.95770258364514e-05
3.06000000000000e+00 1.33686125101307e+00 1.33678686957979e+00 7.43814332824222e-05
3.06500000000000e+00 1.33712771708753e+00 1.33707761791153e+00 5.00991760024050e-05
3.07000000000000e+00 1.34042712340208e+00 1.34040946551008e+00 1.76578919934833e-05
3.07500000000000e+00 1.34669693952178e+00 1.34671851756181e+00 2.15780400281140e-05
3.08000000000000e+00 1.35585691949146e+00 1.35592279258843e+00 6.58730969660404e-05
3.08500000000000e+00 1.36780953210442e+00 1.36792273852040e+00 1.13206415973455e-04
3.09000000000000e+00 1.38244048341890e+00 1.38260185702999e+00 1.61373611093696e-04
3.09500000000000e+00 1.39961933276102e+00 1.39982743227203e+00 2.08099511003645e-04
3.10000000000000e+00 1.41920020346615e+00 1.41945135953695e+00 2.51156070796288e-04
3.10500000000000e+00 1.44102258937105e+00 1.44131106870462e+00 2.88479333568681e-04
3.11000000000000e+00 1.46491225755651e+00 1.46523053680290e+00 3.18279246398046e-04
3.11500000000000e+00 1.49068224704068e+00 1.49102138342582e+00 3.39136385139494e-04
3.12000000000000e+00 1.51813396204457e+00 1.51848404225504e+00 3.50080210471226e-04
3.12500000000000e+00 1.54705835711281e+00 1.54740900145948e+00 3.50644346669648e-04
3.13000000000000e+00 1.57723720981362e+00 1.57757810532302e+00 3.40895509402195e-04
3.13500000000000e+00 1.60844447501478e+00 1.60876590907298e+00 3.21434058201397e-04
3.14000000000000e+00 1.64044771290526e+00 1.64074107855382e+00 2.93365648562194e-04
3.14500000000000e+00 1.67300958108418e+00 1.67326782611444e+00 2.58245030253734e-04
3.15000000000000e+00 1.70588937925584e+00 1.70610737385376e+00 2.17994597921267e-04
3.15500000000000e+00 1.73884463344235e+00 1.73901943520098e+00 1.74801758634935e-04
3.16000000000000e+00 1.77163270524136e+00 1.77176370569363e+00 1.31000452261443e-04
3.16500000000000e+00 1.80401241059581e+00 1.80410135376010e+00 8.89431642914218e-05
3.17000000000000e+00 1.83574563187296e+00 1.83579650231313e+00 5.08704401651627e-05
3.17500000000000e+00 1.86659890682305e+00 1.86661769201745e+00 1.87851943997952e-05
3.18000000000000e+00 1.89634497822871e+00 1.89633931720795e+00 5.66102076327013e-06
3.18500000000000e+00 1.92476428877255e+00 1.92474302560309e+00 2.12631694642695e-05
3.19000000000000e+00 1.95164640681721e+00 1.95161907318189e+00 2.73336353160403e-05
3.19500000000000e+00 1.97679137036344e+00 1.97676762586893e+00 2.37444945012655e-05
3.20000000000000e+00 2.00001093835794e+00 2.00000000000000e+00 1.09383579407485e-05
3.20500000000000e+00 2.02112974067086e+00 2.02113983391842e+00 1.00932475608495e-05
3.21000000000000e+00 2.03998632035184e+00 2.04002418347677e+00 3.78631249313699e-05
3.21500000000000e+00 2.05643406408876e+00 2.05650453468774e+00 7.04705989846843e-05
3.22000000000000e+00 2.07034201902130e+00 2.07044772727895e+00 1.05708257653436e-04
3.22500000000000e+00 2.08159559609553e+00 2.08173678345563e+00 1.41187360095607e-04
3.23000000000000e+00 2.09009716188886e+00 2.09027163675968e+00 1.74474870825225e-04
3.23500000000000e+00 2.09576652221109e+00 2.09596975652967e+00 2.03234318584933e-04
3.24000000000000e+00 2.09854130174228e+00 2.09876666410972e+00 2.25362367441750e-04
3.24500000000000e+00 2.09837722447423e+00 2.09861633762302e+00 2.39113148783776e-04
3.25000000000000e+00 2.09524829977978e+00 2.09549150281253e+00 2.43203032747719e-04
3.25500000000000e+00 2.08914691857107e+00 2.08938380815405e+00 2.36889582981181e-04
3.26000000000000e+00 2.08008386327794e+00 2.08030388316029e+00 2.20019882348765e-04
3.26500000000000e+00 2.06808823435802e+00 2.06828127951470e+00 1.93045156687610e-04
3.27000000000000e+00 2.05320729483572e+00 2.05336429539657e+00 1.57000560851106e-04
3.27500000000000e+00 2.03550623306525e+00 2.03561968407860e+00 1.13451013346921e-04
3.28000000000000e+00 2.01506784263713e+00 2.01513224859221e+00 6.44059550860554e-05
3.28500000000000e+00 1.99199211721059e+00 1.99200432495795e+00 1.22077473647675e-05
3.29000000000000e+00 1.96639575716210e+00 1.96635515716554e+00 4.05999965589210e-05
3.29500000000000e+00 1.93841158438339e+00 1.93832016775567e+00 9.14166277170558e-05
3.30000000000000e+00 1.90818786141378e+00 1.90805012849909e+00 1.37732914688993e-04
3.30500000000000e+00 1.87588751139766e+00 1.87571023628479e+00 1.77275112874797e-04
3.31000000000000e+00 1.84168723613878e+00 1.84147909991323e+00 2.08136225552824e-04
3.31500000000000e+00 1.80577653076782e+00 1.80554764404025e+00 2.28886727567934e-04
3.32000000000000e+00 1.76835659520847e+00 1.76811793702778e+00 2.38658180688356e-04
3.32500000000000e+00 1.72963914465191e+00 1.72940194992690e+00 2.37194725005718e-04
3.33000000000000e+00 1.68984512353651e+00 1.68962025424335e+00 2.24869293157681e-04
3.33500000000000e+00 1.64920332996729e+00 1.64900066651302e+00 2.02663454264229e-04
3.34000000000000e+00 1.60794895997270e+00 1.60777684804301e+00 1.72111929693575e-04
3.34500000000000e+00 1.56632208335462e+00 1.56618686845015e+00 1.35214904464886e-04
3.35000000000000e+00 1.52456606501319e+00 1.52447174185243e+00 9.43231607668515e-05
3.35500000000000e+00 1.48292594740642e+00 1.48287394473692e+00 5.20026695025599e-05
3.36000000000000e+00 1.44164681113449e+00 1.44163592464142e+00 1.08864930745689e-05
3.36500000000000e+00 1.40097213145058e+00 1.40099860884315e+00 2.64773925620077e-05
3.37000000000000e+00 1.36114214874468e+00 1.36119992224821e+00 5.77735035298677e-05
3.37500000000000e+00 1.32239227071550e+00 1.32247332361862e+00 8.10529031156637e-05
3.38000000000000e+00 1.28495152305429e+00 1.28504636916086e+00 9.48461065610751e-05
3.38500000000000e+00 1.24904106406375e+00 1.24913931233114e+00 9.82482673976826e-05
3.39000000000000e+00 1.21487277680198e+00 1.21496374848942e+00 9.09716874391009e-05
3.39500000000000e+00 1.18264795017284e+00 1.18272131275752e+00 7.33625846864872e-05
3.40000000000000e+00 1.15255605799388e+00 1.15260243910916e+00 4.63811152808802e-05
3.40500000000000e+00 1.12477364258269e+00 1.12478518834171e+00 1.15457590110779e-05
3.41000000000000e+00 1.09946330693506e+00 1.09943415215529e+00 2.91547797672820e-05
3.41500000000000e+00 1.07677281724002e+00 1.07669944009537e+00 7.33771446532749e-05
3.42000000000000e+00 1.05683431539391e+00 1.05671575560428e+00 1.18559789631378e-04
3.42500000000000e+00 1.03976363942405e+00 1.03960156687779e+00 1.62072546261660e-04
3.43000000000000e+00 1.02565974838195e+00 1.02545837763829e+00 2.01370743664331e-04
3.43500000000000e+00 1.01460424735752e+00 1.01437010232018e+00 2.34145037338429e-04
3.44000000000000e+00 1.00666100781990e+00 1.00640254951957e+00 2.58458300330222e-04
3.44500000000000e+00 1.00187587850021e+00 1.00160301689261e+00 2.72861607608199e-04
3.45000000000000e+00 1.00027648246700e+00 1.00000000000000e+00 2.76482466998740e-04
3.45500000000000e+00 1.00187209685438e+00 1.00160301689261e+00 2.69079961772389e-04
3.46000000000000e+00 1.00665361281427e+00 1.00640254951956e+00 2.51063294707699e-04
3.46500000000000e+00 1.01459357458932e+00 1.01437010232018e+00 2.23472269143876e-04
3.47000000000000e+00 1.02564629804265e+00 1.02545837763829e+00 1.87920404358888e-04
3.47500000000000e+00 1.03974807042507e+00 1.03960156687779e+00 1.46503547282517e-04
3.48000000000000e+00 1.05681743449815e+00 1.05671575560427e+00 1.01678893873025e-04
3.48500000000000e+00 1.07675556125119e+00 1.07669944009536e+00 5.61211558265384e-05
3.49000000000000e+00 1.09944671624877e+00 1.09943415215529e+00 1.25640934864890e-05
3.49500000000000e+00 1.12475882502981e+00 1.12478518834171e+00 2.63633118944284e-05
3.50000000000000e+00 1.15254414287741e+00 1.15260243910915e+00 5.82962317479119e-05
3.50500000000000e+00 1.18264003364016e+00 1.18272131275752e+00 8.12791173587790e-05
3.51000000000000e+00 1.21486986108921e+00 1.21496374848942e+00 9.38874002076595e-05
3.51500000000000e+00 1.24904399455298e+00 1.24913931233114e+00 9.53177781566339e-05
3.52000000000000e+00 1.28496092833024e+00 1.28504636916085e+00 8.54408306074639e-05
3.52500000000000e+00 1.32240851172403e+00 1.32247332361861e+00 6.48118945805187e-05
3.53000000000000e+00 1.36116528358376e+00 1.36119992224821e+00 3.46386644478613e-05
3.53500000000000e+00 1.40100190213507e+00 1.40099860884315e+00 3.29329192405581e-06
3.54000000000000e+00 1.44168265779071e+00 1.44163592464141e+00 4.67331492992606e-05
3.54500000000000e+00 1.48296705375243e+00 1.48287394473691e+00 9.31090155225078e-05
3.55000000000000e+00 1.52461143672073e+00 1.52447174185242e+00 1.39694868304785e-04
3.55500000000000e+00 1.56637065809825e+00 1.56618686845015e+00 1.83789648101174e-04
3.56000000000000e+00 1.60799974485318e+00 1.60777684804300e+00 2.22896810180950e-04
3.56500000000000e+00 1.64925555880677e+00 1.64900066651302e+00 2.54892293755304e-04
3.57000000000000e+00 1.68989842358598e+00 1.68962025424335e+00 2.78169342634360e-04
3.57500000000000e+00 1.72969369983560e+00 1.72940194992690e+00 2.91749908701178e-04
3.58000000000000e+00 1.76841329145511e+00 1.76811793702778e+00 2.95354427324979e-04
3.58500000000000e+00 1.80583706849282e+00 1.80554764404025e+00 2.89424452577514e-04
3.59000000000000e+00 1.84175419571860e+00 1.84147909991322e+00 2.75095805377434e-04
3.59500000000000e+00 1.87596435959025e+00 1.87571023628478e+00 2.54123305462484e-04
3.60000000000000e+00 1.90827889008464e+00 1.90805012849909e+00 2.28761585550519e-04
3.60500000000000e+00 1.93852177742934e+00 1.93832016775567e+00 2.01609673677439e-04
3.61000000000000e+00 1.96653058690276e+00 1.96635515716554e+00 1.75429737221622e-04
3.61500000000000e+00 1.99215727735789e+00 1.99200432495795e+00 1.52952399939066e-04
3.62000000000000e+00 2.01526893080103e+00 2.01513224859221e+00 1.36682208817795e-04
3.62500000000000e+00 2.03574840111544e+00 2.03561968407860e+00 1.28717036846915e-04
3.63000000000000e+00 2.05349488982472e+00 2.05336429539657e+00 1.30594428151554e-04
3.63500000000000e+00 2.06842445567623e+00 2.06828127951470e+00 1.43176161528924e-04
3.64000000000000e+00 2.08047046289853e+00 2.08030388316029e+00 1.66579738239747e-04
3.64500000000000e+00 2.08958397041656e+00 2.08938380815405e+00 2.00162262506964e-04
3.65000000000000e+00 2.09573406131765e+00 2.09549150281253e+00 2.42558505120005e-04
3.65500000000000e+00 2.09890810870461e+00 2.09861633762302e+00 2.91771081592174e-04
3.66000000000000e+00 2.09911197102410e+00 2.09876666410972e+00 3.45306914371513e-04
3.66500000000000e+00 2.09637010728776e+00 2.09596975652967e+00 4.00350758086532e-04
3.67000000000000e+00 2.09072560055620e+00 2.09027163675968e+00 4.53963796521961e-04
3.67500000000000e+00 2.08224007683573e+00 2.08173678345563e+00 5.03293380104353e-04
3.68000000000000e+00 2.07099350628862e+00 2.07044772727895e+00 5.45779009668568e-04
3.68500000000000e+00 2.05708387445668e+00 2.05650453468774e+00 5.79339768939313e-04
3.69000000000000e+00 2.04062671304267e+00 2.04002418347677e+00 6.02529565902010e-04
3.69500000000000e+00 2.02175448260684e+00 2.02113983391842e+00 6.14648688415986e-04
3.70000000000000e+00 2.00061580316708e+00 2.00000000000000e+00 6.15803167077100e-04
3.70500000000000e+00 1.97737453292756e+00 1.97676762586894e+00 6.06907058626316e-04
3.71000000000000e+00 1.95220869994588e+00 1.95161907318189e+00 5.89626763988438e-04
3.71500000000000e+00 1.92530929619572e+00 1.92474302560309e+00 5.66270592634588e-04
3.72000000000000e+00 1.89687894790066e+00 1.89633931720795e+00 5.39630692710791e-04
3.72500000000000e+00 1.86713047992588e+00 1.86661769201745e+00 5.12787908428569e-04
3.73000000000000e+00 1.83628539517762e+00 1.83579650231313e+00 4.88892864492385e-04
3.73500000000000e+00 1.80457229218104e+00 1.80410135376010e+00 4.70938420933154e-04
3.74000000000000e+00 1.77222524515834e+00 1.77176370569363e+00 4.61539464715166e-04
3.74500000000000e+00 1.73948217095073e+00 1.73901943520098e+00 4.62735749747090e-04
3.75000000000000e+00 1.70658320603288e+00 1.70610737385376e+00 4.75832179117841e-04
3.75500000000000e+00 1.67376911473866e+00 1.67326782611444e+00 5.01288624215723e-04
3.76000000000000e+00 1.64127974679262e+00 1.64074107855382e+00 5.38668238797779e-04
3.76500000000000e+00 1.60935255851434e+00 1.60876590907298e+00 5.86649441359999e-04
3.77000000000000e+00 1.57822120785876e+00 1.57757810532303e+00 6.43102535734075e-04
3.77500000000000e+00 1.54811422902446e+00 1.54740900145948e+00 7.05227564973487e-04
3.78000000000000e+00 1.51925378796071e+00 1.51848404225504e+00 7.69745705663683e-04
3.78500000000000e+00 1.49185451598833e+00 1.49102138342582e+00 8.33132562503280e-04
3.79000000000000e+00 1.46612241515811e+00 1.46523053680291e+00 8.91878355203657e-04
3.79500000000000e+00 1.44225382612428e+00 1.44131106870462e+00 9.42757419653439e-04
3.80000000000000e+00 1.42043444739648e+00 1.41945135953695e+00 9.83087859524501e-04
3.80500000000000e+00 1.40083839400818e+00 1.39982743227203e+00 1.01096173615356e-03
3.81000000000000e+00 1.38362728401476e+00 1.38260185702999e+00 1.02542698476782e-03
3.81500000000000e+00 1.36894934287781e+00 1.36792273852040e+00 1.02660435740942e-03
3.82000000000000e+00 1.35693851871367e+00 1.35592279258843e+00 1.01572612524681e-03
3.82500000000000e+00 1.34771360552784e+00 1.34671851756181e+00 9.95087966033203e-04
3.83000000000000e+00 1.34137737678852e+00 1.34040946551008e+00 9.67911278432654e-04
3.83500000000000e+00 1.33801573778430e+00 1.33707761791153e+00 9.38119872770482e-04
3.84000000000000e+00 1.33769691183111e+00 1.33678686957979e+00 9.10042251326182e-04
3.84500000000000e+00 1.34047068209300e+00 1.33958262403436e+00 8.88058058638341e-04
3.85000000000000e+00 1.34636771700206e+00 1.34549150281253e+00 8.76214189531765e-04
3.85500000000000e+00 1.35539901233698e+00 1.35452117051728e+00 8.77841819694414e-04
3.86000000000000e+00 1.36755548621898e+00 1.36666027668282e+00 8.95209536164066e-04
3.86500000000000e+00 1.38280776385742e+00 1.38187851481848e+00 9.29249038947866e-04
3.87000000000000e+00 1.40110618614656e+00 1.40012679826999e+00 9.79387876570037e-04
3.87500000000000e+00 1.42238106966964e+00 1.42133755181640e+00 1.04351785323953e-03
3.88000000000000e+00 1.44654323509202e+00 1.44542511720754e+00 1.11811788447946e-03
3.88500000000000e+00 1.47348480652466e+00 1.47228627014469e+00 1.19853637996448e-03
3.89000000000000e+00 1.50308026694779e+00 1.50180084551966e+00 1.27942142812909e-03
3.89500000000000e+00 1.53518773552830e+00 1.53383246706028e+00 1.35526846801892e-03
3.90000000000000e+00 1.56965041356487e+00 1.56822937688661e+00 1.42103667826499e-03
3.90500000000000e+00 1.60629812925968e+00 1.60482535986612e+00 1.47276939356367e-03
3.91000000000000e+00 1.64494890022633e+00 1.64344075707161e+00 1.50814315472059e-03
3.91500000000000e+00 1.68541042922322e+00 1.68388356209650e+00 1.52686712671946e-03
3.92000000000000e+00 1.72748145517902e+00 1.72595059347097e+00 1.53086170804917e-03
3.92500000000000e+00 1.77095289931788e+00 1.76942873595353e+00 1.52416336434524e-03
3.93000000000000e+00 1.81560877483885e+00 1.81409624304787e+00 1.51253179098210e-03
3.93500000000000e+00 1.86122686615150e+00 1.85972409271722e+00 1.50277343427252e-03
3.94000000000000e+00 1.90757922626581e+00 1.90607738794081e+00 1.50183832499340e-03
3.94500000000000e+00 1.95443258310085e+00 1.95291679348016e+00 1.51578962068855e-03
3.95000000000000e+00 2.00154878070964e+00 2.00000000000000e+00 1.54878070963904e-03
3.95500000000000e+00 2.04868540314208e+00 2.04708320651983e+00 1.60219662224170e-03
3.96000000000000e+00 2.09559673143421e+00 2.09392261205918e+00 1.67411937503203e-03
3.96500000000000e+00 2.14203516492663e+00 2.14027590728278e+00 1.75925764385454e-03
3.97000000000000e+00 2.18775319701464e+00 2.18590375695213e+00 1.84944006250509e-03
3.97500000000000e+00 2.23250597652129e+00 2.23057126404647e+00 1.93471247481813e-03
3.98000000000000e+00 2.27605441660703e+00 2.27404940652903e+00 2.00501007800202e-03
3.98500000000000e+00 2.31816874325461e+00 2.31611643790350e+00 2.05230535111678e-03
3.99000000000000e+00 2.35863231524158e+00 2.35655924292839e+00 2.07307231319609e-03
3.99500000000000e+00 2.39724550606371e+00 2.39517464013388e+00 2.07086592982897e-03
4.00000000000000e+00 2.43382942125723e+00 2.43177062311338e+00 2.05879814384913e-03
