variables = x, value-predict, value-true, error
0.00000000000000e+00 2.42784693796092e+00 2.43177062311339e+00 3.92368515246622e-03
5.00000000000000e-03 2.46192153209726e+00 2.46616753293972e+00 4.24600084245563e-03
1.00000000000000e-02 2.49360747481285e+00 2.49819915448034e+00 4.59167966749074e-03
1.50000000000000e-02 2.52277856060181e+00 2.52771372985530e+00 4.93516925349224e-03
2.00000000000000e-02 2.54931603065946e+00 2.55457488279246e+00 5.25885213299082e-03
2.50000000000000e-02 2.57311028571437e+00 2.57866244818360e+00 5.55216246922985e-03
3.00000000000000e-02 2.59406263594433e+00 2.59987320173000e+00 5.81056578567152e-03
3.50000000000000e-02 2.61208705009064e+00 2.61812148518152e+00 6.03443509088919e-03
4.00000000000000e-02 2.62711185954961e+00 2.63333972331718e+00 6.22786376756901e-03
4.50000000000000e-02 2.63908136796734e+00 2.64547882948272e+00 6.39746151537723e-03
5.00000000000000e-02 2.64795731336433e+00 2.65450849718747e+00 6.55118382314068e-03
5.50000000000000e-02 2.65372012878314e+00 2.66041737596564e+00 6.69724718250109e-03
6.00000000000000e-02 2.65636994955522e+00 2.66321313042021e+00 6.84318086499713e-03
6.50000000000000e-02 2.65592732106590e+00 2.66292238208847e+00 6.99506102256331e-03
7.00000000000000e-02 2.65243357065202e+00 2.65959053448992e+00 7.15696383789854e-03
7.50000000000000e-02 2.64595082092941e+00 2.65328148243819e+00 7.33066150877981e-03
8.00000000000000e-02 2.63656163888429e+00 2.64407720741157e+00 7.51556852728408e-03
8.50000000000000e-02 2.62436833441685e+00 2.63207726147960e+00 7.70892706274617e-03
9.00000000000000e-02 2.60949194212082e+00 2.61739814297001e+00 7.90620084919436e-03
9.50000000000000e-02 2.59207093892225e+00 2.60017256772797e+00 8.10162880572252e-03
1.00000000000000e-01 2.57225976555987e+00 2.58054864046305e+00 8.28887490317598e-03
1.05000000000000e-01 2.55022722961366e+00 2.55868893129538e+00 8.46170168171945e-03
1.10000000000000e-01 2.52615487014382e+00 2.53476946319709e+00 8.61459305327239e-03
1.15000000000000e-01 2.50023535803507e+00 2.50897861657418e+00 8.74325853911317e-03
1.20000000000000e-01 2.47267099197086e+00 2.48151595774496e+00 8.84496577409433e-03
1.25000000000000e-01 2.44367232893011e+00 2.45259099854052e+00 8.91866961041421e-03
1.30000000000000e-01 2.41345696270417e+00 2.42242189467697e+00 8.96493197280268e-03
1.35000000000000e-01 2.38224843754847e+00 2.39123409092702e+00 8.98565337855173e-03
1.40000000000000e-01 2.35027526045838e+00 2.35925892144618e+00 8.98366098779801e-03
1.45000000000000e-01 2.31776995819754e+00 2.32673217388556e+00 8.96221568802247e-03
1.50000000000000e-01 2.28496811674312e+00 2.29389262614624e+00 8.92450940311962e-03
1.55000000000000e-01 2.25210734251434e+00 2.26098056479902e+00 8.87322228468257e-03
1.60000000000000e-01 2.21942609626261e+00 2.22823629430637e+00 8.81019804375871e-03
1.65000000000000e-01 2.18716236990268e+00 2.19589864623990e+00 8.73627633722052e-03
1.70000000000000e-01 2.15555220070768e+00 2.16420349768687e+00 8.65129697919453e-03
1.75000000000000e-01 2.12482804238751e+00 2.13338230798255e+00 8.55426559503902e-03
1.80000000000000e-01 2.09521703484738e+00 2.10366068279205e+00 8.44364794467056e-03
1.85000000000000e-01 2.06693923075847e+00 2.07525697439691e+00 8.31774363843918e-03
1.90000000000000e-01 2.04020584545010e+00 2.04838092681811e+00 8.17508136801015e-03
1.95000000000000e-01 2.01521759636903e+00 2.02323237413107e+00 8.01477776203452e-03
2.00000000000000e-01 1.99216319007060e+00 2.00000000000000e+00 7.83680992939950e-03
2.05000000000000e-01 1.97121800009757e+00 1.97886016608158e+00 7.64216598401002e-03
2.10000000000000e-01 1.95254296055522e+00 1.95997581652323e+00 7.43285596800702e-03
2.15000000000000e-01 1.93628368036361e+00 1.94349546531226e+00 7.21178494865304e-03
2.20000000000000e-01 1.92256976461178e+00 1.92955227272105e+00 6.98250810926182e-03
2.25000000000000e-01 1.91151431428598e+00 1.91826321654437e+00 6.74890225839642e-03
2.30000000000000e-01 1.90321356541565e+00 1.90972836324032e+00 6.51479782467046e-03
2.35000000000000e-01 1.89774662420907e+00 1.90403024347033e+00 6.28361926125431e-03
2.40000000000000e-01 1.89517525616846e+00 1.90123333589028e+00 6.05807972181505e-03
2.45000000000000e-01 1.89554369399799e+00 1.90138366237698e+00 5.83996837898781e-03
2.50000000000000e-01 1.89887844033658e+00 1.90450849718747e+00 5.63005685089069e-03
2.55000000000000e-01 1.90518805554996e+00 1.91061619184595e+00 5.42813629598271e-03
2.60000000000000e-01 1.91446293632489e+00 1.91969611683971e+00 5.23318051482558e-03
2.65000000000000e-01 1.92667510580887e+00 1.93171872048530e+00 5.04361467642234e-03
2.70000000000000e-01 1.94177804874393e+00 1.94663570460343e+00 4.85765585950393e-03
2.75000000000000e-01 1.95970663384489e+00 1.96438031592140e+00 4.67368207650853e-03
2.80000000000000e-01 1.98037716932686e+00 1.98486775140779e+00 4.49058208092401e-03
2.85000000000000e-01 2.00368763527083e+00 2.00799567504205e+00 4.30803977122229e-03
2.90000000000000e-01 2.02951812837958e+00 2.03364484283446e+00 4.12671445488133e-03
2.95000000000000e-01 2.05773154130904e+00 2.06167983224433e+00 3.94829093529081e-03
3.00000000000000e-01 2.08817448159574e+00 2.09194987150091e+00 3.77538990516602e-03
3.05000000000000e-01 2.12067841628687e+00 2.12428976371522e+00 3.61134742834901e-03
3.10000000000000e-01 2.15506101014811e+00 2.15852090008677e+00 3.45988993866264e-03
3.15000000000000e-01 2.19112761026425e+00 2.19445235595975e+00 3.32474569549657e-03
3.20000000000000e-01 2.22867282012244e+00 2.23188206297222e+00 3.20924284978075e-03
3.25000000000000e-01 2.26748210335740e+00 2.27059805007310e+00 3.11594671569848e-03
3.30000000000000e-01 2.30733336175588e+00 2.31037974575665e+00 3.04638400077639e-03
3.35000000000000e-01 2.34799844328077e+00 2.35099933348698e+00 3.00089020621552e-03
3.40000000000000e-01 2.38924455216391e+00 2.39222315195700e+00 2.97859979308468e-03
3.45000000000000e-01 2.43083555210624e+00 2.43381313154985e+00 2.97757944361354e-03
3.50000000000000e-01 2.47253317248742e+00 2.47552825814758e+00 2.99508566016060e-03
3.55000000000000e-01 2.51409814345565e+00 2.51712605526309e+00 3.02791180743256e-03
3.60000000000000e-01 2.55529129658773e+00 2.55836407535859e+00 3.07277877086065e-03
3.65000000000000e-01 2.59587467209707e+00 2.59900139115685e+00 3.12671905978412e-03
3.70000000000000e-01 2.63561267099483e+00 2.63880007775179e+00 3.18740675695572e-03
3.75000000000000e-01 2.67427328189712e+00 2.67752667638138e+00 3.25339448426076e-03
3.80000000000000e-01 2.71162939890533e+00 2.71495363083915e+00 3.32423193382159e-03
3.85000000000000e-01 2.74746023129522e+00 2.75086068766886e+00 3.40045637363717e-03
3.90000000000000e-01 2.78155278993317e+00 2.78503625151058e+00 3.48346157741330e-03
3.95000000000000e-01 2.81370342150178e+00 2.81727868724248e+00 3.57526574070155e-03
4.00000000000000e-01 2.84371935138990e+00 2.84739756089084e+00 3.67820950094044e-03
4.05000000000000e-01 2.87142019045913e+00 2.87521481165829e+00 3.79462119916329e-03
4.10000000000000e-01 2.89663936011384e+00 2.90056584784471e+00 3.92648773087645e-03
4.15000000000000e-01 2.91922539380801e+00 2.92330055990464e+00 4.07516609662828e-03
4.20000000000000e-01 2.93904308045345e+00 2.94328424439572e+00 4.24116394226948e-03
4.25000000000000e-01 2.95597442497451e+00 2.96039843312221e+00 4.42400814769472e-03
4.30000000000000e-01 2.96991941219287e+00 2.97454162236171e+00 4.62221016884357e-03
4.35000000000000e-01 2.98079657108691e+00 2.98562989767982e+00 4.83332659290880e-03
4.40000000000000e-01 2.98854334621128e+00 2.99359745048043e+00 5.05410426915365e-03
4.45000000000000e-01 2.99311629091182e+00 2.99839698310739e+00 5.28069219557192e-03
4.50000000000000e-01 2.99449110246622e+00 3.00000000000000e+00 5.50889753378048e-03
4.55000000000000e-01 2.99266252225429e+00 2.99839698310739e+00 5.73446085310092e-03
4.60000000000000e-01 2.98764412460912e+00 2.99359745048043e+00 5.95332587131203e-03
4.65000000000000e-01 2.97946801641700e+00 2.98562989767982e+00 6.16188126282102e-03
4.70000000000000e-01 2.96818446625776e+00 2.97454162236171e+00 6.35715610395282e-03
4.75000000000000e-01 2.95386147742040e+00 2.96039843312221e+00 6.53695570180268e-03
4.80000000000000e-01 2.93658431403018e+00 2.94328424439572e+00 6.69993036554040e-03
4.85000000000000e-01 2.91645498429747e+00 2.92330055990464e+00 6.84557560716392e-03
4.90000000000000e-01 2.89359168000967e+00 2.90056584784471e+00 6.97416783504234e-03
4.95000000000000e-01 2.86812816721790e+00 2.87521481165829e+00 7.08664444039453e-03
5.00000000000000e-01 2.84021311991571e+00 2.84739756089084e+00 7.18444097512938e-03
5.05000000000000e-01 2.81000938655985e+00 2.81727868724248e+00 7.26930068263121e-03
5.10000000000000e-01 2.77769317863660e+00 2.78503625151058e+00 7.34307287398339e-03
5.15000000000000e-01 2.74345317112456e+00 2.75086068766886e+00 7.40751654429239e-03
5.20000000000000e-01 2.70748950654801e+00 2.71495363083915e+00 7.46412429113708e-03
5.25000000000000e-01 2.67001269717512e+00 2.67752667638138e+00 7.51397920626529e-03
5.30000000000000e-01 2.63124242354953e+00 2.63880007775179e+00 7.55765420225707e-03
5.35000000000000e-01 2.59140623165982e+00 2.59900139115685e+00 7.59515949702738e-03
5.40000000000000e-01 2.55073813533793e+00 2.55836407535859e+00 7.62594002065820e-03
5.45000000000000e-01 2.50947713461846e+00 2.51712605526309e+00 7.64892064462819e-03
5.50000000000000e-01 2.46786566449669e+00 2.47552825814758e+00 7.66259365089050e-03
5.55000000000000e-01 2.42614799154787e+00 2.43381313154985e+00 7.66514000198359e-03
5.60000000000000e-01 2.38456857803380e+00 2.39222315195700e+00 7.65457392319790e-03
5.65000000000000e-01 2.34337043431570e+00 2.35099933348698e+00 7.62889917128362e-03
5.70000000000000e-01 2.30279348058936e+00 2.31037974575665e+00 7.58626516729333e-03
5.75000000000000e-01 2.26307293820895e+00 2.27059805007310e+00 7.52511186414528e-03
5.80000000000000e-01 2.22443776928772e+00 2.23188206297222e+00 7.44429368449673e-03
5.85000000000000e-01 2.18710918102830e+00 2.19445235595975e+00 7.34317493144632e-03
5.90000000000000e-01 2.15129920854775e+00 2.15852090008677e+00 7.22169153902508e-03
5.95000000000000e-01 2.11720938704073e+00 2.12428976371522e+00 7.08037667448780e-03
6.00000000000000e-01 2.08502952118329e+00 2.09194987150091e+00 6.92035031762428e-03
6.05000000000000e-01 2.05493655690732e+00 2.06167983224433e+00 6.74327533701602e-03
6.10000000000000e-01 2.02709355822817e+00 2.03364484283446e+00 6.55128460628962e-03
6.15000000000000e-01 2.00164878979296e+00 2.00799567504205e+00 6.34688524909421e-03
6.20000000000000e-01 1.97873490429868e+00 1.98486775140779e+00 6.13284710910467e-03
6.25000000000000e-01 1.95846823292234e+00 1.96438031592140e+00 5.91208299906398e-03
6.30000000000000e-01 1.94094817638619e+00 1.94663570460343e+00 5.68752821724083e-03
6.35000000000000e-01 1.92625669419272e+00 1.93171872048530e+00 5.46202629257775e-03
6.40000000000000e-01 1.91445788982407e+00 1.91969611683971e+00 5.23822701564547e-03
6.45000000000000e-01 1.90559769021722e+00 1.91061619184595e+00 5.01850162872408e-03
6.50000000000000e-01 1.89970361849806e+00 1.90450849718747e+00 4.80487868941326e-03
6.55000000000000e-01 1.89678465969092e+00 1.90138366237698e+00 4.59900268606295e-03
6.60000000000000e-01 1.89683121982899e+00 1.90123333589028e+00 4.40211606128171e-03
6.65000000000000e-01 1.89981517950228e+00 1.90403024347033e+00 4.21506396804316e-03
6.70000000000000e-01 1.90569004333871e+00 1.90972836324032e+00 4.03831990160519e-03
6.75000000000000e-01 1.91439118717975e+00 1.91826321654437e+00 3.87202936462372e-03
6.80000000000000e-01 1.92583620476217e+00 1.92955227272105e+00 3.71606795887214e-03
6.85000000000000e-01 1.93992535554169e+00 1.94349546531226e+00 3.57010977057226e-03
6.90000000000000e-01 1.95654211489615e+00 1.95997581652323e+00 3.43370162707846e-03
6.95000000000000e-01 1.97555382733764e+00 1.97886016608158e+00 3.30633874394337e-03
7.00000000000000e-01 1.99681246256343e+00 2.00000000000000e+00 3.18753743657330e-03
7.05000000000000e-01 2.02015547321281e+00 2.02323237413106e+00 3.07690091825563e-03
7.10000000000000e-01 2.04540675209599e+00 2.04838092681811e+00 2.97417472211592e-03
7.15000000000000e-01 2.07237768545865e+00 2.07525697439691e+00 2.87928893826139e-03
7.20000000000000e-01 2.10086829757192e+00 2.10366068279205e+00 2.79238522013392e-03
7.25000000000000e-01 2.13066848063040e+00 2.13338230798255e+00 2.71382735214454e-03
7.30000000000000e-01 2.16155930263734e+00 2.16420349768687e+00 2.64419504952951e-03
7.35000000000000e-01 2.19331438469401e+00 2.19589864623990e+00 2.58426154589086e-03
7.40000000000000e-01 2.22570133792998e+00 2.22823629430637e+00 2.53495637638901e-03
7.45000000000000e-01 2.25848324925142e+00 2.26098056479902e+00 2.49731554760091e-03
7.50000000000000e-01 2.29142020418400e+00 2.29389262614624e+00 2.47242196223496e-03
7.55000000000000e-01 2.32427083438146e+00 2.32673217388556e+00 2.46133950410021e-03
7.60000000000000e-01 2.35679387689182e+00 2.35925892144618e+00 2.46504455436281e-03
7.65000000000000e-01 2.38874973204488e+00 2.39123409092702e+00 2.48435888214216e-03
7.70000000000000e-01 2.41990200686404e+00 2.42242189467697e+00 2.51988781293688e-03
7.75000000000000e-01 2.45001903121655e+00 2.45259099854052e+00 2.57196732397169e-03
7.80000000000000e-01 2.47887533449401e+00 2.48151595774496e+00 2.64062325094994e-03
7.85000000000000e-01 2.50625307143819e+00 2.50897861657418e+00 2.72554513599221e-03
7.90000000000000e-01 2.53194338676411e+00 2.53476946319709e+00 2.82607643298149e-03
7.95000000000000e-01 2.55574770943855e+00 2.55868893129538e+00 2.94122185682433e-03
8.00000000000000e-01 2.57747896879243e+00 2.58054864046305e+00 3.06967167061289e-03
8.05000000000000e-01 2.59696272602049e+00 2.60017256772797e+00 3.20984170748551e-03
8.10000000000000e-01 2.61403821598577e+00 2.61739814297001e+00 3.35992698424370e-03
8.15000000000000e-01 2.62855929553762e+00 2.63207726147960e+00 3.51796594198417e-03
8.20000000000000e-01 2.64039529571256e+00 2.64407720741157e+00 3.68191169901078e-03
8.25000000000000e-01 2.64943177617063e+00 2.65328148243819e+00 3.84970626755798e-03
8.30000000000000e-01 2.65557118098970e+00 2.65959053448992e+00 4.01935350021665e-03
8.35000000000000e-01 2.65873339548083e+00 2.66292238208847e+00 4.18898660763389e-03
8.40000000000000e-01 2.65885620399415e+00 2.66321313042021e+00 4.35692642606123e-03
8.45000000000000e-01 2.65589564877694e+00 2.66041737596564e+00 4.52172718869681e-03
8.50000000000000e-01 2.64982628985255e+00 2.65450849718747e+00 4.68220733492064e-03
8.55000000000000e-01 2.64064136565824e+00 2.64547882948272e+00 4.83746382447725e-03
8.60000000000000e-01 2.62835285386720e+00 2.63333972331718e+00 4.98686944998816e-03
8.65000000000000e-01 2.61299143148763e+00 2.61812148518153e+00 5.13005369389585e-03
8.70000000000000e-01 2.59460633304242e+00 2.59987320173000e+00 5.26686868758830e-03
8.75000000000000e-01 2.57326510544688e+00 2.57866244818360e+00 5.39734273672110e-03
8.80000000000000e-01 2.54905325817214e+00 2.55457488279246e+00 5.52162462031713e-03
8.85000000000000e-01 2.52207380744763e+00 2.52771372985530e+00 5.63992240767019e-03
8.90000000000000e-01 2.49244671364505e+00 2.49819915448034e+00 5.75244083528892e-03
8.95000000000000e-01 2.46030821160931e+00 2.46616753293972e+00 5.85932133040590e-03
9.00000000000000e-01 2.42581003455163e+00 2.43177062311339e+00 5.96058856176018e-03
9.05000000000000e-01 2.38911853317720e+00 2.39517464013388e+00 6.05610695668224e-03
9.10000000000000e-01 2.35041369294659e+00 2.35655924292839e+00 6.14554998180372e-03
9.15000000000000e-01 2.30988805372070e+00 2.31611643790350e+00 6.22838418279725e-03
9.20000000000000e-01 2.26774553745820e+00 2.27404940652903e+00 6.30386907082991e-03
9.25000000000000e-01 2.22420019106150e+00 2.23057126404647e+00 6.37107298497108e-03
9.30000000000000e-01 2.17947485284326e+00 2.18590375695213e+00 6.42890410887276e-03
9.35000000000000e-01 2.13379975235110e+00 2.14027590728277e+00 6.47615493167431e-03
9.40000000000000e-01 2.08741105439363e+00 2.09392261205918e+00 6.51155766554545e-03
9.45000000000000e-01 2.04054935901198e+00 2.04708320651983e+00 6.53384750785557e-03
9.50000000000000e-01 1.99345816980573e+00 2.00000000000000e+00 6.54183019427079e-03
9.55000000000000e-01 1.94638234343085e+00 1.95291679348017e+00 6.53445004931741e-03
9.60000000000000e-01 1.89956653322878e+00 1.90607738794082e+00 6.51085471203983e-03
9.65000000000000e-01 1.85325363982709e+00 1.85972409271723e+00 6.47045289014025e-03
9.70000000000000e-01 1.80768328118247e+00 1.81409624304787e+00 6.41296186539719e-03
9.75000000000000e-01 1.76309029394395e+00 1.76942873595353e+00 6.33844200958666e-03
9.80000000000000e-01 1.71970327722543e+00 1.72595059347097e+00 6.24731624553809e-03
9.85000000000000e-01 1.67774318893170e+00 1.68388356209650e+00 6.14037316480176e-03
9.90000000000000e-01 1.63742200371897e+00 1.64344075707161e+00 6.01875335264412e-03
9.95000000000000e-01 1.59894144053548e+00 1.60482535986612e+00 5.88391933063370e-03
1.00000000000000e+00 1.56249176651980e+00 1.56822937688661e+00 5.73761036681009e-03
1.00500000000000e+00 1.52825068287787e+00 1.53383246706028e+00 5.58178418240440e-03
1.01000000000000e+00 1.49638229725272e+00 1.50180084551966e+00 5.41854826694377e-03
1.01500000000000e+00 1.46703618607676e+00 1.47228627014470e+00 5.25008406794170e-03
1.02000000000000e+00 1.44034654948744e+00 1.44542511720755e+00 5.07856772010196e-03
1.02500000000000e+00 1.41643146061313e+00 1.42133755181640e+00 4.90609120327457e-03
1.03000000000000e+00 1.39539221041601e+00 1.40012679827000e+00 4.73458785398839e-03
1.03500000000000e+00 1.37731274882035e+00 1.38187851481848e+00 4.56576599812597e-03
1.04000000000000e+00 1.36225922255782e+00 1.36666027668282e+00 4.40105412499370e-03
1.04500000000000e+00 1.35027961001983e+00 1.35452117051728e+00 4.24156049745172e-03
1.05000000000000e+00 1.34140345340335e+00 1.34549150281253e+00 4.08804940917329e-03
1.05500000000000e+00 1.33564168854789e+00 1.33958262403436e+00 3.94093548646990e-03
1.06000000000000e+00 1.33298657305500e+00 1.33678686957979e+00 3.80029652478742e-03
1.06500000000000e+00 1.33341171352163e+00 1.33707761791153e+00 3.66590438990544e-03
1.07000000000000e+00 1.33687219296092e+00 1.34040946551008e+00 3.53727254916381e-03
1.07500000000000e+00 1.34330479968513e+00 1.34671851756181e+00 3.41371787667799e-03
1.08000000000000e+00 1.35262835903774e+00 1.35592279258843e+00 3.29443355068637e-03
1.08500000000000e+00 1.36474416934400e+00 1.36792273852040e+00 3.17856917640125e-03
1.09000000000000e+00 1.37953654326075e+00 1.38260185702999e+00 3.06531376924291e-03
1.09500000000000e+00 1.39687345531661e+00 1.39982743227203e+00 2.95397695541522e-03
1.10000000000000e+00 1.41660729582256e+00 1.41945135953695e+00 2.84406371439117e-03
1.10500000000000e+00 1.43857573049041e+00 1.44131106870462e+00 2.73533821420746e-03
1.11000000000000e+00 1.46260266403073e+00 1.46523053680291e+00 2.62787277217136e-03
1.11500000000000e+00 1.48849930472967e+00 1.49102138342582e+00 2.52207869615373e-03
1.12000000000000e+00 1.51606532556523e+00 1.51848404225504e+00 2.41871668980753e-03
1.12500000000000e+00 1.54509011586323e+00 1.54740900145948e+00 2.31888559625237e-03
1.13000000000000e+00 1.57535411587472e+00 1.57757810532303e+00 2.22398944831270e-03
1.13500000000000e+00 1.60663022504832e+00 1.60876590907298e+00 2.13568402466047e-03
1.14000000000000e+00 1.63868527324584e+00 1.64074107855382e+00 2.05580530798155e-03
1.14500000000000e+00 1.67128154278232e+00 1.67326782611444e+00 1.98628333211781e-03
1.15000000000000e+00 1.70417832803147e+00 1.70610737385376e+00 1.92904582229647e-03
1.15500000000000e+00 1.73713351848308e+00 1.73901943520098e+00 1.88591671789862e-03
1.16000000000000e+00 1.76990519061892e+00 1.77176370569363e+00 1.85851507470258e-03
1.16500000000000e+00 1.80225319381616e+00 1.80410135376010e+00 1.84815994394372e-03
1.17000000000000e+00 1.83394071570556e+00 1.83579650231313e+00 1.85578660756414e-03
1.17500000000000e+00 1.86473581299622e+00 1.86661769201745e+00 1.88187902122983e-03
1.18000000000000e+00 1.89441289470202e+00 1.89633931720795e+00 1.92642250592412e-03
1.18500000000000e+00 1.92275414592310e+00 1.92474302560309e+00 1.98887967998806e-03
1.19000000000000e+00 1.94955088178762e+00 1.95161907318189e+00 2.06819139427061e-03
1.19500000000000e+00 1.97460482277461e+00 1.97676762586894e+00 2.16280309432726e-03
1.20000000000000e+00 1.99772928434073e+00 2.00000000000000e+00 2.27071565926562e-03
1.20500000000000e+00 2.01875027548303e+00 2.02113983391842e+00 2.38955843539213e-03
1.21000000000000e+00 2.03750750250854e+00 2.04002418347677e+00 2.51668096822533e-03
1.21500000000000e+00 2.05385527578331e+00 2.05650453468774e+00 2.64925890442846e-03
1.22000000000000e+00 2.06766331853480e+00 2.07044772727895e+00 2.78440874415464e-03
1.22500000000000e+00 2.07881747784124e+00 2.08173678345563e+00 2.91930561438614e-03
1.23000000000000e+00 2.08722033872661e+00 2.09027163675968e+00 3.05129803306814e-03
1.23500000000000e+00 2.09279174277767e+00 2.09596975652967e+00 3.17801375200411e-03
1.24000000000000e+00 2.09546921291273e+00 2.09876666410972e+00 3.29745119698943e-03
1.24500000000000e+00 2.09520828587932e+00 2.09861633762302e+00 3.40805174369985e-03
1.25000000000000e+00 2.09198275377205e+00 2.09549150281253e+00 3.50874904048082e-03
1.25500000000000e+00 2.08578481538969e+00 2.08938380815405e+00 3.59899276435849e-03
1.26000000000000e+00 2.07662513764469e+00 2.08030388316029e+00 3.67874551559666e-03
1.26500000000000e+00 2.06453282656386e+00 2.06828127951470e+00 3.74845295084647e-03
1.27000000000000e+00 2.04955530673993e+00 2.05336429539657e+00 3.80898865663726e-03
1.27500000000000e+00 2.03175810747773e+00 2.03561968407860e+00 3.86157660087161e-03
1.28000000000000e+00 2.01122455338940e+00 2.01513224859221e+00 3.90769520280765e-03
1.28500000000000e+00 1.98805535689029e+00 1.99200432495795e+00 3.94896806765832e-03
1.29000000000000e+00 1.96236810997761e+00 1.96635515716554e+00 3.98704718793153e-03
1.29500000000000e+00 1.93429667287945e+00 1.93832016775567e+00 4.02349487621634e-03
1.30000000000000e+00 1.90399045766415e+00 1.90805012849909e+00 4.05967083494096e-03
1.30500000000000e+00 1.87161360570898e+00 1.87571023628478e+00 4.09663057580767e-03
1.31000000000000e+00 1.83734405903613e+00 1.84147909991323e+00 4.13504087709726e-03
1.31500000000000e+00 1.80137252690658e+00 1.80554764404025e+00 4.17511713366880e-03
1.32000000000000e+00 1.76390135067890e+00 1.76811793702778e+00 4.21658634887812e-03
1.32500000000000e+00 1.72514327173303e+00 1.72940194992690e+00 4.25867819387160e-03
1.33000000000000e+00 1.68532010916021e+00 1.68962025424335e+00 4.30014508314169e-03
1.33500000000000e+00 1.64466135584949e+00 1.64900066651302e+00 4.33931066352744e-03
1.34000000000000e+00 1.60340270347469e+00 1.60777684804300e+00 4.37414456831520e-03
1.34500000000000e+00 1.56178450861648e+00 1.56618686845015e+00 4.40235983366555e-03
1.35000000000000e+00 1.52005021376033e+00 1.52447174185242e+00 4.42152809209295e-03
1.35500000000000e+00 1.47844473811591e+00 1.48287394473691e+00 4.42920662100077e-03
1.36000000000000e+00 1.43721285404825e+00 1.44163592464141e+00 4.42307059315805e-03
1.36500000000000e+00 1.39659756534576e+00 1.40099860884315e+00 4.40104349739112e-03
1.37000000000000e+00 1.35683850355318e+00 1.36119992224821e+00 4.36141869502915e-03
1.37500000000000e+00 1.31817035816039e+00 1.32247332361862e+00 4.30296545823183e-03
1.38000000000000e+00 1.28082135557987e+00 1.28504636916085e+00 4.22501358098004e-03
1.38500000000000e+00 1.24501180060365e+00 1.24913931233114e+00 4.12751172748860e-03
1.39000000000000e+00 1.21095269246138e+00 1.21496374848942e+00 4.01105602804175e-03
1.39500000000000e+00 1.17884442577918e+00 1.18272131275752e+00 3.87688697834254e-03
1.40000000000000e+00 1.14887558474602e+00 1.15260243910916e+00 3.72685436313591e-03
1.40500000000000e+00 1.12122183672485e+00 1.12478518834171e+00 3.56335161686006e-03
1.41000000000000e+00 1.09604492949010e+00 1.09943415215529e+00 3.38922266518815e-03
1.41500000000000e+00 1.07349179432424e+00 1.07669944009536e+00 3.20764577112853e-03
1.42000000000000e+00 1.05369375544324e+00 1.05671575560428e+00 3.02200016103260e-03
1.42500000000000e+00 1.03676584471722e+00 1.03960156687779e+00 2.83572216057015e-03
1.43000000000000e+00 1.02280621946069e+00 1.02545837763829e+00 2.65215817759845e-03
1.43500000000000e+00 1.01189568022534e+00 1.01437010232018e+00 2.47442209483784e-03
1.44000000000000e+00 1.00409728505453e+00 1.00640254951957e+00 2.30526446503676e-03
1.44500000000000e+00 9.99456056549734e-01 1.00160301689261e+00 2.14696034287210e-03
1.45000000000000e+00 9.97998778334944e-01 1.00000000000000e+00 2.00122166505601e-03
1.45500000000000e+00 9.99733878044548e-01 1.00160301689261e+00 1.86913884805762e-03
1.46000000000000e+00 1.00465139474769e+00 1.00640254951957e+00 1.75115477187693e-03
1.46500000000000e+00 1.01272302968827e+00 1.01437010232018e+00 1.64707263190977e-03
1.47000000000000e+00 1.02390228028427e+00 1.02545837763829e+00 1.55609735401829e-03
1.47500000000000e+00 1.03812465840636e+00 1.03960156687779e+00 1.47690847143012e-03
1.48000000000000e+00 1.05530799495451e+00 1.05671575560428e+00 1.40776064977000e-03
1.48500000000000e+00 1.07535283358562e+00 1.07669944009536e+00 1.34660650974250e-03
1.49000000000000e+00 1.09814291703353e+00 1.09943415215529e+00 1.29123512175511e-03
1.49500000000000e+00 1.12354576973375e+00 1.12478518834171e+00 1.23941860795962e-03
1.50000000000000e+00 1.15141338036618e+00 1.15260243910916e+00 1.18905874297881e-03
1.50500000000000e+00 1.18158298742090e+00 1.18272131275752e+00 1.13832533661884e-03
1.51000000000000e+00 1.21387796996128e+00 1.21496374848942e+00 1.08577852814062e-03
1.51500000000000e+00 1.24810884441698e+00 1.24913931233114e+00 1.03046791416217e-03
1.52000000000000e+00 1.28407436651963e+00 1.28504636916085e+00 9.72002641220548e-04
1.52500000000000e+00 1.32156273545848e+00 1.32247332361862e+00 9.10588160141890e-04
1.53000000000000e+00 1.36035289506472e+00 1.36119992224821e+00 8.47027183492832e-04
1.53500000000000e+00 1.40021592443392e+00 1.40099860884315e+00 7.82684409231571e-04
1.54000000000000e+00 1.44091650798278e+00 1.44163592464141e+00 7.19416658634620e-04
1.54500000000000e+00 1.48221447263267e+00 1.48287394473691e+00 6.59472104245662e-04
1.55000000000000e+00 1.52386637774304e+00 1.52447174185242e+00 6.05364109379058e-04
1.55500000000000e+00 1.56562714169752e+00 1.56618686845015e+00 5.59726752632272e-04
1.56000000000000e+00 1.60725168777539e+00 1.60777684804300e+00 5.25160267614178e-04
1.56500000000000e+00 1.64849659119915e+00 1.64900066651302e+00 5.04075313869645e-04
1.57000000000000e+00 1.68912170908354e+00 1.68962025424335e+00 4.98545159810515e-04
1.57500000000000e+00 1.72889177544132e+00 1.72940194992690e+00 5.10174485576220e-04
1.58000000000000e+00 1.76757794440977e+00 1.76811793702778e+00 5.39992618013407e-04
1.58500000000000e+00 1.80495926640013e+00 1.80554764404025e+00 5.88377640124982e-04
1.59000000000000e+00 1.84082408386216e+00 1.84147909991323e+00 6.55016051065438e-04
1.59500000000000e+00 1.87497133569207e+00 1.87571023628478e+00 7.38900592709868e-04
1.60000000000000e+00 1.90721176187298e+00 1.90805012849909e+00 8.38366626108034e-04
1.60500000000000e+00 1.93736900258838e+00 1.93832016775567e+00 9.51165167284662e-04
1.61000000000000e+00 1.96528058865342e+00 1.96635515716554e+00 1.07456851212295e-03
1.61500000000000e+00 1.99079882253375e+00 1.99200432495795e+00 1.20550242419748e-03
1.62000000000000e+00 2.01379155134789e+00 2.01513224859221e+00 1.34069724432351e-03
1.62500000000000e+00 2.03414283497317e+00 2.03561968407860e+00 1.47684910542401e-03
1.63000000000000e+00 2.05175351362126e+00 2.05336429539657e+00 1.61078177530660e-03
1.63500000000000e+00 2.06654167996603e+00 2.06828127951470e+00 1.73959954866865e-03
1.64000000000000e+00 2.07844306107666e+00 2.08030388316029e+00 1.86082208363292e-03
1.64500000000000e+00 2.08741131504448e+00 2.08938380815405e+00 1.97249310957037e-03
1.65000000000000e+00 2.09341824633974e+00 2.09549150281253e+00 2.07325647278944e-03
1.65500000000000e+00 2.09645394266982e+00 2.09861633762302e+00 2.16239495319437e-03
1.66000000000000e+00 2.09652683453908e+00 2.09876666410972e+00 2.23982957064095e-03
1.66500000000000e+00 2.09366367695913e+00 2.09596975652967e+00 2.30607957054785e-03
1.67000000000000e+00 2.08790945097453e+00 2.09027163675968e+00 2.36218578515013e-03
1.67500000000000e+00 2.07932718100761e+00 2.08173678345563e+00 2.40960244801869e-03
1.68000000000000e+00 2.06799766264346e+00 2.07044772727895e+00 2.45006463548947e-03
1.68500000000000e+00 2.05401909452022e+00 2.05650453468774e+00 2.48544016751762e-03
1.69000000000000e+00 2.03750660758273e+00 2.04002418347677e+00 2.51757589403567e-03
1.69500000000000e+00 2.01859168519264e+00 2.02113983391842e+00 2.54814872578590e-03
1.70000000000000e+00 1.99742146851119e+00 2.00000000000000e+00 2.57853148881382e-03
1.70500000000000e+00 1.97415794317887e+00 1.97676762586893e+00 2.60968269006590e-03
1.71000000000000e+00 1.94897700554845e+00 1.95161907318189e+00 2.64206763344288e-03
1.71500000000000e+00 1.92206740947146e+00 1.92474302560309e+00 2.67561613162859e-03
1.72000000000000e+00 1.89362959773029e+00 1.89633931720795e+00 2.70971947766152e-03
1.72500000000000e+00 1.86387442545234e+00 1.86661769201745e+00 2.74326656511725e-03
1.73000000000000e+00 1.83302178602188e+00 1.83579650231313e+00 2.77471629124704e-03
1.73500000000000e+00 1.80129915290492e+00 1.80410135376010e+00 2.80220085518246e-03
1.74000000000000e+00 1.76894005322655e+00 1.77176370569363e+00 2.82365246707950e-03
1.74500000000000e+00 1.73618249073395e+00 1.73901943520098e+00 2.83694446703131e-03
1.75000000000000e+00 1.70326733683588e+00 1.70610737385376e+00 2.84003701788582e-03
1.75500000000000e+00 1.67043670868881e+00 1.67326782611444e+00 2.83111742562503e-03
1.76000000000000e+00 1.63793235281728e+00 1.64074107855382e+00 2.80872573654145e-03
1.76500000000000e+00 1.60599405158384e+00 1.60876590907298e+00 2.77185748913844e-03
1.77000000000000e+00 1.57485806808225e+00 1.57757810532303e+00 2.72003724078074e-03
1.77500000000000e+00 1.54475564286245e+00 1.54740900145948e+00 2.65335859703164e-03
1.78000000000000e+00 1.51591155347604e+00 1.51848404225504e+00 2.57248877900262e-03
1.78500000000000e+00 1.48854274532013e+00 1.49102138342582e+00 2.47863810568982e-03
1.79000000000000e+00 1.46285703981348e+00 1.46523053680291e+00 2.37349698942424e-03
1.79500000000000e+00 1.43905192369593e+00 1.44131106870462e+00 2.25914500869284e-03
1.80000000000000e+00 1.41731342130912e+00 1.41945135953695e+00 2.13793822783193e-03
1.80500000000000e+00 1.39781505017253e+00 1.39982743227203e+00 2.01238209949661e-03
1.81000000000000e+00 1.38071685906124e+00 1.38260185702999e+00 1.88499796875363e-03
1.81500000000000e+00 1.36616454713975e+00 1.36792273852040e+00 1.75819138064925e-03
1.82000000000000e+00 1.35428866250054e+00 1.35592279258843e+00 1.63413008788349e-03
1.82500000000000e+00 1.34520387866295e+00 1.34671851756181e+00 1.51463889885828e-03
1.83000000000000e+00 1.33900834815495e+00 1.34040946551008e+00 1.40111735513804e-03
1.83500000000000e+00 1.33578313315373e+00 1.33707761791153e+00 1.29448475780447e-03
1.84000000000000e+00 1.33559171421899e+00 1.33678686957979e+00 1.19515536079562e-03
1.84500000000000e+00 1.33847957931900e+00 1.33958262403436e+00 1.10304471535905e-03
1.85000000000000e+00 1.34447389652751e+00 1.34549150281253e+00 1.01760628501379e-03
1.85500000000000e+00 1.35358327485948e+00 1.35452117051728e+00 9.37895657803667e-04
1.86000000000000e+00 1.36579761862136e+00 1.36666027668282e+00 8.62658061453914e-04
1.86500000000000e+00 1.38108808129121e+00 1.38187851481848e+00 7.90433527261714e-04
1.87000000000000e+00 1.39940712524384e+00 1.40012679827000e+00 7.19673026151613e-04
1.87500000000000e+00 1.42068869353988e+00 1.42133755181640e+00 6.48858276519837e-04
1.88000000000000e+00 1.44484849947305e+00 1.44542511720755e+00 5.76617734498575e-04
1.88500000000000e+00 1.47178443860427e+00 1.47228627014470e+00 5.01831540425490e-04
1.89000000000000e+00 1.50137712662131e+00 1.50180084551967e+00 4.23718898352243e-04
1.89500000000000e+00 1.53349056458696e+00 1.53383246706028e+00 3.41902473319555e-04
1.90000000000000e+00 1.56797293104528e+00 1.56822937688661e+00 2.56445841326114e-04
1.90500000000000e+00 1.60465749812946e+00 1.60482535986612e+00 1.67861736658725e-04
1.91000000000000e+00 1.64336366636483e+00 1.64344075707161e+00 7.70907067837445e-05
1.91500000000000e+00 1.68389811040519e+00 1.68388356209650e+00 1.45483086844145e-05
1.92000000000000e+00 1.72605602560536e+00 1.72595059347097e+00 1.05432134386518e-04
1.92500000000000e+00 1.76962246324218e+00 1.76942873595353e+00 1.93727288648748e-04
1.93000000000000e+00 1.81437374046471e+00 1.81409624304787e+00 2.77497416836470e-04
1.93500000000000e+00 1.86007890977812e+00 1.85972409271723e+00 3.54817060890245e-04
1.94000000000000e+00 1.90650127211732e+00 1.90607738794082e+00 4.23884176497191e-04
1.94500000000000e+00 1.95339991738507e+00 1.95291679348017e+00 4.83123904899241e-04
1.95000000000000e+00 2.00053127672097e+00 2.00000000000000e+00 5.31276720967755e-04
1.95500000000000e+00 2.04765067169978e+00 2.04708320651983e+00 5.67465179953874e-04
1.96000000000000e+00 2.09451384706187e+00 2.09392261205918e+00 5.91235002688428e-04
1.96500000000000e+00 2.14087847535331e+00 2.14027590728277e+00 6.02568070538823e-04
1.97000000000000e+00 2.18650562387165e+00 2.18590375695213e+00 6.01866919523797e-04
1.97500000000000e+00 2.23116117642759e+00 2.23057126404646e+00 5.89912381121049e-04
1.98000000000000e+00 2.27461720449102e+00 2.27404940652903e+00 5.67797961994021e-04
1.98500000000000e+00 2.31665328413970e+00 2.31611643790350e+00 5.36846236205868e-04
1.99000000000000e+00 2.35705775673616e+00 2.35655924292839e+00 4.98513807770440e-04
1.99500000000000e+00 2.39562893231517e+00 2.39517464013388e+00 4.54292181287119e-04
2.00000000000000e+00 2.43217623519769e+00 2.43177062311339e+00 4.05612084305673e-04
2.00500000000000e+00 2.46652129133122e+00 2.46616753293972e+00 3.53758391502978e-04
2.01000000000000e+00 2.49849895631199e+00 2.49819915448034e+00 2.99801831655788e-04
2.01500000000000e+00 2.52795828204224e+00 2.52771372985530e+00 2.44552186941860e-04
2.02000000000000e+00 2.55476341863113e+00 2.55457488279245e+00 1.88535838675730e-04
2.02500000000000e+00 2.57879444661407e+00 2.57866244818359e+00 1.31998430477065e-04
2.03000000000000e+00 2.59994813301860e+00 2.59987320173000e+00 7.49312885970355e-05
2.03500000000000e+00 2.61813860342987e+00 2.61812148518152e+00 1.71182483463816e-05
2.04000000000000e+00 2.63329792118211e+00 2.63333972331718e+00 4.18021350725439e-05
2.04500000000000e+00 2.64537656427107e+00 2.64547882948272e+00 1.02265211642916e-04
2.05000000000000e+00 2.65434379065323e+00 2.65450849718747e+00 1.64706534240722e-04
2.05500000000000e+00 2.66018788331991e+00 2.66041737596564e+00 2.29492645729579e-04
2.06000000000000e+00 2.66291626789948e+00 2.66321313042021e+00 2.96862520733132e-04
2.06500000000000e+00 2.66255549747489e+00 2.66292238208847e+00 3.66884613579366e-04
2.07000000000000e+00 2.65915110168209e+00 2.65959053448992e+00 4.39432807822993e-04
2.07500000000000e+00 2.65276729980711e+00 2.65328148243819e+00 5.14182631079052e-04
2.08000000000000e+00 2.64348658033077e+00 2.64407720741157e+00 5.90627080802264e-04
2.08500000000000e+00 2.63140915197902e+00 2.63207726147960e+00 6.68109500584269e-04
2.09000000000000e+00 2.61665227363358e+00 2.61739814297001e+00 7.45869336429728e-04
2.09500000000000e+00 2.59934947228450e+00 2.60017256772797e+00 8.23095443469146e-04
2.10000000000000e+00 2.57964965944949e+00 2.58054864046305e+00 8.98981013560007e-04
2.10500000000000e+00 2.55771615708779e+00 2.55868893129538e+00 9.72774207589566e-04
2.11000000000000e+00 2.53372564400047e+00 2.53476946319710e+00 1.04381919662977e-03
2.11500000000000e+00 2.50786703309676e+00 2.50897861657418e+00 1.11158347741958e-03
2.12000000000000e+00 2.48034028883347e+00 2.48151595774496e+00 1.17566891149057e-03
2.12500000000000e+00 2.45135519275854e+00 2.45259099854052e+00 1.23580578197791e-03
2.13000000000000e+00 2.42113006359719e+00 2.42242189467697e+00 1.29183107978070e-03
2.13500000000000e+00 2.38989043690472e+00 2.39123409092702e+00 1.34365402229486e-03
2.14000000000000e+00 2.35786770816112e+00 2.35925892144618e+00 1.39121328505798e-03
2.14500000000000e+00 2.32529774245615e+00 2.32673217388556e+00 1.43443142941679e-03
2.15000000000000e+00 2.29241945372312e+00 2.29389262614624e+00 1.47317242312006e-03
2.15500000000000e+00 2.25947335687817e+00 2.26098056479902e+00 1.50720792084513e-03
2.16000000000000e+00 2.22670009719728e+00 2.22823629430637e+00 1.53619710909014e-03
2.16500000000000e+00 2.19433896273480e+00 2.19589864623990e+00 1.55968350509950e-03
2.17000000000000e+00 2.16262638741346e+00 2.16420349768687e+00 1.57711027341501e-03
2.17500000000000e+00 2.13179445440668e+00 2.13338230798255e+00 1.58785357586444e-03
2.18000000000000e+00 2.10206941137258e+00 2.10366068279205e+00 1.59127141947035e-03
2.18500000000000e+00 2.07367021076176e+00 2.07525697439691e+00 1.58676363515520e-03
2.19000000000000e+00 2.04680708960787e+00 2.04838092681811e+00 1.57383721023585e-03
2.19500000000000e+00 2.02168020376096e+00 2.02323237413107e+00 1.55217037010935e-03
2.20000000000000e+00 1.99847833134560e+00 2.00000000000000e+00 1.52166865439729e-03
2.20500000000000e+00 1.97737765929580e+00 1.97886016608158e+00 1.48250678577644e-03
2.21000000000000e+00 1.95854066519183e+00 1.95997581652323e+00 1.43515133140770e-03
2.21500000000000e+00 1.94211510442627e+00 1.94349546531226e+00 1.38036088599103e-03
2.22000000000000e+00 1.92823311013630e+00 1.92955227272105e+00 1.31916258474263e-03
2.22500000000000e+00 1.91701041057230e+00 1.91826321654437e+00 1.25280597207666e-03
2.23000000000000e+00 1.90854566585379e+00 1.90972836324032e+00 1.18269738652410e-03
2.23500000000000e+00 1.90291992360455e+00 1.90403024347033e+00 1.11031986577514e-03
2.24000000000000e+00 1.90019619093541e+00 1.90123333589028e+00 1.03714495486806e-03
2.24500000000000e+00 1.90041911878305e+00 1.90138366237698e+00 9.64543593926503e-04
2.25000000000000e+00 1.90361479378050e+00 1.90450849718747e+00 8.93703406975588e-04
2.25500000000000e+00 1.90979063263343e+00 1.91061619184595e+00 8.25559212513927e-04
2.26000000000000e+00 1.91893537434933e+00 1.91969611683971e+00 7.60742490386379e-04
2.26500000000000e+00 1.93101916650795e+00 1.93171872048530e+00 6.99553977346001e-04
2.27000000000000e+00 1.94599374292973e+00 1.94663570460343e+00 6.41961673697455e-04
2.27500000000000e+00 1.96379269142907e+00 1.96438031592140e+00 5.87624492332628e-04
2.28000000000000e+00 1.98433181166394e+00 1.98486775140779e+00 5.35939743846248e-04
2.28500000000000e+00 2.00750956425084e+00 2.00799567504205e+00 4.86110791214411e-04
2.29000000000000e+00 2.03320761316684e+00 2.03364484283446e+00 4.37229667613614e-04
2.29500000000000e+00 2.06129146390232e+00 2.06167983224433e+00 3.88368342005396e-04
2.30000000000000e+00 2.09161119978889e+00 2.09194987150091e+00 3.38671712018179e-04
2.30500000000000e+00 2.12400231838306e+00 2.12428976371522e+00 2.87445332151304e-04
2.31000000000000e+00 2.15828666874931e+00 2.15852090008677e+00 2.34231337458812e-04
2.31500000000000e+00 2.19427348901244e+00 2.19445235595975e+00 1.78866947302403e-04
2.32000000000000e+00 2.23176054172360e+00 2.23188206297221e+00 1.21521248612755e-04
2.32500000000000e+00 2.27053534251925e+00 2.27059805007310e+00 6.27075538441879e-05
2.33000000000000e+00 2.31037647537439e+00 2.31037974575665e+00 3.27038225522713e-06
2.33500000000000e+00 2.35105498559488e+00 2.35099933348698e+00 5.56521079038141e-05
2.34000000000000e+00 2.39233583968525e+00 2.39222315195699e+00 1.12687728258898e-04
2.34500000000000e+00 2.43397943948638e+00 2.43381313154985e+00 1.66307936529719e-04
2.35000000000000e+00 2.47574317659318e+00 2.47552825814758e+00 2.14918445606838e-04
2.35500000000000e+00 2.51738301210637e+00 2.51712605526309e+00 2.56956843280864e-04
2.36000000000000e+00 2.55865506628049e+00 2.55836407535858e+00 2.90990921910872e-04
2.36500000000000e+00 2.59931720261226e+00 2.59900139115685e+00 3.15811455409598e-04
2.37000000000000e+00 2.63913059134628e+00 2.63880007775179e+00 3.30513594495763e-04
2.37500000000000e+00 2.67786123821563e+00 2.67752667638138e+00 3.34561834247182e-04
2.38000000000000e+00 2.71528146541538e+00 2.71495363083914e+00 3.27834576232533e-04
2.38500000000000e+00 2.75117133325134e+00 2.75086068766886e+00 3.10645582486835e-04
2.39000000000000e+00 2.78531999252621e+00 2.78503625151058e+00 2.83741015631556e-04
2.39500000000000e+00 2.81752695943559e+00 2.81727868724248e+00 2.48272193109855e-04
2.40000000000000e+00 2.84760330646259e+00 2.84739756089084e+00 2.05745571747684e-04
2.40500000000000e+00 2.87537276440737e+00 2.87521481165829e+00 1.57952749079371e-04
2.41000000000000e+00 2.90067273220249e+00 2.90056584784471e+00 1.06884357781833e-04
2.41500000000000e+00 2.92335519249454e+00 2.92330055990463e+00 5.46325899035693e-05
2.42000000000000e+00 2.94328753207974e+00 2.94328424439572e+00 3.28768401214319e-06
2.42500000000000e+00 2.96035326713986e+00 2.96039843312221e+00 4.51659823426098e-05
2.43000000000000e+00 2.97445267382524e+00 2.97454162236171e+00 8.89485364687914e-05
2.43500000000000e+00 2.98550332507275e+00 2.98562989767982e+00 1.26572607067832e-04
2.44000000000000e+00 2.99344053464240e+00 2.99359745048043e+00 1.56915838038341e-04
2.44500000000000e+00 2.99821770922787e+00 2.99839698310739e+00 1.79273879523656e-04
2.45000000000000e+00 2.99980660917843e+00 3.00000000000000e+00 1.93390821572770e-04
2.45500000000000e+00 2.99819751790152e+00 2.99839698310739e+00 1.99465205876326e-04
2.46000000000000e+00 2.99339931944864e+00 2.99359745048044e+00 1.98131031794002e-04
2.46500000000000e+00 2.98543948317439e+00 2.98562989767982e+00 1.90414505437442e-04
2.47000000000000e+00 2.97436395376184e+00 2.97454162236171e+00 1.77668599875780e-04
2.47500000000000e+00 2.96023694438757e+00 2.96039843312221e+00 1.61488734642834e-04
2.48000000000000e+00 2.94314063041796e+00 2.94328424439572e+00 1.43613977765522e-04
2.48500000000000e+00 2.92317474084357e+00 2.92330055990464e+00 1.25819061070231e-04
2.49000000000000e+00 2.90045604471992e+00 2.90056584784471e+00 1.09803124797470e-04
2.49500000000000e+00 2.87511773023257e+00 2.87521481165830e+00 9.70814257210684e-05
2.50000000000000e+00 2.84730867466599e+00 2.84739756089084e+00 8.88862248569211e-05
2.50500000000000e+00 2.81719260454041e+00 2.81727868724248e+00 8.60827020678911e-05
2.51000000000000e+00 2.78494714647733e+00 2.78503625151058e+00 8.91050332461063e-05
2.51500000000000e+00 2.75076277093141e+00 2.75086068766886e+00 9.79167374519641e-05
2.52000000000000e+00 2.71484163273496e+00 2.71495363083915e+00 1.11998104190381e-04
2.52500000000000e+00 2.67739631436963e+00 2.67752667638138e+00 1.30362011755203e-04
2.53000000000000e+00 2.63864847992339e+00 2.63880007775179e+00 1.51597828395023e-04
2.53500000000000e+00 2.59882744971460e+00 2.59900139115685e+00 1.73941442250136e-04
2.54000000000000e+00 2.55816870746417e+00 2.55836407535859e+00 1.95367894415543e-04
2.54500000000000e+00 2.51691235357490e+00 2.51712605526309e+00 2.13701688185797e-04
2.55000000000000e+00 2.47530151943759e+00 2.47552825814758e+00 2.26738709983021e-04
2.55500000000000e+00 2.43358075865185e+00 2.43381313154985e+00 2.32372898003153e-04
2.56000000000000e+00 2.39199443156586e+00 2.39222315195700e+00 2.28720391143522e-04
2.56500000000000e+00 2.35078509957208e+00 2.35099933348698e+00 2.14233914907158e-04
2.57000000000000e+00 2.31019194513844e+00 2.31037974575666e+00 1.87800618212552e-04
2.57500000000000e+00 2.27044923263065e+00 2.27059805007310e+00 1.48817442445548e-04
2.58000000000000e+00 2.23178482363897e+00 2.23188206297222e+00 9.72393332507870e-05
2.58500000000000e+00 2.19441875883519e+00 2.19445235595975e+00 3.35971245650768e-05
2.59000000000000e+00 2.15856191644362e+00 2.15852090008678e+00 4.10163568398403e-05
2.59500000000000e+00 2.12441475531658e+00 2.12428976371522e+00 1.24991601368141e-04
2.60000000000000e+00 2.09216614846976e+00 2.09194987150091e+00 2.16276968848739e-04
2.60500000000000e+00 2.06199231086287e+00 2.06167983224433e+00 3.12478618536005e-04
2.61000000000000e+00 2.03405582330781e+00 2.03364484283446e+00 4.10980473346534e-04
2.61500000000000e+00 2.00850475273520e+00 2.00799567504205e+00 5.09077693148896e-04
2.62000000000000e+00 1.98547186772190e+00 1.98486775140779e+00 6.04116314106395e-04
2.62500000000000e+00 1.96507394722389e+00 1.96438031592140e+00 6.93631302485009e-04
2.63000000000000e+00 1.94741117989753e+00 1.94663570460343e+00 7.75475294099159e-04
2.63500000000000e+00 1.93256665122916e+00 1.93171872048530e+00 8.47930743859138e-04
2.64000000000000e+00 1.92060591590920e+00 1.91969611683971e+00 9.09799069486406e-04
2.64500000000000e+00 1.91157665344074e+00 1.91061619184595e+00 9.60461594788464e-04
2.65000000000000e+00 1.90550840580505e+00 1.90450849718747e+00 9.99908617571821e-04
2.65500000000000e+00 1.90241239704302e+00 1.90138366237698e+00 1.02873466603448e-03
2.66000000000000e+00 1.90228143576599e+00 1.90123333589028e+00 1.04809987570986e-03
2.66500000000000e+00 1.90508990278811e+00 1.90403024347033e+00 1.05965931778873e-03
2.67000000000000e+00 1.91079382717891e+00 1.90972836324032e+00 1.06546393859186e-03
2.67500000000000e+00 1.91933105497225e+00 1.91826321654437e+00 1.06783842788039e-03
2.68000000000000e+00 1.93062151544863e+00 1.92955227272105e+00 1.06924272758024e-03
2.68500000000000e+00 1.94456759025120e+00 1.94349546531226e+00 1.07212493894293e-03
2.69000000000000e+00 1.96105459053925e+00 1.95997581652323e+00 1.07877401601719e-03
2.69500000000000e+00 1.97995134688214e+00 1.97886016608158e+00 1.09118080056625e-03
2.70000000000000e+00 2.00111091563147e+00 2.00000000000000e+00 1.11091563146770e-03
2.70500000000000e+00 2.02437140408439e+00 2.02323237413106e+00 1.13902995332271e-03
2.71000000000000e+00 2.04955691490216e+00 2.04838092681811e+00 1.17598808405894e-03
2.71500000000000e+00 2.07647860803453e+00 2.07525697439691e+00 1.22163363761629e-03
2.72000000000000e+00 2.10493587591353e+00 2.10366068279205e+00 1.27519312147939e-03
2.72500000000000e+00 2.13471762503009e+00 2.13338230798255e+00 1.33531704754075e-03
2.73000000000000e+00 2.16560365432218e+00 2.16420349768687e+00 1.40015663531612e-03
2.73500000000000e+00 2.19736611822621e+00 2.19589864623990e+00 1.46747198631614e-03
2.74000000000000e+00 2.22977105991278e+00 2.22823629430637e+00 1.53476560640708e-03
2.74500000000000e+00 2.26257999828093e+00 2.26098056479902e+00 1.59943348191582e-03
2.75000000000000e+00 2.29555155083672e+00 2.29389262614624e+00 1.65892469048234e-03
2.75500000000000e+00 2.32844307372548e+00 2.32673217388556e+00 1.71089983992090e-03
2.76000000000000e+00 2.36101229998044e+00 2.35925892144618e+00 1.75337853426338e-03
2.76500000000000e+00 2.39301895751449e+00 2.39123409092702e+00 1.78486658747445e-03
2.77000000000000e+00 2.42422634949571e+00 2.42242189467697e+00 1.80445481873814e-03
2.77500000000000e+00 2.45440288145224e+00 2.45259099854052e+00 1.81188291172818e-03
2.78000000000000e+00 2.48332352164996e+00 2.48151595774496e+00 1.80756390500747e-03
2.78500000000000e+00 2.51077118385077e+00 2.50897861657418e+00 1.79256727659460e-03
2.79000000000000e+00 2.53653802434154e+00 2.53476946319709e+00 1.76856114444712e-03
2.79500000000000e+00 2.56042664796156e+00 2.55868893129538e+00 1.73771666618538e-03
2.80000000000000e+00 2.58225122058790e+00 2.58054864046305e+00 1.70258012485203e-03
2.80500000000000e+00 2.60183848800795e+00 2.60017256772797e+00 1.66592027998158e-03
2.81000000000000e+00 2.61902870318210e+00 2.61739814297001e+00 1.63056021209407e-03
2.81500000000000e+00 2.63367646546521e+00 2.63207726147960e+00 1.59920398561075e-03
2.82000000000000e+00 2.64565147633771e+00 2.64407720741157e+00 1.57426892613355e-03
2.82500000000000e+00 2.65483921655399e+00 2.65328148243819e+00 1.55773411579974e-03
2.83000000000000e+00 2.66114154934596e+00 2.65959053448992e+00 1.55101485604803e-03
2.83500000000000e+00 2.66447725345990e+00 2.66292238208847e+00 1.55487137143773e-03
2.84000000000000e+00 2.66478248842960e+00 2.66321313042021e+00 1.56935800938385e-03
2.84500000000000e+00 2.66201119270542e+00 2.66041737596564e+00 1.59381673978665e-03
2.85000000000000e+00 2.65613541320354e+00 2.65450849718747e+00 1.62691601606380e-03
2.85500000000000e+00 2.64714556266912e+00 2.64547882948272e+00 1.66673318640420e-03
2.86000000000000e+00 2.63505059913408e+00 2.63333972331719e+00 1.71087581689200e-03
2.86500000000000e+00 2.61987811986754e+00 2.61812148518152e+00 1.75663468601250e-03
2.87000000000000e+00 2.60167436073697e+00 2.59987320173000e+00 1.80115900696709e-03
2.87500000000000e+00 2.58050409097025e+00 2.57866244818360e+00 1.84164278665699e-03
2.88000000000000e+00 2.55645039305960e+00 2.55457488279246e+00 1.87551026714594e-03
2.88500000000000e+00 2.52961431806113e+00 2.52771372985530e+00 1.90058820582450e-03
2.89000000000000e+00 2.50011440785795e+00 2.49819915448034e+00 1.91525337760989e-03
2.89500000000000e+00 2.46808607805171e+00 2.46616753293972e+00 1.91854511198741e-03
2.90000000000000e+00 2.43368085795464e+00 2.43177062311339e+00 1.91023484124875e-03
2.90500000000000e+00 2.39706548753986e+00 2.39517464013388e+00 1.89084740597556e-03
2.91000000000000e+00 2.35842087499238e+00 2.35655924292839e+00 1.86163206399304e-03
2.91500000000000e+00 2.31794092246661e+00 2.31611643790350e+00 1.82448456311102e-03
2.92000000000000e+00 2.27583123155542e+00 2.27404940652904e+00 1.78182502638302e-03
2.92500000000000e+00 2.23230770356096e+00 2.23057126404647e+00 1.73643951449476e-03
2.93000000000000e+00 2.18759505269455e+00 2.18590375695213e+00 1.69129574241511e-03
2.93500000000000e+00 2.14192525261967e+00 2.14027590728278e+00 1.64934533689864e-03
2.94000000000000e+00 2.09553593813929e+00 2.09392261205918e+00 1.61332608011211e-03
2.94500000000000e+00 2.04866878422762e+00 2.04708320651984e+00 1.58557770778200e-03
2.95000000000000e+00 2.00156788400158e+00 2.00000000000000e+00 1.56788400157870e-03
2.95500000000000e+00 1.95447814567243e+00 1.95291679348017e+00 1.56135219225817e-03
2.96000000000000e+00 1.90764372613413e+00 1.90607738794082e+00 1.56633819330376e-03
2.96500000000000e+00 1.86130651580838e+00 1.85972409271723e+00 1.58242309115209e-03
2.97000000000000e+00 1.81570468589200e+00 1.81409624304787e+00 1.60844284413075e-03
2.97500000000000e+00 1.77107130548137e+00 1.76942873595354e+00 1.64256952783060e-03
2.98000000000000e+00 1.72763303242390e+00 1.72595059347097e+00 1.68243895293130e-03
2.98500000000000e+00 1.68560887840299e+00 1.68388356209651e+00 1.72531630648054e-03
2.99000000000000e+00 1.64520904590446e+00 1.64344075707161e+00 1.76828883284585e-03
2.99500000000000e+00 1.60663383251197e+00 1.60482535986612e+00 1.80847264584960e-03
3.00000000000000e+00 1.57007259655550e+00 1.56822937688661e+00 1.84321966888756e-03
3.00500000000000e+00 1.53570277756729e+00 1.53383246706028e+00 1.87031050701036e-03
3.01000000000000e+00 1.50368896530166e+00 1.50180084551966e+00 1.88811978199488e-03
3.01500000000000e+00 1.47418201222070e+00 1.47228627014470e+00 1.89574207599752e-03
3.02000000000000e+00 1.44731818625537e+00 1.44542511720755e+00 1.89306904782227e-03
3.02500000000000e+00 1.42321836319758e+00 1.42133755181641e+00 1.88081138117835e-03
3.03000000000000e+00 1.40198726109599e+00 1.40012679827000e+00 1.86046282599350e-03
3.03500000000000e+00 1.38371272231645e+00 1.38187851481848e+00 1.83420749797869e-03
3.04000000000000e+00 1.36846505225699e+00 1.36666027668282e+00 1.80477557417213e-03
3.04500000000000e+00 1.35629642682780e+00 1.35452117051728e+00 1.77525631051978e-03
3.05000000000000e+00 1.34724038346167e+00 1.34549150281253e+00 1.74888064914658e-03
3.05500000000000e+00 1.34131141235732e+00 1.33958262403436e+00 1.72878832295331e-03
3.06000000000000e+00 1.33850466564860e+00 1.33678686957979e+00 1.71779606881106e-03
3.06500000000000e+00 1.33879580204841e+00 1.33707761791153e+00 1.71818413688030e-03
3.07000000000000e+00 1.34214098311497e+00 1.34040946551008e+00 1.73151760489043e-03
3.07500000000000e+00 1.34847703458716e+00 1.34671851756181e+00 1.75851702534335e-03
3.08000000000000e+00 1.35772178229697e+00 1.35592279258843e+00 1.79898970854531e-03
3.08500000000000e+00 1.36977456715945e+00 1.36792273852040e+00 1.85182863905542e-03
3.09000000000000e+00 1.38451693794663e+00 1.38260185702999e+00 1.91508091663994e-03
3.09500000000000e+00 1.40181351435643e+00 1.39982743227203e+00 1.98608208440021e-03
3.10000000000000e+00 1.42151300674758e+00 1.41945135953695e+00 2.06164721063362e-03
3.10500000000000e+00 1.44344937332704e+00 1.44131106870462e+00 2.13830462242059e-03
3.11000000000000e+00 1.46744309103413e+00 1.46523053680290e+00 2.21255423122724e-03
3.11500000000000e+00 1.49330251329292e+00 1.49102138342582e+00 2.28112986710216e-03
3.12000000000000e+00 1.52082528651033e+00 1.51848404225504e+00 2.34124425528637e-03
3.12500000000000e+00 1.54979979783469e+00 1.54740900145948e+00 2.39079637521078e-03
3.13000000000000e+00 1.58000662922337e+00 1.57757810532302e+00 2.42852390034431e-03
3.13500000000000e+00 1.61121999706901e+00 1.60876590907298e+00 2.45408799602864e-03
3.14000000000000e+00 1.64320916209734e+00 1.64074107855382e+00 2.46808354352401e-03
3.14500000000000e+00 1.67573980043372e+00 1.67326782611444e+00 2.47197431928403e-03
3.15000000000000e+00 1.70857533301780e+00 1.70610737385376e+00 2.46795916403952e-03
3.15500000000000e+00 1.74147821629926e+00 1.73901943520098e+00 2.45878109828324e-03
3.16000000000000e+00 1.77421120180185e+00 1.77176370569363e+00 2.44749610822503e-03
3.16500000000000e+00 1.80653857525791e+00 1.80410135376010e+00 2.43722149781345e-03
3.17000000000000e+00 1.83822738732077e+00 1.83579650231313e+00 2.43088500764399e-03
3.17500000000000e+00 1.86904868728665e+00 1.86661769201745e+00 2.43099526919299e-03
3.18000000000000e+00 1.89877876892911e+00 1.89633931720795e+00 2.43945172116011e-03
3.18500000000000e+00 1.92720043376925e+00 1.92474302560309e+00 2.45740816615836e-03
3.19000000000000e+00 1.95410427231137e+00 1.95161907318189e+00 2.48519912947875e-03
3.19500000000000e+00 1.97928995848357e+00 1.97676762586893e+00 2.52233261463108e-03
3.20000000000000e+00 2.00256754726775e+00 2.00000000000000e+00 2.56754726774844e-03
3.20500000000000e+00 2.02375876078521e+00 2.02113983391842e+00 2.61892686679355e-03
3.21000000000000e+00 2.04269824433066e+00 2.04002418347677e+00 2.67406085389332e-03
3.21500000000000e+00 2.05923477131616e+00 2.05650453468774e+00 2.73023662842276e-03
3.22000000000000e+00 2.07323237495246e+00 2.07044772727895e+00 2.78464767350250e-03
3.22500000000000e+00 2.08457138477978e+00 2.08173678345563e+00 2.83460132415669e-03
3.23000000000000e+00 2.09314934776146e+00 2.09027163675968e+00 2.87771100178302e-03
3.23500000000000e+00 2.09888181636755e+00 2.09596975652967e+00 2.91205983787490e-03
3.24000000000000e+00 2.10170298963275e+00 2.09876666410972e+00 2.93632552302947e-03
3.24500000000000e+00 2.10156619726381e+00 2.09861633762302e+00 2.94985964078798e-03
3.25000000000000e+00 2.09844422118524e+00 2.09549150281253e+00 2.95271837271827e-03
3.25500000000000e+00 2.09232945315782e+00 2.08938380815405e+00 2.94564500376548e-03
3.26000000000000e+00 2.08323389103138e+00 2.08030388316029e+00 2.93000787108788e-03
3.26500000000000e+00 2.07118897961120e+00 2.06828127951470e+00 2.90770009649943e-03
3.27000000000000e+00 2.05624530489033e+00 2.05336429539657e+00 2.88100949376080e-03
3.27500000000000e+00 2.03847215245860e+00 2.03561968407860e+00 2.85246838000175e-03
3.28000000000000e+00 2.01795694222823e+00 2.01513224859221e+00 2.82469363601745e-03
3.28500000000000e+00 1.99480455224699e+00 1.99200432495795e+00 2.80022728904372e-03
3.29000000000000e+00 1.96913654437501e+00 1.96635515716554e+00 2.78138720946486e-03
3.29500000000000e+00 1.94109030407800e+00 1.93832016775567e+00 2.77013632232870e-03
3.30000000000000e+00 1.91081810565139e+00 1.90805012849909e+00 2.76797715230104e-03
3.30500000000000e+00 1.87848611295830e+00 1.87571023628479e+00 2.77587667351642e-03
3.31000000000000e+00 1.84427332436047e+00 1.84147909991323e+00 2.79422444723854e-03
3.31500000000000e+00 1.80837046905758e+00 1.80554764404025e+00 2.82282501732833e-03
3.32000000000000e+00 1.77097886062971e+00 1.76811793702778e+00 2.86092360192947e-03
3.32500000000000e+00 1.73230921228622e+00 1.72940194992690e+00 2.90726235931316e-03
3.33000000000000e+00 1.69258041723356e+00 1.68962025424335e+00 2.96016299020607e-03
3.33500000000000e+00 1.65201829673759e+00 1.64900066651302e+00 3.01763022456503e-03
3.34000000000000e+00 1.61085431790759e+00 1.60777684804301e+00 3.07746986458368e-03
3.34500000000000e+00 1.56932428299066e+00 1.56618686845015e+00 3.13741454050920e-03
3.35000000000000e+00 1.52766699203729e+00 1.52447174185243e+00 3.19525018486266e-03
3.35500000000000e+00 1.48612288117066e+00 1.48287394473692e+00 3.24893643374913e-03
3.36000000000000e+00 1.44493263933824e+00 1.44163592464142e+00 3.29671469681903e-03
3.36500000000000e+00 1.40433580730517e+00 1.40099860884315e+00 3.33719846202496e-03
3.37000000000000e+00 1.36456936371866e+00 1.36119992224821e+00 3.36944147045082e-03
3.37500000000000e+00 1.32586630427132e+00 1.32247332361862e+00 3.39298065270532e-03
3.38000000000000e+00 1.28845422125839e+00 1.28504636916086e+00 3.40785209753136e-03
3.38500000000000e+00 1.25255389208952e+00 1.24913931233114e+00 3.41457975837267e-03
3.39000000000000e+00 1.21837788651256e+00 1.21496374848942e+00 3.41413802313850e-03
3.39500000000000e+00 1.18612920336755e+00 1.18272131275752e+00 3.40789061002633e-03
3.40000000000000e+00 1.15599994855070e+00 1.15260243910916e+00 3.39750944154193e-03
3.40500000000000e+00 1.12817006647670e+00 1.12478518834171e+00 3.38487813498989e-03
3.41000000000000e+00 1.10280613763787e+00 1.09943415215529e+00 3.37198548258044e-03
3.41500000000000e+00 1.08006025484000e+00 1.07669944009537e+00 3.36081474463890e-03
3.42000000000000e+00 1.06006899032876e+00 1.05671575560428e+00 3.35323472448157e-03
3.42500000000000e+00 1.04295246530796e+00 1.03960156687779e+00 3.35089843016934e-03
3.43000000000000e+00 1.02881353230472e+00 1.02545837763829e+00 3.35515466643477e-03
3.43500000000000e+00 1.01773707948738e+00 1.01437010232018e+00 3.36697716720313e-03
3.44000000000000e+00 1.00978946443359e+00 1.00640254951957e+00 3.38691491402021e-03
3.44500000000000e+00 1.00501808303329e+00 1.00160301689261e+00 3.41506614068376e-03
3.45000000000000e+00 1.00345107725709e+00 1.00000000000000e+00 3.45107725709415e-03
3.45500000000000e+00 1.00509718349412e+00 1.00160301689261e+00 3.49416660150959e-03
3.46000000000000e+00 1.00994572113501e+00 1.00640254951956e+00 3.54317161544482e-03
3.46500000000000e+00 1.01796671911297e+00 1.01437010232018e+00 3.59661679279344e-03
3.47000000000000e+00 1.02911117628390e+00 1.02545837763829e+00 3.65279864560986e-03
3.47500000000000e+00 1.04331144988237e+00 1.03960156687779e+00 3.70988300458097e-03
3.48000000000000e+00 1.06048176488135e+00 1.05671575560427e+00 3.76600927708037e-03
3.48500000000000e+00 1.08051883594998e+00 1.07669944009536e+00 3.81939585461688e-03
3.49000000000000e+00 1.10330259287262e+00 1.09943415215529e+00 3.86844071733505e-03
3.49500000000000e+00 1.12869699978176e+00 1.12478518834171e+00 3.91181144005515e-03
3.50000000000000e+00 1.15655095837415e+00 1.15260243910915e+00 3.94851926499085e-03
3.50500000000000e+00 1.18669928541997e+00 1.18272131275752e+00 3.97797266244826e-03
3.51000000000000e+00 1.21896375532447e+00 1.21496374848942e+00 4.00000683504875e-03
3.51500000000000e+00 1.25315419923309e+00 1.24913931233114e+00 4.01488690194740e-03
3.52000000000000e+00 1.28906965314686e+00 1.28504636916085e+00 4.02328398600948e-03
3.52500000000000e+00 1.32649954867943e+00 1.32247332361861e+00 4.02622506082007e-03
3.53000000000000e+00 1.36522494137288e+00 1.36119992224821e+00 4.02501912466824e-03
3.53500000000000e+00 1.40501977280965e+00 1.40099860884315e+00 4.02116396650531e-03
3.54000000000000e+00 1.44565216401063e+00 1.44163592464141e+00 4.01623936922046e-03
3.54500000000000e+00 1.48688573867629e+00 1.48287394473691e+00 4.01179393938311e-03
3.55000000000000e+00 1.52848097558385e+00 1.52447174185242e+00 4.00923373142525e-03
3.55500000000000e+00 1.57019658976673e+00 1.56618686845015e+00 4.00972131658128e-03
3.56000000000000e+00 1.61179094185569e+00 1.60777684804300e+00 4.01409381268669e-03
3.56500000000000e+00 1.65302347405641e+00 1.64900066651302e+00 4.02280754339168e-03
3.57000000000000e+00 1.69365616962614e+00 1.68962025424335e+00 4.03591538279358e-03
3.57500000000000e+00 1.73345503039939e+00 1.72940194992690e+00 4.05308047248831e-03
3.58000000000000e+00 1.77219156399115e+00 1.76811793702778e+00 4.07362696336611e-03
3.58500000000000e+00 1.80964426895811e+00 1.80554764404025e+00 4.09662491786489e-03
3.59000000000000e+00 1.84560010270392e+00 1.84147909991322e+00 4.12100279069172e-03
3.59500000000000e+00 1.87985591364390e+00 1.87571023628478e+00 4.14567735911486e-03
3.60000000000000e+00 1.91221981653248e+00 1.90805012849909e+00 4.16968803338480e-03
3.60500000000000e+00 1.94251248835737e+00 1.93832016775567e+00 4.19232060169983e-03
3.61000000000000e+00 1.97056836224119e+00 1.96635515716554e+00 4.21320507564493e-03
3.61500000000000e+00 1.99623669867371e+00 1.99200432495795e+00 4.23237371575635e-03
3.62000000000000e+00 2.01938251726185e+00 2.01513224859221e+00 4.25026866964462e-03
3.62500000000000e+00 2.03988737791582e+00 2.03561968407860e+00 4.26769383722370e-03
3.63000000000000e+00 2.05765000759459e+00 2.05336429539657e+00 4.28571219801865e-03
3.63500000000000e+00 2.07258677672785e+00 2.06828127951470e+00 4.30549721314488e-03
3.64000000000000e+00 2.08463203729161e+00 2.08030388316029e+00 4.32815413132559e-03
3.64500000000000e+00 2.09373834117739e+00 2.08938380815405e+00 4.35453302333944e-03
3.65000000000000e+00 2.09987656189898e+00 2.09549150281253e+00 4.38505908644959e-03
3.65500000000000e+00 2.10303594394955e+00 2.09861633762302e+00 4.41960632652849e-03
3.66000000000000e+00 2.10322410173014e+00 2.09876666410972e+00 4.45743762041806e-03
3.66500000000000e+00 2.10046698390048e+00 2.09596975652967e+00 4.49722737080238e-03
3.67000000000000e+00 2.09480880981306e+00 2.09027163675968e+00 4.53717305338097e-03
3.67500000000000e+00 2.08631197350319e+00 2.08173678345563e+00 4.57519004755991e-03
3.68000000000000e+00 2.07505689908978e+00 2.07044772727895e+00 4.60917181082587e-03
3.68500000000000e+00 2.06114182118880e+00 2.05650453468774e+00 4.63728650105422e-03
3.69000000000000e+00 2.04468245680056e+00 2.04002418347677e+00 4.65827332378810e-03
3.69500000000000e+00 2.02581153251055e+00 2.02113983391842e+00 4.67169859212913e-03
3.70000000000000e+00 2.00467813354830e+00 2.00000000000000e+00 4.67813354830104e-03
3.70500000000000e+00 1.98144684933207e+00 1.97676762586894e+00 4.67922346313343e-03
3.71000000000000e+00 1.95629670283509e+00 1.95161907318189e+00 4.67762965319363e-03
3.71500000000000e+00 1.92941986698219e+00 1.92474302560309e+00 4.67684137909674e-03
3.72000000000000e+00 1.90102018836037e+00 1.89633931720795e+00 4.68087115242621e-03
3.72500000000000e+00 1.87131155462608e+00 1.86661769201745e+00 4.69386260862303e-03
3.73000000000000e+00 1.84051615502885e+00 1.83579650231313e+00 4.71965271571873e-03
3.73500000000000e+00 1.80886269174341e+00 1.80410135376010e+00 4.76133798330469e-03
3.74000000000000e+00 1.77658460209958e+00 1.77176370569363e+00 4.82089640594840e-03
3.74500000000000e+00 1.74391834793414e+00 1.73901943520098e+00 4.89891273315735e-03
3.75000000000000e+00 1.71110181851422e+00 1.70610737385376e+00 4.99444466045951e-03
3.75500000000000e+00 1.67837287882880e+00 1.67326782611444e+00 5.10505271436257e-03
3.76000000000000e+00 1.64596807708852e+00 1.64074107855382e+00 5.22699853469577e-03
3.76500000000000e+00 1.61412150595432e+00 1.60876590907298e+00 5.35559688134257e-03
3.77000000000000e+00 1.58306379344797e+00 1.57757810532303e+00 5.48568812494055e-03
3.77500000000000e+00 1.55302118377087e+00 1.54740900145948e+00 5.61218231138105e-03
3.78000000000000e+00 1.52421465725250e+00 1.51848404225504e+00 5.73061499745942e-03
3.78500000000000e+00 1.49685903385471e+00 1.49102138342582e+00 5.83765042888884e-03
3.79000000000000e+00 1.47116200701770e+00 1.46523053680291e+00 5.93147021479057e-03
3.79500000000000e+00 1.44732306440275e+00 1.44131106870462e+00 6.01199569812638e-03
3.80000000000000e+00 1.42553226871978e+00 1.41945135953695e+00 6.08090918282844e-03
3.80500000000000e+00 1.40596889393076e+00 1.39982743227203e+00 6.14146165873253e-03
3.81000000000000e+00 1.38879993746131e+00 1.38260185702999e+00 6.19808043132264e-03
3.81500000000000e+00 1.37417855470742e+00 1.36792273852040e+00 6.25581618701521e-03
3.82000000000000e+00 1.36224248472695e+00 1.35592279258843e+00 6.31969213851957e-03
3.82500000000000e+00 1.35311255215421e+00 1.34671851756181e+00 6.39403459239585e-03
3.83000000000000e+00 1.34689133712236e+00 1.34040946551008e+00 6.48187161227165e-03
3.83500000000000e+00 1.34366210037528e+00 1.33707761791153e+00 6.58448246374754e-03
3.84000000000000e+00 1.34348803432258e+00 1.33678686957979e+00 6.70116474279725e-03
3.84500000000000e+00 1.34641188384309e+00 1.33958262403436e+00 6.82925980872673e-03
3.85000000000000e+00 1.35245594628045e+00 1.34549150281253e+00 6.96444346791902e-03
3.85500000000000e+00 1.36162242288365e+00 1.35452117051728e+00 7.10125236636205e-03
3.86000000000000e+00 1.37389405932872e+00 1.36666027668282e+00 7.23378264590280e-03
3.86500000000000e+00 1.38923498624032e+00 1.38187851481848e+00 7.35647142184437e-03
3.87000000000000e+00 1.40759165608560e+00 1.40012679826999e+00 7.46485781561135e-03
3.87500000000000e+00 1.42889377283963e+00 1.42133755181640e+00 7.55622102323072e-03
3.88000000000000e+00 1.45305512545912e+00 1.44542511720754e+00 7.63000825158011e-03
3.88500000000000e+00 1.47997426310755e+00 1.47228627014469e+00 7.68799296285372e-03
3.89000000000000e+00 1.50953498497132e+00 1.50180084551966e+00 7.73413945165968e-03
3.89500000000000e+00 1.54160665499897e+00 1.53383246706028e+00 7.77418793869300e-03
3.90000000000000e+00 1.57604438646224e+00 1.56822937688661e+00 7.81500957563264e-03
3.90500000000000e+00 1.61268916817433e+00 1.60482535986612e+00 7.86380830821076e-03
3.91000000000000e+00 1.65136802031933e+00 1.64344075707161e+00 7.92726324771387e-03
3.91500000000000e+00 1.69189427182711e+00 1.68388356209650e+00 8.01070973061080e-03
3.92000000000000e+00 1.73406804358454e+00 1.72595059347097e+00 8.11745011357012e-03
3.92500000000000e+00 1.77767700452756e+00 1.76942873595353e+00 8.24826857403060e-03
3.93000000000000e+00 1.82249744380238e+00 1.81409624304787e+00 8.40120075451467e-03
3.93500000000000e+00 1.86829567510442e+00 1.85972409271722e+00 8.57158238719546e-03
3.94000000000000e+00 1.91482976225357e+00 1.90607738794081e+00 8.75237431275622e-03
3.94500000000000e+00 1.96185153076374e+00 1.95291679348016e+00 8.93473728357241e-03
3.95000000000000e+00 2.00910881057416e+00 2.00000000000000e+00 9.10881057415858e-03
3.95500000000000e+00 2.05634784135509e+00 2.04708320651983e+00 9.26463483525941e-03
3.96000000000000e+00 2.10331576422228e+00 2.09392261205918e+00 9.39315216310321e-03
3.96500000000000e+00 2.14976312199111e+00 2.14027590728278e+00 9.48721470832758e-03
3.97000000000000e+00 2.19544629350049e+00 2.18590375695213e+00 9.54253654835968e-03
3.97500000000000e+00 2.24012979498375e+00 2.23057126404647e+00 9.55853093727654e-03
3.98000000000000e+00 2.28358839178631e+00 2.27404940652903e+00 9.53898525728336e-03
3.98500000000000e+00 2.32560897577086e+00 2.31611643790350e+00 9.49253786736604e-03
3.99000000000000e+00 2.36599217646271e+00 2.35655924292839e+00 9.43293353432750e-03
3.99500000000000e+00 2.40455368649534e+00 2.39517464013388e+00 9.37904636146270e-03
4.00000000000000e+00 2.44112529354115e+00 2.43177062311338e+00 9.35467042776716e-03
