variables = x, value-predict, value-true, error
0.00000000000000e+00 2.43224593903811e+00 2.43177062311339e+00 4.75315924718611e-04
5.00000000000000e-03 2.46664694277150e+00 2.46616753293972e+00 4.79409831775079e-04
1.00000000000000e-02 2.49868947384236e+00 2.49819915448034e+00 4.90319362020486e-04
1.50000000000000e-02 2.52822565752831e+00 2.52771372985530e+00 5.11927673010781e-04
2.00000000000000e-02 2.55512012777647e+00 2.55457488279246e+00 5.45244984014648e-04
2.50000000000000e-02 2.57925160686029e+00 2.57866244818360e+00 5.89158676694179e-04
3.00000000000000e-02 2.60051432198331e+00 2.59987320173000e+00 6.41120253309424e-04
3.50000000000000e-02 2.61881923939969e+00 2.61812148518152e+00 6.97754218164093e-04
4.00000000000000e-02 2.63409510166828e+00 2.63333972331718e+00 7.55378351094294e-04
4.50000000000000e-02 2.64628925864259e+00 2.64547882948272e+00 8.10429159876058e-04
5.00000000000000e-02 2.65536828754008e+00 2.65450849718747e+00 8.59790352608414e-04
5.50000000000000e-02 2.66131840180056e+00 2.66041737596564e+00 9.01025834924685e-04
6.00000000000000e-02 2.66414565235370e+00 2.66321313042021e+00 9.32521933486807e-04
6.50000000000000e-02 2.66387592832918e+00 2.66292238208847e+00 9.53546240709091e-04
7.00000000000000e-02 2.66055476715031e+00 2.65959053448992e+00 9.64232660395581e-04
7.50000000000000e-02 2.65424698635791e+00 2.65328148243819e+00 9.65503919723165e-04
8.00000000000000e-02 2.64503615142812e+00 2.64407720741157e+00 9.58944016542507e-04
8.50000000000000e-02 2.63302389528612e+00 2.63207726147960e+00 9.46633806518715e-04
9.00000000000000e-02 2.61832910618264e+00 2.61739814297001e+00 9.30963212634861e-04
9.50000000000000e-02 2.60108700109433e+00 2.60017256772797e+00 9.14433366360434e-04
1.00000000000000e-01 2.58144810183564e+00 2.58054864046305e+00 8.99461372591670e-04
1.05000000000000e-01 2.55957713063854e+00 2.55868893129538e+00 8.88199343163087e-04
1.10000000000000e-01 2.53565184108854e+00 2.53476946319709e+00 8.82377891446406e-04
1.15000000000000e-01 2.50986179904117e+00 2.50897861657418e+00 8.83182466988153e-04
1.20000000000000e-01 2.48240712654000e+00 2.48151595774496e+00 8.91168795044361e-04
1.25000000000000e-01 2.45349721989319e+00 2.45259099854052e+00 9.06221352672265e-04
1.30000000000000e-01 2.42334945103410e+00 2.42242189467697e+00 9.27556357125603e-04
1.35000000000000e-01 2.39218785919819e+00 2.39123409092702e+00 9.53768271170219e-04
1.40000000000000e-01 2.36024183790260e+00 2.35925892144618e+00 9.82916456415239e-04
1.45000000000000e-01 2.32774482032530e+00 2.32673217388556e+00 1.01264643973487e-03
1.50000000000000e-01 2.29493296454728e+00 2.29389262614624e+00 1.04033840103845e-03
1.55000000000000e-01 2.26204383882906e+00 2.26098056479902e+00 1.06327403003803e-03
1.60000000000000e-01 2.22931510620857e+00 2.22823629430637e+00 1.07881190219761e-03
1.65000000000000e-01 2.19698320727539e+00 2.19589864623990e+00 1.08456103549148e-03
1.70000000000000e-01 2.16528204001638e+00 2.16420349768687e+00 1.07854232951299e-03
1.75000000000000e-01 2.13444163613560e+00 2.13338230798255e+00 1.05932815304932e-03
1.80000000000000e-01 2.10468683419960e+00 2.10366068279205e+00 1.02615140754647e-03
1.85000000000000e-01 2.07623595129934e+00 2.07525697439691e+00 9.78976902423323e-04
1.90000000000000e-01 2.04929945658645e+00 2.04838092681811e+00 9.18529768345611e-04
1.95000000000000e-01 2.02407865195770e+00 2.02323237413107e+00 8.46277826633379e-04
2.00000000000000e-01 2.00076436724145e+00 2.00000000000000e+00 7.64367241449904e-04
2.05000000000000e-01 1.97953567939931e+00 1.97886016608158e+00 6.75513317735410e-04
2.10000000000000e-01 1.96055866740853e+00 1.95997581652323e+00 5.82850885294972e-04
2.15000000000000e-01 1.94398521655531e+00 1.94349546531226e+00 4.89751243052172e-04
2.20000000000000e-01 1.92995188776281e+00 1.92955227272105e+00 3.99615041763779e-04
2.25000000000000e-01 1.91857886920725e+00 1.91826321654437e+00 3.15652662874255e-04
2.30000000000000e-01 1.90996902873028e+00 1.90972836324032e+00 2.40665489966041e-04
2.35000000000000e-01 1.90420708628834e+00 1.90403024347033e+00 1.76842818015110e-04
2.40000000000000e-01 1.90135892570263e+00 1.90123333589028e+00 1.25589812354887e-04
2.45000000000000e-01 1.90147106406154e+00 1.90138366237698e+00 8.74016845608949e-05
2.50000000000000e-01 1.90457029503444e+00 1.90450849718747e+00 6.17978469625857e-05
2.55000000000000e-01 1.91066351886515e+00 1.91061619184595e+00 4.73270191991837e-05
2.60000000000000e-01 1.91973776679508e+00 1.91969611683971e+00 4.16499553710370e-05
2.65000000000000e-01 1.93176042115796e+00 1.93171872048530e+00 4.17006726589619e-05
2.70000000000000e-01 1.94667962466489e+00 1.94663570460343e+00 4.39200614583690e-05
2.75000000000000e-01 1.96442486401240e+00 1.96438031592140e+00 4.45480909996299e-05
2.80000000000000e-01 1.98490770471799e+00 1.98486775140779e+00 3.99533101993477e-05
2.85000000000000e-01 2.00802264703205e+00 2.00799567504205e+00 2.69719899996801e-05
2.90000000000000e-01 2.03364806795617e+00 2.03364484283446e+00 3.22512170702893e-06
2.95000000000000e-01 2.06164721274746e+00 2.06167983224433e+00 3.26194968742755e-05
3.00000000000000e-01 2.09186920140837e+00 2.09194987150091e+00 8.06700925366499e-05
3.05000000000000e-01 2.12415002166357e+00 2.12428976371522e+00 1.39742051648906e-04
3.10000000000000e-01 2.15831348935044e+00 2.15852090008677e+00 2.07410736329905e-04
3.15000000000000e-01 2.19417216898370e+00 2.19445235595975e+00 2.80186976052477e-04
3.20000000000000e-01 2.23152826005403e+00 2.23188206297222e+00 3.53802918185764e-04
3.25000000000000e-01 2.27017446672097e+00 2.27059805007310e+00 4.23583352124446e-04
3.30000000000000e-01 2.30989487832525e+00 2.31037974575665e+00 4.84867431398861e-04
3.35000000000000e-01 2.35046589422151e+00 2.35099933348698e+00 5.33439265466118e-04
3.40000000000000e-01 2.39165722794437e+00 2.39222315195700e+00 5.65924012627228e-04
3.45000000000000e-01 2.43323302239950e+00 2.43381313154985e+00 5.80109150351227e-04
3.50000000000000e-01 2.47495309997853e+00 2.47552825814758e+00 5.75158169048517e-04
3.55000000000000e-01 2.51657436015547e+00 2.51712605526309e+00 5.51695107613881e-04
3.60000000000000e-01 2.55785232358286e+00 2.55836407535859e+00 5.11751775725600e-04
3.65000000000000e-01 2.59854280754316e+00 2.59900139115685e+00 4.58583613692998e-04
3.70000000000000e-01 2.63840370442583e+00 2.63880007775179e+00 3.96373325959321e-04
3.75000000000000e-01 2.67719682411164e+00 2.67752667638138e+00 3.29852269744801e-04
3.80000000000000e-01 2.71468975383577e+00 2.71495363083915e+00 2.63877003377821e-04
3.85000000000000e-01 2.75065768590604e+00 2.75086068766886e+00 2.03001762821398e-04
3.90000000000000e-01 2.78488516472106e+00 2.78503625151058e+00 1.51086789522914e-04
3.95000000000000e-01 2.81716770954799e+00 2.81727868724248e+00 1.10977694491421e-04
4.00000000000000e-01 2.84731327777255e+00 2.84739756089084e+00 8.42831182930048e-05
4.05000000000000e-01 2.87514354383941e+00 2.87521481165829e+00 7.12678188863336e-05
4.10000000000000e-01 2.90049498073090e+00 2.90056584784471e+00 7.08671138092143e-05
4.15000000000000e-01 2.92321974244816e+00 2.92330055990464e+00 8.08174564750352e-05
4.20000000000000e-01 2.94318635653243e+00 2.94328424439572e+00 9.78878632924562e-05
4.25000000000000e-01 2.96028024436458e+00 2.96039843312221e+00 1.18188757623372e-04
4.30000000000000e-01 2.97440409322859e+00 2.97454162236171e+00 1.37529133126257e-04
4.35000000000000e-01 2.98547810761517e+00 2.98562989767982e+00 1.51790064653046e-04
4.40000000000000e-01 2.99344016793229e+00 2.99359745048043e+00 1.57282548145066e-04
4.45000000000000e-01 2.99824592286883e+00 2.99839698310739e+00 1.51060238559264e-04
4.50000000000000e-01 2.99986883750204e+00 3.00000000000000e+00 1.31162497960080e-04
4.55000000000000e-01 2.99830021335669e+00 2.99839698310739e+00 9.67697507006093e-05
4.60000000000000e-01 2.99354918960971e+00 2.99359745048043e+00 4.82608707281784e-05
4.65000000000000e-01 2.98564272711824e+00 2.98562989767982e+00 1.28294384138528e-05
4.70000000000000e-01 2.97462556956393e+00 2.97454162236171e+00 8.39472022193810e-05
4.75000000000000e-01 2.96056016934228e+00 2.96039843312221e+00 1.61736220071873e-04
4.80000000000000e-01 2.94352656040961e+00 2.94328424439572e+00 2.42316013884469e-04
4.85000000000000e-01 2.92362215655973e+00 2.92330055990464e+00 3.21596655089795e-04
4.90000000000000e-01 2.90096145184338e+00 2.90056584784471e+00 3.95603998670779e-04
4.95000000000000e-01 2.87567560022882e+00 2.87521481165829e+00 4.60788570521231e-04
5.00000000000000e-01 2.84791185412954e+00 2.84739756089084e+00 5.14293238696339e-04
5.05000000000000e-01 2.81783284592732e+00 2.81727868724248e+00 5.54158684838324e-04
5.10000000000000e-01 2.78561570275825e+00 2.78503625151058e+00 5.79451247666007e-04
5.15000000000000e-01 2.75145099213090e+00 2.75086068766886e+00 5.90304462047442e-04
5.20000000000000e-01 2.71554150381966e+00 2.71495363083915e+00 5.87872980511772e-04
5.25000000000000e-01 2.67810088128138e+00 2.67752667638138e+00 5.74204900001263e-04
5.30000000000000e-01 2.63935212293805e+00 2.63880007775179e+00 5.52045186259509e-04
5.35000000000000e-01 2.59952597947762e+00 2.59900139115685e+00 5.24588320769404e-04
5.40000000000000e-01 2.55885927739751e+00 2.55836407535859e+00 4.95202038922393e-04
5.45000000000000e-01 2.51759320106436e+00 2.51712605526309e+00 4.67145801271496e-04
5.50000000000000e-01 2.47597156549533e+00 2.47552825814758e+00 4.43307347752775e-04
5.55000000000000e-01 2.43423910997867e+00 2.43381313154985e+00 4.25978428822305e-04
5.60000000000000e-01 2.39263983881793e+00 2.39222315195700e+00 4.16686860937876e-04
5.65000000000000e-01 2.35141543031562e+00 2.35099933348698e+00 4.16096828637968e-04
5.70000000000000e-01 2.31080372910770e+00 2.31037974575665e+00 4.23983351044654e-04
5.75000000000000e-01 2.27103733065559e+00 2.27059805007310e+00 4.39280582489765e-04
5.80000000000000e-01 2.23234226061817e+00 2.23188206297222e+00 4.60197645954619e-04
5.85000000000000e-01 2.19493674642612e+00 2.19445235595975e+00 4.84390466371831e-04
5.90000000000000e-01 2.15903007403891e+00 2.15852090008677e+00 5.09173952132791e-04
5.95000000000000e-01 2.12482151984653e+00 2.12428976371522e+00 5.31756131311845e-04
6.00000000000000e-01 2.09249934613332e+00 2.09194987150091e+00 5.49474632410618e-04
6.05000000000000e-01 2.06223984848398e+00 2.06167983224433e+00 5.60016239647965e-04
6.10000000000000e-01 2.03420644491074e+00 2.03364484283446e+00 5.61602076285972e-04
6.15000000000000e-01 2.00854879914793e+00 2.00799567504205e+00 5.53124105884706e-04
6.20000000000000e-01 1.98540197424982e+00 1.98486775140779e+00 5.34222842036414e-04
6.25000000000000e-01 1.96488561702690e+00 1.96438031592140e+00 5.05301105500733e-04
6.30000000000000e-01 1.94710317860338e+00 1.94663570460343e+00 4.67473999953505e-04
6.35000000000000e-01 1.93214118108056e+00 1.93171872048530e+00 4.22460595266072e-04
6.40000000000000e-01 1.92006854454090e+00 1.91969611683971e+00 3.72427701185840e-04
6.45000000000000e-01 1.91093599202971e+00 1.91061619184595e+00 3.19800183758989e-04
6.50000000000000e-01 1.90477555234841e+00 1.90450849718747e+00 2.67055160940055e-04
6.55000000000000e-01 1.90160018119616e+00 1.90138366237698e+00 2.16518819176947e-04
6.60000000000000e-01 1.90140352021906e+00 1.90123333589028e+00 1.70184328788014e-04
6.65000000000000e-01 1.90415981081704e+00 1.90403024347033e+00 1.29567346717208e-04
6.70000000000000e-01 1.90982397522171e+00 1.90972836324032e+00 9.56119813912970e-05
6.75000000000000e-01 1.91833187167420e+00 1.91826321654437e+00 6.86551298281213e-05
6.80000000000000e-01 1.92960072394185e+00 1.92955227272105e+00 4.84512208005494e-05
6.85000000000000e-01 1.94352971849786e+00 1.94349546531226e+00 3.42531856003525e-05
6.90000000000000e-01 1.96000075611634e+00 1.95997581652323e+00 2.49395931111174e-05
6.95000000000000e-01 1.97887933908627e+00 1.97886016608158e+00 1.91730046925631e-05
7.00000000000000e-01 2.00001557133035e+00 2.00000000000000e+00 1.55713303486849e-05
7.05000000000000e-01 2.02324524687551e+00 2.02323237413106e+00 1.28727444494992e-05
7.10000000000000e-01 2.04839100257407e+00 2.04838092681811e+00 1.00757559673426e-05
7.15000000000000e-01 2.07526351364729e+00 2.07525697439691e+00 6.53925037497061e-06
7.20000000000000e-01 2.10366271515612e+00 2.10366068279205e+00 2.03236407170237e-06
7.25000000000000e-01 2.13337903828065e+00 2.13338230798255e+00 3.26970189767906e-06
7.30000000000000e-01 2.16419465651826e+00 2.16420349768687e+00 8.84116860611073e-06
7.35000000000000e-01 2.19588474273386e+00 2.19589864623990e+00 1.39035060362502e-05
7.40000000000000e-01 2.22821874261297e+00 2.22823629430637e+00 1.75516933991204e-05
7.45000000000000e-01 2.26096167285921e+00 2.26098056479902e+00 1.88919398143028e-05
7.50000000000000e-01 2.29387545308479e+00 2.29389262614624e+00 1.71730614444421e-05
7.55000000000000e-01 2.32672027872619e+00 2.32673217388556e+00 1.18951593695016e-05
7.60000000000000e-01 2.35925603874914e+00 2.35925892144618e+00 2.88269704595834e-06
7.65000000000000e-01 2.39124377692081e+00 2.39123409092702e+00 9.68599378703416e-06
7.70000000000000e-01 2.42244718972905e+00 2.42242189467697e+00 2.52950520795991e-05
7.75000000000000e-01 2.45263414838593e+00 2.45259099854052e+00 4.31498454149803e-05
7.80000000000000e-01 2.48157822748592e+00 2.48151595774496e+00 6.22697409577988e-05
7.85000000000000e-01 2.50906021936874e+00 2.50897861657418e+00 8.16027945567122e-05
7.90000000000000e-01 2.53486961142650e+00 2.53476946319709e+00 1.00148229406738e-04
7.95000000000000e-01 2.55880600361456e+00 2.55868893129538e+00 1.17072319184341e-04
8.00000000000000e-01 2.58068044516619e+00 2.58054864046305e+00 1.31804703142002e-04
8.05000000000000e-01 2.60031667266983e+00 2.60017256772797e+00 1.44104941855794e-04
8.10000000000000e-01 2.61755223580900e+00 2.61739814297001e+00 1.54092838990039e-04
8.15000000000000e-01 2.63223950169186e+00 2.63207726147960e+00 1.62240212258968e-04
8.20000000000000e-01 2.64424653331651e+00 2.64407720741157e+00 1.69325904933793e-04
8.25000000000000e-01 2.65345784189786e+00 2.65328148243819e+00 1.76359459675535e-04
8.30000000000000e-01 2.65977501619226e+00 2.65959053448992e+00 1.84481702348638e-04
8.35000000000000e-01 2.66311723438928e+00 2.66292238208847e+00 1.94852300811288e-04
8.40000000000000e-01 2.66342166551761e+00 2.66321313042021e+00 2.08535097399043e-04
8.45000000000000e-01 2.66064376766715e+00 2.66041737596564e+00 2.26391701508621e-04
8.50000000000000e-01 2.65475748979374e+00 2.65450849718747e+00 2.48992606269205e-04
8.55000000000000e-01 2.64575538264105e+00 2.64547882948272e+00 2.76553158334636e-04
8.60000000000000e-01 2.63364862261705e+00 2.63333972331718e+00 3.08899299860776e-04
8.65000000000000e-01 2.61846695054221e+00 2.61812148518153e+00 3.45465360681363e-04
8.70000000000000e-01 2.60025852526636e+00 2.59987320173000e+00 3.85323536357784e-04
8.75000000000000e-01 2.57908969042580e+00 2.57866244818360e+00 4.27242242203363e-04
8.80000000000000e-01 2.55504465123207e+00 2.55457488279246e+00 4.69768439611329e-04
8.85000000000000e-01 2.52822505725428e+00 2.52771372985530e+00 5.11327398981631e-04
8.90000000000000e-01 2.49874948673922e+00 2.49819915448034e+00 5.50332258880903e-04
8.95000000000000e-01 2.46675282813022e+00 2.46616753293972e+00 5.85295190494772e-04
9.00000000000000e-01 2.43238555509113e+00 2.43177062311339e+00 6.14931977740873e-04
9.05000000000000e-01 2.39581289248346e+00 2.39517464013388e+00 6.38252349573154e-04
9.10000000000000e-01 2.35721387233778e+00 2.35655924292839e+00 6.54629409388985e-04
9.15000000000000e-01 2.31678028084236e+00 2.31611643790350e+00 6.63842938866122e-04
9.20000000000000e-01 2.27471549966735e+00 2.27404940652903e+00 6.66093138320001e-04
9.25000000000000e-01 2.23123324746005e+00 2.23057126404647e+00 6.61983413580813e-04
9.30000000000000e-01 2.18655622997443e+00 2.18590375695213e+00 6.52473022302757e-04
9.35000000000000e-01 2.14091470990437e+00 2.14027590728277e+00 6.38802621594436e-04
9.40000000000000e-01 2.09454500992549e+00 2.09392261205918e+00 6.22397866309132e-04
9.45000000000000e-01 2.04768796455441e+00 2.04708320651983e+00 6.04758034575159e-04
9.50000000000000e-01 2.00058733804584e+00 2.00000000000000e+00 5.87338045841435e-04
9.55000000000000e-01 1.95348822652415e+00 1.95291679348017e+00 5.71433043981440e-04
9.60000000000000e-01 1.90663546277625e+00 1.90607738794082e+00 5.58074835427691e-04
9.65000000000000e-01 1.86027204155637e+00 1.85972409271723e+00 5.47948839138002e-04
9.70000000000000e-01 1.81463758187283e+00 1.81409624304787e+00 5.41338824960214e-04
9.75000000000000e-01 1.76996684061198e+00 1.76942873595353e+00 5.38104658446725e-04
9.80000000000000e-01 1.72648828914313e+00 1.72595059347097e+00 5.37695672162330e-04
9.85000000000000e-01 1.68442276143789e+00 1.68388356209650e+00 5.39199341386798e-04
9.90000000000000e-01 1.64398217896763e+00 1.64344075707161e+00 5.41421896019356e-04
9.95000000000000e-01 1.60536835448055e+00 1.60482535986612e+00 5.42994614434633e-04
1.00000000000000e+00 1.56877187397111e+00 1.56822937688661e+00 5.42497084499161e-04
1.00500000000000e+00 1.53437105398439e+00 1.53383246706028e+00 5.38586924112350e-04
1.01000000000000e+00 1.50233097004756e+00 1.50180084551966e+00 5.30124527897913e-04
1.01500000000000e+00 1.47280255162419e+00 1.47228627014470e+00 5.16281479495007e-04
1.02000000000000e+00 1.44592173960106e+00 1.44542511720755e+00 4.96622393511004e-04
1.02500000000000e+00 1.42180870390180e+00 1.42133755181640e+00 4.71152085392390e-04
1.03000000000000e+00 1.40056712124378e+00 1.40012679827000e+00 4.40322973789264e-04
1.03500000000000e+00 1.38228351608269e+00 1.38187851481848e+00 4.05001264218718e-04
1.04000000000000e+00 1.36702667111170e+00 1.36666027668282e+00 3.66394428887418e-04
1.04500000000000e+00 1.35484711692418e+00 1.35452117051728e+00 3.25946406893873e-04
1.05000000000000e+00 1.34577671320544e+00 1.34549150281253e+00 2.85210392915625e-04
1.05500000000000e+00 1.33982833569617e+00 1.33958262403436e+00 2.45711661809311e-04
1.06000000000000e+00 1.33699568382969e+00 1.33678686957979e+00 2.08814249906597e-04
1.06500000000000e+00 1.33725322315440e+00 1.33707761791153e+00 1.75605242867194e-04
1.07000000000000e+00 1.34055627432624e+00 1.34040946551008e+00 1.46808816158916e-04
1.07500000000000e+00 1.34684125668880e+00 1.34671851756181e+00 1.22739126985350e-04
1.08000000000000e+00 1.35602608953203e+00 1.35592279258843e+00 1.03296943600117e-04
1.08500000000000e+00 1.36801074849320e+00 1.36792273852040e+00 8.80099728031158e-05
1.09000000000000e+00 1.38267796881936e+00 1.38260185702999e+00 7.61117893699481e-05
1.09500000000000e+00 1.39989408199490e+00 1.39982743227203e+00 6.66497228758445e-05
1.10000000000000e+00 1.41950996816476e+00 1.41945135953695e+00 5.86086278058229e-05
1.10500000000000e+00 1.44136210434426e+00 1.44131106870462e+00 5.10356396370426e-05
1.11000000000000e+00 1.46527368788661e+00 1.46523053680291e+00 4.31510837024529e-05
1.11500000000000e+00 1.49105581610403e+00 1.49102138342582e+00 3.44326782082405e-05
1.12000000000000e+00 1.51850870605903e+00 1.51848404225504e+00 2.46638039886893e-05
1.12500000000000e+00 1.54742294286430e+00 1.54740900145948e+00 1.39414048234698e-05
1.13000000000000e+00 1.57758074968800e+00 1.57757810532303e+00 2.64436497543485e-06
1.13500000000000e+00 1.60875727731917e+00 1.60876590907298e+00 8.63175381460302e-06
1.14000000000000e+00 1.64072191491768e+00 1.64074107855382e+00 1.91636361428493e-05
1.14500000000000e+00 1.67323962591580e+00 1.67326782611444e+00 2.82001986378067e-05
1.15000000000000e+00 1.70607231364819e+00 1.70610737385376e+00 3.50602055705362e-05
1.15500000000000e+00 1.73898022012712e+00 1.73901943520098e+00 3.92150738595110e-05
1.16000000000000e+00 1.77172335867585e+00 1.77176370569363e+00 4.03470177756660e-05
1.16500000000000e+00 1.80406297732584e+00 1.80410135376010e+00 3.83764342610782e-05
1.17000000000000e+00 1.83576304554810e+00 1.83579650231313e+00 3.34567650295270e-05
1.17500000000000e+00 1.86659175264215e+00 1.86661769201745e+00 2.59393753010428e-05
1.18000000000000e+00 1.89632300251402e+00 1.89633931720795e+00 1.63146939249348e-05
1.18500000000000e+00 1.92473788707490e+00 1.92474302560309e+00 5.13852819250538e-06
1.19000000000000e+00 1.95162611934898e+00 1.95161907318189e+00 7.04616708468997e-06
1.19500000000000e+00 1.97678740766172e+00 1.97676762586894e+00 1.97817927847233e-05
1.20000000000000e+00 2.00003275387347e+00 2.00000000000000e+00 3.27538734661292e-05
1.20500000000000e+00 2.02118566127162e+00 2.02113983391842e+00 4.58273532002451e-05
1.21000000000000e+00 2.04008324107807e+00 2.04002418347677e+00 5.90576013053123e-05
1.21500000000000e+00 2.05657721017328e+00 2.05650453468774e+00 7.26754855393530e-05
1.22000000000000e+00 2.07053477619896e+00 2.07044772727895e+00 8.70489200104352e-05
1.22500000000000e+00 2.08183940934881e+00 2.08173678345563e+00 1.02625893182662e-04
1.23000000000000e+00 2.09039150264567e+00 2.09027163675968e+00 1.19865885985337e-04
1.23500000000000e+00 2.09610892418756e+00 2.09596975652967e+00 1.39167657882133e-04
1.24000000000000e+00 2.09892746567474e+00 2.09876666410972e+00 1.60801565014523e-04
1.24500000000000e+00 2.09880119154874e+00 2.09861633762302e+00 1.84853925718098e-04
1.25000000000000e+00 2.09570269239479e+00 2.09549150281253e+00 2.11189582264737e-04
1.25500000000000e+00 2.08962324504802e+00 2.08938380815405e+00 2.39436893967770e-04
1.26000000000000e+00 2.08057288029910e+00 2.08030388316029e+00 2.68997138811677e-04
1.26500000000000e+00 2.06858035742503e+00 2.06828127951470e+00 2.99077910326684e-04
1.27000000000000e+00 2.05369304318083e+00 2.05336429539657e+00 3.28747784261285e-04
1.27500000000000e+00 2.03597669156414e+00 2.03561968407860e+00 3.57007485542127e-04
1.28000000000000e+00 2.01551511976497e+00 2.01513224859221e+00 3.82871172757149e-04
1.28500000000000e+00 1.99240977535953e+00 1.99200432495795e+00 4.05450401583352e-04
1.29000000000000e+00 1.96677919008077e+00 1.96635515716554e+00 4.24032915230743e-04
1.29500000000000e+00 1.93875831643381e+00 1.93832016775567e+00 4.38148678145733e-04
1.30000000000000e+00 1.90849774501035e+00 1.90805012849909e+00 4.47616511259019e-04
1.30500000000000e+00 1.87616280252879e+00 1.87571023628478e+00 4.52566244001362e-04
1.31000000000000e+00 1.84193253327845e+00 1.84147909991323e+00 4.53433365218636e-04
1.31500000000000e+00 1.80599856962002e+00 1.80554764404025e+00 4.50925579768002e-04
1.32000000000000e+00 1.76856390029750e+00 1.76811793702778e+00 4.45963269713801e-04
1.32500000000000e+00 1.72984154832730e+00 1.72940194992690e+00 4.39598400400421e-04
1.33000000000000e+00 1.69005317291110e+00 1.68962025424335e+00 4.32918667753412e-04
1.33500000000000e+00 1.64942761193812e+00 1.64900066651302e+00 4.26945425102465e-04
1.34000000000000e+00 1.60819938299403e+00 1.60777684804300e+00 4.22534951029174e-04
1.34500000000000e+00 1.56660716121902e+00 1.56618686845015e+00 4.20292768866126e-04
1.35000000000000e+00 1.52489225177084e+00 1.52447174185242e+00 4.20509918413137e-04
1.35500000000000e+00 1.48329707305465e+00 1.48287394473691e+00 4.23128317738497e-04
1.36000000000000e+00 1.44206366438565e+00 1.44163592464141e+00 4.27739744239597e-04
1.36500000000000e+00 1.40143222856559e+00 1.40099860884315e+00 4.33619722440381e-04
1.37000000000000e+00 1.36163971628329e+00 1.36119992224821e+00 4.39794035075991e-04
1.37500000000000e+00 1.32291845566684e+00 1.32247332361862e+00 4.45132048225938e-04
1.38000000000000e+00 1.28549482712451e+00 1.28504636916085e+00 4.48457963659887e-04
1.38500000000000e+00 1.24958798119979e+00 1.24913931233114e+00 4.48668868649360e-04
1.39000000000000e+00 1.21540859585106e+00 1.21496374848942e+00 4.44847361645850e-04
1.39500000000000e+00 1.18315766954465e+00 1.18272131275752e+00 4.36356787128611e-04
1.40000000000000e+00 1.15302534786411e+00 1.15260243910916e+00 4.22908754948770e-04
1.40500000000000e+00 1.12518978385060e+00 1.12478518834171e+00 4.04595508898042e-04
1.41000000000000e+00 1.09981603569463e+00 1.09943415215529e+00 3.81883539339434e-04
1.41500000000000e+00 1.07705500925399e+00 1.07669944009536e+00 3.55569158627222e-04
1.42000000000000e+00 1.05704245665129e+00 1.05671575560428e+00 3.26701047017597e-04
1.42500000000000e+00 1.03989804537269e+00 1.03960156687779e+00 2.96478494902441e-04
1.43000000000000e+00 1.02572451438167e+00 1.02545837763829e+00 2.66136743382273e-04
1.43500000000000e+00 1.01460693444595e+00 1.01437010232018e+00 2.36832125774411e-04
1.44000000000000e+00 1.00661208900656e+00 1.00640254951957e+00 2.09539486996535e-04
1.44500000000000e+00 1.00178798955208e+00 1.00160301689261e+00 1.84972659470262e-04
1.45000000000000e+00 1.00016353584743e+00 1.00000000000000e+00 1.63535847433893e-04
1.45500000000000e+00 1.00174832690632e+00 1.00160301689261e+00 1.45310013710542e-04
1.46000000000000e+00 1.00653262377998e+00 1.00640254951957e+00 1.30074260418445e-04
1.46500000000000e+00 1.01448746057716e+00 1.01437010232018e+00 1.17358256981115e-04
1.47000000000000e+00 1.02556489609375e+00 1.02545837763829e+00 1.06518455465832e-04
1.47500000000000e+00 1.03969839538120e+00 1.03960156687779e+00 9.68285034057548e-05
1.48000000000000e+00 1.05680332874035e+00 1.05671575560428e+00 8.75731360752141e-05
1.48500000000000e+00 1.07677757506252e+00 1.07669944009536e+00 7.81349671525877e-05
1.49000000000000e+00 1.09950221706840e+00 1.09943415215529e+00 6.80649131166167e-05
1.49500000000000e+00 1.12484231761024e+00 1.12478518834171e+00 5.71292685347391e-05
1.50000000000000e+00 1.15264776850031e+00 1.15260243910916e+00 4.53293911495400e-05
1.50500000000000e+00 1.18275420595482e+00 1.18272131275752e+00 3.28931972934932e-05
1.51000000000000e+00 1.21498398932949e+00 1.21496374848942e+00 2.02408400720167e-05
1.51500000000000e+00 1.24914724203327e+00 1.24913931233114e+00 7.92970212315502e-06
1.52000000000000e+00 1.28504295506168e+00 1.28504636916085e+00 3.41409917381519e-06
1.52500000000000e+00 1.32246015429923e+00 1.32247332361862e+00 1.31693193832216e-05
1.53000000000000e+00 1.36117913251308e+00 1.36119992224821e+00 2.07897351283126e-05
1.53500000000000e+00 1.40097274581710e+00 1.40099860884315e+00 2.58630260481230e-05
1.54000000000000e+00 1.44160777245151e+00 1.44163592464141e+00 2.81521899070380e-05
1.54500000000000e+00 1.48284632921058e+00 1.48287394473691e+00 2.76155263270184e-05
1.55000000000000e+00 1.52444733803769e+00 1.52447174185242e+00 2.44038147321213e-05
1.55500000000000e+00 1.56616803249994e+00 1.56618686845015e+00 1.88359502086843e-05
1.56000000000000e+00 1.60776549135940e+00 1.60777684804300e+00 1.13566836057455e-05
1.56500000000000e+00 1.64899818453487e+00 1.64900066651302e+00 2.48197815211348e-06
1.57000000000000e+00 1.68962751559118e+00 1.68962025424335e+00 7.26134783435306e-06
1.57500000000000e+00 1.72941934459920e+00 1.72940194992690e+00 1.73946723001084e-05
1.58000000000000e+00 1.76814547577862e+00 1.76811793702778e+00 2.75387508381630e-05
1.58500000000000e+00 1.80558509566940e+00 1.80554764404025e+00 3.74516291472560e-05
1.59000000000000e+00 1.84152614950091e+00 1.84147909991323e+00 4.70495876783161e-05
1.59500000000000e+00 1.87576664571507e+00 1.87571023628478e+00 5.64094302839546e-05
1.60000000000000e+00 1.90811588100451e+00 1.90805012849909e+00 6.57525054215125e-05
1.60500000000000e+00 1.93839558051729e+00 1.93832016775567e+00 7.54127616209299e-05
1.61000000000000e+00 1.96644094986033e+00 1.96635515716554e+00 8.57926947894772e-05
1.61500000000000e+00 1.99210163706721e+00 1.99200432495795e+00 9.73121092622264e-05
1.62000000000000e+00 2.01524260371030e+00 2.01513224859221e+00 1.10355118090766e-04
1.62500000000000e+00 2.03574490482542e+00 2.03561968407860e+00 1.25220746820087e-04
1.63000000000000e+00 2.05350637732826e+00 2.05336429539657e+00 1.42081931691518e-04
1.63500000000000e+00 2.06844223622970e+00 2.06828127951470e+00 1.60956714998939e-04
1.64000000000000e+00 2.08048557732035e+00 2.08030388316029e+00 1.81694160057866e-04
1.64500000000000e+00 2.08958778422734e+00 2.08938380815405e+00 2.03976073287038e-04
1.65000000000000e+00 2.09571883697687e+00 2.09549150281253e+00 2.27334164347948e-04
1.65500000000000e+00 2.09886751854385e+00 2.09861633762302e+00 2.51180920832095e-04
1.66000000000000e+00 2.09904151543208e+00 2.09876666410972e+00 2.74851322354941e-04
1.66500000000000e+00 2.09626740818037e+00 2.09596975652967e+00 2.97651650700725e-04
1.67000000000000e+00 2.09059054787898e+00 2.09027163675968e+00 3.18911119297383e-04
1.67500000000000e+00 2.08207481532973e+00 2.08173678345563e+00 3.38031874104416e-04
1.68000000000000e+00 2.07080226038978e+00 2.07044772727895e+00 3.54533110830335e-04
1.68500000000000e+00 2.05687262027459e+00 2.05650453468774e+00 3.68085586846867e-04
1.69000000000000e+00 2.04040271711348e+00 2.04002418347677e+00 3.78533636713030e-04
1.69500000000000e+00 2.02152573678083e+00 2.02113983391842e+00 3.85902862404919e-04
1.70000000000000e+00 2.00039039288287e+00 2.00000000000000e+00 3.90392882865243e-04
1.70500000000000e+00 1.97715998166693e+00 1.97676762586893e+00 3.92355797993904e-04
1.71000000000000e+00 1.95201133543046e+00 1.95161907318189e+00 3.92262248564590e-04
1.71500000000000e+00 1.92513368363743e+00 1.92474302560309e+00 3.90658034345348e-04
1.72000000000000e+00 1.89672743229987e+00 1.89633931720795e+00 3.88115091922048e-04
1.72500000000000e+00 1.86700287317083e+00 1.86661769201745e+00 3.85181153374825e-04
1.73000000000000e+00 1.83617883486190e+00 1.83579650231313e+00 3.82332548773734e-04
1.73500000000000e+00 1.80448128811626e+00 1.80410135376010e+00 3.79934356163014e-04
1.74000000000000e+00 1.77214191714461e+00 1.77176370569363e+00 3.78211450980270e-04
1.74500000000000e+00 1.73939666821338e+00 1.73901943520098e+00 3.77233012398781e-04
1.75000000000000e+00 1.70648428564523e+00 1.70610737385376e+00 3.76911791464929e-04
1.75500000000000e+00 1.67364484416462e+00 1.67326782611444e+00 3.77018050181421e-04
1.76000000000000e+00 1.64111828523246e+00 1.64074107855382e+00 3.77206678639164e-04
1.76500000000000e+00 1.60914296380377e+00 1.60876590907298e+00 3.77054730792636e-04
1.77000000000000e+00 1.57795421094667e+00 1.57757810532303e+00 3.76105623646872e-04
1.77500000000000e+00 1.54778291708782e+00 1.54740900145948e+00 3.73915628336885e-04
1.78000000000000e+00 1.51885414037045e+00 1.51848404225504e+00 3.70098115407336e-04
1.78500000000000e+00 1.49138574474781e+00 1.49102138342582e+00 3.64361321987916e-04
1.79000000000000e+00 1.46558707295522e+00 1.46523053680291e+00 3.56536152316789e-04
1.79500000000000e+00 1.44165766032605e+00 1.44131106870462e+00 3.46591621426695e-04
1.80000000000000e+00 1.41978599641521e+00 1.41945135953695e+00 3.34636878256855e-04
1.80500000000000e+00 1.40014834241822e+00 1.39982743227203e+00 3.20910146196729e-04
1.81000000000000e+00 1.38290761326610e+00 1.38260185702999e+00 3.05756236108845e-04
1.81500000000000e+00 1.36821233389325e+00 1.36792273852040e+00 2.89595372846563e-04
1.82000000000000e+00 1.35619567940526e+00 1.35592279258843e+00 2.72886816835349e-04
1.82500000000000e+00 1.34697460865169e+00 1.34671851756181e+00 2.56091089875898e-04
1.83000000000000e+00 1.34064910002418e+00 1.34040946551008e+00 2.39634514092701e-04
1.83500000000000e+00 1.33730149719512e+00 1.33707761791153e+00 2.23879283585804e-04
1.84000000000000e+00 1.33699597107220e+00 1.33678686957979e+00 2.09101492416153e-04
1.84500000000000e+00 1.33977810258859e+00 1.33958262403436e+00 1.95478554231299e-04
1.85000000000000e+00 1.34567458920841e+00 1.34549150281253e+00 1.83086395884047e-04
1.85500000000000e+00 1.35469307633059e+00 1.35452117051728e+00 1.71905813301843e-04
1.86000000000000e+00 1.36682211323053e+00 1.36666027668282e+00 1.61836547712735e-04
1.86500000000000e+00 1.38203123186578e+00 1.38187851481848e+00 1.52717047299911e-04
1.87000000000000e+00 1.40027114583118e+00 1.40012679827000e+00 1.44347561188640e-04
1.87500000000000e+00 1.42147406598578e+00 1.42133755181640e+00 1.36514169376767e-04
1.88000000000000e+00 1.44555412875943e+00 1.44542511720755e+00 1.29011551888381e-04
1.88500000000000e+00 1.47240793283286e+00 1.47228627014470e+00 1.21662688160162e-04
1.89000000000000e+00 1.50191517970294e+00 1.50180084551967e+00 1.14334183278109e-04
1.89500000000000e+00 1.53393941353143e+00 1.53383246706028e+00 1.06946471145619e-04
1.90000000000000e+00 1.56832885556596e+00 1.56822937688661e+00 9.94786793528935e-05
1.90500000000000e+00 1.60491732827328e+00 1.60482535986612e+00 9.19684071654103e-05
1.91000000000000e+00 1.64352526410294e+00 1.64344075707161e+00 8.45070313233443e-05
1.91500000000000e+00 1.68396079349766e+00 1.68388356209650e+00 7.72314011616704e-05
1.92000000000000e+00 1.72602090638607e+00 1.72595059347097e+00 7.03129150991799e-05
1.92500000000000e+00 1.76949268095375e+00 1.76942873595353e+00 6.39450002162256e-05
1.93000000000000e+00 1.81415457301511e+00 1.81409624304787e+00 5.83299672385351e-05
1.93500000000000e+00 1.85977775882608e+00 1.85972409271723e+00 5.36661088597068e-05
1.94000000000000e+00 1.90612752371460e+00 1.90607738794082e+00 5.01357737823227e-05
1.94500000000000e+00 1.95296468847999e+00 1.95291679348017e+00 4.78949998248268e-05
1.95000000000000e+00 2.00004706513883e+00 2.00000000000000e+00 4.70651388313481e-05
1.95500000000000e+00 2.04713093328162e+00 2.04708320651983e+00 4.77267617871036e-05
1.96000000000000e+00 2.09397252805444e+00 2.09392261205918e+00 4.99159952669359e-05
1.96500000000000e+00 2.14032953059457e+00 2.14027590728277e+00 5.36233117944818e-05
1.97000000000000e+00 2.18596255162821e+00 2.18590375695213e+00 5.87946760841618e-05
1.97500000000000e+00 2.23063659888534e+00 2.23057126404646e+00 6.53348388754971e-05
1.98000000000000e+00 2.27412251900302e+00 2.27404940652903e+00 7.31124739923317e-05
1.98500000000000e+00 2.31619840468139e+00 2.31611643790350e+00 8.19667778930722e-05
1.99000000000000e+00 2.35665095802984e+00 2.35655924292839e+00 9.17151014490081e-05
1.99500000000000e+00 2.39527680129943e+00 2.39517464013388e+00 1.02161165549841e-04
2.00000000000000e+00 2.43188372654176e+00 2.43177062311339e+00 1.13103428375894e-04
2.00500000000000e+00 2.46629187615958e+00 2.46616753293972e+00 1.24343219864986e-04
2.01000000000000e+00 2.49833484681182e+00 2.49819915448034e+00 1.35692331485249e-04
2.01500000000000e+00 2.52786070968970e+00 2.52771372985530e+00 1.46979834399819e-04
2.02000000000000e+00 2.55473294077457e+00 2.55457488279245e+00 1.58057982120763e-04
2.02500000000000e+00 2.57883125530271e+00 2.57866244818359e+00 1.68807119118153e-04
2.03000000000000e+00 2.60005234128182e+00 2.59987320173000e+00 1.79139551816920e-04
2.03500000000000e+00 2.61831048751777e+00 2.61812148518152e+00 1.89002336249189e-04
2.04000000000000e+00 2.63353810221484e+00 2.63333972331718e+00 1.98378897659612e-04
2.04500000000000e+00 2.64568611881477e+00 2.64547882948272e+00 2.07289332050831e-04
2.05000000000000e+00 2.65472428635444e+00 2.65450849718747e+00 2.15789166965408e-04
2.05500000000000e+00 2.66064134226961e+00 2.66041737596564e+00 2.23966303966261e-04
2.06000000000000e+00 2.66344506627642e+00 2.66321313042021e+00 2.31935856204402e-04
2.06500000000000e+00 2.66316221474507e+00 2.66292238208847e+00 2.39832656605099e-04
2.07000000000000e+00 2.65983833585104e+00 2.65959053448992e+00 2.47801361127564e-04
2.07500000000000e+00 2.65353746674865e+00 2.65328148243819e+00 2.55984310464807e-04
2.08000000000000e+00 2.64434171503799e+00 2.64407720741157e+00 2.64507626420052e-04
2.08500000000000e+00 2.63235072785224e+00 2.63207726147960e+00 2.73466372642250e-04
2.09000000000000e+00 2.61768105292260e+00 2.61739814297001e+00 2.82909952584731e-04
2.09500000000000e+00 2.60046539691878e+00 2.60017256772797e+00 2.92829190804866e-04
2.10000000000000e+00 2.58085178714769e+00 2.58054864046305e+00 3.03146684645927e-04
2.10500000000000e+00 2.55900264326544e+00 2.55868893129538e+00 3.13711970057806e-04
2.11000000000000e+00 2.53509376598331e+00 2.53476946319710e+00 3.24302786211650e-04
2.11500000000000e+00 2.50931324981977e+00 2.50897861657418e+00 3.34633245592020e-04
2.12000000000000e+00 2.48186032679659e+00 2.48151595774496e+00 3.44369051628046e-04
2.12500000000000e+00 2.45294414765973e+00 2.45259099854052e+00 3.53149119213025e-04
2.13000000000000e+00 2.42278250681495e+00 2.42242189467697e+00 3.60612137979555e-04
2.13500000000000e+00 2.39160051680866e+00 2.39123409092702e+00 3.66425881640264e-04
2.14000000000000e+00 2.35962923796412e+00 2.35925892144618e+00 3.70316517935176e-04
2.14500000000000e+00 2.32710426879056e+00 2.32673217388556e+00 3.72094904997233e-04
2.15000000000000e+00 2.29426430307798e+00 2.29389262614624e+00 3.71676931739451e-04
2.15500000000000e+00 2.26134966018921e+00 2.26098056479902e+00 3.69095390190477e-04
2.16000000000000e+00 2.22860079593322e+00 2.22823629430637e+00 3.64501626845648e-04
2.16500000000000e+00 2.19625680247248e+00 2.19589864623990e+00 3.58156232577844e-04
2.17000000000000e+00 2.16455390687097e+00 2.16420349768687e+00 3.50409184101785e-04
2.17500000000000e+00 2.13372397899244e+00 2.13338230798255e+00 3.41671009895350e-04
2.18000000000000e+00 2.10399306037216e+00 2.10366068279205e+00 3.32377580109622e-04
2.18500000000000e+00 2.07557992628460e+00 2.07525697439691e+00 3.22951887683942e-04
2.19000000000000e+00 2.04869469341865e+00 2.04838092681811e+00 3.13766600545495e-04
2.19500000000000e+00 2.02353748529979e+00 2.02323237413107e+00 3.05111168724448e-04
2.20000000000000e+00 2.00029716686069e+00 2.00000000000000e+00 2.97166860690368e-04
2.20500000000000e+00 1.97915015840483e+00 1.97886016608158e+00 2.89992323246002e-04
2.21000000000000e+00 1.96025933771908e+00 1.95997581652323e+00 2.83521195848735e-04
2.21500000000000e+00 1.94377303739313e+00 1.94349546531226e+00 2.77572080874533e-04
2.22000000000000e+00 1.92982414263231e+00 1.92955227272105e+00 2.71869911258937e-04
2.22500000000000e+00 1.91852929314665e+00 1.91826321654437e+00 2.66076602275955e-04
2.23000000000000e+00 1.90998819118712e+00 1.90972836324032e+00 2.59827946797353e-04
2.23500000000000e+00 1.90428301657754e+00 1.90403024347033e+00 2.52773107215498e-04
2.24000000000000e+00 1.90147794871879e+00 1.90123333589028e+00 2.44612828515178e-04
2.24500000000000e+00 1.90161879503753e+00 1.90138366237698e+00 2.35132660549864e-04
2.25000000000000e+00 1.90473272519178e+00 1.90450849718747e+00 2.24228004304994e-04
2.25500000000000e+00 1.91082811046779e+00 1.91061619184595e+00 2.11918621841445e-04
2.26000000000000e+00 1.91989446811836e+00 1.91969611683971e+00 1.98351278653197e-04
2.26500000000000e+00 1.93190251079674e+00 1.93171872048530e+00 1.83790311444998e-04
2.27000000000000e+00 1.94680430162637e+00 1.94663570460343e+00 1.68597022940586e-04
2.27500000000000e+00 1.96453351572034e+00 1.96438031592140e+00 1.53199798938575e-04
2.28000000000000e+00 1.98500580905196e+00 1.98486775140779e+00 1.38057644173184e-04
2.28500000000000e+00 2.00811929543450e+00 2.00799567504205e+00 1.23620392449730e-04
2.29000000000000e+00 2.03375513197458e+00 2.03364484283446e+00 1.10289140127673e-04
2.29500000000000e+00 2.06177821272394e+00 2.06167983224433e+00 9.83804796121923e-05
2.30000000000000e+00 2.09203796938249e+00 2.09194987150091e+00 8.80978815800404e-05
2.30500000000000e+00 2.12436927682033e+00 2.12428976371522e+00 7.95131051147813e-05
2.31000000000000e+00 2.15859345989955e+00 2.15852090008677e+00 7.25598127782057e-05
2.31500000000000e+00 2.19451939659887e+00 2.19445235595975e+00 6.70406391294343e-05
2.32000000000000e+00 2.23194471079140e+00 2.23188206297221e+00 6.26478191900759e-05
2.32500000000000e+00 2.27065704623685e+00 2.27059805007310e+00 5.89961637493808e-05
2.33000000000000e+00 2.31043541150818e+00 2.31037974575665e+00 5.56657515273784e-05
2.33500000000000e+00 2.35105158381748e+00 2.35099933348698e+00 5.22503305036004e-05
2.34000000000000e+00 2.39227155823263e+00 2.39222315195699e+00 4.84062756371806e-05
2.34500000000000e+00 2.43385702781616e+00 2.43381313154985e+00 4.38962663142917e-05
2.35000000000000e+00 2.47556687999125e+00 2.47552825814758e+00 3.86218436738694e-05
2.35500000000000e+00 2.51715869510365e+00 2.51712605526309e+00 3.26398405694484e-05
2.36000000000000e+00 2.55839023473358e+00 2.55836407535858e+00 2.61593749932842e-05
2.36500000000000e+00 2.59902090968534e+00 2.59900139115685e+00 1.95185284850297e-05
2.37000000000000e+00 2.63881322044095e+00 2.63880007775179e+00 1.31426891587516e-05
2.37500000000000e+00 2.67753416576623e+00 2.67752667638138e+00 7.48938484473882e-06
2.38000000000000e+00 2.71495661760487e+00 2.71495363083914e+00 2.98676572629830e-06
2.38500000000000e+00 2.75086066192769e+00 2.75086068766886e+00 2.57411709725375e-08
2.39000000000000e+00 2.78503490550304e+00 2.78503625151058e+00 1.34600754320147e-06
2.39500000000000e+00 2.81727774752406e+00 2.81727868724248e+00 9.39718414638691e-07
2.40000000000000e+00 2.84739861282459e+00 2.84739756089084e+00 1.05193374455581e-06
2.40500000000000e+00 2.87521914042767e+00 2.87521481165829e+00 4.32876937894733e-06
2.41000000000000e+00 2.90057431794839e+00 2.90056584784471e+00 8.47010368110190e-06
2.41500000000000e+00 2.92331354952077e+00 2.92330055990463e+00 1.29896161307208e-05
2.42000000000000e+00 2.94330164298372e+00 2.94328424439572e+00 1.73985879956540e-05
2.42500000000000e+00 2.96041970142958e+00 2.96039843312221e+00 2.12683073717024e-05
2.43000000000000e+00 2.97456590505180e+00 2.97454162236171e+00 2.42826900889170e-05
2.43500000000000e+00 2.98565617144711e+00 2.98562989767982e+00 2.62737672835911e-05
2.44000000000000e+00 2.99362468583192e+00 2.99359745048043e+00 2.72353514887413e-05
2.44500000000000e+00 2.99842429657476e+00 2.99839698310739e+00 2.73134673682840e-05
2.45000000000000e+00 3.00002677550273e+00 3.00000000000000e+00 2.67755027256733e-05
2.45500000000000e+00 2.99842294610896e+00 2.99839698310739e+00 2.59630015677637e-05
2.46000000000000e+00 2.99362268565472e+00 2.99359745048044e+00 2.52351742844326e-05
2.46500000000000e+00 2.98565480895654e+00 2.98562989767982e+00 2.49112767138904e-05
2.47000000000000e+00 2.97456684227518e+00 2.97454162236171e+00 2.52199134718190e-05
2.47500000000000e+00 2.96042469524460e+00 2.96039843312221e+00 2.62621223963144e-05
2.48000000000000e+00 2.94331223740667e+00 2.94328424439572e+00 2.79930109421400e-05
2.48500000000000e+00 2.92333078396402e+00 2.92330055990464e+00 3.02240593792469e-05
2.49000000000000e+00 2.90059849319950e+00 2.90056584784471e+00 3.26453547851990e-05
2.49500000000000e+00 2.87524967601309e+00 2.87521481165830e+00 3.48643547902761e-05
2.50000000000000e+00 2.84743401653387e+00 2.84739756089084e+00 3.64556430292318e-05
2.50500000000000e+00 2.81731570203480e+00 2.81727868724248e+00 3.70147923214326e-05
2.51000000000000e+00 2.78507246056399e+00 2.78503625151058e+00 3.62090534102855e-05
2.51500000000000e+00 2.75089450583863e+00 2.75086068766886e+00 3.38181697756568e-05
2.52000000000000e+00 2.71498339092774e+00 2.71495363083915e+00 2.97600885890148e-05
2.52500000000000e+00 2.67755077486850e+00 2.67752667638138e+00 2.40984871182626e-05
2.53000000000000e+00 2.63881710931643e+00 2.63880007775179e+00 1.70315646457198e-05
2.53500000000000e+00 2.59901025526983e+00 2.59900139115685e+00 8.86411297651435e-06
2.54000000000000e+00 2.55836404247679e+00 2.55836407535859e+00 3.28817968409112e-08
2.54500000000000e+00 2.51711678601260e+00 2.51712605526309e+00 9.26925048716498e-06
2.55000000000000e+00 2.47550977548099e+00 2.47552825814758e+00 1.84826665834414e-05
2.55500000000000e+00 2.43378575224312e+00 2.43381313154985e+00 2.73793067315786e-05
2.56000000000000e+00 2.39218738905338e+00 2.39222315195700e+00 3.57629036216167e-05
2.56500000000000e+00 2.35095578466272e+00 2.35099933348698e+00 4.35488242600535e-05
2.57000000000000e+00 2.31032898363257e+00 2.31037974575666e+00 5.07621240872780e-05
2.57500000000000e+00 2.27054052915125e+00 2.27059805007310e+00 5.75209218456330e-05
2.58000000000000e+00 2.23181805443551e+00 2.23188206297222e+00 6.40085367069609e-05
2.58500000000000e+00 2.19438191665619e+00 2.19445235595975e+00 7.04393035579898e-05
2.59000000000000e+00 2.15844387646828e+00 2.15852090008678e+00 7.70236184957085e-05
2.59500000000000e+00 2.12420582622498e+00 2.12428976371522e+00 8.39374902383838e-05
2.60000000000000e+00 2.09185857073291e+00 2.09194987150091e+00 9.13007680027889e-05
2.60500000000000e+00 2.06158066574097e+00 2.06167983224433e+00 9.91665033631683e-05
2.61000000000000e+00 2.03353732093384e+00 2.03364484283446e+00 1.07521900619467e-04
2.61500000000000e+00 2.00787937566939e+00 2.00799567504205e+00 1.16299372661555e-04
2.62000000000000e+00 1.98474235673456e+00 1.98486775140779e+00 1.25394673229362e-04
2.62500000000000e+00 1.96424562775897e+00 1.96438031592140e+00 1.34688162430674e-04
2.63000000000000e+00 1.94649163950776e+00 1.94663570460343e+00 1.44065095671664e-04
2.63500000000000e+00 1.93156528910118e+00 1.93171872048530e+00 1.53431384116054e-04
2.64000000000000e+00 1.91953339443050e+00 1.91969611683971e+00 1.62722409209337e-04
2.64500000000000e+00 1.91044428789782e+00 1.91061619184595e+00 1.71903948127161e-04
2.65000000000000e+00 1.90432753138532e+00 1.90450849718747e+00 1.80965802152988e-04
2.65500000000000e+00 1.90119375232820e+00 1.90138366237698e+00 1.89910048780995e-04
2.66000000000000e+00 1.90103459914286e+00 1.90123333589028e+00 1.98736747412998e-04
2.66500000000000e+00 1.90382281318058e+00 1.90403024347033e+00 2.07430289743238e-04
2.67000000000000e+00 1.90951241387027e+00 1.90972836324032e+00 2.15949370049318e-04
2.67500000000000e+00 1.91803899372313e+00 1.91826321654437e+00 2.24222821237685e-04
2.68000000000000e+00 1.92932012026042e+00 1.92955227272105e+00 2.32152460620583e-04
2.68500000000000e+00 1.94325584250751e+00 1.94349546531226e+00 2.39622804744100e-04
2.69000000000000e+00 1.95972930027017e+00 1.95997581652323e+00 2.46516253063378e-04
2.69500000000000e+00 1.97860743477917e+00 1.97886016608158e+00 2.52731302405218e-04
2.70000000000000e+00 1.99974179930390e+00 2.00000000000000e+00 2.58200696101607e-04
2.70500000000000e+00 2.02296946789575e+00 2.02323237413106e+00 2.62906235316773e-04
2.71000000000000e+00 2.04811403949980e+00 2.04838092681811e+00 2.66887318300935e-04
2.71500000000000e+00 2.07498673330846e+00 2.07525697439691e+00 2.70241088449641e-04
2.72000000000000e+00 2.10338756953187e+00 2.10366068279205e+00 2.73113260178093e-04
2.72500000000000e+00 2.13310662788699e+00 2.13338230798255e+00 2.75680095553010e-04
2.73000000000000e+00 2.16392537425460e+00 2.16420349768687e+00 2.78123432267741e-04
2.73500000000000e+00 2.19561804432880e+00 2.19589864623990e+00 2.80601911093026e-04
2.74000000000000e+00 2.22795307187782e+00 2.22823629430637e+00 2.83222428550278e-04
2.74500000000000e+00 2.26069454860182e+00 2.26098056479902e+00 2.86016197197814e-04
2.75000000000000e+00 2.29360370260462e+00 2.29389262614624e+00 2.88923541611918e-04
2.75500000000000e+00 2.32644038320380e+00 2.32673217388556e+00 2.91790681754556e-04
2.76000000000000e+00 2.35896454111662e+00 2.35925892144618e+00 2.94380329560973e-04
2.76500000000000e+00 2.39093769482088e+00 2.39123409092702e+00 2.96396106136410e-04
2.77000000000000e+00 2.42212437587598e+00 2.42242189467697e+00 2.97518800989938e-04
2.77500000000000e+00 2.45229354793161e+00 2.45259099854052e+00 2.97450608905514e-04
2.78000000000000e+00 2.48121999577255e+00 2.48151595774496e+00 2.95961972404335e-04
2.78500000000000e+00 2.50868568179870e+00 2.50897861657418e+00 2.92934775476539e-04
2.79000000000000e+00 2.53448106764073e+00 2.53476946319709e+00 2.88395556361287e-04
2.79500000000000e+00 2.55840639808557e+00 2.55868893129538e+00 2.82533209806424e-04
2.80000000000000e+00 2.58027294317553e+00 2.58054864046305e+00 2.75697287516863e-04
2.80500000000000e+00 2.59990419242078e+00 2.60017256772797e+00 2.68375307189928e-04
2.81000000000000e+00 2.61713699280592e+00 2.61739814297001e+00 2.61150164088786e-04
2.81500000000000e+00 2.63182262003072e+00 2.63207726147960e+00 2.54641448878434e-04
2.82000000000000e+00 2.64382777058064e+00 2.64407720741157e+00 2.49436830932925e-04
2.82500000000000e+00 2.65303546111616e+00 2.65328148243819e+00 2.46021322024781e-04
2.83000000000000e+00 2.65934582155576e+00 2.65959053448992e+00 2.44712934159175e-04
2.83500000000000e+00 2.66267676922518e+00 2.66292238208847e+00 2.45612863282396e-04
2.84000000000000e+00 2.66296455352333e+00 2.66321313042021e+00 2.48576896884067e-04
2.84500000000000e+00 2.66016416352832e+00 2.66041737596564e+00 2.53212437316908e-04
2.85000000000000e+00 2.65424959453404e+00 2.65450849718747e+00 2.58902653430759e-04
2.85500000000000e+00 2.64521397328950e+00 2.64547882948272e+00 2.64856193212371e-04
2.86000000000000e+00 2.63306954532190e+00 2.63333972331719e+00 2.70177995289611e-04
2.86500000000000e+00 2.61784753080921e+00 2.61812148518152e+00 2.73954372314034e-04
2.87000000000000e+00 2.59959785776771e+00 2.59987320173000e+00 2.75343962294894e-04
2.87500000000000e+00 2.57838878268460e+00 2.57866244818360e+00 2.73665499000764e-04
2.88000000000000e+00 2.55430640912702e+00 2.55457488279246e+00 2.68473665440361e-04
2.88500000000000e+00 2.52745411437514e+00 2.52771372985530e+00 2.59615480166175e-04
2.89000000000000e+00 2.49795189292267e+00 2.49819915448034e+00 2.47261557666523e-04
2.89500000000000e+00 2.46593562398236e+00 2.46616753293972e+00 2.31908957363469e-04
2.90000000000000e+00 2.43155626816853e+00 2.43177062311339e+00 2.14354944865658e-04
2.90500000000000e+00 2.39497899654531e+00 2.39517464013388e+00 1.95643588576822e-04
2.91000000000000e+00 2.35638225344519e+00 2.35655924292839e+00 1.76989483205769e-04
2.91500000000000e+00 2.31595675306045e+00 2.31611643790350e+00 1.59684843052066e-04
2.92000000000000e+00 2.27390440892676e+00 2.27404940652904e+00 1.44997602275154e-04
2.92500000000000e+00 2.23043719514154e+00 2.23057126404647e+00 1.34068904928064e-04
2.93000000000000e+00 2.18577593852737e+00 2.18590375695213e+00 1.27818424763504e-04
2.93500000000000e+00 2.14014904194895e+00 2.14027590728278e+00 1.26865333827997e-04
2.94000000000000e+00 2.09379114056094e+00 2.09392261205918e+00 1.31471498243663e-04
2.94500000000000e+00 2.04694169479798e+00 2.04708320651984e+00 1.41511721858834e-04
2.95000000000000e+00 1.99984352627694e+00 2.00000000000000e+00 1.56473723060602e-04
2.95500000000000e+00 1.95274130529611e+00 1.95291679348017e+00 1.75488184060102e-04
2.96000000000000e+00 1.90588000110161e+00 1.90607738794082e+00 1.97386839216662e-04
2.96500000000000e+00 1.85950330836225e+00 1.85972409271723e+00 2.20784354983516e-04
2.97000000000000e+00 1.81385206517483e+00 1.81409624304787e+00 2.44177873043316e-04
2.97500000000000e+00 1.76916267926465e+00 1.76942873595354e+00 2.66056688890348e-04
2.98000000000000e+00 1.72566557974119e+00 1.72595059347097e+00 2.85013729787176e-04
2.98500000000000e+00 1.68358371175436e+00 1.68388356209651e+00 2.99850342143415e-04
2.99000000000000e+00 1.64313109066362e+00 1.64344075707161e+00 3.09666407990017e-04
2.99500000000000e+00 1.60451143092651e+00 1.60482535986612e+00 3.13928939604136e-04
3.00000000000000e+00 1.56791686292957e+00 1.56822937688661e+00 3.12513957042126e-04
3.00500000000000e+00 1.53352674856079e+00 1.53383246706028e+00 3.05718499495011e-04
3.01000000000000e+00 1.50150660362646e+00 1.50180084551966e+00 2.94241893207481e-04
3.01500000000000e+00 1.47200713242966e+00 1.47228627014470e+00 2.79137715034850e-04
3.02000000000000e+00 1.44516337713787e+00 1.44542511720755e+00 2.61740069671612e-04
3.02500000000000e+00 1.42109398214366e+00 1.42133755181641e+00 2.43569672751187e-04
3.03000000000000e+00 1.39990057160840e+00 1.40012679827000e+00 2.26226661594886e-04
3.03500000000000e+00 1.38166723688046e+00 1.38187851481848e+00 2.11277938013232e-04
3.04000000000000e+00 1.36646012955435e+00 1.36666027668282e+00 2.00147128472050e-04
3.04500000000000e+00 1.35432715559909e+00 1.35452117051728e+00 1.94014918191820e-04
3.05000000000000e+00 1.34529776619194e+00 1.34549150281253e+00 1.93736620582641e-04
3.05500000000000e+00 1.33938284156683e+00 1.33958262403436e+00 1.99782467527498e-04
3.06000000000000e+00 1.33657466520775e+00 1.33678686957979e+00 2.12204372037839e-04
3.06500000000000e+00 1.33684698694168e+00 1.33707761791153e+00 2.30630969851875e-04
3.07000000000000e+00 1.34015517476084e+00 1.34040946551008e+00 2.54290749246433e-04
3.07500000000000e+00 1.34643645637745e+00 1.34671851756181e+00 2.82061184360805e-04
3.08000000000000e+00 1.35561025245404e+00 1.35592279258843e+00 3.12540134380868e-04
3.08500000000000e+00 1.36757860405296e+00 1.36792273852040e+00 3.44134467435753e-04
3.09000000000000e+00 1.38222669704719e+00 1.38260185702999e+00 3.75159982803241e-04
3.09500000000000e+00 1.39942348600919e+00 1.39982743227203e+00 4.03946262836019e-04
3.10000000000000e+00 1.41902241946775e+00 1.41945135953695e+00 4.28940069205019e-04
3.10500000000000e+00 1.44086226745128e+00 1.44131106870462e+00 4.48801253342790e-04
3.11000000000000e+00 1.46476805100289e+00 1.46523053680290e+00 4.62485800010404e-04
3.11500000000000e+00 1.49055207194502e+00 1.49102138342582e+00 4.69311480803425e-04
3.12000000000000e+00 1.51801503967398e+00 1.51848404225504e+00 4.69002581056754e-04
3.12500000000000e+00 1.54694729023953e+00 1.54740900145948e+00 4.61711219946315e-04
3.13000000000000e+00 1.57713009144641e+00 1.57757810532302e+00 4.48013876610087e-04
3.13500000000000e+00 1.60833702621674e+00 1.60876590907298e+00 4.28882856241319e-04
3.14000000000000e+00 1.64033544496595e+00 1.64074107855382e+00 4.05633587866161e-04
3.14500000000000e+00 1.67288797626623e+00 1.67326782611444e+00 3.79849848207270e-04
3.15000000000000e+00 1.70575408360623e+00 1.70610737385376e+00 3.53290247532723e-04
3.15500000000000e+00 1.73869165464608e+00 1.73901943520098e+00 3.27780554897128e-04
3.16000000000000e+00 1.77145860808426e+00 1.77176370569363e+00 3.05097609363925e-04
3.16500000000000e+00 1.80381450220988e+00 1.80410135376010e+00 2.86851550214351e-04
3.17000000000000e+00 1.83552212853726e+00 1.83579650231313e+00 2.74373775866810e-04
3.17500000000000e+00 1.86634907373822e+00 1.86661769201745e+00 2.68618279237742e-04
3.18000000000000e+00 1.89606923350400e+00 1.89633931720795e+00 2.70083703942436e-04
3.18500000000000e+00 1.92446426303767e+00 1.92474302560309e+00 2.78762565419921e-04
3.19000000000000e+00 1.95132495059115e+00 1.95161907318189e+00 2.94122590736690e-04
3.19500000000000e+00 1.97645250274374e+00 1.97676762586893e+00 3.15123125192329e-04
3.20000000000000e+00 1.99965973283061e+00 2.00000000000000e+00 3.40267169392838e-04
3.20500000000000e+00 2.02077214688527e+00 2.02113983391842e+00 3.67687033149267e-04
3.21000000000000e+00 2.03962892444365e+00 2.04002418347677e+00 3.95259033114215e-04
3.21500000000000e+00 2.05608379435122e+00 2.05650453468774e+00 4.20740336523728e-04
3.22000000000000e+00 2.07000580811719e+00 2.07044772727895e+00 4.41919161764837e-04
3.22500000000000e+00 2.08128001520569e+00 2.08173678345563e+00 4.56768249932793e-04
3.23000000000000e+00 2.08980804582586e+00 2.09027163675968e+00 4.63590933816427e-04
3.23500000000000e+00 2.09550860722109e+00 2.09596975652967e+00 4.61149308584652e-04
3.24000000000000e+00 2.09831789915794e+00 2.09876666410972e+00 4.48764951782366e-04
3.24500000000000e+00 2.09818995333120e+00 2.09861633762302e+00 4.26384291817961e-04
3.25000000000000e+00 2.09509689983376e+00 2.09549150281253e+00 3.94602978765590e-04
3.25500000000000e+00 2.08902916183318e+00 2.08938380815405e+00 3.54646320869456e-04
3.26000000000000e+00 2.07999557732381e+00 2.08030388316029e+00 3.08305836478784e-04
3.26500000000000e+00 2.06802344448056e+00 2.06828127951470e+00 2.57835034145337e-04
3.27000000000000e+00 2.05315848493001e+00 2.05336429539657e+00 2.05810466557210e-04
3.27500000000000e+00 2.03546471737707e+00 2.03561968407860e+00 1.54966701525261e-04
3.28000000000000e+00 2.01502423266408e+00 2.01513224859221e+00 1.08015928130811e-04
3.28500000000000e+00 1.99193686064953e+00 1.99200432495795e+00 6.74643084186410e-05
3.29000000000000e+00 1.96631971939071e+00 1.96635515716554e+00 3.54377748330581e-05
3.29500000000000e+00 1.93830663806416e+00 1.93832016775567e+00 1.35296915086958e-05
3.30000000000000e+00 1.90804744686820e+00 1.90805012849909e+00 2.68163089223172e-06
3.30500000000000e+00 1.87570712976862e+00 1.87571023628479e+00 3.10651616497459e-06
3.31000000000000e+00 1.84146483925682e+00 1.84147909991323e+00 1.42606564104142e-05
3.31500000000000e+00 1.80551277611529e+00 1.80554764404025e+00 3.48679249626560e-05
3.32000000000000e+00 1.76805494130794e+00 1.76811793702778e+00 6.29957198399200e-05
3.32500000000000e+00 1.72930577127683e+00 1.72940194992690e+00 9.61786500759398e-05
3.33000000000000e+00 1.68948867186295e+00 1.68962025424335e+00 1.31582380402229e-04
3.33500000000000e+00 1.64883446951091e+00 1.64900066651302e+00 1.66197002112067e-04
3.34000000000000e+00 1.60757980112652e+00 1.60777684804301e+00 1.97046916488919e-04
3.34500000000000e+00 1.56596546573965e+00 1.56618686845015e+00 2.21402710497420e-04
3.35000000000000e+00 1.52423476185016e+00 1.52447174185243e+00 2.36980002270792e-04
3.35500000000000e+00 1.48263183394351e+00 1.48287394473692e+00 2.42110793403860e-04
3.36000000000000e+00 1.44140005017565e+00 1.44163592464142e+00 2.35874465766450e-04
3.36500000000000e+00 1.40078043073581e+00 1.40099860884315e+00 2.18178107335154e-04
3.37000000000000e+00 1.36101014306770e+00 1.36119992224821e+00 1.89779180514771e-04
3.37500000000000e+00 1.32232107617808e+00 1.32247332361862e+00 1.52247440533992e-04
3.38000000000000e+00 1.28493850194559e+00 1.28504636916086e+00 1.07867215271007e-04
3.38500000000000e+00 1.24907982693644e+00 1.24913931233114e+00 5.94853947011309e-05
3.39000000000000e+00 1.21495343401835e+00 1.21496374848942e+00 1.03144710665859e-05
3.39500000000000e+00 1.18275760930322e+00 1.18272131275752e+00 3.62965456937037e-05
3.40000000000000e+00 1.15267954688590e+00 1.15260243910916e+00 7.71077767385275e-05
3.40500000000000e+00 1.12489442167969e+00 1.12478518834171e+00 1.09233337980852e-04
3.41000000000000e+00 1.09956451953914e+00 1.09943415215529e+00 1.30367383852636e-04
3.41500000000000e+00 1.07683841391056e+00 1.07669944009537e+00 1.38973815196008e-04
3.42000000000000e+00 1.05685017950797e+00 1.05671575560428e+00 1.34423903695113e-04
3.42500000000000e+00 1.03971863595880e+00 1.03960156687779e+00 1.17069081011723e-04
3.43000000000000e+00 1.02554661790815e+00 1.02545837763829e+00 8.82402698589857e-05
3.43500000000000e+00 1.01442027254332e+00 1.01437010232018e+00 5.01702231427981e-05
3.44000000000000e+00 1.00640839064259e+00 1.00640254951957e+00 5.84112302481898e-06
3.44500000000000e+00 1.00156178271638e+00 1.00160301689261e+00 4.12341762270341e-05
3.45000000000000e+00 9.99912717159576e-01 1.00000000000000e+00 8.72828404242521e-05
3.45500000000000e+00 1.00147444206390e+00 1.00160301689261e+00 1.28574828701655e-04
3.46000000000000e+00 1.00624081589693e+00 1.00640254951956e+00 1.61733622639604e-04
3.46500000000000e+00 1.01418607409195e+00 1.01437010232018e+00 1.84028228222832e-04
3.47000000000000e+00 1.02526475822624e+00 1.02545837763829e+00 1.93619412042878e-04
3.47500000000000e+00 1.03941183154983e+00 1.03960156687779e+00 1.89735327965623e-04
3.48000000000000e+00 1.05654299903928e+00 1.05671575560427e+00 1.72756564993604e-04
3.48500000000000e+00 1.07655524205414e+00 1.07669944009536e+00 1.44198041218235e-04
3.49000000000000e+00 1.09932756756515e+00 1.09943415215529e+00 1.06584590137571e-04
3.49500000000000e+00 1.12472196063669e+00 1.12478518834171e+00 6.32277050167662e-05
3.50000000000000e+00 1.15258451749520e+00 1.15260243910915e+00 1.79216139597482e-05
3.50500000000000e+00 1.18274672638609e+00 1.18272131275752e+00 2.54136285648965e-05
3.51000000000000e+00 1.21502685580402e+00 1.21496374848942e+00 6.31073146000194e-05
3.51500000000000e+00 1.24923140567437e+00 1.24913931233114e+00 9.20933432322357e-05
3.52000000000000e+00 1.28515657738092e+00 1.28504636916085e+00 1.10208220069907e-04
3.52500000000000e+00 1.32258972335060e+00 1.32247332361861e+00 1.16399731985073e-04
3.53000000000000e+00 1.36131074577632e+00 1.36119992224821e+00 1.10823528108206e-04
3.53500000000000e+00 1.40109342594437e+00 1.40099860884315e+00 9.48171012193910e-05
3.54000000000000e+00 1.44170667902660e+00 1.44163592464141e+00 7.07543851903303e-05
3.54500000000000e+00 1.48291574234185e+00 1.48287394473691e+00 4.17976049389424e-05
3.55000000000000e+00 1.52448331624388e+00 1.52447174185242e+00 1.15743914583799e-05
3.55500000000000e+00 1.56617068449741e+00 1.56618686845015e+00 1.61839527359486e-05
3.56000000000000e+00 1.60773884430931e+00 1.60777684804300e+00 3.80037336866756e-05
3.56500000000000e+00 1.64894967477617e+00 1.64900066651302e+00 5.09917368465285e-05
3.57000000000000e+00 1.68956716674471e+00 1.68962025424335e+00 5.30874986353069e-05
3.57500000000000e+00 1.72935872788797e+00 1.72940194992690e+00 4.32220389312565e-05
3.58000000000000e+00 1.76809656551940e+00 1.76811793702778e+00 2.13715083794419e-05
3.58500000000000e+00 1.80555913782953e+00 1.80554764404025e+00 1.14937892785605e-05
3.59000000000000e+00 1.84153265332503e+00 1.84147909991322e+00 5.35534118011327e-05
3.59500000000000e+00 1.87581258952742e+00 1.87571023628478e+00 1.02353242631859e-04
3.60000000000000e+00 1.90820519631052e+00 1.90805012849909e+00 1.55067811433041e-04
3.60500000000000e+00 1.93852894702943e+00 1.93832016775567e+00 2.08779273766835e-04
3.61000000000000e+00 1.96661590177056e+00 1.96635515716554e+00 2.60744605014684e-04
3.61500000000000e+00 1.99231295119235e+00 1.99200432495795e+00 3.08626234395648e-04
3.62000000000000e+00 2.01548291580622e+00 2.01513224859221e+00 3.50667214007672e-04
3.62500000000000e+00 2.03600548328568e+00 2.03561968407860e+00 3.85799207081483e-04
3.63000000000000e+00 2.05377797457838e+00 2.05336429539657e+00 4.13679181809457e-04
3.63500000000000e+00 2.06871593739802e+00 2.06828127951470e+00 4.34657883316536e-04
3.64000000000000e+00 2.08075357241799e+00 2.08030388316029e+00 4.49689257699948e-04
3.64500000000000e+00 2.08984400270720e+00 2.08938380815405e+00 4.60194553148607e-04
3.65000000000000e+00 2.09595940039405e+00 2.09549150281253e+00 4.67897581529098e-04
3.65500000000000e+00 2.09909098617591e+00 2.09861633762302e+00 4.74648552889700e-04
3.66000000000000e+00 2.09924891724634e+00 2.09876666410972e+00 4.82253136611988e-04
3.66500000000000e+00 2.09646207776175e+00 2.09596975652967e+00 4.92321232072435e-04
3.67000000000000e+00 2.09077778347067e+00 2.09027163675968e+00 5.06146710987032e-04
3.67500000000000e+00 2.08226140898486e+00 2.08173678345563e+00 5.24625529236378e-04
3.68000000000000e+00 2.07099594278353e+00 2.07044772727895e+00 5.48215504573513e-04
3.68500000000000e+00 2.05708147178382e+00 2.05650453468774e+00 5.76937096079089e-04
3.69000000000000e+00 2.04063459449972e+00 2.04002418347677e+00 6.10411022953894e-04
3.69500000000000e+00 2.02178775969223e+00 2.02113983391842e+00 6.47925773803681e-04
3.70000000000000e+00 2.00068852614932e+00 2.00000000000000e+00 6.88526149316360e-04
3.70500000000000e+00 1.97749873890073e+00 1.97676762586894e+00 7.31113031799069e-04
3.71000000000000e+00 1.95239361776063e+00 1.95161907318189e+00 7.74544578737046e-04
3.71500000000000e+00 1.92556075551591e+00 1.92474302560309e+00 8.17729912816922e-04
3.72000000000000e+00 1.89719902518479e+00 1.89633931720795e+00 8.59707976846424e-04
3.72500000000000e+00 1.86751739835699e+00 1.86661769201745e+00 8.99706339533735e-04
3.73000000000000e+00 1.83673367945591e+00 1.83579650231313e+00 9.37177142782408e-04
3.73500000000000e+00 1.80507316358911e+00 1.80410135376010e+00 9.71809829007020e-04
3.74000000000000e+00 1.77276722823608e+00 1.77176370569363e+00 1.00352254244851e-03
3.74500000000000e+00 1.74005187115794e+00 1.73901943520098e+00 1.03243595695979e-03
3.75000000000000e+00 1.70716620844082e+00 1.70610737385376e+00 1.05883458705192e-03
3.75500000000000e+00 1.67435094740859e+00 1.67326782611444e+00 1.08312129415022e-03
3.76000000000000e+00 1.64184684923247e+00 1.64074107855382e+00 1.10577067865369e-03
3.76500000000000e+00 1.60989319546659e+00 1.60876590907298e+00 1.12728639360848e-03
3.77000000000000e+00 1.57872627155833e+00 1.57757810532303e+00 1.14816623530500e-03
3.77500000000000e+00 1.54857787877862e+00 1.54740900145948e+00 1.16887731913939e-03
3.78000000000000e+00 1.51967388418701e+00 1.51848404225504e+00 1.18984193196625e-03
3.78500000000000e+00 1.49223281640311e+00 1.49102138342582e+00 1.21143297728388e-03
3.79000000000000e+00 1.46646451330610e+00 1.46523053680291e+00 1.23397650318990e-03
3.79500000000000e+00 1.44256882651062e+00 1.44131106870462e+00 1.25775780599424e-03
3.80000000000000e+00 1.42073438670566e+00 1.41945135953695e+00 1.28302716870743e-03
3.80500000000000e+00 1.40113743376777e+00 1.39982743227203e+00 1.31000149574523e-03
3.81000000000000e+00 1.38394071597272e+00 1.38260185702999e+00 1.33885894272723e-03
3.81500000000000e+00 1.36929246355516e+00 1.36792273852040e+00 1.36972503475530e-03
3.82000000000000e+00 1.35732544315331e+00 1.35592279258843e+00 1.40265056488809e-03
3.82500000000000e+00 1.34815610110783e+00 1.34671851756181e+00 1.43758354601586e-03
3.83000000000000e+00 1.34188380489877e+00 1.34040946551008e+00 1.47433938868424e-03
3.83500000000000e+00 1.33859019291705e+00 1.33707761791153e+00 1.51257500551827e-03
3.84000000000000e+00 1.33833864300330e+00 1.33678686957979e+00 1.55177342351198e-03
3.84500000000000e+00 1.34117386952351e+00 1.33958262403436e+00 1.59124548914402e-03
3.85000000000000e+00 1.34712165704533e+00 1.34549150281253e+00 1.63015423280211e-03
3.85500000000000e+00 1.35618873590781e+00 1.35452117051728e+00 1.66756539052404e-03
3.86000000000000e+00 1.36836280125478e+00 1.36666027668282e+00 1.70252457196152e-03
3.86500000000000e+00 1.38361267268963e+00 1.38187851481848e+00 1.73415787115205e-03
3.87000000000000e+00 1.40188858700187e+00 1.40012679826999e+00 1.76178873187860e-03
3.87500000000000e+00 1.42312261191353e+00 1.42133755181640e+00 1.78506009712964e-03
3.88000000000000e+00 1.44722916504528e+00 1.44542511720754e+00 1.80404783773613e-03
3.88500000000000e+00 1.47410561984425e+00 1.47228627014469e+00 1.81934969955400e-03
3.89000000000000e+00 1.50363297949281e+00 1.50180084551966e+00 1.83213397314286e-03
3.89500000000000e+00 1.53567660111530e+00 1.53383246706028e+00 1.84413405501882e-03
3.90000000000000e+00 1.57008695598349e+00 1.56822937688661e+00 1.85757909688555e-03
3.90500000000000e+00 1.60670041670054e+00 1.60482535986612e+00 1.87505683442590e-03
3.91000000000000e+00 1.64534006907015e+00 1.64344075707161e+00 1.89931199853843e-03
3.91500000000000e+00 1.68581655385184e+00 1.68388356209650e+00 1.93299175533679e-03
3.92000000000000e+00 1.72792895102046e+00 1.72595059347097e+00 1.97835754949161e-03
3.92500000000000e+00 1.77146572556567e+00 1.76942873595353e+00 2.03698961213172e-03
3.93000000000000e+00 1.81620575839290e+00 1.81409624304787e+00 2.10951534503567e-03
3.93500000000000e+00 1.86191948777273e+00 1.85972409271722e+00 2.19539505550914e-03
3.94000000000000e+00 1.90837018552038e+00 1.90607738794081e+00 2.29279757956480e-03
3.94500000000000e+00 1.95531538748613e+00 1.95291679348016e+00 2.39859400597076e-03
3.95000000000000e+00 2.00250849017043e+00 2.00000000000000e+00 2.50849017043309e-03
3.95500000000000e+00 2.04970051487984e+00 2.04708320651983e+00 2.61730836000629e-03
3.96000000000000e+00 2.09664202865998e+00 2.09392261205918e+00 2.71941660080843e-03
3.96500000000000e+00 2.14308519835888e+00 2.14027590728278e+00 2.80929107610328e-03
3.97000000000000e+00 2.18878594178094e+00 2.18590375695213e+00 2.88218482880831e-03
3.97500000000000e+00 2.23350612916359e+00 2.23057126404647e+00 2.93486511712304e-03
3.98000000000000e+00 2.27701578016428e+00 2.27404940652903e+00 2.96637363524610e-03
3.98500000000000e+00 2.31909519694413e+00 2.31611643790350e+00 2.97875904062828e-03
3.99000000000000e+00 2.35953697318688e+00 2.35655924292839e+00 2.97773025849413e-03
3.99500000000000e+00 2.39814782202913e+00 2.39517464013388e+00 2.97318189525120e-03
4.00000000000000e+00 2.43475017257028e+00 2.43177062311338e+00 2.97954945689893e-03
