variables = x, value-predict, value-true, error
0.00000000000000e+00 2.43171811467964e+00 2.43177062311339e+00 5.25084337521520e-05
5.00000000000000e-03 2.46610709277608e+00 2.46616753293972e+00 6.04401636450369e-05
1.00000000000000e-02 2.49813392859541e+00 2.49819915448034e+00 6.52258849225262e-05
1.50000000000000e-02 2.52764832862649e+00 2.52771372985530e+00 6.54012288086037e-05
2.00000000000000e-02 2.55451347797930e+00 2.55457488279246e+00 6.14048131559741e-05
2.50000000000000e-02 2.57860771543780e+00 2.57866244818360e+00 5.47327457929292e-05
3.00000000000000e-02 2.59982595958683e+00 2.59987320173000e+00 4.72421431760850e-05
3.50000000000000e-02 2.61808085692387e+00 2.61812148518152e+00 4.06282576510542e-05
4.00000000000000e-02 2.63330363764207e+00 2.63333972331718e+00 3.60856751169258e-05
4.50000000000000e-02 2.64544468089845e+00 2.64547882948272e+00 3.41485842647593e-05
5.00000000000000e-02 2.65447380730087e+00 2.65450849718747e+00 3.46898866072642e-05
5.50000000000000e-02 2.66038033030274e+00 2.66041737596564e+00 3.70456628941973e-05
6.00000000000000e-02 2.66317290848242e+00 2.66321313042021e+00 4.02219377981794e-05
6.50000000000000e-02 2.66287924592122e+00 2.66292238208847e+00 4.31361672474928e-05
7.00000000000000e-02 2.65954568729580e+00 2.65959053448992e+00 4.48471941201234e-05
7.50000000000000e-02 2.65323674787365e+00 2.65328148243819e+00 4.47345645366859e-05
8.00000000000000e-02 2.64403460723747e+00 2.64407720741157e+00 4.26001741051785e-05
8.50000000000000e-02 2.63203858096502e+00 2.63207726147960e+00 3.86805145797808e-05
9.00000000000000e-02 2.61736456894789e+00 2.61739814297001e+00 3.35740221197867e-05
9.50000000000000e-02 2.60014446506415e+00 2.60017256772797e+00 2.81026638200288e-05
1.00000000000000e-01 2.58052550285294e+00 2.58054864046305e+00 2.31376101083036e-05
1.05000000000000e-01 2.55866950738181e+00 2.55868893129538e+00 1.94239135642427e-05
1.10000000000000e-01 2.53475202541493e+00 2.53476946319709e+00 1.74377821675620e-05
1.15000000000000e-01 2.50896131393080e+00 2.50897861657418e+00 1.73026433780699e-05
1.20000000000000e-01 2.48149717957321e+00 2.48151595774496e+00 1.87781717477797e-05
1.25000000000000e-01 2.45256967647594e+00 2.45259099854052e+00 2.13220645828294e-05
1.30000000000000e-01 2.42239768437771e+00 2.42242189467697e+00 2.42102992658033e-05
1.35000000000000e-01 2.39120740039744e+00 2.39123409092702e+00 2.66905295824849e-05
1.40000000000000e-01 2.35923078419278e+00 2.35925892144618e+00 2.81372534005619e-05
1.45000000000000e-01 2.32670399635441e+00 2.32673217388556e+00 2.81775311554711e-05
1.50000000000000e-01 2.29386586384552e+00 2.29389262614624e+00 2.67623007164097e-05
1.55000000000000e-01 2.26095639530204e+00 2.26098056479902e+00 2.41694969793649e-05
1.60000000000000e-01 2.22821535523195e+00 2.22823629430637e+00 2.09390744196902e-05
1.65000000000000e-01 2.19588089230662e+00 2.19589864623990e+00 1.77539332830712e-05
1.70000000000000e-01 2.16418820577810e+00 2.16420349768687e+00 1.52919087734738e-05
1.75000000000000e-01 2.13336822786232e+00 2.13338230798255e+00 1.40801202266339e-05
1.80000000000000e-01 2.10364630005338e+00 2.10366068279205e+00 1.43827386689388e-05
1.85000000000000e-01 2.07524082791521e+00 2.07525697439691e+00 1.61464817050039e-05
1.90000000000000e-01 2.04836191076121e+00 2.04838092681811e+00 1.90160569011333e-05
1.95000000000000e-01 2.02320995744674e+00 2.02323237413107e+00 2.24166843265650e-05
2.00000000000000e-01 1.99997431414961e+00 2.00000000000000e+00 2.56858503926427e-05
2.05000000000000e-01 1.97883194119067e+00 1.97886016608158e+00 2.82248909071470e-05
2.10000000000000e-01 1.95994618084286e+00 1.95997581652323e+00 2.96356803735076e-05
2.15000000000000e-01 1.94346565507990e+00 1.94349546531226e+00 2.98102323619265e-05
2.20000000000000e-01 1.92952332142594e+00 1.92955227272105e+00 2.89512951097137e-05
2.25000000000000e-01 1.91823569847835e+00 1.91826321654437e+00 2.75180660205265e-05
2.30000000000000e-01 1.90970225389841e+00 1.90972836324032e+00 2.61093419100522e-05
2.35000000000000e-01 1.90400493117086e+00 1.90403024347033e+00 2.53122994660071e-05
2.40000000000000e-01 1.90120778145712e+00 1.90123333589028e+00 2.55544331611013e-05
2.45000000000000e-01 1.90135666621151e+00 1.90138366237698e+00 2.69961654697504e-05
2.50000000000000e-01 1.90447900535624e+00 1.90450849718747e+00 2.94918312337966e-05
2.55000000000000e-01 1.91058356250152e+00 1.91061619184595e+00 3.26293444261605e-05
2.60000000000000e-01 1.91966027851080e+00 1.91969611683971e+00 3.58383289107422e-05
2.65000000000000e-01 1.93168018212930e+00 1.93171872048530e+00 3.85383559982078e-05
2.70000000000000e-01 1.94659541638916e+00 1.94663570460343e+00 4.02882142715999e-05
2.75000000000000e-01 1.96433941902339e+00 1.96438031592140e+00 4.08968980150082e-05
2.80000000000000e-01 1.98482728402845e+00 1.98486775140779e+00 4.04673793392707e-05
2.85000000000000e-01 2.00795631266734e+00 2.00799567504205e+00 3.93623747099170e-05
2.90000000000000e-01 2.03360674062273e+00 2.03364484283446e+00 3.81022117275087e-05
2.95000000000000e-01 2.06164260942095e+00 2.06167983224433e+00 3.72228233858074e-05
3.00000000000000e-01 2.09191273945277e+00 2.09194987150091e+00 3.71320481407089e-05
3.05000000000000e-01 2.12425176148323e+00 2.12428976371522e+00 3.80022319892426e-05
3.10000000000000e-01 2.15848117318464e+00 2.15852090008677e+00 3.97269021363833e-05
3.15000000000000e-01 2.19441040400631e+00 2.19445235595975e+00 4.19519534382573e-05
3.20000000000000e-01 2.23183789090919e+00 2.23188206297222e+00 4.41720630224296e-05
3.25000000000000e-01 2.27055218397454e+00 2.27059805007310e+00 4.58660985622750e-05
3.30000000000000e-01 2.31033311033224e+00 2.31037974575665e+00 4.66354244132994e-05
3.35000000000000e-01 2.35095302484222e+00 2.35099933348698e+00 4.63086447592964e-05
3.40000000000000e-01 2.39217816653840e+00 2.39222315195700e+00 4.49854185986531e-05
3.45000000000000e-01 2.43377012342763e+00 2.43381313154985e+00 4.30081222244638e-05
3.50000000000000e-01 2.47548738899893e+00 2.47552825814758e+00 4.08691486448731e-05
3.55000000000000e-01 2.51708697663585e+00 2.51712605526309e+00 3.90786272355115e-05
3.60000000000000e-01 2.55832604744117e+00 2.55836407535859e+00 3.80279174145848e-05
3.65000000000000e-01 2.59896350559062e+00 2.59900139115685e+00 3.78855662352962e-05
3.70000000000000e-01 2.63876152371668e+00 2.63880007775179e+00 3.85540351066638e-05
3.75000000000000e-01 2.67748697697264e+00 2.67752667638138e+00 3.96994087390468e-05
3.80000000000000e-01 2.71491278426620e+00 2.71495363083915e+00 4.08465729426766e-05
3.85000000000000e-01 2.75081917351379e+00 2.75086068766886e+00 4.15141550624831e-05
3.90000000000000e-01 2.78499489966652e+00 2.78503625151058e+00 4.13518440649518e-05
3.95000000000000e-01 2.81723844619894e+00 2.81727868724248e+00 4.02410435422773e-05
4.00000000000000e-01 2.84735923174297e+00 2.84739756089084e+00 3.83291478733838e-05
4.05000000000000e-01 2.87517882558040e+00 2.87521481165829e+00 3.59860778988974e-05
4.10000000000000e-01 2.90053215349545e+00 2.90056584784471e+00 3.36943492618147e-05
4.15000000000000e-01 2.92326865544302e+00 2.92330055990464e+00 3.19044616206021e-05
4.20000000000000e-01 2.94325334503683e+00 2.94328424439572e+00 3.08993588933326e-05
4.25000000000000e-01 2.96036772247662e+00 2.96039843312221e+00 3.07106455865735e-05
4.30000000000000e-01 2.97451050799580e+00 2.97454162236171e+00 3.11143659157409e-05
4.35000000000000e-01 2.98559818849071e+00 2.98562989767982e+00 3.17091891153254e-05
4.40000000000000e-01 2.99356539804092e+00 2.99359745048043e+00 3.20524395163169e-05
4.45000000000000e-01 2.99836517416038e+00 2.99839698310739e+00 3.18089470141558e-05
4.50000000000000e-01 2.99996913796106e+00 3.00000000000000e+00 3.08620389377623e-05
4.55000000000000e-01 2.99836763485270e+00 2.99839698310739e+00 2.93482546895873e-05
4.60000000000000e-01 2.99356984641970e+00 2.99359745048043e+00 2.76040607380956e-05
4.65000000000000e-01 2.98560385310602e+00 2.98562989767982e+00 2.60445737998438e-05
4.70000000000000e-01 2.97451660332553e+00 2.97454162236171e+00 2.50190361832381e-05
4.75000000000000e-01 2.96037373742772e+00 2.96039843312221e+00 2.46956944849330e-05
4.80000000000000e-01 2.94325922791125e+00 2.94328424439572e+00 2.50164844732836e-05
4.85000000000000e-01 2.92327482547167e+00 2.92330055990464e+00 2.57344329628317e-05
4.90000000000000e-01 2.90053933264142e+00 2.90056584784471e+00 2.65152032969951e-05
4.95000000000000e-01 2.87518775018015e+00 2.87521481165829e+00 2.70614781463507e-05
5.00000000000000e-01 2.84737034735533e+00 2.84739756089084e+00 2.72135355126046e-05
5.05000000000000e-01 2.81725169491048e+00 2.81727868724248e+00 2.69923319975440e-05
5.10000000000000e-01 2.78500967563945e+00 2.78503625151058e+00 2.65758711299746e-05
5.15000000000000e-01 2.75083446295837e+00 2.75086068766886e+00 2.62247104836355e-05
5.20000000000000e-01 2.71492744251047e+00 2.71495363083915e+00 2.61883286731823e-05
5.25000000000000e-01 2.67750005029793e+00 2.67752667638138e+00 2.66260834567156e-05
5.30000000000000e-01 2.63877251141707e+00 2.63880007775179e+00 2.75663347211186e-05
5.35000000000000e-01 2.59897248007184e+00 2.59900139115685e+00 2.89110850064667e-05
5.40000000000000e-01 2.55833359716634e+00 2.55836407535859e+00 3.04781922451092e-05
5.45000000000000e-01 2.51709399165342e+00 2.51712605526309e+00 3.20636096664551e-05
5.50000000000000e-01 2.47549475460469e+00 2.47552825814758e+00 3.35035428902231e-05
5.55000000000000e-01 2.43377841203297e+00 2.43381313154985e+00 3.47195168810543e-05
5.60000000000000e-01 2.39218741621509e+00 2.39222315195700e+00 3.57357419047410e-05
5.65000000000000e-01 2.35096266762978e+00 2.35099933348698e+00 3.66658572046319e-05
5.70000000000000e-01 2.31034207191684e+00 2.31037974575665e+00 3.76738398086829e-05
5.75000000000000e-01 2.27055912951477e+00 2.27059805007310e+00 3.89205583295471e-05
5.80000000000000e-01 2.23184155120326e+00 2.23188206297222e+00 4.05117689616930e-05
5.85000000000000e-01 2.19440989227863e+00 2.19445235595975e+00 4.24636811171553e-05
5.90000000000000e-01 2.15847620255928e+00 2.15852090008677e+00 4.46975274881467e-05
5.95000000000000e-01 2.12424269826443e+00 2.12428976371522e+00 4.70654507909174e-05
6.00000000000000e-01 2.09190047234774e+00 2.09194987150091e+00 4.93991531720361e-05
6.05000000000000e-01 2.06162826801500e+00 2.06167983224433e+00 5.15642293295038e-05
6.10000000000000e-01 2.03359134214252e+00 2.03364484283446e+00 5.35006919388792e-05
6.15000000000000e-01 2.00794043963230e+00 2.00799567504205e+00 5.52354097522745e-05
6.20000000000000e-01 1.98481088820584e+00 1.98486775140779e+00 5.68632019435356e-05
6.25000000000000e-01 1.96432181034929e+00 1.96438031592140e+00 5.85055721098460e-05
6.30000000000000e-01 1.94657544039232e+00 1.94663570460343e+00 6.02642111156015e-05
6.35000000000000e-01 1.93165653348244e+00 1.93171872048530e+00 6.21870028532090e-05
6.40000000000000e-01 1.91963185937514e+00 1.91969611683971e+00 6.42574645732807e-05
6.45000000000000e-01 1.91054978392164e+00 1.91061619184595e+00 6.64079243097859e-05
6.50000000000000e-01 1.90443994979698e+00 1.90450849718747e+00 6.85473904975531e-05
6.55000000000000e-01 1.90131307137060e+00 1.90138366237698e+00 7.05910063860671e-05
6.60000000000000e-01 1.90116085566271e+00 1.90123333589028e+00 7.24802275671177e-05
6.65000000000000e-01 1.90395605417454e+00 1.90403024347033e+00 7.41892957887291e-05
6.70000000000000e-01 1.90965264281481e+00 1.90972836324032e+00 7.57204255099619e-05
6.75000000000000e-01 1.91818612247914e+00 1.91826321654437e+00 7.70940652374819e-05
6.80000000000000e-01 1.92947393233379e+00 1.92955227272105e+00 7.83403872597344e-05
6.85000000000000e-01 1.94341597045149e+00 1.94349546531226e+00 7.94948607687473e-05
6.90000000000000e-01 1.95989521971988e+00 1.95997581652323e+00 8.05968033512627e-05
6.95000000000000e-01 1.97877847858141e+00 1.97886016608158e+00 8.16875001734552e-05
7.00000000000000e-01 1.99991719512024e+00 2.00000000000000e+00 8.28048797643088e-05
7.05000000000000e-01 2.02314839982590e+00 2.02323237413106e+00 8.39743051619379e-05
7.10000000000000e-01 2.04829572864994e+00 2.04838092681811e+00 8.51981681724290e-05
7.15000000000000e-01 2.07517052548393e+00 2.07525697439691e+00 8.64489129810408e-05
7.20000000000000e-01 2.10357301297020e+00 2.10366068279205e+00 8.76698218572614e-05
7.25000000000000e-01 2.13329352254484e+00 2.13338230798255e+00 8.87854377040753e-05
7.30000000000000e-01 2.16411377777791e+00 2.16420349768687e+00 8.97199089586742e-05
7.35000000000000e-01 2.19580822794086e+00 2.19589864623990e+00 9.04182990391078e-05
7.40000000000000e-01 2.22814543001324e+00 2.22823629430637e+00 9.08642931305437e-05
7.45000000000000e-01 2.26088947641592e+00 2.26098056479902e+00 9.10883830984588e-05
7.50000000000000e-01 2.29380146284692e+00 2.29389262614624e+00 9.11632993134681e-05
7.55000000000000e-01 2.32664098661321e+00 2.32673217388556e+00 9.11872723565743e-05
7.60000000000000e-01 2.35916766204734e+00 2.35925892144618e+00 9.12593988391386e-05
7.65000000000000e-01 2.39114263712597e+00 2.39123409092702e+00 9.14538010525767e-05
7.70000000000000e-01 2.42233009496938e+00 2.42242189467697e+00 9.17997075902122e-05
7.75000000000000e-01 2.45249872557328e+00 2.45259099854052e+00 9.22729672350187e-05
7.80000000000000e-01 2.48142315637615e+00 2.48151595774496e+00 9.28013688117346e-05
7.85000000000000e-01 2.50888533416643e+00 2.50897861657418e+00 9.32824077488625e-05
7.90000000000000e-01 2.53467585433704e+00 2.53476946319709e+00 9.36088600571594e-05
7.95000000000000e-01 2.55859523573583e+00 2.55868893129538e+00 9.36955595443045e-05
8.00000000000000e-01 2.58045513987481e+00 2.58054864046305e+00 9.35005882407580e-05
8.05000000000000e-01 2.60007953207223e+00 2.60017256772797e+00 9.30356557393708e-05
8.10000000000000e-01 2.61730577968557e+00 2.61739814297001e+00 9.23632844442857e-05
8.15000000000000e-01 2.63198567971808e+00 2.63207726147960e+00 9.15817615236847e-05
8.20000000000000e-01 2.64398640560235e+00 2.64407720741157e+00 9.08018092213858e-05
8.25000000000000e-01 2.65319136159898e+00 2.65328148243819e+00 9.01208392041219e-05
8.30000000000000e-01 2.65950093341899e+00 2.65959053448992e+00 8.96010709294792e-05
8.35000000000000e-01 2.66283312541979e+00 2.66292238208847e+00 8.92566686729879e-05
8.40000000000000e-01 2.66312407770187e+00 2.66321313042021e+00 8.90527183434742e-05
8.45000000000000e-01 2.66032846003618e+00 2.66041737596564e+00 8.89159294543695e-05
8.50000000000000e-01 2.65441974305347e+00 2.65450849718747e+00 8.87541340026665e-05
8.55000000000000e-01 2.64539034984986e+00 2.64547882948272e+00 8.84796328572968e-05
8.60000000000000e-01 2.63325169264468e+00 2.63333972331718e+00 8.80306725048463e-05
8.65000000000000e-01 2.61803409921077e+00 2.61812148518153e+00 8.73859707550828e-05
8.70000000000000e-01 2.59978663266929e+00 2.59987320173000e+00 8.65690607159131e-05
8.75000000000000e-01 2.57857680637482e+00 2.57866244818360e+00 8.56418087726851e-05
8.80000000000000e-01 2.55449019365951e+00 2.55457488279246e+00 8.46891329442379e-05
8.85000000000000e-01 2.52762993081882e+00 2.52771372985530e+00 8.37990364770391e-05
8.90000000000000e-01 2.49811611141771e+00 2.49819915448034e+00 8.30430626299616e-05
8.95000000000000e-01 2.46608507100184e+00 2.46616753293972e+00 8.24619378803071e-05
9.00000000000000e-01 2.43168856349660e+00 2.43177062311339e+00 8.20596167869780e-05
9.05000000000000e-01 2.39509283352422e+00 2.39517464013388e+00 8.18066096597292e-05
9.10000000000000e-01 2.35647759191879e+00 2.35655924292839e+00 8.16510095984491e-05
9.15000000000000e-01 2.31603490418653e+00 2.31611643790350e+00 8.15337169628449e-05
9.20000000000000e-01 2.27396800302395e+00 2.27404940652903e+00 8.14035050789030e-05
9.25000000000000e-01 2.23049003606051e+00 2.23057126404647e+00 8.12279859561116e-05
9.30000000000000e-01 2.18582275890388e+00 2.18590375695213e+00 8.09980482445738e-05
9.35000000000000e-01 2.14019518182852e+00 2.14027590728277e+00 8.07254542571911e-05
9.40000000000000e-01 2.09384217672883e+00 2.09392261205918e+00 8.04353303487382e-05
9.45000000000000e-01 2.04700304988366e+00 2.04708320651983e+00 8.01566361734452e-05
9.50000000000000e-01 1.99992008603650e+00 2.00000000000000e+00 7.99139635017099e-05
9.55000000000000e-01 1.95283707031317e+00 1.95291679348017e+00 7.97231669924514e-05
9.60000000000000e-01 1.90599779623596e+00 1.90607738794082e+00 7.95917048621586e-05
9.65000000000000e-01 1.85964456996840e+00 1.85972409271723e+00 7.95227488314953e-05
9.70000000000000e-01 1.81401672230886e+00 1.81409624304787e+00 7.95207390114072e-05
9.75000000000000e-01 1.76934914037978e+00 1.76942873595353e+00 7.95955737502574e-05
9.80000000000000e-01 1.72587083028679e+00 1.72595059347097e+00 7.97631841771285e-05
9.85000000000000e-01 1.68380352045758e+00 1.68388356209650e+00 8.00416389279412e-05
9.90000000000000e-01 1.64336031340264e+00 1.64344075707161e+00 8.04436689700871e-05
9.95000000000000e-01 1.60474439186639e+00 1.60482535986612e+00 8.09679997244572e-05
1.00000000000000e+00 1.56814778426810e+00 1.56822937688661e+00 8.15926185138149e-05
1.00500000000000e+00 1.53375019422930e+00 1.53383246706028e+00 8.22728309781695e-05
1.01000000000000e+00 1.50171789978582e+00 1.50180084551966e+00 8.29457338400452e-05
1.01500000000000e+00 1.47220272923430e+00 1.47228627014470e+00 8.35409103943086e-05
1.02000000000000e+00 1.44534112193438e+00 1.44542511720755e+00 8.39952731608307e-05
1.02500000000000e+00 1.42125328323470e+00 1.42133755181640e+00 8.42685817044053e-05
1.03000000000000e+00 1.40004244261369e+00 1.40012679827000e+00 8.43556563074888e-05
1.03500000000000e+00 1.38179422297497e+00 1.38187851481848e+00 8.42918435060014e-05
1.04000000000000e+00 1.36657612694161e+00 1.36666027668282e+00 8.41497412036318e-05
1.04500000000000e+00 1.35443714331889e+00 1.35452117051728e+00 8.40271983975072e-05
1.05000000000000e+00 1.34540747413751e+00 1.34549150281253e+00 8.40286750209973e-05
1.05500000000000e+00 1.33949838035050e+00 1.33958262403436e+00 8.42436838612848e-05
1.06000000000000e+00 1.33670214272418e+00 1.33678686957979e+00 8.47268556047887e-05
1.06500000000000e+00 1.33699213392792e+00 1.33707761791153e+00 8.54839836104127e-05
1.07000000000000e+00 1.34032299825089e+00 1.34040946551008e+00 8.64672591942561e-05
1.07500000000000e+00 1.34663093650869e+00 1.34671851756181e+00 8.75810531202337e-05
1.08000000000000e+00 1.35583409515491e+00 1.35592279258843e+00 8.86974335183588e-05
1.08500000000000e+00 1.36783305992938e+00 1.36792273852040e+00 8.96785910149411e-05
1.09000000000000e+00 1.38251145514205e+00 1.38260185702999e+00 9.04018879435142e-05
1.09500000000000e+00 1.39973664961449e+00 1.39982743227203e+00 9.07826575344828e-05
1.10000000000000e+00 1.41936056926718e+00 1.41945135953695e+00 9.07902697726559e-05
1.10500000000000e+00 1.44122061443200e+00 1.44131106870462e+00 9.04542726185564e-05
1.11000000000000e+00 1.46514067745462e+00 1.46523053680291e+00 8.98593482896448e-05
1.11500000000000e+00 1.49093225342083e+00 1.49102138342582e+00 8.91300049912225e-05
1.12000000000000e+00 1.51839563433855e+00 1.51848404225504e+00 8.84079164877871e-05
1.12500000000000e+00 1.54732117523205e+00 1.54740900145948e+00 8.78262274304209e-05
1.13000000000000e+00 1.57749061963801e+00 1.57757810532303e+00 8.74856850174854e-05
1.13500000000000e+00 1.60867847203468e+00 1.60876590907298e+00 8.74370383052714e-05
1.14000000000000e+00 1.64065340568914e+00 1.64074107855382e+00 8.76728646852509e-05
1.14500000000000e+00 1.67317969600223e+00 1.67326782611444e+00 8.81301122033218e-05
1.15000000000000e+00 1.70601867127729e+00 1.70610737385376e+00 8.87025764719773e-05
1.15500000000000e+00 1.73893017451908e+00 1.73901943520098e+00 8.92606819011821e-05
1.16000000000000e+00 1.77167403102226e+00 1.77176370569363e+00 8.96746713618946e-05
1.16500000000000e+00 1.80401151690694e+00 1.80410135376010e+00 8.98368531558891e-05
1.17000000000000e+00 1.83570682335276e+00 1.83579650231313e+00 8.96789603701542e-05
1.17500000000000e+00 1.86652851020259e+00 1.86661769201745e+00 8.91818148596180e-05
1.18000000000000e+00 1.89625094112454e+00 1.89633931720795e+00 8.83760834031744e-05
1.18500000000000e+00 1.92465569098480e+00 1.92474302560309e+00 8.73346182859169e-05
1.19000000000000e+00 1.95153291483818e+00 1.95161907318189e+00 8.61583437123947e-05
1.19500000000000e+00 1.97668266725306e+00 1.97676762586894e+00 8.49586158715443e-05
1.20000000000000e+00 1.99991616069032e+00 2.00000000000000e+00 8.38393096846968e-05
1.20500000000000e+00 2.02105695234169e+00 2.02113983391842e+00 8.28815767310864e-05
1.21000000000000e+00 2.03994205006215e+00 2.04002418347677e+00 8.21334146157149e-05
1.21500000000000e+00 2.05642292957608e+00 2.05650453468774e+00 8.16051116583338e-05
1.22000000000000e+00 2.07036645674610e+00 2.07044772727895e+00 8.12705328567809e-05
1.22500000000000e+00 2.08165571014399e+00 2.08173678345563e+00 8.10733116405338e-05
1.23000000000000e+00 2.09019070031218e+00 2.09027163675968e+00 8.09364475014007e-05
1.23500000000000e+00 2.09588898290692e+00 2.09596975652967e+00 8.07736227486089e-05
1.24000000000000e+00 2.09868616342157e+00 2.09876666410972e+00 8.05006881536841e-05
1.24500000000000e+00 2.09853629151812e+00 2.09861633762302e+00 8.00461048937606e-05
1.25000000000000e+00 2.09541214328943e+00 2.09549150281253e+00 7.93595231010080e-05
1.25500000000000e+00 2.08930539015485e+00 2.08938380815405e+00 7.84179992012746e-05
1.26000000000000e+00 2.08022665362286e+00 2.08030388316029e+00 7.72295374282805e-05
1.26500000000000e+00 2.06820544582368e+00 2.06828127951470e+00 7.58336910218205e-05
1.27000000000000e+00 2.05328999644653e+00 2.05336429539657e+00 7.42989500372992e-05
1.27500000000000e+00 2.03554696738976e+00 2.03561968407860e+00 7.27166888410125e-05
1.28000000000000e+00 2.01506105693647e+00 2.01513224859221e+00 7.11916557407655e-05
1.28500000000000e+00 1.99193449553867e+00 1.99200432495795e+00 6.98294192853499e-05
1.29000000000000e+00 1.96628643535007e+00 1.96635515716554e+00 6.87218154729052e-05
1.29500000000000e+00 1.93825223560672e+00 1.93832016775567e+00 6.79321489529539e-05
1.30000000000000e+00 1.90798264600303e+00 1.90805012849909e+00 6.74824960613662e-05
1.30500000000000e+00 1.87564289056765e+00 1.87571023628478e+00 6.73457171331826e-05
1.31000000000000e+00 1.84141165538838e+00 1.84147909991323e+00 6.74445248443067e-05
1.31500000000000e+00 1.80547998495061e+00 1.80554764404025e+00 6.76590896380169e-05
1.32000000000000e+00 1.76805009377468e+00 1.76811793702778e+00 6.78432531002748e-05
1.32500000000000e+00 1.72933410224225e+00 1.72940194992690e+00 6.78476846505127e-05
1.33000000000000e+00 1.68955270764040e+00 1.68962025424335e+00 6.75466029509408e-05
1.33500000000000e+00 1.64893380311536e+00 1.64900066651302e+00 6.68633976592670e-05
1.34000000000000e+00 1.60771105804201e+00 1.60777684804300e+00 6.57900009952694e-05
1.34500000000000e+00 1.56612247303938e+00 1.56618686845015e+00 6.43954107710787e-05
1.35000000000000e+00 1.52440892146774e+00 1.52447174185242e+00 6.28203846868569e-05
1.35500000000000e+00 1.48281268694375e+00 1.48287394473691e+00 6.12577931582425e-05
1.36000000000000e+00 1.44157600364623e+00 1.44163592464141e+00 5.99209951790414e-05
1.36500000000000e+00 1.40093960353950e+00 1.40099860884315e+00 5.90053036437777e-05
1.37000000000000e+00 1.36114127272230e+00 1.36119992224821e+00 5.86495259142783e-05
1.37500000000000e+00 1.32241441841103e+00 1.32247332361862e+00 5.89052075901098e-05
1.38000000000000e+00 1.28498664884453e+00 1.28504636916085e+00 5.97203163206217e-05
1.38500000000000e+00 1.24907837059408e+00 1.24913931233114e+00 6.09417370613929e-05
1.39000000000000e+00 1.21490141099497e+00 1.21496374848942e+00 6.23374944468402e-05
1.39500000000000e+00 1.18265767703761e+00 1.18272131275752e+00 6.36357199153004e-05
1.40000000000000e+00 1.15253786528517e+00 1.15260243910916e+00 6.45738239855032e-05
1.40500000000000e+00 1.12472023946628e+00 1.12478518834171e+00 6.49488754271843e-05
1.41000000000000e+00 1.09936949275887e+00 1.09943415215529e+00 6.46593964195308e-05
1.41500000000000e+00 1.07663571018964e+00 1.07669944009536e+00 6.37299057208995e-05
1.42000000000000e+00 1.05665344315395e+00 1.05671575560428e+00 6.23124503282835e-05
1.42500000000000e+00 1.03954090331405e+00 1.03960156687779e+00 6.06635637447894e-05
1.43000000000000e+00 1.02539927783261e+00 1.02545837763829e+00 5.90998056799741e-05
1.43500000000000e+00 1.01431216294572e+00 1.01437010232018e+00 5.79393744604140e-05
1.44000000000000e+00 1.00634510913800e+00 1.00640254951957e+00 5.74403815687408e-05
1.44500000000000e+00 1.00154526930689e+00 1.00160301689261e+00 5.77475857137522e-05
1.45000000000000e+00 9.99941141619176e-01 1.00000000000000e+00 5.88583808239784e-05
1.45500000000000e+00 1.00154240119660e+00 1.00160301689261e+00 6.06156960076820e-05
1.46000000000000e+00 1.00633981884512e+00 1.00640254951957e+00 6.27306744460654e-05
1.46500000000000e+00 1.01430526995885e+00 1.01437010232018e+00 6.48323613317014e-05
1.47000000000000e+00 1.02539184147320e+00 1.02545837763829e+00 6.65361650920016e-05
1.47500000000000e+00 1.03953404825838e+00 1.03960156687779e+00 6.75186194085686e-05
1.48000000000000e+00 1.05664817172546e+00 1.05671575560428e+00 6.75838788128935e-05
1.48500000000000e+00 1.07663273207637e+00 1.07669944009536e+00 6.67080189937774e-05
1.49000000000000e+00 1.09936910144822e+00 1.09943415215529e+00 6.50507070660833e-05
1.49500000000000e+00 1.12472225860965e+00 1.12478518834171e+00 6.29297320613453e-05
1.50000000000000e+00 1.15254167783042e+00 1.15260243910916e+00 6.07612787331124e-05
1.50500000000000e+00 1.18266233645651e+00 1.18272131275752e+00 5.89763010150346e-05
1.51000000000000e+00 1.21490581916975e+00 1.21496374848942e+00 5.79293196696362e-05
1.51500000000000e+00 1.24908149337570e+00 1.24913931233114e+00 5.78189554387709e-05
1.52000000000000e+00 1.28498773066496e+00 1.28504636916085e+00 5.86384958887187e-05
1.52500000000000e+00 1.32241315408462e+00 1.32247332361862e+00 6.01695339994546e-05
1.53000000000000e+00 1.36113789932373e+00 1.36119992224821e+00 6.20229244816528e-05
1.53500000000000e+00 1.40093488819274e+00 1.40099860884315e+00 6.37206504086052e-05
1.54000000000000e+00 1.44157112259537e+00 1.44163592464141e+00 6.48020460425336e-05
1.54500000000000e+00 1.48280901398655e+00 1.48287394473691e+00 6.49307503597374e-05
1.55000000000000e+00 1.52440776496057e+00 1.52447174185242e+00 6.39768918508921e-05
1.55500000000000e+00 1.56612481509462e+00 1.56618686845015e+00 6.20533555286684e-05
1.56000000000000e+00 1.60771735299924e+00 1.60777684804300e+00 5.94950437649011e-05
1.56500000000000e+00 1.64894388282356e+00 1.64900066651302e+00 5.67836894547202e-05
1.57000000000000e+00 1.68956581956248e+00 1.68962025424335e+00 5.44346808648566e-05
1.57500000000000e+00 1.72934907713019e+00 1.72940194992690e+00 5.28727967068487e-05
1.58000000000000e+00 1.76806560935215e+00 1.76811793702778e+00 5.23276756325686e-05
1.58500000000000e+00 1.80549486821928e+00 1.80554764404025e+00 5.27758209758478e-05
1.59000000000000e+00 1.84142515521721e+00 1.84147909991323e+00 5.39446960143852e-05
1.59500000000000e+00 1.87565485748779e+00 1.87571023628478e+00 5.53787969967967e-05
1.60000000000000e+00 1.90799357685246e+00 1.90805012849909e+00 5.65516466339844e-05
1.60500000000000e+00 1.93826317200965e+00 1.93832016775567e+00 5.69957460225812e-05
1.61000000000000e+00 1.96629873927190e+00 1.96635515716554e+00 5.64178936475201e-05
1.61500000000000e+00 1.99194955381176e+00 1.99200432495795e+00 5.47711461877931e-05
1.62000000000000e+00 2.01507998266174e+00 2.01513224859221e+00 5.22659304706963e-05
1.62500000000000e+00 2.03557036575709e+00 2.03561968407860e+00 4.93183215035664e-05
1.63000000000000e+00 2.05331784626328e+00 2.05336429539657e+00 4.64491332907713e-05
1.63500000000000e+00 2.06823712029385e+00 2.06828127951470e+00 4.41592208506592e-05
1.64000000000000e+00 2.08026107169892e+00 2.08030388316029e+00 4.28114613724162e-05
1.64500000000000e+00 2.08934126082295e+00 2.08938380815405e+00 4.25473311072011e-05
1.65000000000000e+00 2.09544824596520e+00 2.09549150281253e+00 4.32568473218709e-05
1.65500000000000e+00 2.09857173015441e+00 2.09861633762302e+00 4.46074686082376e-05
1.66000000000000e+00 2.09872054042617e+00 2.09876666410972e+00 4.61236835578305e-05
1.66500000000000e+00 2.09592245881709e+00 2.09596975652967e+00 4.72977125838270e-05
1.67000000000000e+00 2.09022393134958e+00 2.09027163675968e+00 4.77054101009067e-05
1.67500000000000e+00 2.08168968225595e+00 2.08173678345563e+00 4.71011996792114e-05
1.68000000000000e+00 2.07040225586935e+00 2.07044772727895e+00 4.54714096078668e-05
1.68500000000000e+00 2.05646149949721e+00 2.05650453468774e+00 4.30351905271742e-05
1.69000000000000e+00 2.03998398949668e+00 2.04002418347677e+00 4.01939800847018e-05
1.69500000000000e+00 2.02110239227256e+00 2.02113983391842e+00 3.74416458592819e-05
1.70000000000000e+00 1.99996474434287e+00 2.00000000000000e+00 3.52556571303619e-05
1.70500000000000e+00 1.97673363259207e+00 1.97676762586893e+00 3.39932768644857e-05
1.71000000000000e+00 1.95158525799074e+00 1.95161907318189e+00 3.38151911547513e-05
1.71500000000000e+00 1.92470837294369e+00 1.92474302560309e+00 3.46526593975049e-05
1.72000000000000e+00 1.89630309259429e+00 1.89633931720795e+00 3.62246136602629e-05
1.72500000000000e+00 1.86657959174207e+00 1.86661769201745e+00 3.81002753848669e-05
1.73000000000000e+00 1.83575670917437e+00 1.83579650231313e+00 3.97931387581263e-05
1.73500000000000e+00 1.80406048809243e+00 1.80410135376010e+00 4.08656676671448e-05
1.74000000000000e+00 1.77172268357342e+00 1.77176370569363e+00 4.10221202096217e-05
1.74500000000000e+00 1.73897926531439e+00 1.73901943520098e+00 4.01698865934996e-05
1.75000000000000e+00 1.70606893699691e+00 1.70610737385376e+00 3.84368568566718e-05
1.75500000000000e+00 1.67323168413657e+00 1.67326782611444e+00 3.61419778653893e-05
1.76000000000000e+00 1.64070735239512e+00 1.64074107855382e+00 3.37261586984550e-05
1.76500000000000e+00 1.60873425020167e+00 1.60876590907298e+00 3.16588713136223e-05
1.77000000000000e+00 1.57754776484942e+00 1.57757810532303e+00 3.03404736030632e-05
1.77500000000000e+00 1.54737898087045e+00 1.54740900145948e+00 3.00205890275684e-05
1.78000000000000e+00 1.51845329332960e+00 1.51848404225504e+00 3.07489254440796e-05
1.78500000000000e+00 1.49098901570267e+00 1.49102138342582e+00 3.23677231548469e-05
1.79000000000000e+00 1.46519599056923e+00 1.46523053680291e+00 3.45462336805991e-05
1.79500000000000e+00 1.44127421957253e+00 1.44131106870462e+00 3.68491320892339e-05
1.80000000000000e+00 1.41941253527133e+00 1.41945135953695e+00 3.88242656217397e-05
1.80500000000000e+00 1.39978734043538e+00 1.39982743227203e+00 4.00918366487701e-05
1.81000000000000e+00 1.38256143954437e+00 1.38260185702999e+00 4.04174856223349e-05
1.81500000000000e+00 1.36788298301806e+00 1.36792273852040e+00 3.97555023410323e-05
1.82000000000000e+00 1.35588453795278e+00 1.35592279258843e+00 3.82546356458846e-05
1.82500000000000e+00 1.34668229119226e+00 1.34671851756181e+00 3.62263695488085e-05
1.83000000000000e+00 1.34037538286950e+00 1.34040946551008e+00 3.40826405862416e-05
1.83500000000000e+00 1.33704536241929e+00 1.33707761791153e+00 3.22554922467244e-05
1.84000000000000e+00 1.33675575540697e+00 1.33678686957979e+00 3.11141728168707e-05
1.84500000000000e+00 1.33955172877532e+00 1.33958262403436e+00 3.08952590386546e-05
1.85000000000000e+00 1.34545984417380e+00 1.34549150281253e+00 3.16586387267836e-05
1.85500000000000e+00 1.35448789332132e+00 1.35452117051728e+00 3.32771959645761e-05
1.86000000000000e+00 1.36662481493197e+00 1.36666027668282e+00 3.54617508464550e-05
1.86500000000000e+00 1.38184069848528e+00 1.38187851481848e+00 3.78163332011017e-05
1.87000000000000e+00 1.40008688492821e+00 1.40012679827000e+00 3.99133417889885e-05
1.87500000000000e+00 1.42129617730752e+00 1.42133755181640e+00 4.13745088783113e-05
1.88000000000000e+00 1.44538317471787e+00 1.44542511720755e+00 4.19424896753728e-05
1.88500000000000e+00 1.47224474060289e+00 1.47228627014470e+00 4.15295418028094e-05
1.89000000000000e+00 1.50176061161537e+00 1.50180084551967e+00 4.02339042955280e-05
1.89500000000000e+00 1.53379414661754e+00 1.53383246706028e+00 3.83204427447659e-05
1.90000000000000e+00 1.56819320802194e+00 1.56822937688661e+00 3.61688646715042e-05
1.90500000000000e+00 1.60479116075914e+00 1.60482535986612e+00 3.41991069763292e-05
1.91000000000000e+00 1.64340796892203e+00 1.64344075707161e+00 3.27881495802984e-05
1.91500000000000e+00 1.68385136754691e+00 1.68388356209650e+00 3.21945495889153e-05
1.92000000000000e+00 1.72591808757752e+00 1.72595059347097e+00 3.25058934467215e-05
1.92500000000000e+00 1.76939511576536e+00 1.76942873595353e+00 3.36201881763198e-05
1.93000000000000e+00 1.81406097740723e+00 1.81409624304787e+00 3.52656406401586e-05
1.93500000000000e+00 1.85968703718904e+00 1.85972409271723e+00 3.70555281827833e-05
1.94000000000000e+00 1.90603882044120e+00 1.90607738794082e+00 3.85674996172813e-05
1.94500000000000e+00 1.95287736223912e+00 1.95291679348017e+00 3.94312410436637e-05
1.95000000000000e+00 1.99996059374696e+00 2.00000000000000e+00 3.94062530388872e-05
1.95500000000000e+00 2.04704477337889e+00 2.04708320651983e+00 3.84331409364336e-05
1.96000000000000e+00 2.09388596493695e+00 2.09392261205918e+00 3.66471222279507e-05
1.96500000000000e+00 2.14024155690900e+00 2.14027590728277e+00 3.43503737689765e-05
1.97000000000000e+00 2.18587180825240e+00 2.18590375695213e+00 3.19486997311103e-05
1.97500000000000e+00 2.23054139821218e+00 2.23057126404646e+00 2.98658342878788e-05
1.98000000000000e+00 2.27402095282061e+00 2.27404940652903e+00 2.84537084143111e-05
1.98500000000000e+00 2.31608851988621e+00 2.31611643790350e+00 2.79180172864102e-05
1.99000000000000e+00 2.35653096778232e+00 2.35655924292839e+00 2.82751460729536e-05
1.99500000000000e+00 2.39514529047059e+00 2.39517464013388e+00 2.93496632952639e-05
2.00000000000000e+00 2.43173981039159e+00 2.43177062311339e+00 3.08127217985010e-05
2.00500000000000e+00 2.46613528010860e+00 2.46616753293972e+00 3.22528311178516e-05
2.01000000000000e+00 2.49816589090774e+00 2.49819915448034e+00 3.32635725999175e-05
2.01500000000000e+00 2.52768020043542e+00 2.52771372985530e+00 3.35294198841041e-05
2.02000000000000e+00 2.55454199122013e+00 2.55457488279245e+00 3.28915723284418e-05
2.02500000000000e+00 2.57863106786220e+00 2.57866244818359e+00 3.13803213902730e-05
2.03000000000000e+00 2.59984399391411e+00 2.59987320173000e+00 2.92078158943276e-05
2.03500000000000e+00 2.61809476169089e+00 2.61812148518152e+00 2.67234906354830e-05
2.04000000000000e+00 2.63331538126610e+00 2.63333972331718e+00 2.43420510814829e-05
2.04500000000000e+00 2.64545637027122e+00 2.64547882948272e+00 2.24592114927979e-05
2.05000000000000e+00 2.65448712479632e+00 2.65450849718747e+00 2.13723911564045e-05
2.05500000000000e+00 2.66039615391355e+00 2.66041737596564e+00 2.12220520885431e-05
2.06000000000000e+00 2.66319116561371e+00 2.66321313042021e+00 2.19648065082900e-05
2.06500000000000e+00 2.66289899919722e+00 2.66292238208847e+00 2.33828912432621e-05
2.07000000000000e+00 2.65956540702770e+00 2.65959053448992e+00 2.51274622198316e-05
2.07500000000000e+00 2.65325469565283e+00 2.65328148243819e+00 2.67867853565029e-05
2.08000000000000e+00 2.64404924148040e+00 2.64407720741157e+00 2.79659311708258e-05
2.08500000000000e+00 2.63204889874069e+00 2.63207726147960e+00 2.83627389108254e-05
2.09000000000000e+00 2.61737031715751e+00 2.61739814297001e+00 2.78258125034903e-05
2.09500000000000e+00 2.60014618387348e+00 2.60017256772797e+00 2.63838544931616e-05
2.10000000000000e+00 2.58052439943347e+00 2.58054864046305e+00 2.42410295769879e-05
2.10500000000000e+00 2.55866719200258e+00 2.55868893129538e+00 2.17392927983617e-05
2.11000000000000e+00 2.53475016856804e+00 2.53476946319710e+00 1.92946290602514e-05
2.11500000000000e+00 2.50896129767239e+00 2.50897861657418e+00 1.73189017886877e-05
2.12000000000000e+00 2.48149981605432e+00 2.48151595774496e+00 1.61416906365730e-05
2.12500000000000e+00 2.45257505189775e+00 2.45259099854052e+00 1.59466427738231e-05
2.13000000000000e+00 2.42240516026134e+00 2.42242189467697e+00 1.67344156341009e-05
2.13500000000000e+00 2.39121577129730e+00 2.39123409092702e+00 1.83196297220967e-05
2.14000000000000e+00 2.35923855830546e+00 2.35925892144618e+00 2.03631407189597e-05
2.14500000000000e+00 2.32670973946852e+00 2.32673217388556e+00 2.24344170436375e-05
2.15000000000000e+00 2.29386853312247e+00 2.29389262614624e+00 2.40930237702663e-05
2.15500000000000e+00 2.26095559056070e+00 2.26098056479902e+00 2.49742383169327e-05
2.16000000000000e+00 2.22821143184223e+00 2.22823629430637e+00 2.48624641399076e-05
2.16500000000000e+00 2.19587490849505e+00 2.19589864623990e+00 2.37377448546461e-05
2.17000000000000e+00 2.16418171251133e+00 2.16420349768687e+00 2.17851755395237e-05
2.17500000000000e+00 2.13336294428796e+00 2.13338230798255e+00 1.93636945908793e-05
2.18000000000000e+00 2.10364374428225e+00 2.10366068279205e+00 1.69385098010011e-05
2.18500000000000e+00 2.07524198551988e+00 2.07525697439691e+00 1.49888770333284e-05
2.19000000000000e+00 2.04836701815585e+00 2.04838092681811e+00 1.39086622614748e-05
2.19500000000000e+00 2.02321845430539e+00 2.02323237413107e+00 1.39198256747797e-05
2.20000000000000e+00 1.99998498215008e+00 2.00000000000000e+00 1.50178499194187e-05
2.20500000000000e+00 1.97884320307324e+00 1.97886016608158e+00 1.69630083373118e-05
2.21000000000000e+00 1.95995649372345e+00 1.95997581652323e+00 1.93227997873358e-05
2.21500000000000e+00 1.94347390511221e+00 1.94349546531226e+00 2.15602000468440e-05
2.22000000000000e+00 1.92952912114167e+00 1.92955227272105e+00 2.31515793813752e-05
2.22500000000000e+00 1.91823950697193e+00 1.91826321654437e+00 2.37095724437975e-05
2.23000000000000e+00 1.90970528106147e+00 1.90972836324032e+00 2.30821788504976e-05
2.23500000000000e+00 1.90400884181106e+00 1.90403024347033e+00 2.14016592692268e-05
2.24000000000000e+00 1.90121426992427e+00 1.90123333589028e+00 1.90659660068704e-05
2.24500000000000e+00 1.90136701188711e+00 1.90138366237698e+00 1.66504898670983e-05
2.25000000000000e+00 1.90449373118804e+00 1.90450849718747e+00 1.47659994382821e-05
2.25500000000000e+00 1.91060229639888e+00 1.91061619184595e+00 1.38954470718655e-05
2.26000000000000e+00 1.91968186407217e+00 1.91969611683971e+00 1.42527675410786e-05
2.26500000000000e+00 1.93170301399260e+00 1.93171872048530e+00 1.57064926957773e-05
2.27000000000000e+00 1.94661790681296e+00 1.94663570460343e+00 1.77977904691762e-05
2.27500000000000e+00 1.96436045803670e+00 1.96438031592140e+00 1.98578846968278e-05
2.28000000000000e+00 1.98484655202533e+00 1.98486775140779e+00 2.11993824548173e-05
2.28500000000000e+00 2.00797434619355e+00 2.00799567504205e+00 2.13288484984808e-05
2.29000000000000e+00 2.03362472881638e+00 2.03364484283446e+00 2.01140180777770e-05
2.29500000000000e+00 2.06166198646199e+00 2.06167983224433e+00 1.78457823363232e-05
2.30000000000000e+00 2.09193470762599e+00 2.09194987150091e+00 1.51638749188443e-05
2.30500000000000e+00 2.12427690445014e+00 2.12428976371522e+00 1.28592650789905e-05
2.31000000000000e+00 2.15850928850436e+00 2.15852090008677e+00 1.16115824093654e-05
2.31500000000000e+00 2.19444060660069e+00 2.19445235595975e+00 1.17493590532369e-05
2.32000000000000e+00 2.23186894213675e+00 2.23188206297221e+00 1.31208354590129e-05
2.32500000000000e+00 2.27058292033805e+00 2.27059805007310e+00 1.51297350443613e-05
2.33000000000000e+00 2.31036281270980e+00 2.31037974575665e+00 1.69330468513529e-05
2.33500000000000e+00 2.35098159672630e+00 2.35099933348698e+00 1.77367606783996e-05
2.34000000000000e+00 2.39220606725063e+00 2.39222315195699e+00 1.70847063674096e-05
2.34500000000000e+00 2.43379809853394e+00 2.43381313154985e+00 1.50330159138790e-05
2.35000000000000e+00 2.47551611644222e+00 2.47552825814758e+00 1.21417053597916e-05
2.35500000000000e+00 2.51711677331033e+00 2.51712605526309e+00 9.28195275839983e-06
2.36000000000000e+00 2.55835674821523e+00 2.55836407535858e+00 7.32714335249796e-06
2.36500000000000e+00 2.59899455095074e+00 2.59900139115685e+00 6.84020611174674e-06
2.37000000000000e+00 2.63879220628255e+00 2.63880007775179e+00 7.87146923730830e-06
2.37500000000000e+00 2.67751673667459e+00 2.67752667638138e+00 9.93970679008527e-06
2.38000000000000e+00 2.71494142987799e+00 2.71495363083914e+00 1.22009611538410e-05
2.38500000000000e+00 2.75084694587506e+00 2.75086068766886e+00 1.37417937917661e-05
2.39000000000000e+00 2.78502236016444e+00 2.78503625151058e+00 1.38913461378287e-05
2.39500000000000e+00 2.81726624296379e+00 2.81727868724248e+00 1.24442786888501e-05
2.40000000000000e+00 2.84738783827128e+00 2.84739756089084e+00 9.72261956366793e-06
2.40500000000000e+00 2.87520834852663e+00 2.87521481165829e+00 6.46313166008383e-06
2.41000000000000e+00 2.90056227225235e+00 2.90056584784471e+00 3.57559236308091e-06
2.41500000000000e+00 2.92329870371260e+00 2.92330055990463e+00 1.85619203341147e-06
2.42000000000000e+00 2.94328249626754e+00 2.94328424439572e+00 1.74812818043435e-06
2.42500000000000e+00 2.96039521385302e+00 2.96039843312221e+00 3.21926918944726e-06
2.43000000000000e+00 2.97453583718324e+00 2.97454162236171e+00 5.78517847049653e-06
2.43500000000000e+00 2.98562123743728e+00 2.98562989767982e+00 8.66024253864950e-06
2.44000000000000e+00 2.99358646600958e+00 2.99359745048043e+00 1.09844708573448e-05
2.44500000000000e+00 2.99838492547361e+00 2.99839698310739e+00 1.20576337838685e-05
2.45000000000000e+00 2.99998848249241e+00 3.00000000000000e+00 1.15175075876550e-05
2.45500000000000e+00 2.99838756259649e+00 2.99839698310739e+00 9.42051090468965e-06
2.46000000000000e+00 2.99359123786992e+00 2.99359745048044e+00 6.21261051536592e-06
2.46500000000000e+00 2.98562729062350e+00 2.98562989767982e+00 2.60705632770808e-06
2.47000000000000e+00 2.97454221616680e+00 2.97454162236171e+00 5.93805085546961e-07
2.47500000000000e+00 2.96040111955156e+00 2.96039843312221e+00 2.68642935630226e-06
2.48000000000000e+00 2.94328746482039e+00 2.94328424439572e+00 3.22042466960326e-06
2.48500000000000e+00 2.92330264821367e+00 2.92330055990464e+00 2.08830902792556e-06
2.49000000000000e+00 2.90056538474184e+00 2.90056584784471e+00 4.63102869385779e-07
2.49500000000000e+00 2.87521091602019e+00 2.87521481165830e+00 3.89563810454518e-06
2.50000000000000e+00 2.84739006253953e+00 2.84739756089084e+00 7.49835131053089e-06
2.50500000000000e+00 2.81726815321744e+00 2.81727868724248e+00 1.05340250420305e-05
2.51000000000000e+00 2.78502386827185e+00 2.78503625151058e+00 1.23832387299849e-05
2.51500000000000e+00 2.75084802866938e+00 2.75086068766886e+00 1.26589994775550e-05
2.52000000000000e+00 2.71494235808197e+00 2.71495363083915e+00 1.12727571801585e-05
2.52500000000000e+00 2.67751823341505e+00 2.67752667638138e+00 8.44296633273345e-06
2.53000000000000e+00 2.63879542961516e+00 2.63880007775179e+00 4.64813663425545e-06
2.53500000000000e+00 2.59900085544456e+00 2.59900139115685e+00 5.35712293636692e-07
2.54000000000000e+00 2.55836727056964e+00 2.55836407535859e+00 3.19521105085485e-06
2.54500000000000e+00 2.51713197140423e+00 2.51712605526309e+00 5.91614113742978e-06
2.55000000000000e+00 2.47553543383214e+00 2.47552825814758e+00 7.17568456076734e-06
2.55500000000000e+00 2.43381990481124e+00 2.43381313154985e+00 6.77326139042478e-06
2.56000000000000e+00 2.39222794111517e+00 2.39222315195700e+00 4.78915816515268e-06
2.56500000000000e+00 2.35100090100149e+00 2.35099933348698e+00 1.56751450575143e-06
2.57000000000000e+00 2.31037740220450e+00 2.31037974575666e+00 2.34355215500415e-06
2.57500000000000e+00 2.27059176619646e+00 2.27059805007310e+00 6.28387663725860e-06
2.58000000000000e+00 2.23187247321559e+00 2.23188206297222e+00 9.58975662701533e-06
2.58500000000000e+00 2.19444065452021e+00 2.19445235595975e+00 1.17014395426551e-05
2.59000000000000e+00 2.15850864748682e+00 2.15852090008678e+00 1.22525999528555e-05
2.59500000000000e+00 2.12427863571842e+00 2.12428976371522e+00 1.11279967915934e-05
2.60000000000000e+00 2.09194139081900e+00 2.09194987150091e+00 8.48068191627860e-06
2.60500000000000e+00 2.06167512573967e+00 2.06167983224433e+00 4.70650465977940e-06
2.61000000000000e+00 2.03364446257478e+00 2.03364484283446e+00 3.80259676635575e-07
2.61500000000000e+00 2.00799951135305e+00 2.00799567504205e+00 3.83631099776238e-06
2.62000000000000e+00 1.98487505157918e+00 1.98486775140779e+00 7.30017139072281e-06
2.62500000000000e+00 1.96438980564759e+00 1.96438031592140e+00 9.48972618997068e-06
2.63000000000000e+00 1.94664579307644e+00 1.94663570460343e+00 1.00884730087625e-05
2.63500000000000e+00 1.93172775675112e+00 1.93171872048530e+00 9.03626582271500e-06
2.64000000000000e+00 1.91970265663425e+00 1.91969611683971e+00 6.53979453635323e-06
2.64500000000000e+00 1.91061923200835e+00 1.91061619184595e+00 3.04016240715299e-06
2.65000000000000e+00 1.90450763936972e+00 1.90450849718747e+00 8.57817751276357e-07
2.65500000000000e+00 1.90137917858663e+00 1.90138366237698e+00 4.48379034989621e-06
2.66000000000000e+00 1.90122612390374e+00 1.90123333589028e+00 7.21198653730326e-06
2.66500000000000e+00 1.90402167802204e+00 1.90403024347033e+00 8.56544828220507e-06
2.67000000000000e+00 1.90972006632088e+00 1.90972836324032e+00 8.29691943282640e-06
2.67500000000000e+00 1.91825678423641e+00 1.91826321654437e+00 6.43230796049110e-06
2.68000000000000e+00 1.92954900425633e+00 1.92955227272105e+00 3.26846471199183e-06
2.68500000000000e+00 1.94349614077155e+00 1.94349546531226e+00 6.75459293608682e-07
2.69000000000000e+00 1.95998056233689e+00 1.95997581652323e+00 4.74581365761395e-06
2.69500000000000e+00 1.97886843311615e+00 1.97886016608158e+00 8.26703457224021e-06
2.70000000000000e+00 2.00001065975570e+00 2.00000000000000e+00 1.06597556990273e-05
2.70500000000000e+00 2.02324391767785e+00 2.02323237413106e+00 1.15435467842318e-05
2.71000000000000e+00 2.04839173231313e+00 2.04838092681811e+00 1.08054950285208e-05
2.71500000000000e+00 2.07526559591989e+00 2.07525697439691e+00 8.62152297731456e-06
2.72000000000000e+00 2.10366610848460e+00 2.10366068279205e+00 5.42569254413650e-06
2.72500000000000e+00 2.13338414028331e+00 2.13338230798255e+00 1.83230076267193e-06
2.73000000000000e+00 2.16420202220961e+00 2.16420349768687e+00 1.47547726125907e-06
2.73500000000000e+00 2.19589477615718e+00 2.19589864623990e+00 3.87008271518496e-06
2.74000000000000e+00 2.22823140020510e+00 2.22823629430637e+00 4.89410127357814e-06
2.74500000000000e+00 2.26097622142758e+00 2.26098056479902e+00 4.34337143806474e-06
2.75000000000000e+00 2.29389032306826e+00 2.29389262614624e+00 2.30307798032570e-06
2.75500000000000e+00 2.32673304369239e+00 2.32673217388556e+00 8.69806832781705e-07
2.76000000000000e+00 2.35926353553766e+00 2.35925892144618e+00 4.61409148089231e-06
2.76500000000000e+00 2.39124235969846e+00 2.39123409092702e+00 8.26877144399774e-06
2.77000000000000e+00 2.42243308892252e+00 2.42242189467697e+00 1.11942455496283e-05
2.77500000000000e+00 2.45260388602280e+00 2.45259099854052e+00 1.28874822804548e-05
2.78000000000000e+00 2.48152902770448e+00 2.48151595774496e+00 1.30699595177752e-05
2.78500000000000e+00 2.50899034951533e+00 2.50897861657418e+00 1.17329411497558e-05
2.79000000000000e+00 2.53477859636353e+00 2.53476946319709e+00 9.13316644135520e-06
2.79500000000000e+00 2.55869467280516e+00 2.55868893129538e+00 5.74150978005505e-06
2.80000000000000e+00 2.58055079617220e+00 2.58054864046305e+00 2.15570915385044e-06
2.80500000000000e+00 2.60017156197956e+00 2.60017256772797e+00 1.00574840811163e-06
2.81000000000000e+00 2.61739493392369e+00 2.61739814297001e+00 3.20904632200580e-06
2.81500000000000e+00 2.63207316995090e+00 2.63207726147960e+00 4.09152870206597e-06
2.82000000000000e+00 2.64407369186812e+00 2.64407720741157e+00 3.51554345279226e-06
2.82500000000000e+00 2.65327989990290e+00 2.65328148243819e+00 1.58253528947938e-06
2.83000000000000e+00 2.65959192689567e+00 2.65959053448992e+00 1.39240575514066e-06
2.83500000000000e+00 2.66292732080721e+00 2.66292238208847e+00 4.93871873974427e-06
2.84000000000000e+00 2.66322164004505e+00 2.66321313042021e+00 8.50962483323059e-06
2.84500000000000e+00 2.66042894439164e+00 2.66041737596564e+00 1.15684260002524e-05
2.85000000000000e+00 2.65452216517238e+00 2.65450849718747e+00 1.36679849078725e-05
2.85500000000000e+00 2.64549334138722e+00 2.64547882948272e+00 1.45119044998587e-05
2.86000000000000e+00 2.63335371316384e+00 2.63333972331719e+00 1.39898466491317e-05
2.86500000000000e+00 2.61813366923354e+00 2.61812148518152e+00 1.21840520139749e-05
2.87000000000000e+00 2.59988255035347e+00 2.59987320173000e+00 9.34862347046206e-06
2.87500000000000e+00 2.57866831502332e+00 2.57866244818360e+00 5.86683972070290e-06
2.88000000000000e+00 2.55457707702922e+00 2.55457488279246e+00 2.19423676695030e-06
2.88500000000000e+00 2.52771252611436e+00 2.52771372985530e+00 1.20374094336739e-06
2.89000000000000e+00 2.49819524348791e+00 2.49819915448034e+00 3.91099242547099e-06
2.89500000000000e+00 2.46616192318953e+00 2.46616753293972e+00 5.60975019636700e-06
2.90000000000000e+00 2.43176450888004e+00 2.43177062311339e+00 6.11423335250549e-06
2.90500000000000e+00 2.39516925381986e+00 2.39517464013388e+00 5.38631402058343e-06
2.91000000000000e+00 2.35655570998152e+00 2.35655924292839e+00 3.53294687505112e-06
2.91500000000000e+00 2.31611565070405e+00 2.31611643790350e+00 7.87199445628772e-07
2.92000000000000e+00 2.27405193021860e+00 2.27404940652904e+00 2.52368956976667e-06
2.92500000000000e+00 2.23057728283847e+00 2.23057126404647e+00 6.01879200168298e-06
2.93000000000000e+00 2.18591306461083e+00 2.18590375695213e+00 9.30765869711081e-06
2.93500000000000e+00 2.14028794070073e+00 2.14027590728278e+00 1.20334179567472e-05
2.94000000000000e+00 2.09393652261669e+00 2.09392261205918e+00 1.39105575036602e-05
2.94500000000000e+00 2.04709796047222e+00 2.04708320651984e+00 1.47539523860374e-05
2.95000000000000e+00 2.00001449669867e+00 2.00000000000000e+00 1.44966986685979e-05
2.95500000000000e+00 1.95292998888830e+00 1.95291679348017e+00 1.31954081283858e-05
2.96000000000000e+00 1.90608841068226e+00 1.90607738794082e+00 1.10227414371611e-05
2.96500000000000e+00 1.85973234076980e+00 1.85972409271723e+00 8.24805257448880e-06
2.97000000000000e+00 1.81410145108679e+00 1.81409624304787e+00 5.20803891990163e-06
2.97500000000000e+00 1.76943100614505e+00 1.76942873595354e+00 2.27019151166630e-06
2.98000000000000e+00 1.72595038603265e+00 1.72595059347097e+00 2.07438320298792e-07
2.98500000000000e+00 1.68388164593432e+00 1.68388356209651e+00 1.91616218758739e-06
2.99000000000000e+00 1.64343812496065e+00 1.64344075707161e+00 2.63211096007687e-06
2.99500000000000e+00 1.60482311658473e+00 1.60482535986612e+00 2.24328139242225e-06
3.00000000000000e+00 1.56822861202722e+00 1.56822937688661e+00 7.64859388935335e-07
3.00500000000000e+00 1.53383412651074e+00 1.53383246706028e+00 1.65945045282889e-06
3.01000000000000e+00 1.50180561647748e+00 1.50180084551966e+00 4.77095781659109e-06
3.01500000000000e+00 1.47229449374925e+00 1.47228627014470e+00 8.22360455576820e-06
3.02000000000000e+00 1.44543674037559e+00 1.44542511720755e+00 1.16231680482581e-05
3.02500000000000e+00 1.42135212577798e+00 1.42133755181641e+00 1.45739615782237e-05
3.03000000000000e+00 1.40014352598016e+00 1.40012679827000e+00 1.67277101665864e-05
3.03500000000000e+00 1.38189634342773e+00 1.38187851481848e+00 1.78286092509250e-05
3.04000000000000e+00 1.36667802530233e+00 1.36666027668282e+00 1.77486195076515e-05
3.04500000000000e+00 1.35453767840501e+00 1.35452117051728e+00 1.65078877238933e-05
3.05000000000000e+00 1.34550577959308e+00 1.34549150281253e+00 1.42767805537680e-05
3.05500000000000e+00 1.33959398226696e+00 1.33958262403436e+00 1.13582326022321e-05
3.06000000000000e+00 1.33679502127246e+00 1.33678686957979e+00 8.15169267220917e-06
3.06500000000000e+00 1.33708272048281e+00 1.33707761791153e+00 5.10257127883662e-06
3.07000000000000e+00 1.34041210888381e+00 1.34040946551008e+00 2.64337372257728e-06
3.07500000000000e+00 1.34671965184270e+00 1.34671851756181e+00 1.13428089076884e-06
3.08000000000000e+00 1.35592360410305e+00 1.35592279258843e+00 8.11514627496734e-07
3.08500000000000e+00 1.36792448973807e+00 1.36792273852040e+00 1.75121767287401e-06
3.09000000000000e+00 1.38260571180563e+00 1.38260185702999e+00 3.85477564446290e-06
3.09500000000000e+00 1.39983429095463e+00 1.39982743227203e+00 6.85868259964195e-06
3.10000000000000e+00 1.41946172809323e+00 1.41945135953695e+00 1.03685562833356e-05
3.10500000000000e+00 1.44132498194567e+00 1.44131106870462e+00 1.39132410452714e-05
3.11000000000000e+00 1.46524754847128e+00 1.46523053680290e+00 1.70116683724242e-05
3.11500000000000e+00 1.49104062626124e+00 1.49102138342582e+00 1.92428354219842e-05
3.12000000000000e+00 1.51850435061130e+00 1.51848404225504e+00 2.03083562622108e-05
3.12500000000000e+00 1.54742907924013e+00 1.54740900145948e+00 2.00777806482755e-05
3.13000000000000e+00 1.57759671456180e+00 1.57757810532302e+00 1.86092387750580e-05
3.13500000000000e+00 1.60878205072371e+00 1.60876590907298e+00 1.61416507256096e-05
3.14000000000000e+00 1.64075413773334e+00 1.64074107855382e+00 1.30591795179935e-05
3.14500000000000e+00 1.67327765919825e+00 1.67326782611444e+00 9.83308381652392e-06
3.15000000000000e+00 1.70611432372817e+00 1.70610737385376e+00 6.94987440708061e-06
3.15500000000000e+00 1.73902427222948e+00 1.73901943520098e+00 4.83702850151424e-06
3.16000000000000e+00 1.77176750371816e+00 1.77176370569363e+00 3.79802453465139e-06
3.16500000000000e+00 1.80410532076398e+00 1.80410135376010e+00 3.96700388738402e-06
3.17000000000000e+00 1.83580179248483e+00 1.83579650231313e+00 5.29017170514123e-06
3.17500000000000e+00 1.86662522867921e+00 1.86661769201745e+00 7.53666175401513e-06
3.18000000000000e+00 1.89634965398121e+00 1.89633931720795e+00 1.03367732593451e-05
3.18500000000000e+00 1.92475626668333e+00 1.92474302560309e+00 1.32410802440308e-05
3.19000000000000e+00 1.95163486385426e+00 1.95161907318189e+00 1.57906723712298e-05
3.19500000000000e+00 1.97678521311196e+00 1.97676762586893e+00 1.75872430305812e-05
3.20000000000000e+00 2.00001835210768e+00 2.00000000000000e+00 1.83521076810855e-05
3.20500000000000e+00 2.02115779929425e+00 2.02113983391842e+00 1.79653758269893e-05
3.21000000000000e+00 2.04004066344337e+00 2.04002418347677e+00 1.64799666011461e-05
3.21500000000000e+00 2.05651864398149e+00 2.05650453468774e+00 1.41092937453458e-05
3.22000000000000e+00 2.07045891879867e+00 2.07044772727895e+00 1.11915197154033e-05
3.22500000000000e+00 2.08174492008468e+00 2.08173678345563e+00 8.13662904786128e-06
3.23000000000000e+00 2.09027700148381e+00 2.09027163675968e+00 5.36472412848710e-06
3.23500000000000e+00 2.09597300121665e+00 2.09596975652967e+00 3.24468697776581e-06
3.24000000000000e+00 2.09876870584299e+00 2.09876666410972e+00 2.04173326778800e-06
3.24500000000000e+00 2.09861821830541e+00 2.09861633762302e+00 1.88068238937689e-06
3.25000000000000e+00 2.09549423219211e+00 2.09549150281253e+00 2.72937958412101e-06
3.25500000000000e+00 2.08938821219923e+00 2.08938380815405e+00 4.40404517965121e-06
3.26000000000000e+00 2.08031047888280e+00 2.08030388316029e+00 6.59572251038298e-06
3.26500000000000e+00 2.06829019415994e+00 2.06828127951470e+00 8.91464524022112e-06
3.27000000000000e+00 2.05337524271299e+00 2.05336429539657e+00 1.09473164218166e-05
3.27500000000000e+00 2.03563200347762e+00 2.03561968407860e+00 1.23193990249071e-05
3.28000000000000e+00 2.01514500481006e+00 2.01513224859221e+00 1.27562178455776e-05
3.28500000000000e+00 1.99201645691356e+00 1.99200432495795e+00 1.21319556103394e-05
3.29000000000000e+00 1.96636565600307e+00 1.96635515716554e+00 1.04988375249082e-05
3.29500000000000e+00 1.93832825691834e+00 1.93832016775567e+00 8.08916266836768e-06
3.30000000000000e+00 1.90805541477979e+00 1.90805012849909e+00 5.28628069518255e-06
3.30500000000000e+00 1.87571280180042e+00 1.87571023628479e+00 2.56551563815322e-06
3.31000000000000e+00 1.84147951197152e+00 1.84147909991323e+00 4.12058286602957e-07
3.31500000000000e+00 1.80554687288718e+00 1.80554764404025e+00 7.71153073175768e-07
3.32000000000000e+00 1.76811718889660e+00 1.76811793702778e+00 7.48131181893541e-07
3.32500000000000e+00 1.72940244147089e+00 1.72940194992690e+00 4.91543985514653e-07
3.33000000000000e+00 1.68962297004511e+00 1.68962025424335e+00 2.71580176369746e-06
3.33500000000000e+00 1.64900614954944e+00 1.64900066651302e+00 5.48303641334513e-06
3.34000000000000e+00 1.60778507055773e+00 1.60777684804301e+00 8.22251472776259e-06
3.34500000000000e+00 1.56619721680210e+00 1.56618686845015e+00 1.03483519500180e-05
3.35000000000000e+00 1.52448312569936e+00 1.52447174185243e+00 1.13838469355532e-05
3.35500000000000e+00 1.48288501328001e+00 1.48287394473692e+00 1.10685430954049e-05
3.36000000000000e+00 1.44164534718504e+00 1.44163592464142e+00 9.42254362601425e-06
3.36500000000000e+00 1.40100536017246e+00 1.40099860884315e+00 6.75132931582390e-06
3.37000000000000e+00 1.36120350997482e+00 1.36119992224821e+00 3.58772661113171e-06
3.37500000000000e+00 1.32247390608140e+00 1.32247332361862e+00 5.82462784448623e-07
3.38000000000000e+00 1.28504473628073e+00 1.28504636916086e+00 1.63288012977603e-06
3.38500000000000e+00 1.24913673236007e+00 1.24913931233114e+00 2.57997107766528e-06
3.39000000000000e+00 1.21496171348395e+00 1.21496374848942e+00 2.03500546902546e-06
3.39500000000000e+00 1.18272123770023e+00 1.18272131275752e+00 7.50572901608848e-08
3.40000000000000e+00 1.15260537884623e+00 1.15260243910916e+00 2.93973707399253e-06
3.40500000000000e+00 1.12479163116295e+00 1.12478518834171e+00 6.44282124873108e-06
3.41000000000000e+00 1.09944393075755e+00 1.09943415215529e+00 9.77860225637173e-06
3.41500000000000e+00 1.07671177458298e+00 1.07669944009537e+00 1.23344876179488e-05
3.42000000000000e+00 1.05672941535877e+00 1.05671575560428e+00 1.36597544879713e-05
3.42500000000000e+00 1.03961511473899e+00 1.03960156687779e+00 1.35478611977824e-05
3.43000000000000e+00 1.02547044551778e+00 1.02545837763829e+00 1.20678794970352e-05
3.43500000000000e+00 1.01437964432336e+00 1.01437010232018e+00 9.54200318759035e-06
3.44000000000000e+00 1.00640902645951e+00 1.00640254951957e+00 6.47693994038079e-06
3.44500000000000e+00 1.00160648209994e+00 1.00160301689261e+00 3.46520733374156e-06
3.45000000000000e+00 1.00000107658127e+00 1.00000000000000e+00 1.07658126857757e-06
3.45500000000000e+00 1.00160277675050e+00 1.00160301689261e+00 2.40142106200381e-07
3.46000000000000e+00 1.00640232080546e+00 1.00640254951956e+00 2.28714101213612e-07
3.46500000000000e+00 1.01437124206149e+00 1.01437010232018e+00 1.13974131421557e-06
3.47000000000000e+00 1.02546204909748e+00 1.02545837763829e+00 3.67145919422107e-06
3.47500000000000e+00 1.03960855721173e+00 1.03960156687779e+00 6.99033394013782e-06
3.48000000000000e+00 1.05672636014487e+00 1.05671575560427e+00 1.06045405918742e-05
3.48500000000000e+00 1.07671342722334e+00 1.07669944009536e+00 1.39871279734027e-05
3.49000000000000e+00 1.09945080957801e+00 1.09943415215529e+00 1.66574227202787e-05
3.49500000000000e+00 1.12480343963753e+00 1.12478518834171e+00 1.82512958284420e-05
3.50000000000000e+00 1.15262101016812e+00 1.15260243910915e+00 1.85710589666321e-05
3.50500000000000e+00 1.18273892210702e+00 1.18272131275752e+00 1.76093494987928e-05
3.51000000000000e+00 1.21497929371792e+00 1.21496374848942e+00 1.55452285000024e-05
3.51500000000000e+00 1.24915202669109e+00 1.24913931233114e+00 1.27143599522039e-05
3.52000000000000e+00 1.28505592737523e+00 1.28504636916085e+00 9.55821438375359e-06
3.52500000000000e+00 1.32247988315430e+00 1.32247332361861e+00 6.55953568773349e-06
3.53000000000000e+00 1.36120409497038e+00 1.36119992224821e+00 4.17272217001496e-06
3.53500000000000e+00 1.40100136710392e+00 1.40099860884315e+00 2.75826077267283e-06
3.54000000000000e+00 1.44163845454683e+00 1.44163592464141e+00 2.52990542293219e-06
3.54500000000000e+00 1.48287746665186e+00 1.48287394473691e+00 3.52191494745746e-06
3.55000000000000e+00 1.52447732325851e+00 1.52447174185242e+00 5.58140608797331e-06
3.55500000000000e+00 1.56619525629633e+00 1.56618686845015e+00 8.38784617585020e-06
3.56000000000000e+00 1.60778834617829e+00 1.60777684804300e+00 1.14981352941079e-05
3.56500000000000e+00 1.64901507848931e+00 1.64900066651302e+00 1.44119762963690e-05
3.57000000000000e+00 1.68963690304933e+00 1.68962025424335e+00 1.66488059847314e-05
3.57500000000000e+00 1.72941977497356e+00 1.72940194992690e+00 1.78250466593699e-05
3.58000000000000e+00 1.76813565643151e+00 1.76811793702778e+00 1.77194037247475e-05
3.58500000000000e+00 1.80556395884354e+00 1.80554764404025e+00 1.63148032881200e-05
3.59000000000000e+00 1.84149290839063e+00 1.84147909991322e+00 1.38084774070624e-05
3.59500000000000e+00 1.87572082271577e+00 1.87571023628478e+00 1.05864309873915e-05
3.60000000000000e+00 1.90805729292675e+00 1.90805012849909e+00 7.16442765802405e-06
3.60500000000000e+00 1.93832427149624e+00 1.93832016775567e+00 4.10374057691065e-06
3.61000000000000e+00 1.96635707224114e+00 1.96635515716554e+00 1.91507559965665e-06
3.61500000000000e+00 1.99200529214295e+00 1.99200432495795e+00 9.67184996314430e-07
3.62000000000000e+00 2.01513366552995e+00 2.01513224859221e+00 1.41693773914042e-06
3.62500000000000e+00 2.03562285877119e+00 2.03561968407860e+00 3.17469259591974e-06
3.63000000000000e+00 2.05337020844551e+00 2.05336429539657e+00 5.91304894603795e-06
3.63500000000000e+00 2.06829039887238e+00 2.06828127951470e+00 9.11935767877736e-06
3.64000000000000e+00 2.08031606731445e+00 2.08030388316029e+00 1.21841541633749e-05
3.64500000000000e+00 2.08939831867318e+00 2.08938380815405e+00 1.45105191338146e-05
3.65000000000000e+00 2.09550712756435e+00 2.09549150281253e+00 1.56247518252606e-05
3.65500000000000e+00 2.09863160530763e+00 2.09861633762302e+00 1.52676846072453e-05
3.66000000000000e+00 2.09878011295193e+00 2.09876666410972e+00 1.34488422025569e-05
3.66500000000000e+00 2.09598020857581e+00 2.09596975652967e+00 1.04520461374769e-05
3.67000000000000e+00 2.09027842663035e+00 2.09027163675968e+00 6.78987066704551e-06
3.67500000000000e+00 2.08173989740669e+00 2.08173678345563e+00 3.11395106544765e-06
3.68000000000000e+00 2.07044782399135e+00 2.07044772727895e+00 9.67123932049674e-08
3.68500000000000e+00 2.05650284065039e+00 2.05650453468774e+00 1.69403735084117e-06
3.69000000000000e+00 2.04002227926305e+00 2.04002418347677e+00 1.90421372225913e-06
3.69500000000000e+00 2.02113936871285e+00 2.02113983391842e+00 4.65205568289662e-07
3.70000000000000e+00 2.00000238635715e+00 2.00000000000000e+00 2.38635714655544e-06
3.70500000000000e+00 1.97677377191514e+00 1.97676762586894e+00 6.14604620685633e-06
3.71000000000000e+00 1.95162920401064e+00 1.95161907318189e+00 1.01308287496771e-05
3.71500000000000e+00 1.92475663014646e+00 1.92474302560309e+00 1.36045433680732e-05
3.72000000000000e+00 1.89635523398955e+00 1.89633931720795e+00 1.59167816049521e-05
3.72500000000000e+00 1.86663432101694e+00 1.86661769201745e+00 1.66289994854019e-05
3.73000000000000e+00 1.83581210560499e+00 1.83579650231313e+00 1.56032918581239e-05
3.73500000000000e+00 1.80411438943137e+00 1.80410135376010e+00 1.30356712642055e-05
3.74000000000000e+00 1.77177313155317e+00 1.77176370569363e+00 9.42585953889186e-06
3.74500000000000e+00 1.73902492289429e+00 1.73901943520098e+00 5.48769330710464e-06
3.75000000000000e+00 1.70610938981296e+00 1.70610737385376e+00 2.01595919135933e-06
3.75500000000000e+00 1.67326756058508e+00 1.67326782611444e+00 2.65529362275529e-07
3.76000000000000e+00 1.64074023312891e+00 1.64074107855382e+00 8.45424906747994e-07
3.76500000000000e+00 1.60876638106699e+00 1.60876590907298e+00 4.71994007655852e-07
3.77000000000000e+00 1.57758162834518e+00 1.57757810532303e+00 3.52302214823297e-06
3.77500000000000e+00 1.54741681132828e+00 1.54740900145948e+00 7.80986879611589e-06
3.78000000000000e+00 1.51849663372606e+00 1.51848404225504e+00 1.25914710151775e-05
3.78500000000000e+00 1.49103840654386e+00 1.49102138342582e+00 1.70231180400826e-05
3.79000000000000e+00 1.46525085513111e+00 1.46523053680291e+00 2.03183281990427e-05
3.79500000000000e+00 1.44133297036199e+00 1.44131106870462e+00 2.19016573683728e-05
3.80000000000000e+00 1.41947288204439e+00 1.41945135953695e+00 2.15225074420289e-05
3.80500000000000e+00 1.39984673959144e+00 1.39982743227203e+00 1.93073194170168e-05
3.81000000000000e+00 1.38261759638462e+00 1.38260185702999e+00 1.57393546265094e-05
3.81500000000000e+00 1.36793430778706e+00 1.36792273852040e+00 1.15692666642353e-05
3.82000000000000e+00 1.35593046568788e+00 1.35592279258843e+00 7.67309945648442e-06
3.82500000000000e+00 1.34672340216487e+00 1.34671851756181e+00 4.88460305381189e-06
3.83000000000000e+00 1.34041329938256e+00 1.34040946551008e+00 3.83387247793188e-06
3.83500000000000e+00 1.33708244124510e+00 1.33707761791153e+00 4.82333357276765e-06
3.84000000000000e+00 1.33679463481599e+00 1.33678686957979e+00 7.76523620360514e-06
3.84500000000000e+00 1.33959481740826e+00 1.33958262403436e+00 1.21933738999047e-05
3.85000000000000e+00 1.34550885066566e+00 1.34549150281253e+00 1.73478531320104e-05
3.85500000000000e+00 1.35454348844184e+00 1.35452117051728e+00 2.23179245610883e-05
3.86000000000000e+00 1.36668649334809e+00 1.36666027668282e+00 2.62166652706952e-05
3.86500000000000e+00 1.38190686953008e+00 1.38187851481848e+00 2.83547116017857e-05
3.87000000000000e+00 1.40015517781570e+00 1.40012679826999e+00 2.83795457047820e-05
3.87500000000000e+00 1.42136390412637e+00 1.42133755181640e+00 2.63523099712781e-05
3.88000000000000e+00 1.44544786220578e+00 1.44542511720754e+00 2.27449982359573e-05
3.88500000000000e+00 1.47230462558540e+00 1.47228627014469e+00 1.83554407022779e-05
3.89000000000000e+00 1.50181499884949e+00 1.50180084551966e+00 1.41533298319008e-05
3.89500000000000e+00 1.53384355187262e+00 1.53383246706028e+00 1.10848123420215e-05
3.90000000000000e+00 1.56823925001645e+00 1.56822937688661e+00 9.87312983768973e-06
3.90500000000000e+00 1.60483621604095e+00 1.60482535986612e+00 1.08561748308755e-05
3.91000000000000e+00 1.64345465443662e+00 1.64344075707161e+00 1.38973650032348e-05
3.91500000000000e+00 1.68390195608867e+00 1.68388356209650e+00 1.83939921742926e-05
3.92000000000000e+00 1.72597398223594e+00 1.72595059347097e+00 2.33887649765396e-05
3.92500000000000e+00 1.76945650462451e+00 1.76942873595353e+00 2.77686709786451e-05
3.93000000000000e+00 1.81412675767388e+00 1.81409624304787e+00 3.05146260095590e-05
3.93500000000000e+00 1.85975504284043e+00 1.85972409271722e+00 3.09501232009790e-05
3.94000000000000e+00 1.90610631914561e+00 1.90607738794081e+00 2.89312047994095e-05
3.94500000000000e+00 1.95294171958420e+00 1.95291679348016e+00 2.49261040412563e-05
3.95000000000000e+00 2.00001995123550e+00 2.00000000000000e+00 1.99512355021358e-05
3.95500000000000e+00 2.04709856523826e+00 2.04708320651983e+00 1.53587184228421e-05
3.96000000000000e+00 2.09393511684810e+00 2.09392261205918e+00 1.25047889256713e-05
3.96500000000000e+00 2.14028826936515e+00 2.14027590728278e+00 1.23620823710979e-05
3.97000000000000e+00 2.18591892201370e+00 2.18590375695213e+00 1.51650615638488e-05
3.97500000000000e+00 2.23059145486635e+00 2.23057126404647e+00 2.01908198786960e-05
3.98000000000000e+00 2.27407517969338e+00 2.27404940652903e+00 2.57731643542591e-05
3.98500000000000e+00 2.31614606326160e+00 2.31611643790350e+00 2.96253581009154e-05
3.99000000000000e+00 2.35658875155891e+00 2.35655924292839e+00 2.95086305279746e-05
3.99500000000000e+00 2.39519887517805e+00 2.39517464013388e+00 2.42350441692629e-05
4.00000000000000e+00 2.43178556521925e+00 2.43177062311338e+00 1.49421058663890e-05
