variables = x, value-predict, value-true, error
0.00000000000000e+00 2.42253584920063e+00 2.43177062311339e+00 9.23477391275851e-03
5.00000000000000e-03 2.45681447756157e+00 2.46616753293972e+00 9.35305537815179e-03
1.00000000000000e-02 2.48869404949097e+00 2.49819915448034e+00 9.50510498936996e-03
1.50000000000000e-02 2.51804875843762e+00 2.52771372985530e+00 9.66497141767864e-03
2.00000000000000e-02 2.54476092452908e+00 2.55457488279246e+00 9.81395826337517e-03
2.50000000000000e-02 2.56872264155573e+00 2.57866244818360e+00 9.93980662787131e-03
3.00000000000000e-02 2.58983741583762e+00 2.59987320173000e+00 1.00357858923839e-02
3.50000000000000e-02 2.60802175892188e+00 2.61812148518152e+00 1.00997262596461e-02
4.00000000000000e-02 2.62320669367384e+00 2.63333972331718e+00 1.01330296433435e-02
4.50000000000000e-02 2.63533913272085e+00 2.64547882948272e+00 1.01396967618639e-02
5.00000000000000e-02 2.64438308970014e+00 2.65450849718747e+00 1.01254074873345e-02
5.50000000000000e-02 2.65032068753028e+00 2.66041737596564e+00 1.00966884353615e-02
6.00000000000000e-02 2.65315293395868e+00 2.66321313042021e+00 1.00601964615366e-02
6.50000000000000e-02 2.65290024270498e+00 2.66292238208847e+00 1.00221393834876e-02
7.00000000000000e-02 2.64960268815635e+00 2.65959053448992e+00 9.98784633356298e-03
7.50000000000000e-02 2.64331999210240e+00 2.65328148243819e+00 9.96149033578586e-03
8.00000000000000e-02 2.63413125159368e+00 2.64407720741157e+00 9.94595581788937e-03
8.50000000000000e-02 2.62213442677252e+00 2.63207726147960e+00 9.94283470708357e-03
9.00000000000000e-02 2.60744561559993e+00 2.61739814297001e+00 9.95252737007846e-03
9.50000000000000e-02 2.59019814808224e+00 2.60017256772797e+00 9.97441964573076e-03
1.00000000000000e-01 2.57054153542959e+00 2.58054864046305e+00 1.00071050334529e-02
1.05000000000000e-01 2.54864030941721e+00 2.55868893129538e+00 1.00486218781719e-02
1.10000000000000e-01 2.52467278426896e+00 2.53476946319709e+00 1.00966789281367e-02
1.15000000000000e-01 2.49882976815348e+00 2.50897861657418e+00 1.01488484207017e-02
1.20000000000000e-01 2.47131324462925e+00 2.48151595774496e+00 1.02027131157074e-02
1.25000000000000e-01 2.44233503698604e+00 2.45259099854052e+00 1.02559615544746e-02
1.30000000000000e-01 2.41211546131378e+00 2.42242189467697e+00 1.03064333631950e-02
1.35000000000000e-01 2.38088196809981e+00 2.39123409092702e+00 1.03521228272108e-02
1.40000000000000e-01 2.34886776783459e+00 2.35925892144618e+00 1.03911536115913e-02
1.45000000000000e-01 2.31631043387000e+00 2.32673217388556e+00 1.04217400155573e-02
1.50000000000000e-01 2.28345047572503e+00 2.29389262614624e+00 1.04421504212056e-02
1.55000000000000e-01 2.25052987801058e+00 2.26098056479902e+00 1.04506867884409e-02
1.60000000000000e-01 2.21779060376699e+00 2.22823629430637e+00 1.04456905393877e-02
1.65000000000000e-01 2.18547306573437e+00 2.19589864623990e+00 1.04255805055282e-02
1.70000000000000e-01 2.15381457427988e+00 2.16420349768687e+00 1.03889234069920e-02
1.75000000000000e-01 2.12304777575026e+00 2.13338230798255e+00 1.03345322322874e-02
1.80000000000000e-01 2.09339909932207e+00 2.10366068279205e+00 1.02615834699780e-02
1.85000000000000e-01 2.06508723352264e+00 2.07525697439691e+00 1.01697408742725e-02
1.90000000000000e-01 2.03832165518204e+00 2.04838092681811e+00 1.00592716360652e-02
1.95000000000000e-01 2.01330123351642e+00 2.02323237413107e+00 9.93114061464828e-03
2.00000000000000e-01 1.99021293037560e+00 2.00000000000000e+00 9.78706962440445e-03
2.05000000000000e-01 1.96923061460985e+00 1.97886016608158e+00 9.62955147172551e-03
2.10000000000000e-01 1.95051400434076e+00 1.95997581652323e+00 9.46181218247011e-03
2.15000000000000e-01 1.93420774605832e+00 1.94349546531226e+00 9.28771925394312e-03
2.20000000000000e-01 1.92044063434445e+00 1.92955227272105e+00 9.11163837659790e-03
2.25000000000000e-01 1.90932497106471e+00 1.91826321654437e+00 8.93824547966249e-03
2.30000000000000e-01 1.90095605845037e+00 1.90972836324032e+00 8.77230478994706e-03
2.35000000000000e-01 1.89541181691248e+00 1.90403024347033e+00 8.61842655785083e-03
2.40000000000000e-01 1.89275251589387e+00 1.90123333589028e+00 8.48081999640438e-03
2.45000000000000e-01 1.89302060468233e+00 1.90138366237698e+00 8.36305769465273e-03
2.50000000000000e-01 1.89624062988905e+00 1.90450849718747e+00 8.26786729842799e-03
2.55000000000000e-01 1.90241922716742e+00 1.91061619184595e+00 8.19696467852649e-03
2.60000000000000e-01 1.91154517656207e+00 1.91969611683971e+00 8.15094027764318e-03
2.65000000000000e-01 1.92358951343925e+00 1.93171872048530e+00 8.12920704604458e-03
2.70000000000000e-01 1.93850569002552e+00 1.94663570460343e+00 8.13001457790929e-03
2.75000000000000e-01 1.95622978592115e+00 1.96438031592140e+00 8.15053000025645e-03
2.80000000000000e-01 1.97668076930884e+00 1.98486775140779e+00 8.18698209895286e-03
2.85000000000000e-01 1.99976081370775e+00 2.00799567504205e+00 8.23486133429596e-03
2.90000000000000e-01 2.02535567781311e+00 2.03364484283446e+00 8.28916502134591e-03
2.95000000000000e-01 2.05333515803040e+00 2.06167983224433e+00 8.34467421392926e-03
3.00000000000000e-01 2.08355362461865e+00 2.09194987150091e+00 8.39624688226293e-03
3.05000000000000e-01 2.11585065280017e+00 2.12428976371522e+00 8.43911091504612e-03
3.10000000000000e-01 2.15005175972707e+00 2.15852090008677e+00 8.46914035970636e-03
3.15000000000000e-01 2.18596925681698e+00 2.19445235595975e+00 8.48309914277046e-03
3.20000000000000e-01 2.22340322473393e+00 2.23188206297222e+00 8.47883823828433e-03
3.25000000000000e-01 2.26214261529359e+00 2.27059805007310e+00 8.45543477950583e-03
3.30000000000000e-01 2.30196648095869e+00 2.31037974575665e+00 8.41326479796578e-03
3.35000000000000e-01 2.34264532854016e+00 2.35099933348698e+00 8.35400494682137e-03
3.40000000000000e-01 2.38394258944244e+00 2.39222315195700e+00 8.28056251455589e-03
3.45000000000000e-01 2.42561619451235e+00 2.43381313154985e+00 8.19693703749858e-03
3.50000000000000e-01 2.46742023750342e+00 2.47552825814758e+00 8.10802064416016e-03
3.55000000000000e-01 2.50910670757283e+00 2.51712605526309e+00 8.01934769025614e-03
3.60000000000000e-01 2.55042726828697e+00 2.55836407535859e+00 7.93680707161437e-03
3.65000000000000e-01 2.59113505848926e+00 2.59900139115685e+00 7.86633266758940e-03
3.70000000000000e-01 2.63098648919871e+00 2.63880007775179e+00 7.81358855307435e-03
3.75000000000000e-01 2.66974301052388e+00 2.67752667638138e+00 7.78366585750279e-03
3.80000000000000e-01 2.70717282340050e+00 2.71495363083915e+00 7.78080743865139e-03
3.85000000000000e-01 2.74305251273923e+00 2.75086068766886e+00 7.80817492962793e-03
3.90000000000000e-01 2.77716858119496e+00 2.78503625151058e+00 7.86767031562396e-03
3.95000000000000e-01 2.80931886608695e+00 2.81727868724248e+00 7.95982115552629e-03
4.00000000000000e-01 2.83931382582093e+00 2.84739756089084e+00 8.08373506991567e-03
4.05000000000000e-01 2.86697768627759e+00 2.87521481165829e+00 8.23712538070165e-03
4.10000000000000e-01 2.89214944181989e+00 2.90056584784471e+00 8.41640602481997e-03
4.15000000000000e-01 2.91468370961887e+00 2.92330055990464e+00 8.61685028576176e-03
4.20000000000000e-01 2.93445143971474e+00 2.94328424439572e+00 8.83280468097958e-03
4.25000000000000e-01 2.95134048645000e+00 2.96039843312221e+00 9.05794667220849e-03
4.30000000000000e-01 2.96525604951135e+00 2.97454162236171e+00 9.28557285036025e-03
4.35000000000000e-01 2.97612099471104e+00 2.98562989767982e+00 9.50890296878359e-03
4.40000000000000e-01 2.98387606578632e+00 2.99359745048043e+00 9.72138469411732e-03
4.45000000000000e-01 2.98847999889859e+00 2.99839698310739e+00 9.91698420880915e-03
4.50000000000000e-01 2.98990955121098e+00 3.00000000000000e+00 1.00904487890245e-02
4.55000000000000e-01 2.98815945398627e+00 2.99839698310739e+00 1.02375291211230e-02
4.60000000000000e-01 2.98324229917521e+00 2.99359745048043e+00 1.03551513052276e-02
4.65000000000000e-01 2.97518836657638e+00 2.98562989767982e+00 1.04415311034458e-02
4.70000000000000e-01 2.96404539647418e+00 2.97454162236171e+00 1.04962258875281e-02
4.75000000000000e-01 2.94987831033791e+00 2.96039843312221e+00 1.05201227842939e-02
4.80000000000000e-01 2.93276887983087e+00 2.94328424439572e+00 1.05153645648568e-02
4.85000000000000e-01 2.91281534216655e+00 2.92330055990464e+00 1.04852177380823e-02
4.90000000000000e-01 2.89013195788160e+00 2.90056584784471e+00 1.04338899631107e-02
4.95000000000000e-01 2.86484850548270e+00 2.87521481165829e+00 1.03663061755919e-02
5.00000000000000e-01 2.83710970625806e+00 2.84739756089084e+00 1.02878546327800e-02
5.05000000000000e-01 2.80707457189431e+00 2.81727868724248e+00 1.02041153481669e-02
5.10000000000000e-01 2.77491566745553e+00 2.78503625151058e+00 1.01205840550511e-02
5.15000000000000e-01 2.74081828278291e+00 2.75086068766886e+00 1.00424048859518e-02
5.20000000000000e-01 2.70497950645844e+00 2.71495363083915e+00 9.97412438071077e-03
5.25000000000000e-01 2.66760719811008e+00 2.67752667638138e+00 9.91947827130257e-03
5.30000000000000e-01 2.62891885695999e+00 2.63880007775179e+00 9.88122079180354e-03
5.35000000000000e-01 2.58914038704739e+00 2.59900139115685e+00 9.86100410946555e-03
5.40000000000000e-01 2.54850476238453e+00 2.55836407535859e+00 9.85931297405740e-03
5.45000000000000e-01 2.50725059830497e+00 2.51712605526309e+00 9.87545695811942e-03
5.50000000000000e-01 2.46562063829856e+00 2.47552825814758e+00 9.90761984901445e-03
5.55000000000000e-01 2.42386016855693e+00 2.43381313154985e+00 9.95296299292026e-03
5.60000000000000e-01 2.38221537513459e+00 2.39222315195700e+00 1.00077768224116e-02
5.65000000000000e-01 2.34093166093624e+00 2.35099933348698e+00 1.00676725507443e-02
5.70000000000000e-01 2.30025194155693e+00 2.31037974575665e+00 1.01278041997181e-02
5.75000000000000e-01 2.26041494024071e+00 2.27059805007310e+00 1.01831098323864e-02
5.80000000000000e-01 2.22165350282824e+00 2.23188206297222e+00 1.02285601439789e-02
5.85000000000000e-01 2.18419295350744e+00 2.19445235595975e+00 1.02594024523044e-02
5.90000000000000e-01 2.14824951147385e+00 2.15852090008677e+00 1.02713886129218e-02
5.95000000000000e-01 2.11402878728947e+00 2.12428976371522e+00 1.02609764257484e-02
6.00000000000000e-01 2.08172437587329e+00 2.09194987150091e+00 1.02254956276209e-02
6.05000000000000e-01 2.05151656075826e+00 2.06167983224433e+00 1.01632714860695e-02
6.10000000000000e-01 2.02357114162379e+00 2.03364484283446e+00 1.00737012106684e-02
6.15000000000000e-01 1.99803839428436e+00 2.00799567504205e+00 9.95728075768754e-03
6.20000000000000e-01 1.97505216941191e+00 1.98486775140779e+00 9.81558199587962e-03
6.25000000000000e-01 1.95472913341603e+00 1.96438031592140e+00 9.65118250537089e-03
6.30000000000000e-01 1.93716815221502e+00 1.94663570460343e+00 9.46755238841024e-03
6.35000000000000e-01 1.92244981619777e+00 1.93171872048530e+00 9.26890428752802e-03
6.40000000000000e-01 1.91063610257965e+00 1.91969611683971e+00 9.06001426005876e-03
6.45000000000000e-01 1.90177016964614e+00 1.91061619184595e+00 8.84602219981079e-03
6.50000000000000e-01 1.89587627608800e+00 1.90450849718747e+00 8.63222109947093e-03
6.55000000000000e-01 1.89295981776922e+00 1.90138366237698e+00 8.42384460776180e-03
6.60000000000000e-01 1.89300747381738e+00 1.90123333589028e+00 8.22586207289766e-03
6.65000000000000e-01 1.89598745385967e+00 1.90403024347033e+00 8.04278961065918e-03
6.70000000000000e-01 1.90184983849381e+00 1.90972836324032e+00 7.87852474650674e-03
6.75000000000000e-01 1.91052700563096e+00 1.91826321654437e+00 7.73621091341603e-03
6.80000000000000e-01 1.92193413610768e+00 1.92955227272105e+00 7.61813661336808e-03
6.85000000000000e-01 1.93596979287225e+00 1.94349546531226e+00 7.52567244000790e-03
6.90000000000000e-01 1.95251656903593e+00 1.95997581652323e+00 7.45924748730320e-03
6.95000000000000e-01 1.97144180107854e+00 1.97886016608158e+00 7.41836500303461e-03
7.00000000000000e-01 1.99259834444779e+00 2.00000000000000e+00 7.40165555220673e-03
7.05000000000000e-01 2.01582540964023e+00 2.02323237413106e+00 7.40696449083389e-03
7.10000000000000e-01 2.04094945755290e+00 2.04838092681811e+00 7.43146926520755e-03
7.15000000000000e-01 2.06778515341186e+00 2.07525697439691e+00 7.47182098505439e-03
7.20000000000000e-01 2.09613637889149e+00 2.10366068279205e+00 7.52430390056436e-03
7.25000000000000e-01 2.12579730211950e+00 2.13338230798255e+00 7.58500586305066e-03
7.30000000000000e-01 2.15655350511093e+00 2.16420349768687e+00 7.64999257593857e-03
7.35000000000000e-01 2.18818316779227e+00 2.19589864623990e+00 7.71547844763321e-03
7.40000000000000e-01 2.22045830717643e+00 2.22823629430637e+00 7.77798712994571e-03
7.45000000000000e-01 2.25314606944904e+00 2.26098056479902e+00 7.83449534997738e-03
7.50000000000000e-01 2.28601007175290e+00 2.29389262614624e+00 7.88255439334051e-03
7.55000000000000e-01 2.31881178934152e+00 2.32673217388556e+00 7.92038454404409e-03
7.60000000000000e-01 2.35131198255163e+00 2.35925892144618e+00 7.94693889454834e-03
7.65000000000000e-01 2.38327215675614e+00 2.39123409092702e+00 7.96193417088098e-03
7.70000000000000e-01 2.41445604714686e+00 2.42242189467697e+00 7.96584753010920e-03
7.75000000000000e-01 2.44463111890244e+00 2.45259099854052e+00 7.95987963808065e-03
7.80000000000000e-01 2.47357007206483e+00 2.48151595774496e+00 7.94588568013310e-03
7.85000000000000e-01 2.50105233932194e+00 2.50897861657418e+00 7.92627725223927e-03
7.90000000000000e-01 2.52686556391566e+00 2.53476946319709e+00 7.90389928143487e-03
7.95000000000000e-01 2.55080704410527e+00 2.55868893129538e+00 7.88188719010741e-03
8.00000000000000e-01 2.57268513005515e+00 2.58054864046305e+00 7.86351040789635e-03
8.05000000000000e-01 2.59232055871766e+00 2.60017256772797e+00 7.85200901031002e-03
8.10000000000000e-01 2.60954771227960e+00 2.61739814297001e+00 7.85043069040769e-03
8.15000000000000e-01 2.62421578606028e+00 2.63207726147960e+00 7.86147541931825e-03
8.20000000000000e-01 2.63618985241014e+00 2.64407720741157e+00 7.88735500143556e-03
8.25000000000000e-01 2.64535180817240e+00 2.65328148243819e+00 7.92967426578883e-03
8.30000000000000e-01 2.65160119463639e+00 2.65959053448992e+00 7.98933985352601e-03
8.35000000000000e-01 2.65485588061610e+00 2.66292238208847e+00 8.06650147236976e-03
8.40000000000000e-01 2.65505260130383e+00 2.66321313042021e+00 8.16052911638154e-03
8.45000000000000e-01 2.65214734783078e+00 2.66041737596564e+00 8.27002813486022e-03
8.50000000000000e-01 2.64611560495048e+00 2.65450849718747e+00 8.39289223698980e-03
8.55000000000000e-01 2.63695243687002e+00 2.64547882948272e+00 8.52639261269861e-03
8.60000000000000e-01 2.62467242388812e+00 2.63333972331718e+00 8.66729942906463e-03
8.65000000000000e-01 2.60930945505534e+00 2.61812148518153e+00 8.81203012618137e-03
8.70000000000000e-01 2.59091638443208e+00 2.59987320173000e+00 8.95681729792352e-03
8.75000000000000e-01 2.56956456057053e+00 2.57866244818360e+00 9.09788761306451e-03
8.80000000000000e-01 2.54534324048009e+00 2.55457488279246e+00 9.23164231236928e-03
8.85000000000000e-01 2.51835890045897e+00 2.52771372985530e+00 9.35482939633392e-03
8.90000000000000e-01 2.48873445672037e+00 2.49819915448034e+00 9.46469775996350e-03
8.95000000000000e-01 2.45660840867516e+00 2.46616753293972e+00 9.55912426455718e-03
9.00000000000000e-01 2.42213391705500e+00 2.43177062311339e+00 9.63670605838995e-03
9.05000000000000e-01 2.38547782781760e+00 2.39517464013388e+00 9.69681231628305e-03
9.10000000000000e-01 2.34681965105243e+00 2.35655924292839e+00 9.73959187595641e-03
9.15000000000000e-01 2.30635050202939e+00 2.31611643790350e+00 9.76593587410335e-03
9.20000000000000e-01 2.26427200926102e+00 2.27404940652903e+00 9.77739726801330e-03
9.25000000000000e-01 2.22079519216174e+00 2.23057126404647e+00 9.77607188472973e-03
9.30000000000000e-01 2.17613930877537e+00 2.18590375695213e+00 9.76444817676381e-03
9.35000000000000e-01 2.13053067228850e+00 2.14027590728277e+00 9.74523499427127e-03
9.40000000000000e-01 2.08420143381748e+00 2.09392261205918e+00 9.72117824169860e-03
9.45000000000000e-01 2.03738832837760e+00 2.04708320651983e+00 9.69487814223502e-03
9.50000000000000e-01 1.99033138109664e+00 2.00000000000000e+00 9.66861890336035e-03
9.55000000000000e-01 1.94327257164535e+00 1.95291679348017e+00 9.64422183482072e-03
9.60000000000000e-01 1.89645445648686e+00 1.90607738794082e+00 9.62293145396353e-03
9.65000000000000e-01 1.85011875079951e+00 1.85972409271723e+00 9.60534191771312e-03
9.70000000000000e-01 1.80450487465007e+00 1.81409624304787e+00 9.59136839780061e-03
9.75000000000000e-01 1.75984847099393e+00 1.76942873595353e+00 9.58026495960063e-03
9.80000000000000e-01 1.71637990613161e+00 1.72595059347097e+00 9.57068733935706e-03
9.85000000000000e-01 1.67432276612560e+00 1.68388356209650e+00 9.56079597090231e-03
9.90000000000000e-01 1.63389236515596e+00 1.64344075707161e+00 9.54839191564827e-03
9.95000000000000e-01 1.59529428367187e+00 1.60482535986612e+00 9.53107619424798e-03
1.00000000000000e+00 1.55872295533024e+00 1.56822937688661e+00 9.50642155636650e-03
1.00500000000000e+00 1.52436032200624e+00 1.53383246706028e+00 9.47214505403404e-03
1.01000000000000e+00 1.49237457558283e+00 1.50180084551966e+00 9.42626993682927e-03
1.01500000000000e+00 1.46291900380996e+00 1.47228627014470e+00 9.36726633473928e-03
1.02000000000000e+00 1.43613095535938e+00 1.44542511720755e+00 9.29416184816367e-03
1.02500000000000e+00 1.41213093643114e+00 1.42133755181640e+00 9.20661538526724e-03
1.03000000000000e+00 1.39102184807001e+00 1.40012679827000e+00 9.10495019998181e-03
1.03500000000000e+00 1.37288836992618e+00 1.38187851481848e+00 8.99014489229200e-03
1.04000000000000e+00 1.35779649274825e+00 1.36666027668282e+00 8.86378393456955e-03
1.04500000000000e+00 1.34579319862506e+00 1.35452117051728e+00 8.72797189222507e-03
1.05000000000000e+00 1.33690628506733e+00 1.34549150281253e+00 8.58521774519816e-03
1.05500000000000e+00 1.33114432657920e+00 1.33958262403436e+00 8.43829745516556e-03
1.06000000000000e+00 1.32849676551136e+00 1.33678686957979e+00 8.29010406842778e-03
1.06500000000000e+00 1.32893412276465e+00 1.33707761791153e+00 8.14349514688373e-03
1.07000000000000e+00 1.33240831833544e+00 1.34040946551008e+00 8.00114717464639e-03
1.07500000000000e+00 1.33885309172921e+00 1.34671851756181e+00 7.86542583260119e-03
1.08000000000000e+00 1.34818451284981e+00 1.35592279258843e+00 7.73827973861207e-03
1.08500000000000e+00 1.36030157499894e+00 1.36792273852040e+00 7.62116352146247e-03
1.09000000000000e+00 1.37508686297760e+00 1.38260185702999e+00 7.51499405238731e-03
1.09500000000000e+00 1.39240729083375e+00 1.39982743227203e+00 7.42014143827752e-03
1.10000000000000e+00 1.41211490541157e+00 1.41945135953695e+00 7.33645412538220e-03
1.10500000000000e+00 1.43404775339369e+00 1.44131106870462e+00 7.26331531093405e-03
1.11000000000000e+00 1.45803081086202e+00 1.46523053680291e+00 7.19972594088203e-03
1.11500000000000e+00 1.48387697542845e+00 1.49102138342582e+00 7.14440799737304e-03
1.12000000000000e+00 1.51138812161691e+00 1.51848404225504e+00 7.09592063813580e-03
1.12500000000000e+00 1.54035622035386e+00 1.54740900145948e+00 7.05278110562357e-03
1.13000000000000e+00 1.57056452311432e+00 1.57757810532303e+00 7.01358220871140e-03
1.13500000000000e+00 1.60178881048012e+00 1.60876590907298e+00 6.97709859286144e-03
1.14000000000000e+00 1.63379870362724e+00 1.64074107855382e+00 6.94237492658401e-03
1.14500000000000e+00 1.66635903563769e+00 1.67326782611444e+00 6.90879047674797e-03
1.15000000000000e+00 1.69923127761980e+00 1.70610737385376e+00 6.87609623396290e-03
1.15500000000000e+00 1.73217501253388e+00 1.73901943520098e+00 6.84442266709628e-03
1.16000000000000e+00 1.76494944748803e+00 1.77176370569363e+00 6.81425820559722e-03
1.16500000000000e+00 1.79731495322696e+00 1.80410135376010e+00 6.78640053313706e-03
1.17000000000000e+00 1.82903461772044e+00 1.83579650231313e+00 6.76188459269067e-03
1.17500000000000e+00 1.85987579928794e+00 1.86661769201745e+00 6.74189272951575e-03
1.18000000000000e+00 1.88961166367420e+00 1.89633931720795e+00 6.72765353374438e-03
1.18500000000000e+00 1.91802268898872e+00 1.92474302560309e+00 6.72033661437177e-03
1.19000000000000e+00 1.94489812248060e+00 1.95161907318189e+00 6.72095070129197e-03
1.19500000000000e+00 1.97003737373955e+00 1.97676762586894e+00 6.73025212938194e-03
1.20000000000000e+00 1.99325133006006e+00 2.00000000000000e+00 6.74866993993950e-03
1.20500000000000e+00 2.01436358131194e+00 2.02113983391842e+00 6.77625260648052e-03
1.21000000000000e+00 2.03321154362815e+00 2.04002418347677e+00 6.81263984861680e-03
1.21500000000000e+00 2.04964747343507e+00 2.05650453468774e+00 6.85706125267282e-03
1.22000000000000e+00 2.06353936568384e+00 2.07044772727895e+00 6.90836159511576e-03
1.22500000000000e+00 2.07477173246301e+00 2.08173678345563e+00 6.96505099262312e-03
1.23000000000000e+00 2.08324626036267e+00 2.09027163675968e+00 7.02537639700873e-03
1.23500000000000e+00 2.08888234691253e+00 2.09596975652967e+00 7.08740961714005e-03
1.24000000000000e+00 2.09161751804549e+00 2.09876666410972e+00 7.14914606423322e-03
1.24500000000000e+00 2.09140772979148e+00 2.09861633762302e+00 7.20860783153876e-03
1.25000000000000e+00 2.08822755825081e+00 2.09549150281253e+00 7.26394456172041e-03
1.25500000000000e+00 2.08207028233600e+00 2.08938380815405e+00 7.31352581805655e-03
1.26000000000000e+00 2.07294786383246e+00 2.08030388316029e+00 7.35601932782481e-03
1.26500000000000e+00 2.06089082905928e+00 2.06828127951470e+00 7.39045045542674e-03
1.27000000000000e+00 2.04594805588366e+00 2.05336429539657e+00 7.41623951291359e-03
1.27500000000000e+00 2.02818646913329e+00 2.03561968407860e+00 7.43321494530225e-03
1.28000000000000e+00 2.00769064665039e+00 2.01513224859221e+00 7.44160194182664e-03
1.28500000000000e+00 1.98456233742602e+00 1.99200432495795e+00 7.44198753193137e-03
1.29000000000000e+00 1.95891989253089e+00 1.96635515716554e+00 7.43526463464783e-03
1.29500000000000e+00 1.93089760899195e+00 1.93832016775567e+00 7.42255876372000e-03
1.30000000000000e+00 1.90064498641916e+00 1.90805012849909e+00 7.40514207992593e-03
1.30500000000000e+00 1.86832589611031e+00 1.87571023628478e+00 7.38434017447798e-03
1.31000000000000e+00 1.83411766258261e+00 1.84147909991323e+00 7.36143733061190e-03
1.31500000000000e+00 1.79821005801214e+00 1.80554764404025e+00 7.33758602810797e-03
1.32000000000000e+00 1.76080421089378e+00 1.76811793702778e+00 7.31372613400083e-03
1.32500000000000e+00 1.72211143134204e+00 1.72940194992690e+00 7.29051858486041e-03
1.33000000000000e+00 1.68235195678973e+00 1.68962025424335e+00 7.26829745361934e-03
1.33500000000000e+00 1.64175362335028e+00 1.64900066651302e+00 7.24704316273472e-03
1.34000000000000e+00 1.60055046971899e+00 1.60777684804300e+00 7.22637832401296e-03
1.34500000000000e+00 1.55898128212062e+00 1.56618686845015e+00 7.20558632952595e-03
1.35000000000000e+00 1.51728809038369e+00 1.52447174185242e+00 7.18365146873357e-03
1.35500000000000e+00 1.47571462665486e+00 1.48287394473691e+00 7.15931808204928e-03
1.36000000000000e+00 1.43450475948546e+00 1.44163592464141e+00 7.13116515594714e-03
1.36500000000000e+00 1.39390091696020e+00 1.40099860884315e+00 7.09769188295195e-03
1.37000000000000e+00 1.35414251314652e+00 1.36119992224821e+00 7.05740910169372e-03
1.37500000000000e+00 1.31546439238715e+00 1.32247332361862e+00 7.00893123147051e-03
1.38000000000000e+00 1.27809530582335e+00 1.28504636916085e+00 6.95106333750561e-03
1.38500000000000e+00 1.24225643402860e+00 1.24913931233114e+00 6.88287830253942e-03
1.39000000000000e+00 1.20815996877790e+00 1.21496374848942e+00 6.80377971152302e-03
1.39500000000000e+00 1.17600776581709e+00 1.18272131275752e+00 6.71354694042714e-03
1.40000000000000e+00 1.14599007909231e+00 1.15260243910916e+00 6.61236001684284e-03
1.40500000000000e+00 1.11828438531790e+00 1.12478518834171e+00 6.50080302380096e-03
1.41000000000000e+00 1.09305430608131e+00 1.09943415215529e+00 6.37984607398034e-03
1.41500000000000e+00 1.07044863298390e+00 1.07669944009536e+00 6.25080711146264e-03
1.42000000000000e+00 1.05060045967311e+00 1.05671575560428e+00 6.11529593116344e-03
1.42500000000000e+00 1.03362642310310e+00 1.03960156687779e+00 5.97514377469688e-03
1.43000000000000e+00 1.01962605502692e+00 1.02545837763829e+00 5.83232261136568e-03
1.43500000000000e+00 1.00868124361410e+00 1.01437010232018e+00 5.68885870607483e-03
1.44000000000000e+00 1.00085580423298e+00 1.00640254951957e+00 5.54674528658761e-03
1.44500000000000e+00 9.96195157844825e-01 1.00160301689261e+00 5.40785904778074e-03
1.45000000000000e+00 9.94726115119119e-01 1.00000000000000e+00 5.27388488088065e-03
1.45500000000000e+00 9.96456764273232e-01 1.00160301689261e+00 5.14625261937418e-03
1.46000000000000e+00 1.00137646072443e+00 1.00640254951957e+00 5.02608879513544e-03
1.46500000000000e+00 1.00945591687146e+00 1.01437010232018e+00 4.91418544871314e-03
1.47000000000000e+00 1.02064739063574e+00 1.02545837763829e+00 4.81098700254279e-03
1.47500000000000e+00 1.03488497173086e+00 1.03960156687779e+00 4.71659514693568e-03
1.48000000000000e+00 1.05208496493055e+00 1.05671575560428e+00 4.63079067372685e-03
1.48500000000000e+00 1.07214636981345e+00 1.07669944009536e+00 4.55307028191321e-03
1.49000000000000e+00 1.09495145653114e+00 1.09943415215529e+00 4.48269562414949e-03
1.49500000000000e+00 1.12036643703517e+00 1.12478518834171e+00 4.41875130653235e-03
1.50000000000000e+00 1.14824223088861e+00 1.15260243910916e+00 4.36020822055228e-03
1.50500000000000e+00 1.17841532426954e+00 1.18272131275752e+00 4.30598848797770e-03
1.51000000000000e+00 1.21070872005975e+00 1.21496374848942e+00 4.25502842967207e-03
1.51500000000000e+00 1.24493297602344e+00 1.24913931233114e+00 4.20633630770029e-03
1.52000000000000e+00 1.28088732706132e+00 1.28504636916085e+00 4.15904209952811e-03
1.52500000000000e+00 1.31836088642046e+00 1.32247332361862e+00 4.11243719815491e-03
1.53000000000000e+00 1.35713391960887e+00 1.36119992224821e+00 4.06600263934109e-03
1.53500000000000e+00 1.39697918366227e+00 1.40099860884315e+00 4.01942518087850e-03
1.54000000000000e+00 1.43766332339389e+00 1.44163592464141e+00 3.97260124751964e-03
1.54500000000000e+00 1.47894831537288e+00 1.48287394473691e+00 3.92562936403640e-03
1.55000000000000e+00 1.52059294965696e+00 1.52447174185242e+00 3.87879219545950e-03
1.55500000000000e+00 1.56235433877047e+00 1.56618686845015e+00 3.83252967967773e-03
1.56000000000000e+00 1.60398944307115e+00 1.60777684804300e+00 3.78740497185626e-03
1.56500000000000e+00 1.64525660147944e+00 1.64900066651302e+00 3.74406503358182e-03
1.57000000000000e+00 1.68591705652439e+00 1.68962025424335e+00 3.70319771895988e-03
1.57500000000000e+00 1.72573646276268e+00 1.72940194992690e+00 3.66548716421744e-03
1.58000000000000e+00 1.76448636781487e+00 1.76811793702778e+00 3.63156921291785e-03
1.58500000000000e+00 1.80194565550728e+00 1.80554764404025e+00 3.60198853297300e-03
1.59000000000000e+00 1.83790194088838e+00 1.84147909991323e+00 3.57715902485101e-03
1.59500000000000e+00 1.87215290719662e+00 1.87571023628478e+00 3.55732908816431e-03
1.60000000000000e+00 1.90450757520372e+00 1.90805012849909e+00 3.54255329536968e-03
1.60500000000000e+00 1.93478749576178e+00 1.93832016775567e+00 3.53267199388529e-03
1.61000000000000e+00 1.96282785688082e+00 1.96635515716554e+00 3.52730028472514e-03
1.61500000000000e+00 1.98847849729059e+00 1.99200432495795e+00 3.52582766735754e-03
1.62000000000000e+00 2.01160481923202e+00 2.01513224859221e+00 3.52742936019368e-03
1.62500000000000e+00 2.03208859420021e+00 2.03561968407860e+00 3.53108987838491e-03
1.63000000000000e+00 2.04982865653047e+00 2.05336429539657e+00 3.53563886610031e-03
1.63500000000000e+00 2.06474148105789e+00 2.06828127951470e+00 3.53979845681351e-03
1.64000000000000e+00 2.07676164255093e+00 2.08030388316029e+00 3.54224060936126e-03
1.64500000000000e+00 2.08584215615096e+00 2.08938380815405e+00 3.54165200308998e-03
1.65000000000000e+00 2.09195469956055e+00 2.09549150281253e+00 3.53680325198047e-03
1.65500000000000e+00 2.09508971912206e+00 2.09861633762302e+00 3.52661850095570e-03
1.66000000000000e+00 2.09525642312268e+00 2.09876666410972e+00 3.51024098704755e-03
1.66500000000000e+00 2.09248266657317e+00 2.09596975652967e+00 3.48708995649849e-03
1.67000000000000e+00 2.08681473227828e+00 2.09027163675968e+00 3.45690448140257e-03
1.67500000000000e+00 2.07831701321689e+00 2.08173678345563e+00 3.41977023873730e-03
1.68000000000000e+00 2.06707160108364e+00 2.07044772727895e+00 3.37612619531802e-03
1.68500000000000e+00 2.05317778535041e+00 2.05650453468774e+00 3.32674933733257e-03
1.69000000000000e+00 2.03675146645579e+00 2.04002418347677e+00 3.27271702097454e-03
1.69500000000000e+00 2.01792448582106e+00 2.02113983391842e+00 3.21534809735935e-03
1.70000000000000e+00 1.99684387443753e+00 2.00000000000000e+00 3.15612556247302e-03
1.70500000000000e+00 1.97367102089678e+00 1.97676762586893e+00 3.09660497215680e-03
1.71000000000000e+00 1.94858075906254e+00 1.95161907318189e+00 3.03831411935285e-03
1.71500000000000e+00 1.92176037521894e+00 1.92474302560309e+00 2.98265038414303e-03
1.72000000000000e+00 1.89340853455913e+00 1.89633931720795e+00 2.93078264882030e-03
1.72500000000000e+00 1.86373412735322e+00 1.86661769201745e+00 2.88356466423223e-03
1.73000000000000e+00 1.83295503607184e+00 1.83579650231313e+00 2.84146624128501e-03
1.73500000000000e+00 1.80129682611797e+00 1.80410135376010e+00 2.80452764213224e-03
1.74000000000000e+00 1.76899136457384e+00 1.77176370569363e+00 2.77234111978619e-03
1.74500000000000e+00 1.73627537340469e+00 1.73901943520098e+00 2.74406179629350e-03
1.75000000000000e+00 1.70338892575313e+00 1.70610737385376e+00 2.71844810062949e-03
1.75500000000000e+00 1.67057389616465e+00 1.67326782611444e+00 2.69392994978257e-03
1.76000000000000e+00 1.63807237765581e+00 1.64074107855382e+00 2.66870089801463e-03
1.76500000000000e+00 1.60612508032634e+00 1.60876590907298e+00 2.64082874664018e-03
1.77000000000000e+00 1.57496972759556e+00 1.57757810532303e+00 2.60837772746858e-03
1.77500000000000e+00 1.54483946700681e+00 1.54740900145948e+00 2.56953445266839e-03
1.78000000000000e+00 1.51596131282272e+00 1.51848404225504e+00 2.52272943232024e-03
1.78500000000000e+00 1.48855463729762e+00 1.49102138342582e+00 2.46674612819975e-03
1.79000000000000e+00 1.46282972657238e+00 1.46523053680291e+00 2.40081023052841e-03
1.79500000000000e+00 1.43898641564222e+00 1.44131106870462e+00 2.32465306239926e-03
1.80000000000000e+00 1.41721281488698e+00 1.41945135953695e+00 2.23854464997686e-03
1.80500000000000e+00 1.39768413833944e+00 1.39982743227203e+00 2.14329393259161e-03
1.81000000000000e+00 1.38056164133795e+00 1.38260185702999e+00 2.04021569203849e-03
1.81500000000000e+00 1.36599167260652e+00 1.36792273852040e+00 1.93106591388426e-03
1.82000000000000e+00 1.35410484327481e+00 1.35592279258843e+00 1.81794931361212e-03
1.82500000000000e+00 1.34501531302498e+00 1.34671851756181e+00 1.70320453683503e-03
1.83000000000000e+00 1.33882019154615e+00 1.34040946551008e+00 1.58927396393937e-03
1.83500000000000e+00 1.33559905188211e+00 1.33707761791153e+00 1.47856602942231e-03
1.84000000000000e+00 1.33541355113170e+00 1.33678686957979e+00 1.37331844809041e-03
1.84500000000000e+00 1.33830715333423e+00 1.33958262403436e+00 1.27547070012923e-03
1.85000000000000e+00 1.34430494923851e+00 1.34549150281253e+00 1.18655357402209e-03
1.85500000000000e+00 1.35341356797995e+00 1.35452117051728e+00 1.10760253733178e-03
1.86000000000000e+00 1.36562117641411e+00 1.36666027668282e+00 1.03910026871223e-03
1.86500000000000e+00 1.38089756289072e+00 1.38187851481848e+00 9.80951927760820e-04
1.87000000000000e+00 1.39919430350125e+00 1.40012679827000e+00 9.32494768749015e-04
1.87500000000000e+00 1.42044501017879e+00 1.42133755181640e+00 8.92541637616429e-04
1.88000000000000e+00 1.44456566135659e+00 1.44542511720755e+00 8.59455850955371e-04
1.88500000000000e+00 1.47145501708457e+00 1.47228627014470e+00 8.31253060128878e-04
1.89000000000000e+00 1.50099512145298e+00 1.50180084551967e+00 8.05724066684110e-04
1.89500000000000e+00 1.53305189578689e+00 1.53383246706028e+00 7.80571273393482e-04
1.90000000000000e+00 1.56747582627915e+00 1.56822937688661e+00 7.53550607463183e-04
1.90500000000000e+00 1.60410274947461e+00 1.60482535986612e+00 7.22610391507672e-04
1.91000000000000e+00 1.64275473828142e+00 1.64344075707161e+00 6.86018790188481e-04
1.91500000000000e+00 1.68324108997599e+00 1.68388356209650e+00 6.42472120513160e-04
1.92000000000000e+00 1.72535941602437e+00 1.72595059347097e+00 5.91177446595648e-04
1.92500000000000e+00 1.76889683153447e+00 1.76942873595353e+00 5.31904419067031e-04
1.93000000000000e+00 1.81363123987383e+00 1.81409624304787e+00 4.65003174040302e-04
1.93500000000000e+00 1.85933270555405e+00 1.85972409271723e+00 3.91387163171775e-04
1.94000000000000e+00 1.90576490602446e+00 1.90607738794082e+00 3.12481916361573e-04
1.94500000000000e+00 1.95268665067038e+00 1.95291679348017e+00 2.30142809791944e-04
1.95000000000000e+00 1.99985345320864e+00 2.00000000000000e+00 1.46546791360169e-04
1.95500000000000e+00 2.04701914193374e+00 2.04708320651983e+00 6.40645860876532e-05
1.96000000000000e+00 2.09393749099325e+00 2.09392261205918e+00 1.48789340777000e-05
1.96500000000000e+00 2.14036385513201e+00 2.14027590728277e+00 8.79478492366026e-05
1.97000000000000e+00 2.18605679018029e+00 2.18590375695213e+00 1.53033228165178e-04
1.97500000000000e+00 2.23077964197697e+00 2.23057126404646e+00 2.08377930503989e-04
1.98000000000000e+00 2.27430208738353e+00 2.27404940652903e+00 2.52680854507137e-04
1.98500000000000e+00 2.31640161249884e+00 2.31611643790350e+00 2.85174595338944e-04
1.99000000000000e+00 2.35686491503752e+00 2.35655924292839e+00 3.05672109132793e-04
1.99500000000000e+00 2.39548921998135e+00 2.39517464013388e+00 3.14579847468188e-04
2.00000000000000e+00 2.43208349993155e+00 2.43177062311339e+00 3.12876818163499e-04
2.00500000000000e+00 2.46646959395796e+00 2.46616753293972e+00 3.02061018245592e-04
2.01000000000000e+00 2.49848322103897e+00 2.49819915448034e+00 2.84066558631668e-04
2.01500000000000e+00 2.52797488630462e+00 2.52771372985530e+00 2.61156449319788e-04
2.02000000000000e+00 2.55481068014325e+00 2.55457488279245e+00 2.35797350793820e-04
2.02500000000000e+00 2.57887297173666e+00 2.57866244818359e+00 2.10523553066277e-04
2.03000000000000e+00 2.60006099970490e+00 2.59987320173000e+00 1.87797974895432e-04
2.03500000000000e+00 2.61829136324249e+00 2.61812148518152e+00 1.69878060964912e-04
2.04000000000000e+00 2.63349841741948e+00 2.63333972331718e+00 1.58694102300405e-04
2.04500000000000e+00 2.64563457622246e+00 2.64547882948272e+00 1.55746739745943e-04
2.05000000000000e+00 2.65467052647251e+00 2.65450849718747e+00 1.62029285036613e-04
2.05500000000000e+00 2.66059535503766e+00 2.66041737596564e+00 1.77979072021106e-04
2.06000000000000e+00 2.66341659083469e+00 2.66321313042021e+00 2.03460414475831e-04
2.06500000000000e+00 2.66316016207351e+00 2.66292238208847e+00 2.37779985038600e-04
2.07000000000000e+00 2.65987026812658e+00 2.65959053448992e+00 2.79733636665558e-04
2.07500000000000e+00 2.65360916439706e+00 2.65328148243819e+00 3.27681958873338e-04
2.08000000000000e+00 2.64445685769648e+00 2.64407720741157e+00 3.79650284903388e-04
2.08500000000000e+00 2.63251070900734e+00 2.63207726147960e+00 4.33447527738551e-04
2.09000000000000e+00 2.61788494015911e+00 2.61739814297001e+00 4.86797189099164e-04
2.09500000000000e+00 2.60071004094224e+00 2.60017256772797e+00 5.37473214266004e-04
2.10000000000000e+00 2.58113207355315e+00 2.58054864046305e+00 5.83433090103558e-04
2.10500000000000e+00 2.55931187201731e+00 2.55868893129538e+00 6.22940721926035e-04
2.11000000000000e+00 2.53542413536744e+00 2.53476946319710e+00 6.54672170339765e-04
2.11500000000000e+00 2.50965641482899e+00 2.50897861657418e+00 6.77798254813400e-04
2.12000000000000e+00 2.48220799703585e+00 2.48151595774496e+00 6.92039290889568e-04
2.12500000000000e+00 2.45328868729366e+00 2.45259099854052e+00 6.97688753140913e-04
2.13000000000000e+00 2.42311749904607e+00 2.42242189467697e+00 6.95604369100877e-04
2.13500000000000e+00 2.39192125788088e+00 2.39123409092702e+00 6.87166953861063e-04
2.14000000000000e+00 2.35993313054069e+00 2.35925892144618e+00 6.74209094504441e-04
2.14500000000000e+00 2.32739109137195e+00 2.32673217388556e+00 6.58917486387356e-04
2.15000000000000e+00 2.29453634036043e+00 2.29389262614624e+00 6.43714214192848e-04
2.15500000000000e+00 2.26161168827444e+00 2.26098056479902e+00 6.31123475424822e-04
2.16000000000000e+00 2.22885992539729e+00 2.22823629430637e+00 6.23631090918675e-04
2.16500000000000e+00 2.19652219082782e+00 2.19589864623990e+00 6.23544587919689e-04
2.17000000000000e+00 2.16483635933453e+00 2.16420349768687e+00 6.32861647661631e-04
2.17500000000000e+00 2.13403546226213e+00 2.13338230798255e+00 6.53154279587564e-04
2.18000000000000e+00 2.10434615803261e+00 2.10366068279205e+00 6.85475240555622e-04
2.18500000000000e+00 2.07598726640379e+00 2.07525697439691e+00 7.30292006872801e-04
2.19000000000000e+00 2.04916837891487e+00 2.04838092681811e+00 7.87452096758567e-04
2.19500000000000e+00 2.02408855594773e+00 2.02323237413107e+00 8.56181816662360e-04
2.20000000000000e+00 2.00093511866226e+00 2.00000000000000e+00 9.35118662259260e-04
2.20500000000000e+00 1.97988254183126e+00 1.97886016608158e+00 1.02237574967634e-03
2.21000000000000e+00 1.96109145140836e+00 1.95997581652323e+00 1.11563488512378e-03
2.21500000000000e+00 1.94470772861465e+00 1.94349546531226e+00 1.21226330238633e-03
2.22000000000000e+00 1.93086172051353e+00 1.92955227272105e+00 1.30944779248021e-03
2.22500000000000e+00 1.91966755553510e+00 1.91826321654437e+00 1.40433899072234e-03
2.23000000000000e+00 1.91122256126380e+00 1.90972836324032e+00 1.49419802348483e-03
2.23500000000000e+00 1.90560678105197e+00 1.90403024347033e+00 1.57653758163967e-03
2.24000000000000e+00 1.90288258567450e+00 1.90123333589028e+00 1.64924978422798e-03
2.24500000000000e+00 1.90309437628639e+00 1.90138366237698e+00 1.71071390940569e-03
2.25000000000000e+00 1.90626837534715e+00 1.90450849718747e+00 1.75987815967349e-03
2.25500000000000e+00 1.91241250288269e+00 1.91061619184595e+00 1.79631103673983e-03
2.26000000000000e+00 1.92151633639189e+00 1.91969611683971e+00 1.82021955217682e-03
2.26500000000000e+00 1.93355115379046e+00 1.93171872048530e+00 1.83243330516469e-03
2.27000000000000e+00 1.94847005992386e+00 1.94663570460343e+00 1.83435532043230e-03
2.27500000000000e+00 1.96620819827989e+00 1.96438031592140e+00 1.82788235848896e-03
2.28000000000000e+00 1.98668305049455e+00 1.98486775140779e+00 1.81529908676636e-03
2.28500000000000e+00 2.00979482698392e+00 2.00799567504205e+00 1.79915194187119e-03
2.29000000000000e+00 2.03542695247406e+00 2.03364484283446e+00 1.78210963960446e-03
2.29500000000000e+00 2.06344665027902e+00 2.06167983224433e+00 1.76681803469148e-03
2.30000000000000e+00 2.09370562885297e+00 2.09194987150091e+00 1.75575735205991e-03
2.30500000000000e+00 2.12604087339898e+00 2.12428976371522e+00 1.75110968376035e-03
2.31000000000000e+00 2.16027554415897e+00 2.15852090008677e+00 1.75464407219916e-03
2.31500000000000e+00 2.19621998147060e+00 2.19445235595975e+00 1.76762551085652e-03
2.32000000000000e+00 2.23367281581114e+00 2.23188206297221e+00 1.79075283893093e-03
2.32500000000000e+00 2.27242217893680e+00 2.27059805007310e+00 1.82412886370287e-03
2.33000000000000e+00 2.31224700996177e+00 2.31037974575665e+00 1.86726420512429e-03
2.33500000000000e+00 2.35291844791649e+00 2.35099933348698e+00 1.91911442951298e-03
2.34000000000000e+00 2.39420130009241e+00 2.39222315195699e+00 1.97814813541086e-03
2.34500000000000e+00 2.43585557343840e+00 2.43381313154985e+00 2.04244188855141e-03
2.35000000000000e+00 2.47763805452738e+00 2.47552825814758e+00 2.10979637980779e-03
2.35500000000000e+00 2.51930392225472e+00 2.51712605526309e+00 2.17786699163591e-03
2.36000000000000e+00 2.56060837653351e+00 2.55836407535858e+00 2.24430117492380e-03
2.36500000000000e+00 2.60130826586392e+00 2.59900139115685e+00 2.30687470707336e-03
2.37000000000000e+00 2.64116369679004e+00 2.63880007775179e+00 2.36361903825566e-03
2.37500000000000e+00 2.67993960890947e+00 2.67752667638138e+00 2.41293252808861e-03
2.38000000000000e+00 2.71740730022571e+00 2.71495363083914e+00 2.45366938656177e-03
2.38500000000000e+00 2.75334588916715e+00 2.75086068766886e+00 2.48520149829501e-03
2.39000000000000e+00 2.78754370145143e+00 2.78503625151058e+00 2.50744994085395e-03
2.39500000000000e+00 2.81979957204831e+00 2.81727868724248e+00 2.52088480582913e-03
2.40000000000000e+00 2.84992405467699e+00 2.84739756089084e+00 2.52649378615111e-03
2.40500000000000e+00 2.87774053345269e+00 2.87521481165829e+00 2.52572179439259e-03
2.41000000000000e+00 2.90308623336341e+00 2.90056584784471e+00 2.52038551869749e-03
2.41500000000000e+00 2.92581312811716e+00 2.92330055990463e+00 2.51256821252888e-03
2.42000000000000e+00 2.94578874546858e+00 2.94328424439572e+00 2.50450107285793e-03
2.42500000000000e+00 2.96289687135669e+00 2.96039843312221e+00 2.49843823448348e-03
2.43000000000000e+00 2.97703815502126e+00 2.97454162236171e+00 2.49653265954430e-03
2.43500000000000e+00 2.98813061770650e+00 2.98562989767982e+00 2.50072002668134e-03
2.44000000000000e+00 2.99611006761657e+00 2.99359745048043e+00 2.51261713613760e-03
2.44500000000000e+00 3.00093042349562e+00 2.99839698310739e+00 2.53344038822867e-03
2.45000000000000e+00 3.00256394862254e+00 3.00000000000000e+00 2.56394862253639e-03
2.45500000000000e+00 3.00100139620987e+00 2.99839698310739e+00 2.60441310247383e-03
2.46000000000000e+00 2.99625206626628e+00 2.99359745048044e+00 2.65461578584159e-03
2.46500000000000e+00 2.98834377301535e+00 2.98562989767982e+00 2.71387533552314e-03
2.47000000000000e+00 2.97732272105816e+00 2.97454162236171e+00 2.78109869644316e-03
2.47500000000000e+00 2.96325328771536e+00 2.96039843312221e+00 2.85485459314794e-03
2.48000000000000e+00 2.94621770846886e+00 2.94328424439572e+00 2.93346407313599e-03
2.48500000000000e+00 2.92631566221290e+00 2.92330055990464e+00 3.01510230826096e-03
2.49000000000000e+00 2.90366375316599e+00 2.90056584784471e+00 3.09790532127385e-03
2.49500000000000e+00 2.87839488681520e+00 2.87521481165830e+00 3.18007515690066e-03
2.50000000000000e+00 2.85065753816120e+00 2.84739756089084e+00 3.25997727035077e-03
2.50500000000000e+00 2.82061491178081e+00 2.81727868724248e+00 3.33622453833282e-03
2.51000000000000e+00 2.78844399477362e+00 2.78503625151058e+00 3.40774326304327e-03
2.51500000000000e+00 2.75433450543832e+00 2.75086068766886e+00 3.47381776946243e-03
2.52000000000000e+00 2.71848774244665e+00 2.71495363083915e+00 3.53411160750605e-03
2.52500000000000e+00 2.68111534124997e+00 2.67752667638138e+00 3.58866486858433e-03
2.53000000000000e+00 2.64243794636452e+00 2.63880007775179e+00 3.63786861272608e-03
2.53500000000000e+00 2.60268380993927e+00 2.59900139115685e+00 3.68241878241360e-03
2.54000000000000e+00 2.56208732852760e+00 2.55836407535859e+00 3.72325316901589e-03
2.54500000000000e+00 2.52088753118849e+00 2.51712605526309e+00 3.76147592539855e-03
2.55000000000000e+00 2.47932653288315e+00 2.47552825814758e+00 3.79827473557182e-03
2.55500000000000e+00 2.43764796757966e+00 2.43381313154985e+00 3.83483602980617e-03
2.56000000000000e+00 2.39609541552418e+00 2.39222315195700e+00 3.87226356717774e-03
2.56500000000000e+00 2.35491083880110e+00 2.35099933348698e+00 3.91150531411144e-03
2.57000000000000e+00 2.31433303862011e+00 2.31037974575666e+00 3.95329286345802e-03
2.57500000000000e+00 2.27459614679238e+00 2.27059805007310e+00 3.99809671928564e-03
2.58000000000000e+00 2.23592816265420e+00 2.23188206297222e+00 4.04609968198644e-03
2.58500000000000e+00 2.19854954533998e+00 2.19445235595975e+00 4.09718938023440e-03
2.59000000000000e+00 2.16267186987458e+00 2.15852090008678e+00 4.15096978780261e-03
2.59500000000000e+00 2.12849655412075e+00 2.12428976371522e+00 4.20679040553384e-03
2.60000000000000e+00 2.09621366225330e+00 2.09194987150091e+00 4.26379075239103e-03
2.60500000000000e+00 2.06600078919395e+00 2.06167983224433e+00 4.32095694961854e-03
2.61000000000000e+00 2.03802202938053e+00 2.03364484283446e+00 4.37718654607089e-03
2.61500000000000e+00 2.01242703239215e+00 2.00799567504205e+00 4.43135735010225e-03
2.62000000000000e+00 1.98935014732735e+00 1.98486775140779e+00 4.48239591955790e-03
2.62500000000000e+00 1.96890965743759e+00 1.96438031592140e+00 4.52934151619000e-03
2.63000000000000e+00 1.95120710634018e+00 1.94663570460343e+00 4.57140173674397e-03
2.63500000000000e+00 1.93632671714586e+00 1.93171872048530e+00 4.60799666056722e-03
2.64000000000000e+00 1.92433490599904e+00 1.91969611683971e+00 4.63878915933269e-03
2.64500000000000e+00 1.91527989179178e+00 1.91061619184595e+00 4.66369994583649e-03
2.65000000000000e+00 1.90919140412354e+00 1.90450849718747e+00 4.68290693606521e-03
2.65500000000000e+00 1.90608049187562e+00 1.90138366237698e+00 4.69682949863981e-03
2.66000000000000e+00 1.90593943499587e+00 1.90123333589028e+00 4.70609910559583e-03
2.66500000000000e+00 1.90874176218913e+00 1.90403024347033e+00 4.71151871880071e-03
2.67000000000000e+00 1.91444237713615e+00 1.90972836324032e+00 4.71401389583481e-03
2.67500000000000e+00 1.92297779558181e+00 1.91826321654437e+00 4.71457903744055e-03
2.68000000000000e+00 1.93426649511960e+00 1.92955227272105e+00 4.71422239855013e-03
2.68500000000000e+00 1.94820937874856e+00 1.94349546531226e+00 4.71391343630168e-03
2.69000000000000e+00 1.96469035230024e+00 1.95997581652323e+00 4.71453577700531e-03
2.69500000000000e+00 1.98357701465606e+00 1.97886016608158e+00 4.71684857448507e-03
2.70000000000000e+00 2.00472145834195e+00 2.00000000000000e+00 4.72145834195148e-03
2.70500000000000e+00 2.02796117665536e+00 2.02323237413106e+00 4.72880252430041e-03
2.71000000000000e+00 2.05312007201481e+00 2.04838092681811e+00 4.73914519670604e-03
2.71500000000000e+00 2.08000955879478e+00 2.07525697439691e+00 4.75258439787041e-03
2.72000000000000e+00 2.10842975259015e+00 2.10366068279205e+00 4.76906979809399e-03
2.72500000000000e+00 2.13817073670616e+00 2.13338230798255e+00 4.78842872361307e-03
2.73000000000000e+00 2.16901389574616e+00 2.16420349768687e+00 4.81039805929573e-03
2.73500000000000e+00 2.20073330550407e+00 2.19589864623990e+00 4.83465926417281e-03
2.74000000000000e+00 2.23309716798098e+00 2.22823629430637e+00 4.86087367460941e-03
2.74500000000000e+00 2.26586928023125e+00 2.26098056479902e+00 4.88871543222924e-03
2.75000000000000e+00 2.29881052588162e+00 2.29389262614624e+00 4.91789973538115e-03
2.75500000000000e+00 2.33168037851852e+00 2.32673217388556e+00 4.94820463295609e-03
2.76000000000000e+00 2.36423840665220e+00 2.35925892144618e+00 4.97948520602431e-03
2.76500000000000e+00 2.39624577058504e+00 2.39123409092702e+00 5.01167965802329e-03
2.77000000000000e+00 2.42746670217352e+00 2.42242189467697e+00 5.04480749655301e-03
2.77500000000000e+00 2.45766995912726e+00 2.45259099854052e+00 5.07896058674717e-03
2.78000000000000e+00 2.48663024608643e+00 2.48151595774496e+00 5.11428834147187e-03
2.78500000000000e+00 2.51412959522989e+00 2.50897861657418e+00 5.15097865570979e-03
2.79000000000000e+00 2.53995869957429e+00 2.53476946319709e+00 5.18923637719659e-03
2.79500000000000e+00 2.56391819242488e+00 2.55868893129538e+00 5.22926112949884e-03
2.80000000000000e+00 2.58581986664690e+00 2.58054864046305e+00 5.27122618385079e-03
2.80500000000000e+00 2.60548782756279e+00 2.60017256772797e+00 5.31525983482206e-03
2.81000000000000e+00 2.62275957337686e+00 2.61739814297001e+00 5.36143040685211e-03
2.81500000000000e+00 2.63748699711865e+00 2.63207726147960e+00 5.40973563904723e-03
2.82000000000000e+00 2.64953730421309e+00 2.64407720741157e+00 5.46009680152171e-03
2.82500000000000e+00 2.65879383995902e+00 2.65328148243819e+00 5.51235752083556e-03
2.83000000000000e+00 2.66515682145201e+00 2.65959053448992e+00 5.56628696209271e-03
2.83500000000000e+00 2.66854396883921e+00 2.66292238208847e+00 5.62158675074809e-03
2.84000000000000e+00 2.66889103125128e+00 2.66321313042021e+00 5.67790083106878e-03
2.84500000000000e+00 2.66615220331992e+00 2.66041737596564e+00 5.73482735428588e-03
2.85000000000000e+00 2.66030042885425e+00 2.65450849718747e+00 5.79193166677738e-03
2.85500000000000e+00 2.65132758900181e+00 2.64547882948272e+00 5.84875951909281e-03
2.86000000000000e+00 2.63924457304621e+00 2.63333972331719e+00 5.90484972902683e-03
2.86500000000000e+00 2.62408123087334e+00 2.61812148518152e+00 5.95974569181923e-03
2.87000000000000e+00 2.60588620705179e+00 2.59987320173000e+00 6.01300532178239e-03
2.87500000000000e+00 2.58472665739917e+00 2.57866244818360e+00 6.06420921557627e-03
2.88000000000000e+00 2.56068784982292e+00 2.55457488279246e+00 6.11296703045916e-03
2.88500000000000e+00 2.53387265211064e+00 2.52771372985530e+00 6.15892225534109e-03
2.89000000000000e+00 2.50440091018336e+00 2.49819915448034e+00 6.20175570302406e-03
2.89500000000000e+00 2.47240872109592e+00 2.46616753293972e+00 6.24118815619923e-03
2.90000000000000e+00 2.43804760575988e+00 2.43177062311339e+00 6.27698264648568e-03
2.90500000000000e+00 2.40148358696487e+00 2.39517464013388e+00 6.30894683098315e-03
2.91000000000000e+00 2.36289617877882e+00 2.35655924292839e+00 6.33693585042883e-03
2.91500000000000e+00 2.32247729381825e+00 2.31611643790350e+00 6.36085591474966e-03
2.92000000000000e+00 2.28043007520206e+00 2.27404940652904e+00 6.38066867302811e-03
2.92500000000000e+00 2.23696766025091e+00 2.23057126404647e+00 6.39639620443999e-03
2.93000000000000e+00 2.19231188318687e+00 2.18590375695213e+00 6.40812623474263e-03
2.93500000000000e+00 2.14669192424873e+00 2.14027590728278e+00 6.41601696595639e-03
2.94000000000000e+00 2.10034291279119e+00 2.09392261205918e+00 6.42030073200672e-03
2.94500000000000e+00 2.05350449210559e+00 2.04708320651984e+00 6.42128558575061e-03
2.95000000000000e+00 2.00641935390687e+00 2.00000000000000e+00 6.41935390687021e-03
2.95500000000000e+00 1.95933175068792e+00 1.95291679348017e+00 6.41495720775165e-03
2.96000000000000e+00 1.91248599445511e+00 1.90607738794082e+00 6.40860651428210e-03
2.96500000000000e+00 1.86612495071835e+00 1.85972409271723e+00 6.40085800112233e-03
2.97000000000000e+00 1.82048853699823e+00 1.81409624304787e+00 6.39229395035668e-03
2.97500000000000e+00 1.77581223550051e+00 1.76942873595354e+00 6.38349954697626e-03
2.98000000000000e+00 1.73232562995777e+00 1.72595059347097e+00 6.37503648679183e-03
2.98500000000000e+00 1.69025097690194e+00 1.68388356209651e+00 6.36741480542935e-03
2.99000000000000e+00 1.64980182176745e+00 1.64344075707161e+00 6.36106469584297e-03
2.99500000000000e+00 1.61118167018803e+00 1.60482535986612e+00 6.35631032191264e-03
3.00000000000000e+00 1.57458272460967e+00 1.56822937688661e+00 6.35334772306195e-03
3.00500000000000e+00 1.54018469587650e+00 1.53383246706028e+00 6.35222881621456e-03
3.01000000000000e+00 1.50815369874972e+00 1.50180084551966e+00 6.35285323005275e-03
3.01500000000000e+00 1.47864123940828e+00 1.47228627014470e+00 6.35496926358048e-03
3.02000000000000e+00 1.45178330187946e+00 1.44542511720755e+00 6.35818467191318e-03
3.02500000000000e+00 1.42769953910806e+00 1.42133755181641e+00 6.36198729165538e-03
3.03000000000000e+00 1.40649257304841e+00 1.40012679827000e+00 6.36577477841516e-03
3.03500000000000e+00 1.38824740681964e+00 1.38187851481848e+00 6.36889200116841e-03
3.04000000000000e+00 1.37303095066730e+00 1.36666027668282e+00 6.37067398448465e-03
3.04500000000000e+00 1.36089166228410e+00 1.35452117051728e+00 6.37049176681148e-03
3.05000000000000e+00 1.35185930101162e+00 1.34549150281253e+00 6.36779819909128e-03
3.05500000000000e+00 1.34594479461135e+00 1.33958262403436e+00 6.36217057699029e-03
3.06000000000000e+00 1.34314021667766e+00 1.33678686957979e+00 6.35334709787849e-03
3.06500000000000e+00 1.34341887237066e+00 1.33707761791153e+00 6.34125445912459e-03
3.07000000000000e+00 1.34673548995741e+00 1.34040946551008e+00 6.32602444732200e-03
3.07500000000000e+00 1.35302651563310e+00 1.34671851756181e+00 6.30799807129057e-03
3.08000000000000e+00 1.36221050920392e+00 1.35592279258843e+00 6.28771661549554e-03
3.08500000000000e+00 1.37418863839517e+00 1.36792273852040e+00 6.26589987477044e-03
3.09000000000000e+00 1.38884526974126e+00 1.38260185702999e+00 6.24341271126894e-03
3.09500000000000e+00 1.40604865415831e+00 1.39982743227203e+00 6.22122188628005e-03
3.10000000000000e+00 1.42565170534022e+00 1.41945135953695e+00 6.20034580326467e-03
3.10500000000000e+00 1.44749286900949e+00 1.44131106870462e+00 6.18180030486859e-03
3.11000000000000e+00 1.47139708076130e+00 1.46523053680290e+00 6.16654395839178e-03
3.11500000000000e+00 1.49717680974661e+00 1.49102138342582e+00 6.15542632079014e-03
3.12000000000000e+00 1.52463318474620e+00 1.51848404225504e+00 6.14914249115572e-03
3.12500000000000e+00 1.55355719830861e+00 1.54740900145948e+00 6.14819684913059e-03
3.13000000000000e+00 1.58373098359425e+00 1.57757810532302e+00 6.15287827122635e-03
3.13500000000000e+00 1.61492915742952e+00 1.60876590907298e+00 6.16324835654147e-03
3.14000000000000e+00 1.64692022188612e+00 1.64074107855382e+00 6.17914333230307e-03
3.14500000000000e+00 1.67946801552366e+00 1.67326782611444e+00 6.20018940922584e-03
3.15000000000000e+00 1.71233320433197e+00 1.70610737385376e+00 6.22583047820902e-03
3.15500000000000e+00 1.74527480144655e+00 1.73901943520098e+00 6.25536624557155e-03
3.16000000000000e+00 1.77805170393896e+00 1.77176370569363e+00 6.28799824533011e-03
3.16500000000000e+00 1.81042423444952e+00 1.80410135376010e+00 6.32288068941889e-03
3.17000000000000e+00 1.84215567516242e+00 1.83579650231313e+00 6.35917284929222e-03
3.17500000000000e+00 1.87301378163693e+00 1.86661769201745e+00 6.39608961947902e-03
3.18000000000000e+00 1.90277226430320e+00 1.89633931720795e+00 6.43294709525555e-03
3.18500000000000e+00 1.93121222598824e+00 1.92474302560309e+00 6.46920038514964e-03
3.19000000000000e+00 1.95812354462550e+00 1.95161907318189e+00 6.50447144361288e-03
3.19500000000000e+00 1.98330619127650e+00 1.97676762586893e+00 6.53856540756625e-03
3.20000000000000e+00 2.00657147470351e+00 2.00000000000000e+00 6.57147470351083e-03
3.20500000000000e+00 2.02774320491984e+00 2.02113983391842e+00 6.60337100141772e-03
3.21000000000000e+00 2.04665876935265e+00 2.04002418347677e+00 6.63458587588073e-03
3.21500000000000e+00 2.06317011642791e+00 2.05650453468774e+00 6.66558174016396e-03
3.22000000000000e+00 2.07714464247797e+00 2.07044772727895e+00 6.69691519901994e-03
3.22500000000000e+00 2.08846597884446e+00 2.08173678345563e+00 6.72919538883177e-03
3.23000000000000e+00 2.09703467687228e+00 2.09027163675968e+00 6.76304011259710e-03
3.23500000000000e+00 2.10276878915362e+00 2.09596975652967e+00 6.79903262394710e-03
3.24000000000000e+00 2.10560434588100e+00 2.09876666410972e+00 6.83768177128030e-03
3.24500000000000e+00 2.10549572551847e+00 2.09861633762302e+00 6.87938789545139e-03
3.25000000000000e+00 2.10241591922269e+00 2.09549150281253e+00 6.92441641016384e-03
3.25500000000000e+00 2.09635668857243e+00 2.08938380815405e+00 6.97288041838195e-03
3.26000000000000e+00 2.08732861623384e+00 2.08030388316029e+00 7.02473307355156e-03
3.26500000000000e+00 2.07536104924140e+00 2.06828127951470e+00 7.07976972669666e-03
3.27000000000000e+00 2.06050193465260e+00 2.05336429539657e+00 7.13763925602828e-03
3.27500000000000e+00 2.04281754747483e+00 2.03561968407860e+00 7.19786339622885e-03
3.28000000000000e+00 2.02239211100058e+00 2.01513224859221e+00 7.25986240836685e-03
3.28500000000000e+00 1.99932731004540e+00 1.99200432495795e+00 7.32298508745077e-03
3.29000000000000e+00 1.97374169807641e+00 1.96635515716554e+00 7.38654091086643e-03
3.29500000000000e+00 1.94576999985244e+00 1.93832016775567e+00 7.44983209676509e-03
3.30000000000000e+00 1.91556231196277e+00 1.90805012849909e+00 7.51218346367755e-03
3.30500000000000e+00 1.88328320453105e+00 1.87571023628479e+00 7.57296824626907e-03
3.31000000000000e+00 1.84911072831945e+00 1.84147909991323e+00 7.63162840622278e-03
3.31500000000000e+00 1.81323533248894e+00 1.80554764404025e+00 7.68768844868806e-03
3.32000000000000e+00 1.77585869930769e+00 1.76811793702778e+00 7.74076227990372e-03
3.32500000000000e+00 1.73719250310787e+00 1.72940194992690e+00 7.79055318096566e-03
3.33000000000000e+00 1.69745710173116e+00 1.68962025424335e+00 7.83684748780522e-03
3.33500000000000e+00 1.65688016953765e+00 1.64900066651302e+00 7.87950302462614e-03
3.34000000000000e+00 1.61569528174779e+00 1.60777684804301e+00 7.91843370478040e-03
3.34500000000000e+00 1.57414046041724e+00 1.56618686845015e+00 7.95359196709011e-03
3.35000000000000e+00 1.53245669269393e+00 1.52447174185243e+00 7.98495084150441e-03
3.35500000000000e+00 1.49088643216454e+00 1.48287394473692e+00 8.01248742762994e-03
3.36000000000000e+00 1.44967209406851e+00 1.44163592464142e+00 8.03616942709340e-03
3.36500000000000e+00 1.40905455494712e+00 1.40099860884315e+00 8.05594610397509e-03
3.37000000000000e+00 1.36927166692504e+00 1.36119992224821e+00 8.07174467682392e-03
3.37500000000000e+00 1.33055679631239e+00 1.32247332361862e+00 8.08347269377085e-03
3.38000000000000e+00 1.29313739559969e+00 1.28504636916086e+00 8.09102643883830e-03
3.38500000000000e+00 1.25723361722735e+00 1.24913931233114e+00 8.09430489621055e-03
3.39000000000000e+00 1.22305697678226e+00 1.21496374848942e+00 8.09322829283654e-03
3.39500000000000e+00 1.19080907254287e+00 1.18272131275752e+00 8.08775978534859e-03
3.40000000000000e+00 1.16068036759528e+00 1.15260243910916e+00 8.07792848611766e-03
3.40500000000000e+00 1.13284904010872e+00 1.12478518834171e+00 8.06385176701108e-03
3.41000000000000e+00 1.10747990681854e+00 1.09943415215529e+00 8.04575466324864e-03
3.41500000000000e+00 1.08472342433649e+00 1.07669944009537e+00 8.02398424112694e-03
3.42000000000000e+00 1.06471477260942e+00 1.05671575560428e+00 7.99901700514294e-03
3.42500000000000e+00 1.04757302467875e+00 1.03960156687779e+00 7.97145780095643e-03
3.43000000000000e+00 1.03340040684963e+00 1.02545837763829e+00 7.94202921133991e-03
3.43500000000000e+00 1.02228165344019e+00 1.01437010232018e+00 7.91155112001030e-03
3.44000000000000e+00 1.01428346041690e+00 1.00640254951957e+00 7.88091089733167e-03
3.44500000000000e+00 1.00945404238793e+00 1.00160301689261e+00 7.85102549532501e-03
3.45000000000000e+00 1.00782279756758e+00 1.00000000000000e+00 7.82279756758375e-03
3.45500000000000e+00 1.00940008537855e+00 1.00160301689261e+00 7.79706848594586e-03
3.46000000000000e+00 1.01417712125652e+00 1.00640254951956e+00 7.77457173695173e-03
3.46500000000000e+00 1.02212599289586e+00 1.01437010232018e+00 7.75589057568360e-03
3.47000000000000e+00 1.03319980156490e+00 1.02545837763829e+00 7.74142392661070e-03
3.47500000000000e+00 1.04733293117593e+00 1.03960156687779e+00 7.73136429814003e-03
3.48000000000000e+00 1.06444144649452e+00 1.05671575560427e+00 7.72569089024966e-03
3.48500000000000e+00 1.08442362021366e+00 1.07669944009536e+00 7.72418011829923e-03
3.49000000000000e+00 1.10716058664057e+00 1.09943415215529e+00 7.72643448527943e-03
3.49500000000000e+00 1.13251711751827e+00 1.12478518834171e+00 7.73192917656895e-03
3.50000000000000e+00 1.16034251314541e+00 1.15260243910915e+00 7.74007403625498e-03
3.50500000000000e+00 1.19047159961083e+00 1.18272131275752e+00 7.75028685330770e-03
3.51000000000000e+00 1.22272582080029e+00 1.21496374848942e+00 7.76207231086534e-03
3.51500000000000e+00 1.25691441204562e+00 1.24913931233114e+00 7.77509971448098e-03
3.52000000000000e+00 1.29283564105851e+00 1.28504636916085e+00 7.78927189765399e-03
3.52500000000000e+00 1.33027810127662e+00 1.32247332361861e+00 7.80477765800636e-03
3.53000000000000e+00 1.36902204306493e+00 1.36119992224821e+00 7.82212081672196e-03
3.53500000000000e+00 1.40884072939610e+00 1.40099860884315e+00 7.84212055295241e-03
3.54000000000000e+00 1.44950180463915e+00 1.44163592464141e+00 7.86587999774002e-03
3.54500000000000e+00 1.49076866776448e+00 1.48287394473691e+00 7.89472302756944e-03
3.55000000000000e+00 1.53240184438009e+00 1.52447174185242e+00 7.93010252767079e-03
3.55500000000000e+00 1.57416035521311e+00 1.56618686845015e+00 7.97348676295639e-03
3.56000000000000e+00 1.61580308154586e+00 1.60777684804300e+00 8.02623350285669e-03
3.56500000000000e+00 1.65709013029830e+00 1.64900066651302e+00 8.08946378528241e-03
3.57000000000000e+00 1.69778420254448e+00 1.68962025424335e+00 8.16394830112865e-03
3.57500000000000e+00 1.73765196899112e+00 1.72940194992690e+00 8.25001906422185e-03
3.58000000000000e+00 1.77646545421460e+00 1.76811793702778e+00 8.34751718681837e-03
3.58500000000000e+00 1.81400342833073e+00 1.80554764404025e+00 8.45578429048044e-03
3.59000000000000e+00 1.85005280055146e+00 1.84147909991322e+00 8.57370063823515e-03
3.59500000000000e+00 1.88441000424784e+00 1.87571023628478e+00 8.69976796305227e-03
3.60000000000000e+00 1.91688235830814e+00 1.90805012849909e+00 8.83222980904885e-03
3.60500000000000e+00 1.94728938542677e+00 1.93832016775567e+00 8.96921767110404e-03
3.61000000000000e+00 1.97546406510546e+00 1.96635515716554e+00 9.10890793991381e-03
3.61500000000000e+00 2.00125399806853e+00 1.99200432495795e+00 9.24967311058267e-03
3.62000000000000e+00 2.02452245973279e+00 2.01513224859221e+00 9.39021114058392e-03
3.62500000000000e+00 2.04514932330216e+00 2.03561968407860e+00 9.52963922356398e-03
3.63000000000000e+00 2.06303183767754e+00 2.05336429539657e+00 9.66754228097377e-03
3.63500000000000e+00 2.07808525115588e+00 2.06828127951470e+00 9.80397164117930e-03
3.64000000000000e+00 2.09024327816757e+00 2.08030388316029e+00 9.93939500727992e-03
3.64500000000000e+00 2.09945841235241e+00 2.08938380815405e+00 1.00746041983601e-02
3.65000000000000e+00 2.10570209444570e+00 2.09549150281253e+00 1.02105916331756e-02
3.65500000000000e+00 2.10896474722848e+00 2.09861633762302e+00 1.03484096054651e-02
3.66000000000000e+00 2.10925569188786e+00 2.09876666410972e+00 1.04890277781355e-02
3.66500000000000e+00 2.10660296046085e+00 2.09596975652967e+00 1.06332039311763e-02
3.67000000000000e+00 2.10105301774682e+00 2.09027163675968e+00 1.07813809871358e-02
3.67500000000000e+00 2.09267040349579e+00 2.08173678345563e+00 1.09336200401655e-02
3.68000000000000e+00 2.08153730226471e+00 2.07044772727895e+00 1.10895749857534e-02
3.68500000000000e+00 2.06775304458503e+00 2.05650453468774e+00 1.12485098972885e-02
3.69000000000000e+00 2.05143353949828e+00 2.04002418347677e+00 1.14093560215136e-02
3.69500000000000e+00 2.03271063551577e+00 2.02113983391842e+00 1.15708015973461e-02
3.70000000000000e+00 2.01173140495867e+00 2.00000000000000e+00 1.17314049586641e-02
3.70500000000000e+00 1.98865734561233e+00 1.97676762586894e+00 1.18897197433923e-02
3.71000000000000e+00 1.96366349371731e+00 1.95161907318189e+00 1.20444205354182e-02
3.71500000000000e+00 1.93693744342498e+00 1.92474302560309e+00 1.21944178218947e-02
3.72000000000000e+00 1.90867826976838e+00 1.89633931720795e+00 1.23389525604367e-02
3.72500000000000e+00 1.87909535468151e+00 1.86661769201745e+00 1.24776626640544e-02
3.73000000000000e+00 1.84840711836763e+00 1.83579650231313e+00 1.26106160545001e-02
3.73500000000000e+00 1.81683966112907e+00 1.80410135376010e+00 1.27383073689686e-02
3.74000000000000e+00 1.78462532345962e+00 1.77176370569363e+00 1.28616177659915e-02
3.74500000000000e+00 1.75200117469652e+00 1.73901943520098e+00 1.29817394955387e-02
3.75000000000000e+00 1.71920744286612e+00 1.70610737385376e+00 1.31000690123593e-02
3.75500000000000e+00 1.68648590065071e+00 1.67326782611444e+00 1.32180745362727e-02
3.76000000000000e+00 1.65407822479780e+00 1.64074107855382e+00 1.33371462439824e-02
3.76500000000000e+00 1.62222434888391e+00 1.60876590907298e+00 1.34584398109265e-02
3.77000000000000e+00 1.59116083209099e+00 1.57757810532303e+00 1.35827267679618e-02
3.77500000000000e+00 1.56111926927681e+00 1.54740900145948e+00 1.37102678173211e-02
3.78000000000000e+00 1.53232476954952e+00 1.51848404225504e+00 1.38407272944727e-02
3.78500000000000e+00 1.50499453092247e+00 1.49102138342582e+00 1.39731474966509e-02
3.79000000000000e+00 1.47933653635836e+00 1.46523053680291e+00 1.41059995554524e-02
3.79500000000000e+00 1.45554839057499e+00 1.44131106870462e+00 1.42373218703724e-02
3.80000000000000e+00 1.43381630671223e+00 1.41945135953695e+00 1.43649471752791e-02
3.80500000000000e+00 1.41431423749529e+00 1.39982743227203e+00 1.44868052232625e-02
3.81000000000000e+00 1.39720312821643e+00 1.38260185702999e+00 1.46012711864392e-02
3.81500000000000e+00 1.38263025144559e+00 1.36792273852040e+00 1.47075129251935e-02
3.82000000000000e+00 1.37072856986608e+00 1.35592279258843e+00 1.48057772776502e-02
3.82500000000000e+00 1.36161606858403e+00 1.34671851756181e+00 1.48975510222151e-02
3.83000000000000e+00 1.35539500568981e+00 1.34040946551008e+00 1.49855401797265e-02
3.83500000000000e+00 1.35215105176956e+00 1.33707761791153e+00 1.50734338580232e-02
3.84000000000000e+00 1.35195232422111e+00 1.33678686957979e+00 1.51654546413209e-02
3.84500000000000e+00 1.35484836545354e+00 1.33958262403436e+00 1.52657414191804e-02
3.85000000000000e+00 1.36086915670697e+00 1.34549150281253e+00 1.53776538944395e-02
3.85500000000000e+00 1.37002429086032e+00 1.35452117051728e+00 1.55031203430376e-02
3.86000000000000e+00 1.38230243849009e+00 1.36666027668282e+00 1.56421618072735e-02
3.86500000000000e+00 1.39767122545522e+00 1.38187851481848e+00 1.57927106367410e-02
3.87000000000000e+00 1.41607759701186e+00 1.40012679826999e+00 1.59507987418632e-02
3.87500000000000e+00 1.43744867904248e+00 1.42133755181640e+00 1.61111272260765e-02
3.88000000000000e+00 1.46169307313576e+00 1.44542511720754e+00 1.62679559282199e-02
3.88500000000000e+00 1.48870245376881e+00 1.47228627014469e+00 1.64161836241183e-02
3.89000000000000e+00 1.51835328718249e+00 1.50180084551966e+00 1.65524416628275e-02
3.89500000000000e+00 1.55050847348152e+00 1.53383246706028e+00 1.66760064212439e-02
3.90000000000000e+00 1.58501873068867e+00 1.56822937688661e+00 1.67893538020645e-02
3.90500000000000e+00 1.62172358952346e+00 1.60482535986612e+00 1.68982296573492e-02
3.91000000000000e+00 1.66045194177077e+00 1.64344075707161e+00 1.70111846991572e-02
3.91500000000000e+00 1.70102217010223e+00 1.68388356209650e+00 1.71386080057296e-02
3.92000000000000e+00 1.74324196839802e+00 1.72595059347097e+00 1.72913749270514e-02
3.92500000000000e+00 1.78690802556370e+00 1.76942873595353e+00 1.74792896101714e-02
3.93000000000000e+00 1.83180578276079e+00 1.81409624304787e+00 1.77095397129250e-02
3.93500000000000e+00 1.87770947912582e+00 1.85972409271722e+00 1.79853864085922e-02
3.94000000000000e+00 1.92438267507551e+00 1.90607738794081e+00 1.83052871346936e-02
3.94500000000000e+00 1.97157939053676e+00 1.95291679348016e+00 1.86625970565952e-02
3.95000000000000e+00 2.01904592659912e+00 2.00000000000000e+00 1.90459265991210e-02
3.95500000000000e+00 2.06652336346686e+00 2.04708320651983e+00 1.94401569470219e-02
3.96000000000000e+00 2.11375065534901e+00 2.09392261205918e+00 1.98280432898361e-02
3.96500000000000e+00 2.16046818263026e+00 2.14027590728278e+00 2.01922753474815e-02
3.97000000000000e+00 2.20642157928522e+00 2.18590375695213e+00 2.05178223330882e-02
3.97500000000000e+00 2.25136563198178e+00 2.23057126404647e+00 2.07943679353062e-02
3.98000000000000e+00 2.29506804666607e+00 2.27404940652903e+00 2.10186401370378e-02
3.98500000000000e+00 2.33731289616550e+00 2.31611643790350e+00 2.11964582620037e-02
3.99000000000000e+00 2.37790359429557e+00 2.35655924292839e+00 2.13443513671807e-02
3.99500000000000e+00 2.41666528302072e+00 2.39517464013388e+00 2.14906428868344e-02
4.00000000000000e+00 2.45344656420287e+00 2.43177062311338e+00 2.16759410894807e-02
