variables = x, value-predict, value-true, error
0.00000000000000e+00 2.43217338815594e+00 2.43177062311339e+00 4.02765042552211e-04
5.00000000000000e-03 2.46653772983183e+00 2.46616753293972e+00 3.70196892109931e-04
1.00000000000000e-02 2.49853534683786e+00 2.49819915448034e+00 3.36192357527576e-04
1.50000000000000e-02 2.52801473883514e+00 2.52771372985530e+00 3.01008979839867e-04
2.00000000000000e-02 2.55483949695536e+00 2.55457488279246e+00 2.64614162901911e-04
2.50000000000000e-02 2.57888937108031e+00 2.57866244818360e+00 2.26922896708892e-04
3.00000000000000e-02 2.60006113961456e+00 2.59987320173000e+00 1.87937884555733e-04
3.50000000000000e-02 2.61826929436404e+00 2.61812148518152e+00 1.47809182510894e-04
4.00000000000000e-02 2.63344655677309e+00 2.63333972331718e+00 1.06833455903121e-04
4.50000000000000e-02 2.64554424333797e+00 2.64547882948272e+00 6.54138552560468e-05
5.00000000000000e-02 2.65453249762972e+00 2.65450849718747e+00 2.40004422482620e-05
5.50000000000000e-02 2.66040040431849e+00 2.66041737596564e+00 1.69716471498660e-05
6.00000000000000e-02 2.66315599732025e+00 2.66321313042021e+00 5.71330999643571e-05
6.50000000000000e-02 2.66282617019619e+00 2.66292238208847e+00 9.62118922740451e-05
7.00000000000000e-02 2.65945649276815e+00 2.65959053448992e+00 1.34041721766565e-04
7.50000000000000e-02 2.65311093409530e+00 2.65328148243819e+00 1.70548342891763e-04
8.00000000000000e-02 2.64387148894292e+00 2.64407720741157e+00 2.05718468655469e-04
8.50000000000000e-02 2.63183770300869e+00 2.63207726147960e+00 2.39558470906065e-04
9.00000000000000e-02 2.61712609165564e+00 2.61739814297001e+00 2.72051314368582e-04
9.50000000000000e-02 2.59986944777012e+00 2.60017256772797e+00 3.03119957848708e-04
1.00000000000000e-01 2.58021603648632e+00 2.58054864046305e+00 3.32603976724410e-04
1.05000000000000e-01 2.55832867761056e+00 2.55868893129538e+00 3.60253684819511e-04
1.10000000000000e-01 2.53438372023316e+00 2.53476946319709e+00 3.85742963931346e-04
1.15000000000000e-01 2.50856991775475e+00 2.50897861657418e+00 4.08698819429620e-04
1.20000000000000e-01 2.48108721488907e+00 2.48151595774496e+00 4.28742855885123e-04
1.25000000000000e-01 2.45214546070362e+00 2.45259099854052e+00 4.45537836898602e-04
1.30000000000000e-01 2.42196306310651e+00 2.42242189467697e+00 4.58831570463225e-04
1.35000000000000e-01 2.39076560023538e+00 2.39123409092702e+00 4.68490691640344e-04
1.40000000000000e-01 2.35878440299259e+00 2.35925892144618e+00 4.74518453595696e-04
1.45000000000000e-01 2.32625512073376e+00 2.32673217388556e+00 4.77053151803908e-04
1.50000000000000e-01 2.29341627924170e+00 2.29389262614624e+00 4.76346904537461e-04
1.55000000000000e-01 2.26050783709316e+00 2.26098056479902e+00 4.72727705863818e-04
1.60000000000000e-01 2.22776974386204e+00 2.22823629430637e+00 4.66550444333524e-04
1.65000000000000e-01 2.19544050175150e+00 2.19589864623990e+00 4.58144488401757e-04
1.70000000000000e-01 2.16375573152715e+00 2.16420349768687e+00 4.47766159725305e-04
1.75000000000000e-01 2.13294674416701e+00 2.13338230798255e+00 4.35563815536444e-04
1.80000000000000e-01 2.10323912137310e+00 2.10366068279205e+00 4.21561418948002e-04
1.85000000000000e-01 2.07485131072797e+00 2.07525697439691e+00 4.05663668944900e-04
1.90000000000000e-01 2.04799324439557e+00 2.04838092681811e+00 3.87682422540170e-04
1.95000000000000e-01 2.02286499334096e+00 2.02323237413107e+00 3.67380790105010e-04
2.00000000000000e-01 1.99965547155552e+00 2.00000000000000e+00 3.44528444483183e-04
2.05000000000000e-01 1.97854120628131e+00 1.97886016608158e+00 3.18959800264640e-04
2.10000000000000e-01 1.95968519043448e+00 1.95997581652323e+00 2.90626088752299e-04
2.15000000000000e-01 1.94323583223051e+00 1.94349546531226e+00 2.59633081749255e-04
2.20000000000000e-01 1.92932601451832e+00 1.92955227272105e+00 2.26258202724150e-04
2.25000000000000e-01 1.91807227282613e+00 1.91826321654437e+00 1.90943718242798e-04
2.30000000000000e-01 1.90957409704563e+00 1.90972836324032e+00 1.54266194684061e-04
2.35000000000000e-01 1.90391335754426e+00 1.90403024347033e+00 1.16885926068067e-04
2.40000000000000e-01 1.90115385281415e+00 1.90123333589028e+00 7.94830761259302e-05
2.45000000000000e-01 1.90134097298963e+00 1.90138366237698e+00 4.26893873481937e-05
2.50000000000000e-01 1.90450147201025e+00 1.90450849718747e+00 7.02517722306339e-06
2.55000000000000e-01 1.91064334102197e+00 1.91061619184595e+00 2.71491760257536e-05
2.60000000000000e-01 1.91975577675148e+00 1.91969611683971e+00 5.96599117701491e-05
2.65000000000000e-01 1.93180924082975e+00 1.93171872048530e+00 9.05203444545588e-05
2.70000000000000e-01 1.94675560899580e+00 1.94663570460343e+00 1.19904392366310e-04
2.75000000000000e-01 1.96452841228576e+00 1.96438031592140e+00 1.48096364354311e-04
2.80000000000000e-01 1.98504317516503e+00 1.98486775140779e+00 1.75423757241999e-04
2.85000000000000e-01 2.00819785757586e+00 2.00799567504205e+00 2.02182533811879e-04
2.90000000000000e-01 2.03387340862788e+00 2.03364484283446e+00 2.28565793425783e-04
2.95000000000000e-01 2.06193443889300e+00 2.06167983224433e+00 2.54606648665057e-04
3.00000000000000e-01 2.09223001592319e+00 2.09194987150091e+00 2.80144422276418e-04
3.05000000000000e-01 2.12459458386486e+00 2.12428976371522e+00 3.04820149641838e-04
3.10000000000000e-01 2.15884900329265e+00 2.15852090008677e+00 3.28103205876396e-04
3.15000000000000e-01 2.19480170220693e+00 2.19445235595975e+00 3.49346247178861e-04
3.20000000000000e-01 2.23224992421723e+00 2.23188206297222e+00 3.67861245011536e-04
3.25000000000000e-01 2.27098105596418e+00 2.27059805007310e+00 3.83005891085642e-04
3.30000000000000e-01 2.31077401341050e+00 2.31037974575665e+00 3.94267653844427e-04
3.35000000000000e-01 2.35140066615035e+00 2.35099933348698e+00 4.01332663364506e-04
3.40000000000000e-01 2.39262728045746e+00 2.39222315195700e+00 4.04128500458789e-04
3.45000000000000e-01 2.43421596520552e+00 2.43381313154985e+00 4.02833655667401e-04
3.50000000000000e-01 2.47592610953712e+00 2.47552825814758e+00 3.97851389542403e-04
3.55000000000000e-01 2.51751580647749e+00 2.51712605526309e+00 3.89751214401102e-04
3.60000000000000e-01 2.55874326171662e+00 2.55836407535859e+00 3.79186358035799e-04
3.65000000000000e-01 2.59936819066917e+00 2.59900139115685e+00 3.66799512313776e-04
3.70000000000000e-01 2.63915320898914e+00 2.63880007775179e+00 3.53131237355697e-04
3.75000000000000e-01 2.67786522158345e+00 2.67752667638138e+00 3.38545202063223e-04
3.80000000000000e-01 2.71527681282060e+00 2.71495363083915e+00 3.23181981451981e-04
3.85000000000000e-01 2.75116763643739e+00 2.75086068766886e+00 3.06948768534987e-04
3.90000000000000e-01 2.78532579829506e+00 2.78503625151058e+00 2.89546784479011e-04
3.95000000000000e-01 2.81754921952614e+00 2.81727868724248e+00 2.70532283659808e-04
4.00000000000000e-01 2.84764696269199e+00 2.84739756089084e+00 2.49401801147631e-04
4.05000000000000e-01 2.87544050017916e+00 2.87521481165829e+00 2.25688520870904e-04
4.10000000000000e-01 2.90076490278912e+00 2.90056584784471e+00 1.99054944410637e-04
4.15000000000000e-01 2.92346992756330e+00 2.92330055990464e+00 1.69367658667596e-04
4.20000000000000e-01 2.94342098720051e+00 2.94328424439572e+00 1.36742804786927e-04
4.25000000000000e-01 2.96049998848835e+00 2.96039843312221e+00 1.01555366146755e-04
4.30000000000000e-01 2.97460603325311e+00 2.97454162236171e+00 6.44108914018560e-05
4.35000000000000e-01 2.98565598157225e+00 2.98562989767982e+00 2.60838924233120e-05
4.40000000000000e-01 2.99358488254025e+00 2.99359745048043e+00 1.25679401836720e-05
4.45000000000000e-01 2.99834628201919e+00 2.99839698310739e+00 5.07010882015990e-05
4.50000000000000e-01 2.99991241906162e+00 3.00000000000000e+00 8.75809383789061e-05
4.55000000000000e-01 2.99827432288006e+00 2.99839698310739e+00 1.22660227338756e-04
4.60000000000000e-01 2.99344182046849e+00 2.99359745048043e+00 1.55630011947849e-04
4.65000000000000e-01 2.98544346164444e+00 2.98562989767982e+00 1.86436035382265e-04
4.70000000000000e-01 2.97432636396779e+00 2.97454162236171e+00 2.15258393926998e-04
4.75000000000000e-01 2.96015597541825e+00 2.96039843312221e+00 2.42457703961918e-04
4.80000000000000e-01 2.94301574861393e+00 2.94328424439572e+00 2.68495781798883e-04
4.85000000000000e-01 2.92300671739229e+00 2.92330055990464e+00 2.93842512348430e-04
4.90000000000000e-01 2.90024696525869e+00 2.90056584784471e+00 3.18882586026970e-04
4.95000000000000e-01 2.87487097581837e+00 2.87521481165829e+00 3.43835839919482e-04
5.00000000000000e-01 2.84702885786448e+00 2.84739756089084e+00 3.68703026365935e-04
5.05000000000000e-01 2.81688544204454e+00 2.81727868724248e+00 3.93245197940928e-04
5.10000000000000e-01 2.78461925147443e+00 2.78503625151058e+00 4.17000036146309e-04
5.15000000000000e-01 2.75042135462718e+00 2.75086068766886e+00 4.39333041673429e-04
5.20000000000000e-01 2.71449411451576e+00 2.71495363083915e+00 4.59516323389142e-04
5.25000000000000e-01 2.67704985284333e+00 2.67752667638138e+00 4.76823538049231e-04
5.30000000000000e-01 2.63830945076490e+00 2.63880007775179e+00 4.90626986891840e-04
5.35000000000000e-01 2.59850090876967e+00 2.59900139115685e+00 5.00482387185919e-04
5.40000000000000e-01 2.55785788683170e+00 2.55836407535859e+00 5.06188526883999e-04
5.45000000000000e-01 2.51661824259488e+00 2.51712605526309e+00 5.07812668203655e-04
5.50000000000000e-01 2.47502258047677e+00 2.47552825814758e+00 5.05677670808335e-04
5.55000000000000e-01 2.43331281895413e+00 2.43381313154985e+00 5.00312595717922e-04
5.60000000000000e-01 2.39173077781733e+00 2.39222315195700e+00 4.92374139669405e-04
5.65000000000000e-01 2.35051678272650e+00 2.35099933348698e+00 4.82550760485090e-04
5.70000000000000e-01 2.30990828168994e+00 2.31037974575665e+00 4.71464066713612e-04
5.75000000000000e-01 2.27013846755934e+00 2.27059805007310e+00 4.59582513760104e-04
5.80000000000000e-01 2.23143490238990e+00 2.23188206297222e+00 4.47160582314865e-04
5.85000000000000e-01 2.19401814326597e+00 2.19445235595975e+00 4.34212693783298e-04
5.90000000000000e-01 2.15810037433336e+00 2.15852090008677e+00 4.20525753411560e-04
5.95000000000000e-01 2.12388405546807e+00 2.12428976371522e+00 4.05708247149583e-04
6.00000000000000e-01 2.09156060331103e+00 2.09194987150091e+00 3.89268189882053e-04
6.05000000000000e-01 2.06130912443626e+00 2.06167983224433e+00 3.70707808071025e-04
6.10000000000000e-01 2.03329522251741e+00 2.03364484283446e+00 3.49620317043886e-04
6.15000000000000e-01 2.00766990114718e+00 2.00799567504205e+00 3.25773894874093e-04
6.20000000000000e-01 1.98456858143164e+00 1.98486775140779e+00 2.99169976146096e-04
6.25000000000000e-01 1.96411024896871e+00 1.96438031592140e+00 2.70066952695824e-04
6.30000000000000e-01 1.94639673895479e+00 1.94663570460343e+00 2.38965648642564e-04
6.35000000000000e-01 1.93151216176408e+00 1.93171872048530e+00 2.06558721219441e-04
6.40000000000000e-01 1.91952246528215e+00 1.91969611683971e+00 1.73651557559662e-04
6.45000000000000e-01 1.91047512535395e+00 1.91061619184595e+00 1.41066492000741e-04
6.50000000000000e-01 1.90439895254219e+00 1.90450849718747e+00 1.09544645280568e-04
6.55000000000000e-01 1.90130400233911e+00 1.90138366237698e+00 7.96600378671908e-05
6.60000000000000e-01 1.90118157707621e+00 1.90123333589028e+00 5.17588140656056e-05
6.65000000000000e-01 1.90400431077330e+00 1.90403024347033e+00 2.59326970268869e-05
6.70000000000000e-01 1.90972633253083e+00 1.90972836324032e+00 2.03070949034156e-06
6.75000000000000e-01 1.91828350907641e+00 1.91826321654437e+00 2.02925320389458e-05
6.80000000000000e-01 1.92959377190705e+00 1.92955227272105e+00 4.14991860056002e-05
6.85000000000000e-01 1.94355753831212e+00 1.94349546531226e+00 6.20729998652703e-05
6.90000000000000e-01 1.96005823772965e+00 1.95997581652323e+00 8.24212064145513e-05
6.95000000000000e-01 1.97896295491144e+00 1.97886016608158e+00 1.02788829856815e-04
7.00000000000000e-01 2.00012319908273e+00 2.00000000000000e+00 1.23199082730618e-04
7.05000000000000e-01 2.02337580385053e+00 2.02323237413106e+00 1.43429719469790e-04
7.10000000000000e-01 2.04854395655441e+00 2.04838092681811e+00 1.63029736297560e-04
7.15000000000000e-01 2.07543834886073e+00 2.07525697439691e+00 1.81374463815942e-04
7.20000000000000e-01 2.10385843365713e+00 2.10366068279205e+00 1.97750865079893e-04
7.25000000000000e-01 2.13359376772750e+00 2.13338230798255e+00 2.11459744953402e-04
7.30000000000000e-01 2.16442541617338e+00 2.16420349768687e+00 2.21918486507544e-04
7.35000000000000e-01 2.19612739370195e+00 2.19589864623990e+00 2.28747462054812e-04
7.40000000000000e-01 2.22846811991743e+00 2.22823629430637e+00 2.31825611060721e-04
7.45000000000000e-01 2.26121187034863e+00 2.26098056479902e+00 2.31305549606375e-04
7.50000000000000e-01 2.29412021137794e+00 2.29389262614624e+00 2.27585231705518e-04
7.55000000000000e-01 2.32695341440964e+00 2.32673217388556e+00 2.21240524080457e-04
7.60000000000000e-01 2.35947185125855e+00 2.35925892144618e+00 2.12929812373197e-04
7.65000000000000e-01 2.39143737763887e+00 2.39123409092702e+00 2.03286711855988e-04
7.70000000000000e-01 2.42261471385465e+00 2.42242189467697e+00 1.92819177678327e-04
7.75000000000000e-01 2.45277283088015e+00 2.45259099854052e+00 1.81832339634536e-04
7.80000000000000e-01 2.48168634608704e+00 2.48151595774496e+00 1.70388342083161e-04
7.85000000000000e-01 2.50913692661439e+00 2.50897861657418e+00 1.58310040212495e-04
7.90000000000000e-01 2.53491469092715e+00 2.53476946319709e+00 1.45227730059538e-04
7.95000000000000e-01 2.55881959184820e+00 2.55868893129538e+00 1.30660552824402e-04
8.00000000000000e-01 2.58066275863705e+00 2.58054864046305e+00 1.14118174006528e-04
8.05000000000000e-01 2.60026777260293e+00 2.60017256772797e+00 9.52048749542911e-05
8.10000000000000e-01 2.61747185087718e+00 2.61739814297001e+00 7.37079071742031e-05
8.15000000000000e-01 2.63212691634133e+00 2.63207726147960e+00 4.96548617308079e-05
8.20000000000000e-01 2.64410053774719e+00 2.64407720741157e+00 2.33303356118597e-05
8.25000000000000e-01 2.65327673175527e+00 2.65328148243819e+00 4.75068292260517e-06
8.30000000000000e-01 2.65955662667890e+00 2.65959053448992e+00 3.39078110123125e-05
8.35000000000000e-01 2.66285899485511e+00 2.66292238208847e+00 6.33872333577479e-05
8.40000000000000e-01 2.66312066567235e+00 2.66321313042021e+00 9.24647478650620e-05
8.45000000000000e-01 2.66029683365257e+00 2.66041737596564e+00 1.20542313072569e-04
8.50000000000000e-01 2.65436127537394e+00 2.65450849718747e+00 1.47221813533438e-04
8.55000000000000e-01 2.64530648569590e+00 2.64547882948272e+00 1.72343786812856e-04
8.60000000000000e-01 2.63314373841111e+00 2.63333972331718e+00 1.95984906072866e-04
8.65000000000000e-01 2.61790307011833e+00 2.61812148518153e+00 2.18415063193866e-04
8.70000000000000e-01 2.59963317995260e+00 2.59987320173000e+00 2.40021777408561e-04
8.75000000000000e-01 2.57840123295903e+00 2.57866244818360e+00 2.61215224565348e-04
8.80000000000000e-01 2.55429255227948e+00 2.55457488279246e+00 2.82330512974216e-04
8.85000000000000e-01 2.52741018550669e+00 2.52771372985530e+00 3.03544348611684e-04
8.90000000000000e-01 2.49787433366620e+00 2.49819915448034e+00 3.24820814139759e-04
8.95000000000000e-01 2.46582163694284e+00 2.46616753293972e+00 3.45895996878287e-04
9.00000000000000e-01 2.43140431866591e+00 2.43177062311339e+00 3.66304447479315e-04
9.05000000000000e-01 2.39478919706495e+00 2.39517464013388e+00 3.85443068929181e-04
9.10000000000000e-01 2.35615658162133e+00 2.35655924292839e+00 4.02661307057794e-04
9.15000000000000e-01 2.31569907624898e+00 2.31611643790350e+00 4.17361654520221e-04
9.20000000000000e-01 2.27362031411374e+00 2.27404940652903e+00 4.29092415291432e-04
9.25000000000000e-01 2.23013364818611e+00 2.23057126404647e+00 4.37615860354068e-04
9.30000000000000e-01 2.18546081774235e+00 2.18590375695213e+00 4.42939209775783e-04
9.35000000000000e-01 2.13983060469403e+00 2.14027590728277e+00 4.45302588746532e-04
9.40000000000000e-01 2.09347748602806e+00 2.09392261205918e+00 4.45126031117127e-04
9.45000000000000e-01 2.04664028124257e+00 2.04708320651983e+00 4.42925277264639e-04
9.50000000000000e-01 1.99956078793527e+00 2.00000000000000e+00 4.39212064725858e-04
9.55000000000000e-01 1.95248239582238e+00 1.95291679348017e+00 4.34397657782748e-04
9.60000000000000e-01 1.90564867008502e+00 1.90607738794082e+00 4.28717855805782e-04
9.65000000000000e-01 1.85930189902631e+00 1.85972409271723e+00 4.22193690919004e-04
9.70000000000000e-01 1.81368160784213e+00 1.81409624304787e+00 4.14635205737701e-04
9.75000000000000e-01 1.76902304855586e+00 1.76942873595353e+00 4.05687397672772e-04
9.80000000000000e-01 1.72555568421292e+00 1.72595059347097e+00 3.94909258053078e-04
9.85000000000000e-01 1.68350169164826e+00 1.68388356209650e+00 3.81870448240118e-04
9.90000000000000e-01 1.64307451024854e+00 1.64344075707161e+00 3.66246823073402e-04
9.95000000000000e-01 1.60447746346464e+00 1.60482535986612e+00 3.47896401483139e-04
1.00000000000000e+00 1.56790247548883e+00 1.56822937688661e+00 3.26901397781576e-04
1.00500000000000e+00 1.53352889833631e+00 1.53383246706028e+00 3.03568723972525e-04
1.01000000000000e+00 1.50152245597271e+00 1.50180084551966e+00 2.78389546952251e-04
1.01500000000000e+00 1.47203430377667e+00 1.47228627014470e+00 2.51966368028933e-04
1.02000000000000e+00 1.44520019509346e+00 1.44542511720755e+00 2.24922114084203e-04
1.02500000000000e+00 1.42113974307211e+00 1.42133755181640e+00 1.97808744296202e-04
1.03000000000000e+00 1.39995576587990e+00 1.40012679827000e+00 1.71032390098302e-04
1.03500000000000e+00 1.38173370652283e+00 1.38187851481848e+00 1.44808295648113e-04
1.04000000000000e+00 1.36654112398803e+00 1.36666027668282e+00 1.19152694785019e-04
1.04500000000000e+00 1.35442725895643e+00 1.35452117051728e+00 9.39115608524776e-05
1.05000000000000e+00 1.34542268346728e+00 1.34549150281253e+00 6.88193452516028e-05
1.05500000000000e+00 1.33953904837650e+00 1.33958262403436e+00 4.35756578562874e-05
1.06000000000000e+00 1.33676894437440e+00 1.33678686957979e+00 1.79252053809087e-05
1.06500000000000e+00 1.33708589140116e+00 1.33707761791153e+00 8.27348963161612e-06
1.07000000000000e+00 1.34044446777124e+00 1.34040946551008e+00 3.50022611599332e-05
1.07500000000000e+00 1.34678058490001e+00 1.34671851756181e+00 6.20673381983572e-05
1.08000000000000e+00 1.35601190721395e+00 1.35592279258843e+00 8.91146255248554e-05
1.08500000000000e+00 1.36803841068267e+00 1.36792273852040e+00 1.15672162271707e-04
1.09000000000000e+00 1.38274306837043e+00 1.38260185702999e+00 1.41211340443759e-04
1.09500000000000e+00 1.39999264812117e+00 1.39982743227203e+00 1.65215849138312e-04
1.10000000000000e+00 1.41963860625632e+00 1.41945135953695e+00 1.87246719361989e-04
1.10500000000000e+00 1.44151806190703e+00 1.44131106870462e+00 2.06993202406247e-04
1.11000000000000e+00 1.46545483893691e+00 1.46523053680291e+00 2.24302134005594e-04
1.11500000000000e+00 1.49126056574485e+00 1.49102138342582e+00 2.39182319023534e-04
1.12000000000000e+00 1.51873582688102e+00 1.51848404225504e+00 2.51784625976637e-04
1.12500000000000e+00 1.54767136369996e+00 1.54740900145948e+00 2.62362240483371e-04
1.13000000000000e+00 1.57784932366843e+00 1.57757810532303e+00 2.71218345397006e-04
1.13500000000000e+00 1.60904455908873e+00 1.60876590907298e+00 2.78650015745674e-04
1.14000000000000e+00 1.64102597575672e+00 1.64074107855382e+00 2.84897202898149e-04
1.14500000000000e+00 1.67355793053345e+00 1.67326782611444e+00 2.90104419009785e-04
1.15000000000000e+00 1.70640167424865e+00 1.70610737385376e+00 2.94300394886982e-04
1.15500000000000e+00 1.73931683318329e+00 1.73901943520098e+00 2.97397982304437e-04
1.16000000000000e+00 1.77206291908036e+00 1.77176370569363e+00 2.99213386732999e-04
1.16500000000000e+00 1.80440085468703e+00 1.80410135376010e+00 2.99500926928209e-04
1.17000000000000e+00 1.83609449964776e+00 1.83579650231313e+00 2.97997334628652e-04
1.17500000000000e+00 1.86691216043668e+00 1.86661769201745e+00 2.94468419224758e-04
1.18000000000000e+00 1.89662806806879e+00 1.89633931720795e+00 2.88750860847564e-04
1.18500000000000e+00 1.92502380852702e+00 1.92474302560309e+00 2.80782923932632e-04
1.19000000000000e+00 1.95188969299002e+00 1.95161907318189e+00 2.70619808125483e-04
1.19500000000000e+00 1.97702605772443e+00 1.97676762586894e+00 2.58431855499008e-04
1.20000000000000e+00 2.00024448651803e+00 2.00000000000000e+00 2.44486518031772e-04
1.20500000000000e+00 2.02136895136401e+00 2.02113983391842e+00 2.29117445587512e-04
1.21000000000000e+00 2.04023686939043e+00 2.04002418347677e+00 2.12685913661748e-04
1.21500000000000e+00 2.05670007548820e+00 2.05650453468774e+00 1.95540800457916e-04
1.22000000000000e+00 2.07062571058886e+00 2.07044772727895e+00 1.77983309905816e-04
1.22500000000000e+00 2.08189702509944e+00 2.08173678345563e+00 1.60241643810455e-04
1.23000000000000e+00 2.09041409578986e+00 2.09027163675968e+00 1.42459030172848e-04
1.23500000000000e+00 2.09609445275166e+00 2.09596975652967e+00 1.24696221987186e-04
1.24000000000000e+00 2.09887361128787e+00 2.09876666410972e+00 1.06947178144079e-04
1.24500000000000e+00 2.09870550215406e+00 2.09861633762302e+00 8.91645310407974e-05
1.25000000000000e+00 2.09556279280044e+00 2.09549150281253e+00 7.12899879142803e-05
1.25500000000000e+00 2.08943709239892e+00 2.08938380815405e+00 5.32842448710547e-05
1.26000000000000e+00 2.08033903455330e+00 2.08030388316029e+00 3.51513930110237e-05
1.26500000000000e+00 2.06829823357871e+00 2.06828127951470e+00 1.69540640082566e-05
1.27000000000000e+00 2.05336311283068e+00 2.05336429539657e+00 1.18256589232146e-06
1.27500000000000e+00 2.03560060638099e+00 2.03561968407860e+00 1.90776976065621e-05
1.28000000000000e+00 2.01509573795865e+00 2.01513224859221e+00 3.65106335662446e-05
1.28500000000000e+00 1.99195108312965e+00 1.99200432495795e+00 5.32418283005764e-05
1.29000000000000e+00 1.96628612194251e+00 1.96635515716554e+00 6.90352230325875e-05
1.29500000000000e+00 1.93823648965929e+00 1.93832016775567e+00 8.36780963791028e-05
1.30000000000000e+00 1.90795313285973e+00 1.90805012849909e+00 9.69956393608307e-05
1.30500000000000e+00 1.87560137743207e+00 1.87571023628478e+00 1.08858852714278e-04
1.31000000000000e+00 1.84135991410773e+00 1.84147909991323e+00 1.19185805493638e-04
1.31500000000000e+00 1.80541970659294e+00 1.80554764404025e+00 1.27937447312876e-04
1.32000000000000e+00 1.76798282722282e+00 1.76811793702778e+00 1.35109804959788e-04
1.32500000000000e+00 1.72926122546976e+00 1.72940194992690e+00 1.40724457142971e-04
1.33000000000000e+00 1.68947543546254e+00 1.68962025424335e+00 1.44818780808187e-04
1.33500000000000e+00 1.64885322967681e+00 1.64900066651302e+00 1.47436836206216e-04
1.34000000000000e+00 1.60762822685919e+00 1.60777684804300e+00 1.48621183808650e-04
1.34500000000000e+00 1.56603846282226e+00 1.56618686845015e+00 1.48405627886872e-04
1.35000000000000e+00 1.52432493290149e+00 1.52447174185242e+00 1.46808950931776e-04
1.35500000000000e+00 1.48273011466645e+00 1.48287394473691e+00 1.43830070462148e-04
1.36000000000000e+00 1.44149647913342e+00 1.44163592464141e+00 1.39445507992830e-04
1.36500000000000e+00 1.40086499850321e+00 1.40099860884315e+00 1.33610339938306e-04
1.37000000000000e+00 1.36107365857775e+00 1.36119992224821e+00 1.26263670463089e-04
1.37500000000000e+00 1.32235598459410e+00 1.32247332361862e+00 1.17339024517493e-04
1.38000000000000e+00 1.28493959017389e+00 1.28504636916085e+00 1.06778986957767e-04
1.38500000000000e+00 1.24904476016473e+00 1.24913931233114e+00 9.45521664155180e-05
1.39000000000000e+00 1.21488307898320e+00 1.21496374848942e+00 8.06695062141038e-05
1.39500000000000e+00 1.18265611629406e+00 1.18272131275752e+00 6.51964634619251e-05
1.40000000000000e+00 1.15255418122889e+00 1.15260243910916e+00 4.82578802654121e-05
1.40500000000000e+00 1.12475515482152e+00 1.12478518834171e+00 3.00335201885993e-05
1.41000000000000e+00 1.09942340810945e+00 1.09943415215529e+00 1.07440458381181e-05
1.41500000000000e+00 1.07670881081694e+00 1.07669944009536e+00 9.37072157825014e-06
1.42000000000000e+00 1.05674583318884e+00 1.05671575560428e+00 3.00775845585299e-05
1.42500000000000e+00 1.03965274185335e+00 1.03960156687779e+00 5.11749755571778e-05
1.43000000000000e+00 1.02553088987083e+00 1.02545837763829e+00 7.25122325404559e-05
1.43500000000000e+00 1.01446410145385e+00 1.01437010232018e+00 9.39991336768031e-05
1.44000000000000e+00 1.00651815304499e+00 1.00640254951957e+00 1.15603525423058e-04
1.44500000000000e+00 1.00174035412172e+00 1.00160301689261e+00 1.37337229116019e-04
1.45000000000000e+00 1.00015923276110e+00 1.00000000000000e+00 1.59232761104411e-04
1.45500000000000e+00 1.00178433214150e+00 1.00160301689261e+00 1.81315248895420e-04
1.46000000000000e+00 1.00660612441089e+00 1.00640254951957e+00 2.03574891328717e-04
1.46500000000000e+00 1.01459604753440e+00 1.01437010232018e+00 2.25945214227918e-04
1.47000000000000e+00 1.02570666890081e+00 1.02545837763829e+00 2.48291262525679e-04
1.47500000000000e+00 1.03987197687458e+00 1.03960156687779e+00 2.70409996790288e-04
1.48000000000000e+00 1.05700779851885e+00 1.05671575560428e+00 2.92042914576740e-04
1.48500000000000e+00 1.07701233882726e+00 1.07669944009536e+00 3.12898731900546e-04
1.49000000000000e+00 1.09976683438934e+00 1.09943415215529e+00 3.32682234051029e-04
1.49500000000000e+00 1.12513631276450e+00 1.12478518834171e+00 3.51124422793614e-04
1.50000000000000e+00 1.15297044809019e+00 1.15260243910916e+00 3.68008981035839e-04
1.50500000000000e+00 1.18310450357408e+00 1.18272131275752e+00 3.83190816554135e-04
1.51000000000000e+00 1.21536035235237e+00 1.21496374848942e+00 3.96603862947265e-04
1.51500000000000e+00 1.24954756947018e+00 1.24913931233114e+00 4.08257139038026e-04
1.52000000000000e+00 1.28546458914297e+00 1.28504636916085e+00 4.18219982120327e-04
1.52500000000000e+00 1.32289992268589e+00 1.32247332361862e+00 4.26599067271827e-04
1.53000000000000e+00 1.36163343329874e+00 1.36119992224821e+00 4.33511050527358e-04
1.53500000000000e+00 1.40143766410294e+00 1.40099860884315e+00 4.39055259793486e-04
1.54000000000000e+00 1.44207921538391e+00 1.44163592464141e+00 4.43290742497604e-04
1.54500000000000e+00 1.48332016594371e+00 1.48287394473691e+00 4.46221206797714e-04
1.55000000000000e+00 1.52491953195566e+00 1.52447174185242e+00 4.47790103240697e-04
1.55500000000000e+00 1.56663475494504e+00 1.56618686845015e+00 4.47886494888916e-04
1.56000000000000e+00 1.60822320874639e+00 1.60777684804300e+00 4.46360703383775e-04
1.56500000000000e+00 1.64944371375767e+00 1.64900066651302e+00 4.43047244648609e-04
1.57000000000000e+00 1.69005804573971e+00 1.68962025424335e+00 4.37791496363804e-04
1.57500000000000e+00 1.72983242594800e+00 1.72940194992690e+00 4.30476021095805e-04
1.58000000000000e+00 1.76853897959859e+00 1.76811793702778e+00 4.21042570802888e-04
1.58500000000000e+00 1.80595715053441e+00 1.80554764404025e+00 4.09506494158718e-04
1.59000000000000e+00 1.84187506135648e+00 1.84147909991323e+00 3.95961443248272e-04
1.59500000000000e+00 1.87609081003114e+00 1.87571023628478e+00 3.80573746360247e-04
1.60000000000000e+00 1.90841369585215e+00 1.90805012849909e+00 3.63567353063088e-04
1.60500000000000e+00 1.93866536939034e+00 1.93832016775567e+00 3.45201634674774e-04
1.61000000000000e+00 1.96668090249957e+00 1.96635515716554e+00 3.25745334023297e-04
1.61500000000000e+00 1.99230977541813e+00 1.99200432495795e+00 3.05450460184264e-04
1.62000000000000e+00 2.01541677844552e+00 2.01513224859221e+00 2.84529853311621e-04
1.62500000000000e+00 2.03588282560589e+00 2.03561968407860e+00 2.63141527291566e-04
1.63000000000000e+00 2.05360567723713e+00 2.05336429539657e+00 2.41381840561772e-04
1.63500000000000e+00 2.06850056773240e+00 2.06828127951470e+00 2.19288217693236e-04
1.64000000000000e+00 2.08050073391047e+00 2.08030388316029e+00 1.96850750185718e-04
1.64500000000000e+00 2.08955783890399e+00 2.08938380815405e+00 1.74030749938048e-04
1.65000000000000e+00 2.09564228620239e+00 2.09549150281253e+00 1.50783389865516e-04
1.65500000000000e+00 2.09874341868821e+00 2.09861633762302e+00 1.27081065188772e-04
1.66000000000000e+00 2.09886959820915e+00 2.09876666410972e+00 1.02934099427632e-04
1.66500000000000e+00 2.09604816241107e+00 2.09596975652967e+00 7.84058813918520e-05
1.67000000000000e+00 2.09032525712812e+00 2.09027163675968e+00 5.36203684391445e-05
1.67500000000000e+00 2.08176554444912e+00 2.08173678345563e+00 2.87609934908062e-05
1.68000000000000e+00 2.07045178848676e+00 2.07044772727895e+00 4.06120780960251e-06
1.68500000000000e+00 2.05648432270278e+00 2.05650453468774e+00 2.02119849577187e-05
1.69000000000000e+00 2.03998040423635e+00 2.04002418347677e+00 4.37792404150983e-05
1.69500000000000e+00 2.02107346193397e+00 2.02113983391842e+00 6.63719844529176e-05
1.70000000000000e+00 1.99991224561977e+00 2.00000000000000e+00 8.77543802308978e-05
1.70500000000000e+00 1.97665988456204e+00 1.97676762586893e+00 1.07741306892839e-04
1.71000000000000e+00 1.95149286311815e+00 1.95161907318189e+00 1.26210063742027e-04
1.71500000000000e+00 1.92459992125170e+00 1.92474302560309e+00 1.43104351385315e-04
1.72000000000000e+00 1.89618088711711e+00 1.89633931720795e+00 1.58430090839268e-04
1.72500000000000e+00 1.86644544831955e+00 1.86661769201745e+00 1.72243697905028e-04
1.73000000000000e+00 1.83561186790708e+00 1.83579650231313e+00 1.84634406044548e-04
1.73500000000000e+00 1.80390565075090e+00 1.80410135376010e+00 1.95703009196579e-04
1.74000000000000e+00 1.77155816581260e+00 1.77176370569363e+00 2.05539881025008e-04
1.74500000000000e+00 1.73880522994587e+00 1.73901943520098e+00 2.14205255111954e-04
1.75000000000000e+00 1.70588565935766e+00 1.70610737385376e+00 2.21714496107861e-04
1.75500000000000e+00 1.67303979564131e+00 1.67326782611444e+00 2.28030473126584e-04
1.76000000000000e+00 1.64050801432821e+00 1.64074107855382e+00 2.33064225609203e-04
1.76500000000000e+00 1.60852922507995e+00 1.60876590907298e+00 2.36683993026121e-04
1.77000000000000e+00 1.57733937382254e+00 1.57757810532303e+00 2.38731500489253e-04
1.77500000000000e+00 1.54716995814813e+00 1.54740900145948e+00 2.39043311351717e-04
1.78000000000000e+00 1.51824656801874e+00 1.51848404225504e+00 2.37474236297830e-04
1.78500000000000e+00 1.49078746405882e+00 1.49102138342582e+00 2.33919367000457e-04
1.79000000000000e+00 1.46500220542574e+00 1.46523053680291e+00 2.28331377170266e-04
1.79500000000000e+00 1.44109033836964e+00 1.44131106870462e+00 2.20730334977270e-04
1.80000000000000e+00 1.41924015519252e+00 1.41945135953695e+00 2.11204344428229e-04
1.80500000000000e+00 1.39962753153004e+00 1.39982743227203e+00 1.99900741988390e-04
1.81000000000000e+00 1.38241484792410e+00 1.38260185702999e+00 1.87009105890423e-04
1.81500000000000e+00 1.36774999978679e+00 1.36792273852040e+00 1.72738733606570e-04
1.82000000000000e+00 1.35576549833706e+00 1.35592279258843e+00 1.57294251368123e-04
1.82500000000000e+00 1.34657766412965e+00 1.34671851756181e+00 1.40853432162524e-04
1.83000000000000e+00 1.34028591450418e+00 1.34040946551008e+00 1.23551005908995e-04
1.83500000000000e+00 1.33697214664405e+00 1.33707761791153e+00 1.05471267482837e-04
1.84000000000000e+00 1.33670021880000e+00 1.33678686957979e+00 8.66507797809835e-05
1.84500000000000e+00 1.33951553333752e+00 1.33958262403436e+00 6.70906968416318e-05
1.85000000000000e+00 1.34544472628808e+00 1.34549150281253e+00 4.67765244440699e-05
1.85500000000000e+00 1.35449546870251e+00 1.35452117051728e+00 2.57018147717947e-05
1.86000000000000e+00 1.36665638507645e+00 1.36666027668282e+00 3.89160637248587e-06
1.86500000000000e+00 1.38189709332555e+00 1.38187851481848e+00 1.85785070712097e-05
1.87000000000000e+00 1.40016836926276e+00 1.40012679827000e+00 4.15709927594765e-05
1.87500000000000e+00 1.42140243644439e+00 1.42133755181640e+00 6.48846279893700e-05
1.88000000000000e+00 1.44551337987841e+00 1.44542511720755e+00 8.82626708647027e-05
1.88500000000000e+00 1.47239767973949e+00 1.47228627014470e+00 1.11409594796719e-04
1.89000000000000e+00 1.50193485920428e+00 1.50180084551967e+00 1.34013684610412e-04
1.89500000000000e+00 1.53398823902099e+00 1.53383246706028e+00 1.55771960710593e-04
1.90000000000000e+00 1.56840579057131e+00 1.56822937688661e+00 1.76413684701116e-04
1.90500000000000e+00 1.60502107896076e+00 1.60482535986612e+00 1.95719094641555e-04
1.91000000000000e+00 1.64365428798190e+00 1.64344075707161e+00 2.13530910283977e-04
1.91500000000000e+00 1.68411331945391e+00 1.68388356209650e+00 2.29757357405269e-04
1.92000000000000e+00 1.72619496024558e+00 1.72595059347097e+00 2.44366774615479e-04
1.92500000000000e+00 1.76968611103351e+00 1.76942873595353e+00 2.57375079976585e-04
1.93000000000000e+00 1.81436507136754e+00 1.81409624304787e+00 2.68828319671899e-04
1.93500000000000e+00 1.86000287580227e+00 1.85972409271723e+00 2.78783085045031e-04
1.94000000000000e+00 1.90636467566120e+00 1.90607738794082e+00 2.87287720384333e-04
1.94500000000000e+00 1.95321116044844e+00 1.95291679348017e+00 2.94366968270454e-04
1.95000000000000e+00 2.00030001208117e+00 2.00000000000000e+00 3.00012081170253e-04
1.95500000000000e+00 2.04738738409464e+00 2.04708320651983e+00 3.04177574813824e-04
1.96000000000000e+00 2.09422939689726e+00 2.09392261205918e+00 3.06784838087548e-04
1.96500000000000e+00 2.14058363915922e+00 2.14027590728277e+00 3.07731876449502e-04
1.97000000000000e+00 2.18621066462111e+00 2.18590375695213e+00 3.06907668981893e-04
1.97500000000000e+00 2.23087547310214e+00 2.23057126404646e+00 3.04209055672633e-04
1.98000000000000e+00 2.27434896432919e+00 2.27404940652903e+00 2.99557800161221e-04
1.98500000000000e+00 2.31640935341797e+00 2.31611643790350e+00 2.92915514468639e-04
1.99000000000000e+00 2.35684353739654e+00 2.35655924292839e+00 2.84294468154034e-04
1.99500000000000e+00 2.39544840301710e+00 2.39517464013388e+00 2.73762883215234e-04
2.00000000000000e+00 2.43203206717182e+00 2.43177062311339e+00 2.61444058429205e-04
2.00500000000000e+00 2.46641504241558e+00 2.46616753293972e+00 2.47509475856944e-04
2.01000000000000e+00 2.49843132129678e+00 2.49819915448034e+00 2.32166816439783e-04
2.01500000000000e+00 2.52792937430933e+00 2.52771372985530e+00 2.15644454029107e-04
2.02000000000000e+00 2.55477305722180e+00 2.55457488279245e+00 1.98174429351106e-04
2.02500000000000e+00 2.57884242425809e+00 2.57866244818359e+00 1.79976074496047e-04
2.03000000000000e+00 2.60003444407507e+00 2.59987320173000e+00 1.61242345066981e-04
2.03500000000000e+00 2.61826361571827e+00 2.61812148518152e+00 1.42130536742169e-04
2.04000000000000e+00 2.63346248178238e+00 2.63333972331718e+00 1.22758465201489e-04
2.04500000000000e+00 2.64558203593411e+00 2.64547882948272e+00 1.03206451397053e-04
2.05000000000000e+00 2.65459202186196e+00 2.65450849718747e+00 8.35246744834706e-05
2.05500000000000e+00 2.66048112070181e+00 2.66041737596564e+00 6.37447361744314e-05
2.06000000000000e+00 2.66325702414037e+00 2.66321313042021e+00 4.38937201554523e-05
2.06500000000000e+00 2.66294639079367e+00 2.66292238208847e+00 2.40087051990301e-05
2.07000000000000e+00 2.65959468413731e+00 2.65959053448992e+00 4.14964738926216e-06
2.07500000000000e+00 2.65326589123127e+00 2.65328148243819e+00 1.55912069215169e-05
2.08000000000000e+00 2.64404212269839e+00 2.64407720741157e+00 3.50847131858067e-05
2.08500000000000e+00 2.63202309580734e+00 2.63207726147960e+00 5.41656722616857e-05
2.09000000000000e+00 2.61732550397521e+00 2.61739814297001e+00 7.26389947973693e-05
2.09500000000000e+00 2.60008227742553e+00 2.60017256772797e+00 9.02903024386781e-05
2.10000000000000e+00 2.58044174099958e+00 2.58054864046305e+00 1.06899463469645e-04
2.10500000000000e+00 2.55856667612769e+00 2.55868893129538e+00 1.22255167691154e-04
2.11000000000000e+00 2.53463329466138e+00 2.53476946319710e+00 1.36168535719960e-04
2.11500000000000e+00 2.50883013262820e+00 2.50897861657418e+00 1.48483945977773e-04
2.12000000000000e+00 2.48135687202829e+00 2.48151595774496e+00 1.59085716669782e-04
2.12500000000000e+00 2.45242309861331e+00 2.45259099854052e+00 1.67899927209003e-04
2.13000000000000e+00 2.42224700327580e+00 2.42242189467697e+00 1.74891401170552e-04
2.13500000000000e+00 2.39105403434197e+00 2.39123409092702e+00 1.80056585048938e-04
2.14000000000000e+00 2.35907550781186e+00 2.35925892144618e+00 1.83413634325724e-04
2.14500000000000e+00 2.32654718251169e+00 2.32673217388556e+00 1.84991373874954e-04
2.15000000000000e+00 2.29370780726049e+00 2.29389262614624e+00 1.84818885748061e-04
2.15500000000000e+00 2.26079764750948e+00 2.26098056479902e+00 1.82917289538231e-04
2.16000000000000e+00 2.22805699944691e+00 2.22823629430637e+00 1.79294859467216e-04
2.16500000000000e+00 2.19572470019505e+00 2.19589864623990e+00 1.73946044849327e-04
2.17000000000000e+00 2.16403664336222e+00 2.16420349768687e+00 1.66854324655574e-04
2.17500000000000e+00 2.13322430974615e+00 2.13338230798255e+00 1.57998236395063e-04
2.18000000000000e+00 2.10351332332739e+00 2.10366068279205e+00 1.47359464667041e-04
2.18500000000000e+00 2.07512204277731e+00 2.07525697439691e+00 1.34931619607759e-04
2.19000000000000e+00 2.04826019851067e+00 2.04838092681811e+00 1.20728307440476e-04
2.19500000000000e+00 2.02312758484637e+00 2.02323237413107e+00 1.04789284700590e-04
2.20000000000000e+00 1.99991281615033e+00 2.00000000000000e+00 8.71838496754318e-05
2.20500000000000e+00 1.97879215499050e+00 1.97886016608158e+00 6.80110910760146e-05
2.21000000000000e+00 1.95992841941801e+00 1.95997581652323e+00 4.73971052246114e-05
2.21500000000000e+00 1.94346997558054e+00 1.94349546531226e+00 2.54897317162328e-05
2.22000000000000e+00 1.92954982104001e+00 1.92955227272105e+00 2.45168104018312e-06
2.22500000000000e+00 1.91828476344818e+00 1.91826321654437e+00 2.15469038098437e-05
2.23000000000000e+00 1.90977469864898e+00 1.90972836324032e+00 4.63354086597256e-05
2.23500000000000e+00 1.90410199181225e+00 1.90403024347033e+00 7.17483419259146e-05
2.24000000000000e+00 1.90133096483170e+00 1.90123333589028e+00 9.76289414247322e-05
2.24500000000000e+00 1.90150749289149e+00 1.90138366237698e+00 1.23830514510814e-04
2.25000000000000e+00 1.90465871277339e+00 1.90450849718747e+00 1.50215585918323e-04
2.25500000000000e+00 1.91079284508998e+00 1.91061619184595e+00 1.76653244034375e-04
2.26000000000000e+00 1.91989913215383e+00 1.91969611683971e+00 2.03015314116151e-04
2.26500000000000e+00 1.93194789260490e+00 1.93171872048530e+00 2.29172119604826e-04
2.27000000000000e+00 1.94689069321382e+00 1.94663570460343e+00 2.54988610389084e-04
2.27500000000000e+00 1.96466063746808e+00 1.96438031592140e+00 2.80321546676232e-04
2.28000000000000e+00 1.98517276965671e+00 1.98486775140779e+00 3.05018248925482e-04
2.28500000000000e+00 2.00832459223010e+00 2.00799567504205e+00 3.28917188051836e-04
2.29000000000000e+00 2.03399669326459e+00 2.03364484283446e+00 3.51850430130973e-04
2.29500000000000e+00 2.06205347994507e+00 2.06167983224433e+00 3.73647700741220e-04
2.30000000000000e+00 2.09234401312691e+00 2.09194987150091e+00 3.94141626000710e-04
2.30500000000000e+00 2.12470293727855e+00 2.12428976371522e+00 4.13173563338809e-04
2.31000000000000e+00 2.15895149945565e+00 2.15852090008677e+00 4.30599368877349e-04
2.31500000000000e+00 2.19489865042290e+00 2.19445235595975e+00 4.46294463158914e-04
2.32000000000000e+00 2.23234222061956e+00 2.23188206297221e+00 4.60157647343973e-04
2.32500000000000e+00 2.27107016334633e+00 2.27059805007310e+00 4.72113273232821e-04
2.33000000000000e+00 2.31086185731921e+00 2.31037974575665e+00 4.82111562561283e-04
2.33500000000000e+00 2.35148946056744e+00 2.35099933348698e+00 4.90127080462699e-04
2.34000000000000e+00 2.39271930752770e+00 2.39222315195699e+00 4.96155570709700e-04
2.34500000000000e+00 2.43431334108466e+00 2.43381313154985e+00 5.00209534809226e-04
2.35000000000000e+00 2.47603057121335e+00 2.47552825814758e+00 5.02313065777305e-04
2.35500000000000e+00 2.51762855178256e+00 2.51712605526309e+00 5.02496519478424e-04
2.36000000000000e+00 2.55886486697563e+00 2.55836407535858e+00 5.00791617044083e-04
2.36500000000000e+00 2.59949861867998e+00 2.59900139115685e+00 4.97227523125865e-04
2.37000000000000e+00 2.63929190609578e+00 2.63880007775179e+00 4.91828343992307e-04
2.37500000000000e+00 2.67801128872913e+00 2.67752667638138e+00 4.84612347752655e-04
2.38000000000000e+00 2.71542922387889e+00 2.71495363083914e+00 4.75593039747757e-04
2.38500000000000e+00 2.75132546971160e+00 2.75086068766886e+00 4.64782042739031e-04
2.39000000000000e+00 2.78548844505752e+00 2.78503625151058e+00 4.52193546943036e-04
2.39500000000000e+00 2.81771653716316e+00 2.81727868724248e+00 4.37849920686517e-04
2.40000000000000e+00 2.84781934881066e+00 2.84739756089084e+00 4.21787919817174e-04
2.40500000000000e+00 2.87561887647211e+00 2.87521481165829e+00 4.04064813811722e-04
2.41000000000000e+00 2.90095061151692e+00 2.90056584784471e+00 3.84763672205413e-04
2.41500000000000e+00 2.92366455694479e+00 2.92330055990463e+00 3.63997040151887e-04
2.42000000000000e+00 2.94362615268940e+00 2.94328424439572e+00 3.41908293679971e-04
2.42500000000000e+00 2.96071710323965e+00 2.96039843312221e+00 3.18670117446906e-04
2.43000000000000e+00 2.97483610216250e+00 2.97454162236171e+00 2.94479800792224e-04
2.43500000000000e+00 2.98589944907971e+00 2.98562989767982e+00 2.69551399884271e-04
2.44000000000000e+00 2.99384155572682e+00 2.99359745048043e+00 2.44105246385740e-04
2.44500000000000e+00 2.99861533886349e+00 2.99839698310739e+00 2.18355756096411e-04
2.45000000000000e+00 3.00019249893991e+00 3.00000000000000e+00 1.92498939907360e-04
2.45500000000000e+00 2.99856368446811e+00 2.99839698310739e+00 1.66701360718502e-04
2.46000000000000e+00 2.99373854289922e+00 2.99359745048044e+00 1.41092418788347e-04
2.46500000000000e+00 2.98574565937857e+00 2.98562989767982e+00 1.15761698747718e-04
2.47000000000000e+00 2.97463238497766e+00 2.97454162236171e+00 9.07626159514230e-05
2.47500000000000e+00 2.96046455587745e+00 2.96039843312221e+00 6.61227552409827e-05
2.48000000000000e+00 2.94332610456643e+00 2.94328424439572e+00 4.18601707061761e-05
2.48500000000000e+00 2.92331856356741e+00 2.92330055990464e+00 1.80036627752678e-05
2.49000000000000e+00 2.90056046173944e+00 2.90056584784471e+00 5.38610527422989e-06
2.49500000000000e+00 2.87518661308264e+00 2.87521481165830e+00 2.81985756585001e-05
2.50000000000000e+00 2.84734729846121e+00 2.84739756089084e+00 5.02624296321308e-05
2.50500000000000e+00 2.81720734193912e+00 2.81727868724248e+00 7.13453033585054e-05
2.51000000000000e+00 2.78494508553733e+00 2.78503625151058e+00 9.11659732514281e-05
2.51500000000000e+00 2.75075126902153e+00 2.75086068766886e+00 1.09418647328496e-04
2.52000000000000e+00 2.71482782445510e+00 2.71495363083915e+00 1.25806384049021e-04
2.52500000000000e+00 2.67738659817149e+00 2.67752667638138e+00 1.40078209892813e-04
2.53000000000000e+00 2.63864801491905e+00 2.63880007775179e+00 1.52062832737609e-04
2.53500000000000e+00 2.59883969965484e+00 2.59900139115685e+00 1.61691502015504e-04
2.54000000000000e+00 2.55819507147612e+00 2.55836407535859e+00 1.69003882465990e-04
2.54500000000000e+00 2.51695192149839e+00 2.51712605526309e+00 1.74133764700102e-04
2.55000000000000e+00 2.47535098256144e+00 2.47552825814758e+00 1.77275586134229e-04
2.55500000000000e+00 2.43363449430450e+00 2.43381313154985e+00 1.78637245348945e-04
2.56000000000000e+00 2.39204476346559e+00 2.39222315195700e+00 1.78388491409276e-04
2.56500000000000e+00 2.35082271728116e+00 2.35099933348698e+00 1.76616205823876e-04
2.57000000000000e+00 2.31020644833159e+00 2.31037974575666e+00 1.73297425065222e-04
2.57500000000000e+00 2.27042975227810e+00 2.27059805007310e+00 1.68297794999273e-04
2.58000000000000e+00 2.23172066516153e+00 2.23188206297222e+00 1.61397810686026e-04
2.58500000000000e+00 2.19430001314580e+00 2.19445235595975e+00 1.52342813947381e-04
2.59000000000000e+00 2.15837999326517e+00 2.15852090008678e+00 1.40906821601394e-04
2.59500000000000e+00 2.12416280735064e+00 2.12428976371522e+00 1.26956364581154e-04
2.60000000000000e+00 2.09183937175966e+00 2.09194987150091e+00 1.10499741256209e-04
2.60500000000000e+00 2.06158812245862e+00 2.06167983224433e+00 9.17097857158211e-05
2.61000000000000e+00 2.03357392893594e+00 2.03364484283446e+00 7.09138985217628e-05
2.61500000000000e+00 2.00794712266034e+00 2.00799567504205e+00 4.85523817115308e-05
2.62000000000000e+00 1.98484263809230e+00 1.98486775140779e+00 2.51133154909322e-05
2.62500000000000e+00 1.96437925834534e+00 1.96438031592140e+00 1.05757605939338e-06
2.63000000000000e+00 1.94665895475023e+00 1.94663570460343e+00 2.32501467942736e-05
2.63500000000000e+00 1.93176631029105e+00 1.93171872048530e+00 4.75898057550328e-05
2.64000000000000e+00 1.91976802076960e+00 1.91969611683971e+00 7.19039298904267e-05
2.64500000000000e+00 1.91071247348181e+00 1.91061619184595e+00 9.62816358638374e-05
2.65000000000000e+00 1.90462940960752e+00 1.90450849718747e+00 1.20912420043418e-04
2.65500000000000e+00 1.90152968185010e+00 1.90138366237698e+00 1.46019473122871e-04
2.66000000000000e+00 1.90140512189890e+00 1.90123333589028e+00 1.71786008619446e-04
2.66500000000000e+00 1.90422853240556e+00 1.90403024347033e+00 1.98288935233215e-04
2.67000000000000e+00 1.90995381542454e+00 1.90972836324032e+00 2.25452184222652e-04
2.67500000000000e+00 1.91851624431121e+00 1.91826321654437e+00 2.53027766842440e-04
2.68000000000000e+00 1.92983287992197e+00 1.92955227272105e+00 2.80607200922711e-04
2.68500000000000e+00 1.94380312575595e+00 1.94349546531226e+00 3.07660443686242e-04
2.69000000000000e+00 1.96030941143051e+00 1.95997581652323e+00 3.33594907282464e-04
2.69500000000000e+00 1.97921799030045e+00 1.97886016608158e+00 3.57824218875979e-04
2.70000000000000e+00 2.00037983543725e+00 2.00000000000000e+00 3.79835437247955e-04
2.70500000000000e+00 2.02363161852151e+00 2.02323237413106e+00 3.99244390442810e-04
2.71000000000000e+00 2.04879675810450e+00 2.04838092681811e+00 4.15831286391555e-04
2.71500000000000e+00 2.07568652660750e+00 2.07525697439691e+00 4.29552210585271e-04
2.72000000000000e+00 2.10410120872439e+00 2.10366068279205e+00 4.40525932338343e-04
2.72500000000000e+00 2.13383130698565e+00 2.13338230798255e+00 4.48999003104245e-04
2.73000000000000e+00 2.16465879266118e+00 2.16420349768687e+00 4.55294974315734e-04
2.73500000000000e+00 2.19635840161968e+00 2.19589864623990e+00 4.59755379783822e-04
2.74000000000000e+00 2.22869897509367e+00 2.22823629430637e+00 4.62680787298719e-04
2.74500000000000e+00 2.26144484455869e+00 2.26098056479902e+00 4.64279759677666e-04
2.75000000000000e+00 2.29435725829111e+00 2.29389262614624e+00 4.64632144871135e-04
2.75500000000000e+00 2.32719584488577e+00 2.32673217388556e+00 4.63671000208610e-04
2.76000000000000e+00 2.35972010640608e+00 2.35925892144618e+00 4.61184959897221e-04
2.76500000000000e+00 2.39169093122691e+00 2.39123409092702e+00 4.56840299886352e-04
2.77000000000000e+00 2.42287211431245e+00 2.42242189467697e+00 4.50219635475868e-04
2.77500000000000e+00 2.45303187088703e+00 2.45259099854052e+00 4.40872346514798e-04
2.78000000000000e+00 2.48194432837728e+00 2.48151595774496e+00 4.28370632323816e-04
2.78500000000000e+00 2.50939098121483e+00 2.50897861657418e+00 4.12364640654417e-04
2.79000000000000e+00 2.53516209359482e+00 2.53476946319709e+00 3.92630397724414e-04
2.79500000000000e+00 2.55905803651383e+00 2.55868893129538e+00 3.69105218449128e-04
2.80000000000000e+00 2.58089054722825e+00 2.58054864046305e+00 3.41906765203959e-04
2.80500000000000e+00 2.60048390149810e+00 2.60017256772797e+00 3.11333770123046e-04
2.81000000000000e+00 2.61767599140775e+00 2.61739814297001e+00 2.77848437740147e-04
2.81500000000000e+00 2.63231930397143e+00 2.63207726147960e+00 2.42042491827466e-04
2.82000000000000e+00 2.64428179794109e+00 2.64407720741157e+00 2.04590529516935e-04
2.82500000000000e+00 2.65344767807203e+00 2.65328148243819e+00 1.66195633843902e-04
2.83000000000000e+00 2.65971806744556e+00 2.65959053448992e+00 1.27532955641829e-04
2.83500000000000e+00 2.66301157923043e+00 2.66292238208847e+00 8.91971419676452e-05
2.84000000000000e+00 2.66326478947527e+00 2.66321313042021e+00 5.16590550558860e-05
2.84500000000000e+00 2.66043261220742e+00 2.66041737596564e+00 1.52362417784602e-05
2.85000000000000e+00 2.65448857736838e+00 2.65450849718747e+00 1.99198190982131e-05
2.85500000000000e+00 2.64542501107823e+00 2.64547882948272e+00 5.38184044867052e-05
2.86000000000000e+00 2.63325311656079e+00 2.63333972331719e+00 8.66067563958239e-05
2.86500000000000e+00 2.61800295295693e+00 2.61812148518152e+00 1.18532224590240e-04
2.87000000000000e+00 2.59972330838443e+00 2.59987320173000e+00 1.49893345576579e-04
2.87500000000000e+00 2.57848146312613e+00 2.57866244818360e+00 1.80985057463445e-04
2.88000000000000e+00 2.55436283886768e+00 2.55457488279246e+00 2.12043924773475e-04
2.88500000000000e+00 2.52747053053368e+00 2.52771372985530e+00 2.43199321619869e-04
2.89000000000000e+00 2.49792471850435e+00 2.49819915448034e+00 2.74435975988307e-04
2.89500000000000e+00 2.46586196078488e+00 2.46616753293972e+00 3.05572154846168e-04
2.90000000000000e+00 2.43143436694007e+00 2.43177062311339e+00 3.36256173321559e-04
2.90500000000000e+00 2.39480865813614e+00 2.39517464013388e+00 3.65981997741294e-04
2.91000000000000e+00 2.35616512025032e+00 2.35655924292839e+00 3.94122678066822e-04
2.91500000000000e+00 2.31569645949828e+00 2.31611643790350e+00 4.19978405224786e-04
2.92000000000000e+00 2.27360657217297e+00 2.27404940652904e+00 4.42834356060740e-04
2.92500000000000e+00 2.23010924169774e+00 2.23057126404647e+00 4.62022348726610e-04
2.93000000000000e+00 2.18542677713077e+00 2.18590375695213e+00 4.76979821360857e-04
2.93500000000000e+00 2.13978860744518e+00 2.14027590728278e+00 4.87299837593103e-04
2.94000000000000e+00 2.09342984535173e+00 2.09392261205918e+00 4.92766707447689e-04
2.94500000000000e+00 2.04658983321453e+00 2.04708320651984e+00 4.93373305310740e-04
2.95000000000000e+00 1.99951068188793e+00 2.00000000000000e+00 4.89318112072645e-04
2.95500000000000e+00 1.95243581128703e+00 1.95291679348017e+00 4.80982193143742e-04
2.96000000000000e+00 1.90560849943512e+00 1.90607738794082e+00 4.68888505703369e-04
2.96500000000000e+00 1.85927044485647e+00 1.85972409271723e+00 4.53647860761963e-04
2.97000000000000e+00 1.81366034571890e+00 1.81409624304787e+00 4.35897328970203e-04
2.97500000000000e+00 1.76901249824751e+00 1.76942873595354e+00 4.16237706030831e-04
2.98000000000000e+00 1.72555541672089e+00 1.72595059347097e+00 3.95176750085380e-04
2.98500000000000e+00 1.68351047783750e+00 1.68388356209651e+00 3.73084259011280e-04
2.99000000000000e+00 1.64309059332646e+00 1.64344075707161e+00 3.50163745151066e-04
2.99500000000000e+00 1.60449891622693e+00 1.60482535986612e+00 3.26443639188545e-04
3.00000000000000e+00 1.56792758806465e+00 1.56822937688661e+00 3.01788821962523e-04
3.00500000000000e+00 1.53355653597754e+00 1.53383246706028e+00 2.75931082741598e-04
3.01000000000000e+00 1.50155233044081e+00 1.50180084551966e+00 2.48515078856260e-04
3.01500000000000e+00 1.47206711540110e+00 1.47228627014470e+00 2.19154743596350e-04
3.02000000000000e+00 1.44523762318076e+00 1.44542511720755e+00 1.87494026790302e-04
3.02500000000000e+00 1.42118428635790e+00 1.42133755181641e+00 1.53265458505469e-04
3.03000000000000e+00 1.40001045794269e+00 1.40012679827000e+00 1.16340327309672e-04
3.03500000000000e+00 1.38180174960707e+00 1.38187851481848e+00 7.67652114068706e-05
3.04000000000000e+00 1.36662549560703e+00 1.36666027668282e+00 3.47810757874711e-05
3.04500000000000e+00 1.35453034753397e+00 1.35452117051728e+00 9.17701668945448e-06
3.05000000000000e+00 1.34554600235035e+00 1.34549150281253e+00 5.44995378257696e-05
3.05500000000000e+00 1.33968306351617e+00 1.33958262403436e+00 1.00439481808268e-04
3.06000000000000e+00 1.33693303259524e+00 1.33678686957979e+00 1.46163015458445e-04
3.06500000000000e+00 1.33726842671016e+00 1.33707761791153e+00 1.90808798631759e-04
3.07000000000000e+00 1.34064301571027e+00 1.34040946551008e+00 2.33550200191335e-04
3.07500000000000e+00 1.34699217199221e+00 1.34671851756181e+00 2.73654430400727e-04
3.08000000000000e+00 1.35623332557274e+00 1.35592279258843e+00 3.10532984316270e-04
3.08500000000000e+00 1.36826651721129e+00 1.36792273852040e+00 3.43778690892860e-04
3.09000000000000e+00 1.38297504301965e+00 1.38260185702999e+00 3.73185989656966e-04
3.09500000000000e+00 1.40022618495024e+00 1.39982743227203e+00 3.98752678210323e-04
3.10000000000000e+00 1.41987202267160e+00 1.41945135953695e+00 4.20663134649946e-04
3.10500000000000e+00 1.44175032346313e+00 1.44131106870462e+00 4.39254758509700e-04
3.11000000000000e+00 1.46568550773970e+00 1.46523053680290e+00 4.54970936799359e-04
3.11500000000000e+00 1.49148968851853e+00 1.49102138342582e+00 4.68305092710342e-04
3.12000000000000e+00 1.51896378346165e+00 1.51848404225504e+00 4.79741206608875e-04
3.12500000000000e+00 1.54789869800062e+00 1.54740900145948e+00 4.89696541142504e-04
3.13000000000000e+00 1.57807657744773e+00 1.57757810532302e+00 4.98472124701888e-04
3.13500000000000e+00 1.60927212493615e+00 1.60876590907298e+00 5.06215863175008e-04
3.14000000000000e+00 1.64125398056647e+00 1.64074107855382e+00 5.12902012651972e-04
3.14500000000000e+00 1.67378615536205e+00 1.67326782611444e+00 5.18329247610527e-04
3.15000000000000e+00 1.70662951167769e+00 1.70610737385376e+00 5.22137823928626e-04
3.15500000000000e+00 1.73954327971095e+00 1.73901943520098e+00 5.23844509964455e-04
3.16000000000000e+00 1.77228659789547e+00 1.77176370569363e+00 5.22892201843872e-04
3.16500000000000e+00 1.80462006337168e+00 1.80410135376010e+00 5.18709611584178e-04
3.17000000000000e+00 1.83630727758129e+00 1.83579650231313e+00 5.10775268167007e-04
3.17500000000000e+00 1.86711637144480e+00 1.86661769201745e+00 4.98679427342275e-04
3.18000000000000e+00 1.89682149464273e+00 1.89633931720795e+00 4.82177434786957e-04
3.18500000000000e+00 1.92520425427431e+00 1.92474302560309e+00 4.61228671217562e-04
3.19000000000000e+00 1.95205508959527e+00 1.95161907318189e+00 4.36016413383200e-04
3.19500000000000e+00 1.97717457156746e+00 1.97676762586893e+00 4.06945698524952e-04
3.20000000000000e+00 2.00037461844809e+00 2.00000000000000e+00 3.74618448091724e-04
3.20500000000000e+00 2.02147962141926e+00 2.02113983391842e+00 3.39787500842181e-04
3.21000000000000e+00 2.04032747707102e+00 2.04002418347677e+00 3.03293594257958e-04
3.21500000000000e+00 2.05677052614691e+00 2.05650453468774e+00 2.65991459172721e-04
3.22000000000000e+00 2.07067640007431e+00 2.07044772727895e+00 2.28672795357987e-04
3.22500000000000e+00 2.08192877819847e+00 2.08173678345563e+00 1.91994742844148e-04
3.23000000000000e+00 2.09042805913685e+00 2.09027163675968e+00 1.56422377171950e-04
3.23500000000000e+00 2.09609194917725e+00 2.09596975652967e+00 1.22192647580732e-04
3.24000000000000e+00 2.09885596917693e+00 2.09876666410972e+00 8.93050672083895e-05
3.24500000000000e+00 2.09867387912981e+00 2.09861633762302e+00 5.75415067940455e-05
3.25000000000000e+00 2.09551801673328e+00 2.09549150281253e+00 2.65139207509257e-05
3.25500000000000e+00 2.08937954330152e+00 2.08938380815405e+00 4.26485253157693e-06
3.26000000000000e+00 2.08026858771463e+00 2.08030388316029e+00 3.52954456541710e-05
3.26500000000000e+00 2.06821427726187e+00 2.06828127951470e+00 6.70022528361791e-05
3.27000000000000e+00 2.05326464368634e+00 2.05336429539657e+00 9.96517102338501e-05
3.27500000000000e+00 2.03548639379174e+00 2.03561968407860e+00 1.33290286859822e-04
3.28000000000000e+00 2.01496453675295e+00 2.01513224859221e+00 1.67711839259788e-04
3.28500000000000e+00 1.99180186464665e+00 1.99200432495795e+00 2.02460311303554e-04
3.29000000000000e+00 1.96611828827600e+00 1.96635515716554e+00 2.36868889546438e-04
3.29500000000000e+00 1.93805003644492e+00 1.93832016775567e+00 2.70131310749155e-04
3.30000000000000e+00 1.90774873261427e+00 1.90805012849909e+00 3.01395884815703e-04
3.30500000000000e+00 1.87538036747143e+00 1.87571023628479e+00 3.29868813354173e-04
3.31000000000000e+00 1.84112418860286e+00 1.84147909991323e+00 3.54911310365580e-04
3.31500000000000e+00 1.80517152867625e+00 1.80554764404025e+00 3.76115364003171e-04
3.32000000000000e+00 1.76772459120007e+00 1.76811793702778e+00 3.93345827714997e-04
3.32500000000000e+00 1.72899520836512e+00 1.72940194992690e+00 4.06741561781887e-04
3.33000000000000e+00 1.68920357943378e+00 1.68962025424335e+00 4.16674809572415e-04
3.33500000000000e+00 1.64857699168706e+00 1.64900066651302e+00 4.23674825962950e-04
3.34000000000000e+00 1.60734852024752e+00 1.60777684804301e+00 4.28327795483519e-04
3.34500000000000e+00 1.56575569925054e+00 1.56618686845015e+00 4.31169199606618e-04
3.35000000000000e+00 1.52403915561047e+00 1.52447174185243e+00 4.32586241955191e-04
3.35500000000000e+00 1.48244119832406e+00 1.48287394473692e+00 4.32746412856622e-04
3.36000000000000e+00 1.44120436063948e+00 1.44163592464142e+00 4.31564001936113e-04
3.36500000000000e+00 1.40056989876280e+00 1.40099860884315e+00 4.28710080342398e-04
3.37000000000000e+00 1.36077625798427e+00 1.36119992224821e+00 4.23664263943913e-04
3.37500000000000e+00 1.32205752393723e+00 1.32247332361862e+00 4.15799681387607e-04
3.38000000000000e+00 1.28464188198355e+00 1.28504636916086e+00 4.04487177302570e-04
3.38500000000000e+00 1.24875011056537e+00 1.24913931233114e+00 3.89201765772063e-04
3.39000000000000e+00 1.21459413432059e+00 1.21496374848942e+00 3.69614168832522e-04
3.39500000000000e+00 1.18237565986483e+00 1.18272131275752e+00 3.45652892697057e-04
3.40000000000000e+00 1.15228491189383e+00 1.15260243910916e+00 3.17527215327296e-04
3.40500000000000e+00 1.12449948050891e+00 1.12478518834171e+00 2.85707832792914e-04
3.41000000000000e+00 1.09918328346473e+00 1.09943415215529e+00 2.50868690558681e-04
3.41500000000000e+00 1.07648564045729e+00 1.07669944009537e+00 2.13799638079770e-04
3.42000000000000e+00 1.05654045154598e+00 1.05671575560428e+00 1.75304058294579e-04
3.42500000000000e+00 1.03946546900428e+00 1.03960156687779e+00 1.36097873508545e-04
3.43000000000000e+00 1.02536165163545e+00 1.02545837763829e+00 9.67260028357231e-05
3.43500000000000e+00 1.01431259280868e+00 1.01437010232018e+00 5.75095114958568e-05
3.44000000000000e+00 1.00638401773794e+00 1.00640254951957e+00 1.85317816299158e-05
3.44500000000000e+00 1.00162335111038e+00 1.00160301689261e+00 2.03342177718113e-05
3.45000000000000e+00 1.00005936213662e+00 1.00000000000000e+00 5.93621366189456e-05
3.45500000000000e+00 1.00170189942230e+00 1.00160301689261e+00 9.88825296959206e-05
3.46000000000000e+00 1.00654173178808e+00 1.00640254951956e+00 1.39182268517279e-04
3.46500000000000e+00 1.01455051253249e+00 1.01437010232018e+00 1.80410212315074e-04
3.47000000000000e+00 1.02568088320881e+00 1.02545837763829e+00 2.22505570524945e-04
3.47500000000000e+00 1.03986672876952e+00 1.03960156687779e+00 2.65161891727317e-04
3.48000000000000e+00 1.05702358938220e+00 1.05671575560427e+00 3.07833777924538e-04
3.48500000000000e+00 1.07704922623548e+00 1.07669944009536e+00 3.49786140118935e-04
3.49000000000000e+00 1.09982433044716e+00 1.09943415215529e+00 3.90178291875154e-04
3.49500000000000e+00 1.12521335710272e+00 1.12478518834171e+00 4.28168761014813e-04
3.50000000000000e+00 1.15306546172394e+00 1.15260243910915e+00 4.63022614784592e-04
3.50500000000000e+00 1.18321551496920e+00 1.18272131275752e+00 4.94202211680728e-04
3.51000000000000e+00 1.21548517341522e+00 1.21496374848942e+00 5.21424925795211e-04
3.51500000000000e+00 1.24968398951330e+00 1.24913931233114e+00 5.44677182163333e-04
3.52000000000000e+00 1.28561055125985e+00 1.28504636916085e+00 5.64182098998778e-04
3.52500000000000e+00 1.32305365029981e+00 1.32247332361861e+00 5.80326681192567e-04
3.53000000000000e+00 1.36179348442587e+00 1.36119992224821e+00 5.93562177660489e-04
3.53500000000000e+00 1.40160290521603e+00 1.40099860884315e+00 6.04296372884061e-04
3.54000000000000e+00 1.44224872280822e+00 1.44163592464141e+00 6.12798166809148e-04
3.54500000000000e+00 1.48349307718683e+00 1.48287394473691e+00 6.19132449925397e-04
3.55000000000000e+00 1.52509487929238e+00 1.52447174185242e+00 6.23137439958121e-04
3.55500000000000e+00 1.56681131691653e+00 1.56618686845015e+00 6.24448466374883e-04
3.56000000000000e+00 1.60839941134321e+00 1.60777684804300e+00 6.22563300212819e-04
3.56500000000000e+00 1.64961760280553e+00 1.64900066651302e+00 6.16936292514580e-04
3.57000000000000e+00 1.69022733757749e+00 1.68962025424335e+00 6.07083334143166e-04
3.57500000000000e+00 1.72999462788432e+00 1.72940194992690e+00 5.92677957418575e-04
3.58000000000000e+00 1.76869155803091e+00 1.76811793702778e+00 5.73621003129965e-04
3.58500000000000e+00 1.80609771568533e+00 1.80554764404025e+00 5.50071645085692e-04
3.59000000000000e+00 1.84200153495573e+00 1.84147909991322e+00 5.22435042503488e-04
3.59500000000000e+00 1.87620154624533e+00 1.87571023628478e+00 4.91309960549691e-04
3.60000000000000e+00 1.90850753530411e+00 1.90805012849909e+00 4.57406805017158e-04
3.60500000000000e+00 1.93874161913437e+00 1.93832016775567e+00 4.21451378703974e-04
3.61000000000000e+00 1.96673924867782e+00 1.96635515716554e+00 3.84091512280360e-04
3.61500000000000e+00 1.99235014735976e+00 1.99200432495795e+00 3.45822401811802e-04
3.62000000000000e+00 2.01543919104006e+00 2.01513224859221e+00 3.06942447850123e-04
3.62500000000000e+00 2.03588722962961e+00 2.03561968407860e+00 2.67545551016379e-04
3.63000000000000e+00 2.05359184473437e+00 2.05336429539657e+00 2.27549337806554e-04
3.63500000000000e+00 2.06846803235583e+00 2.06828127951470e+00 1.86752841129678e-04
3.64000000000000e+00 2.08044879587325e+00 2.08030388316029e+00 1.44912712965795e-04
3.64500000000000e+00 2.08948563287014e+00 2.08938380815405e+00 1.01824716091770e-04
3.65000000000000e+00 2.09554890003592e+00 2.09549150281253e+00 5.73972233954834e-05
3.65500000000000e+00 2.09862804315873e+00 2.09861633762302e+00 1.17055357122808e-05
3.66000000000000e+00 2.09873168359310e+00 2.09876666410972e+00 3.49805166273143e-05
3.66500000000000e+00 2.09588755781257e+00 2.09596975652967e+00 8.21987171075733e-05
3.67000000000000e+00 2.09014231196902e+00 2.09027163675968e+00 1.29324790660856e-04
3.67500000000000e+00 2.08156115808195e+00 2.08173678345563e+00 1.75625373673327e-04
3.68000000000000e+00 2.07022740205116e+00 2.07044772727895e+00 2.20325227794138e-04
3.68500000000000e+00 2.05624185582901e+00 2.05650453468774e+00 2.62678858733434e-04
3.69000000000000e+00 2.03972214674365e+00 2.04002418347677e+00 3.02036733116129e-04
3.69500000000000e+00 2.02080193628051e+00 2.02113983391842e+00 3.37897637910700e-04
3.70000000000000e+00 1.99963005891270e+00 2.00000000000000e+00 3.69941087306147e-04
3.70500000000000e+00 1.97636958922192e+00 1.97676762586894e+00 3.98036647011990e-04
3.71000000000000e+00 1.95119684299920e+00 1.95161907318189e+00 4.22230182699712e-04
3.71500000000000e+00 1.92430031565977e+00 1.92474302560309e+00 4.42709943316189e-04
3.72000000000000e+00 1.89587955947850e+00 1.89633931720795e+00 4.59757729447619e-04
3.72500000000000e+00 1.86614400007590e+00 1.86661769201745e+00 4.73691941551335e-04
3.73000000000000e+00 1.83531169237637e+00 1.83579650231313e+00 4.84809936758923e-04
3.73500000000000e+00 1.80360801691714e+00 1.80410135376010e+00 4.93336842958936e-04
3.74000000000000e+00 1.77126431881064e+00 1.77176370569363e+00 4.99386882991670e-04
3.74500000000000e+00 1.73851649367358e+00 1.73901943520098e+00 5.02941527398049e-04
3.75000000000000e+00 1.70560352720020e+00 1.70610737385376e+00 5.03846653563622e-04
3.75500000000000e+00 1.67276599751489e+00 1.67326782611444e+00 5.01828599555498e-04
3.76000000000000e+00 1.64024455173444e+00 1.64074107855382e+00 4.96526819384613e-04
3.76500000000000e+00 1.60827837007047e+00 1.60876590907298e+00 4.87539002512083e-04
3.77000000000000e+00 1.57710363212623e+00 1.57757810532303e+00 4.74473196799607e-04
3.77500000000000e+00 1.54695200066770e+00 1.54740900145948e+00 4.57000791784123e-04
3.78000000000000e+00 1.51804913802630e+00 1.51848404225504e+00 4.34904228740374e-04
3.78500000000000e+00 1.49061326944203e+00 1.49102138342582e+00 4.08113983795921e-04
3.79000000000000e+00 1.46485380616987e+00 1.46523053680291e+00 3.76730633036448e-04
3.79500000000000e+00 1.44097003919520e+00 1.44131106870462e+00 3.41029509422830e-04
3.80000000000000e+00 1.41914991212071e+00 1.41945135953695e+00 3.01447416238609e-04
3.80500000000000e+00 1.39956887940894e+00 1.39982743227203e+00 2.58552863088068e-04
3.81000000000000e+00 1.38238885390110e+00 1.38260185702999e+00 2.13003128892941e-04
3.81500000000000e+00 1.36775724558180e+00 1.36792273852040e+00 1.65492938603240e-04
3.82000000000000e+00 1.35580609207980e+00 1.35592279258843e+00 1.16700508622447e-04
3.82500000000000e+00 1.34665128050062e+00 1.34671851756181e+00 6.72370611947137e-05
3.83000000000000e+00 1.34039185992779e+00 1.34040946551008e+00 1.76055822929122e-05
3.83500000000000e+00 1.33710944429314e+00 1.33707761791153e+00 3.18263816090347e-05
3.84000000000000e+00 1.33686770621960e+00 1.33678686957979e+00 8.08366398183935e-05
3.84500000000000e+00 1.33971196374090e+00 1.33958262403436e+00 1.29339706539389e-04
3.85000000000000e+00 1.34566886330464e+00 1.34549150281253e+00 1.77360492112033e-04
3.85500000000000e+00 1.35474616393820e+00 1.35452117051728e+00 2.24993420915309e-04
3.86000000000000e+00 1.36693262865358e+00 1.36666027668282e+00 2.72351970766360e-04
3.86500000000000e+00 1.38219802985134e+00 1.38187851481848e+00 3.19515032865203e-04
3.87000000000000e+00 1.40049327545385e+00 1.40012679826999e+00 3.66477183858960e-04
3.87500000000000e+00 1.42175066161825e+00 1.42133755181640e+00 4.13109801846057e-04
3.88000000000000e+00 1.44588425610035e+00 1.44542511720754e+00 4.59138892804356e-04
3.88500000000000e+00 1.47279041372188e+00 1.47228627014469e+00 5.04143577187310e-04
3.89000000000000e+00 1.50234842210761e+00 1.50180084551966e+00 5.47576587949905e-04
3.89500000000000e+00 1.53442127219210e+00 1.53383246706028e+00 5.88805131818582e-04
3.90000000000000e+00 1.56885654432381e+00 1.56822937688661e+00 6.27167437202480e-04
3.90500000000000e+00 1.60548739754774e+00 1.60482535986612e+00 6.62037681623318e-04
3.91000000000000e+00 1.64413364725990e+00 1.64344075707161e+00 6.92890188286555e-04
3.91500000000000e+00 1.68460291527182e+00 1.68388356209650e+00 7.19353175317794e-04
3.92000000000000e+00 1.72669183664733e+00 1.72595059347097e+00 7.41243176361150e-04
3.92500000000000e+00 1.77018730953898e+00 1.76942873595353e+00 7.58573585451394e-04
3.93000000000000e+00 1.81486777748748e+00 1.81409624304787e+00 7.71534439613086e-04
3.93500000000000e+00 1.86050453784116e+00 1.85972409271722e+00 7.80445123935269e-04
3.94000000000000e+00 1.90686307446767e+00 1.90607738794081e+00 7.85686526857399e-04
3.94500000000000e+00 1.95370441697259e+00 1.95291679348016e+00 7.87623492422007e-04
3.95000000000000e+00 2.00078653136481e+00 2.00000000000000e+00 7.86531364815213e-04
3.95500000000000e+00 2.04786574775392e+00 2.04708320651983e+00 7.82541234085166e-04
3.96000000000000e+00 2.09469822870019e+00 2.09392261205918e+00 7.75616641012444e-04
3.96500000000000e+00 2.14104147710561e+00 2.14027590728278e+00 7.65569822833712e-04
3.97000000000000e+00 2.18665587533952e+00 2.18590375695213e+00 7.52118387389533e-04
3.97500000000000e+00 2.23130623844674e+00 2.23057126404647e+00 7.34974400269817e-04
3.98000000000000e+00 2.27476335504990e+00 2.27404940652903e+00 7.13948520873142e-04
3.98500000000000e+00 2.31680548151310e+00 2.31611643790350e+00 6.89043609603868e-04
3.99000000000000e+00 2.35721974977406e+00 2.35655924292839e+00 6.60506845679087e-04
3.99500000000000e+00 2.39580344853047e+00 2.39517464013388e+00 6.28808396589076e-04
4.00000000000000e+00 2.43236514234071e+00 2.43177062311338e+00 5.94519227327783e-04
