variables = x, value-predict, value-true, error
0.00000000000000e+00 2.43151365624660e+00 2.43177062311339e+00 2.56966866786890e-04
5.00000000000000e-03 2.46589823024352e+00 2.46616753293972e+00 2.69302696198626e-04
1.00000000000000e-02 2.49791794285104e+00 2.49819915448034e+00 2.81211629292066e-04
1.50000000000000e-02 2.52742163988256e+00 2.52771372985530e+00 2.92089972746989e-04
2.00000000000000e-02 2.55427307659875e+00 2.55457488279246e+00 3.01806193708121e-04
2.50000000000000e-02 2.57835193290409e+00 2.57866244818360e+00 3.10515279510426e-04
3.00000000000000e-02 2.59955468284424e+00 2.59987320173000e+00 3.18518885762398e-04
3.50000000000000e-02 2.61779532059953e+00 2.61812148518152e+00 3.26164581993194e-04
4.00000000000000e-02 2.63300594612054e+00 2.63333972331718e+00 3.33777196639851e-04
4.50000000000000e-02 2.64513721392290e+00 2.64547882948272e+00 3.41615559812602e-04
5.00000000000000e-02 2.65415864850195e+00 2.65450849718747e+00 3.49848685521792e-04
5.50000000000000e-02 2.66005882951972e+00 2.66041737596564e+00 3.58546445915486e-04
6.00000000000000e-02 2.66284544953270e+00 2.66321313042021e+00 3.67680887515043e-04
6.50000000000000e-02 2.66254524672664e+00 2.66292238208847e+00 3.77135361828707e-04
7.00000000000000e-02 2.65920381502519e+00 2.65959053448992e+00 3.86719464724017e-04
7.50000000000000e-02 2.65288529411508e+00 2.65328148243819e+00 3.96188323108060e-04
8.00000000000000e-02 2.64367194239843e+00 2.64407720741157e+00 4.05265013143641e-04
8.50000000000000e-02 2.63166359660598e+00 2.63207726147960e+00 4.13664873617936e-04
9.00000000000000e-02 2.61697702269844e+00 2.61739814297001e+00 4.21120271568043e-04
9.50000000000000e-02 2.59974516363134e+00 2.60017256772797e+00 4.27404096631001e-04
1.00000000000000e-01 2.58011629043085e+00 2.58054864046305e+00 4.32350032193440e-04
1.05000000000000e-01 2.55825306370357e+00 2.55868893129538e+00 4.35867591804140e-04
1.10000000000000e-01 2.53433151308933e+00 2.53476946319709e+00 4.37950107766039e-04
1.15000000000000e-01 2.50853994221768e+00 2.50897861657418e+00 4.38674356502133e-04
1.20000000000000e-01 2.48107776645766e+00 2.48151595774496e+00 4.38191287300160e-04
1.25000000000000e-01 2.45215429022648e+00 2.45259099854052e+00 4.36708314035528e-04
1.30000000000000e-01 2.42198742996805e+00 2.42242189467697e+00 4.34464708917393e-04
1.35000000000000e-01 2.39080238828024e+00 2.39123409092702e+00 4.31702646780163e-04
1.40000000000000e-01 2.35883028422386e+00 2.35925892144618e+00 4.28637222319228e-04
1.45000000000000e-01 2.32630674473075e+00 2.32673217388556e+00 4.25429154808477e-04
1.50000000000000e-01 2.29347046234070e+00 2.29389262614624e+00 4.22163805541054e-04
1.55000000000000e-01 2.26056172526981e+00 2.26098056479902e+00 4.18839529212178e-04
1.60000000000000e-01 2.22782092699935e+00 2.22823629430637e+00 4.15367307023295e-04
1.65000000000000e-01 2.19548706405131e+00 2.19589864623990e+00 4.11582188591275e-04
1.70000000000000e-01 2.16379623220054e+00 2.16420349768687e+00 4.07265486328967e-04
1.75000000000000e-01 2.13298013284021e+00 2.13338230798255e+00 4.02175142337313e-04
1.80000000000000e-01 2.10326460234145e+00 2.10366068279205e+00 3.96080450601133e-04
1.85000000000000e-01 2.07486817783477e+00 2.07525697439691e+00 3.88796562147409e-04
1.90000000000000e-01 2.04800071275735e+00 2.04838092681811e+00 3.80214060753392e-04
1.95000000000000e-01 2.02286205471201e+00 2.02323237413107e+00 3.70319419053189e-04
2.00000000000000e-01 1.99964079672016e+00 2.00000000000000e+00 3.59203279840070e-04
2.05000000000000e-01 1.97851311096811e+00 1.97886016608158e+00 3.47055113473216e-04
2.10000000000000e-01 1.95964167185969e+00 1.95997581652323e+00 3.34144663543867e-04
2.15000000000000e-01 1.94317467286205e+00 1.94349546531226e+00 3.20792450205332e-04
2.20000000000000e-01 1.92924493953480e+00 1.92955227272105e+00 3.07333186241987e-04
2.25000000000000e-01 1.91796913950366e+00 1.91826321654437e+00 2.94077040711826e-04
2.30000000000000e-01 1.90944708915074e+00 1.90972836324032e+00 2.81274089572792e-04
2.35000000000000e-01 1.90376115652388e+00 1.90403024347033e+00 2.69086946447894e-04
2.40000000000000e-01 1.90097576039123e+00 1.90123333589028e+00 2.57575499049700e-04
2.45000000000000e-01 1.90113696635477e+00 1.90138366237698e+00 2.46696022213166e-04
2.50000000000000e-01 1.90427218226758e+00 1.90450849718747e+00 2.36314919890068e-04
2.55000000000000e-01 1.91038995659706e+00 1.91061619184595e+00 2.26235248883322e-04
2.60000000000000e-01 1.91947988453998e+00 1.91969611683971e+00 2.16232299731001e-04
2.65000000000000e-01 1.93151262734804e+00 1.93171872048530e+00 2.06093137251839e-04
2.70000000000000e-01 1.94644005025247e+00 1.94663570460343e+00 1.95654350957808e-04
2.75000000000000e-01 1.96419548346966e+00 1.96438031592140e+00 1.84832451743056e-04
2.80000000000000e-01 1.98469410903740e+00 1.98486775140779e+00 1.73642370387972e-04
2.85000000000000e-01 2.00783347380811e+00 2.00799567504205e+00 1.62201233936621e-04
2.90000000000000e-01 2.03349412606130e+00 2.03364484283446e+00 1.50716773161808e-04
2.95000000000000e-01 2.06154037022061e+00 2.06167983224433e+00 1.39462023721393e-04
3.00000000000000e-01 2.09182113143031e+00 2.09194987150091e+00 1.28740070597821e-04
3.05000000000000e-01 2.12417091959660e+00 2.12428976371522e+00 1.18844118611960e-04
3.10000000000000e-01 2.15841088118571e+00 2.15852090008677e+00 1.10018901065878e-04
3.15000000000000e-01 2.19434992672271e+00 2.19445235595975e+00 1.02429237040624e-04
3.20000000000000e-01 2.23178592253481e+00 2.23188206297222e+00 9.61404374022479e-05
3.25000000000000e-01 2.27050693666150e+00 2.27059805007310e+00 9.11134115977319e-05
3.30000000000000e-01 2.31029253072078e+00 2.31037974575665e+00 8.72150358754986e-05
3.35000000000000e-01 2.35091509150933e+00 2.35099933348698e+00 8.42419776483361e-05
3.40000000000000e-01 2.39214119784486e+00 2.39222315195700e+00 8.19541121397371e-05
3.45000000000000e-01 2.43373301930429e+00 2.43381313154985e+00 8.01122455613701e-05
3.50000000000000e-01 2.47544974385240e+00 2.47552825814758e+00 7.85142951773565e-05
3.55000000000000e-01 2.51704903081659e+00 2.51712605526309e+00 7.70244464969316e-05
3.60000000000000e-01 2.55828848432641e+00 2.55836407535859e+00 7.55910321759146e-05
3.65000000000000e-01 2.59892714041922e+00 2.59900139115685e+00 7.42507376267909e-05
3.70000000000000e-01 2.63872695883381e+00 2.63880007775179e+00 7.31189179754566e-05
3.75000000000000e-01 2.67745430842964e+00 2.67752667638138e+00 7.23679517466991e-05
3.80000000000000e-01 2.71488143351933e+00 2.71495363083915e+00 7.21973198172243e-05
3.85000000000000e-01 2.75078788744852e+00 2.75086068766886e+00 7.28002203400635e-05
3.90000000000000e-01 2.78496191964724e+00 2.78503625151058e+00 7.43318633373846e-05
3.95000000000000e-01 2.81720180312527e+00 2.81727868724248e+00 7.68841172136270e-05
4.00000000000000e-01 2.84731709087358e+00 2.84739756089084e+00 8.04700172643003e-05
4.05000000000000e-01 2.87512979164965e+00 2.87521481165829e+00 8.50200086484065e-05
4.10000000000000e-01 2.90047545788404e+00 2.90056584784471e+00 9.03899606772285e-05
4.15000000000000e-01 2.92320418065833e+00 2.92330055990464e+00 9.63792463095636e-05
4.20000000000000e-01 2.94318148860668e+00 2.94328424439572e+00 1.02755789040287e-04
4.25000000000000e-01 2.96028914899573e+00 2.96039843312221e+00 1.09284126478926e-04
4.30000000000000e-01 2.97442587004136e+00 2.97454162236171e+00 1.15752320349216e-04
4.35000000000000e-01 2.98550790373125e+00 2.98562989767982e+00 1.21993948574595e-04
4.40000000000000e-01 2.99346954813344e+00 2.99359745048043e+00 1.27902346998887e-04
4.45000000000000e-01 2.99826354755300e+00 2.99839698310739e+00 1.33435554394268e-04
4.50000000000000e-01 2.99986138815622e+00 3.00000000000000e+00 1.38611843778058e-04
4.55000000000000e-01 2.99825348603001e+00 2.99839698310739e+00 1.43497077382815e-04
4.60000000000000e-01 2.99344926426960e+00 2.99359745048043e+00 1.48186210831902e-04
4.65000000000000e-01 2.98547711572582e+00 2.98562989767982e+00 1.52781954003256e-04
4.70000000000000e-01 2.97438424855940e+00 2.97454162236171e+00 1.57373802308847e-04
4.75000000000000e-01 2.96023641273717e+00 2.96039843312221e+00 1.62020385039430e-04
4.80000000000000e-01 2.94311750698554e+00 2.94328424439572e+00 1.66737410179696e-04
4.85000000000000e-01 2.92312906736327e+00 2.92330055990464e+00 1.71492541367613e-04
4.90000000000000e-01 2.90038964036643e+00 2.90056584784471e+00 1.76207478278734e-04
4.95000000000000e-01 2.87503404517064e+00 2.87521481165829e+00 1.80766487649642e-04
5.00000000000000e-01 2.84721253109986e+00 2.84739756089084e+00 1.85029790984892e-04
5.05000000000000e-01 2.81708983758041e+00 2.81727868724248e+00 1.88849662070556e-04
5.10000000000000e-01 2.78484416463287e+00 2.78503625151058e+00 1.92086877714548e-04
5.15000000000000e-01 2.75066606236881e+00 2.75086068766886e+00 1.94625300048656e-04
5.20000000000000e-01 2.71475724803941e+00 2.71495363083915e+00 1.96382799733996e-04
5.25000000000000e-01 2.67732935901130e+00 2.67752667638138e+00 1.97317370078220e-04
5.30000000000000e-01 2.63860264972830e+00 2.63880007775179e+00 1.97428023485546e-04
5.35000000000000e-01 2.59880464036622e+00 2.59900139115685e+00 1.96750790635303e-04
5.40000000000000e-01 2.55816872459932e+00 2.55836407535859e+00 1.95350759264024e-04
5.45000000000000e-01 2.51693274374436e+00 2.51712605526309e+00 1.93311518728034e-04
5.50000000000000e-01 2.47533753456737e+00 2.47552825814758e+00 1.90723580202334e-04
5.55000000000000e-01 2.43362545823261e+00 2.43381313154985e+00 1.87673317243231e-04
5.60000000000000e-01 2.39203891820787e+00 2.39222315195700e+00 1.84233749129348e-04
5.65000000000000e-01 2.35081887536268e+00 2.35099933348698e+00 1.80458124300120e-04
5.70000000000000e-01 2.31020336893492e+00 2.31037974575665e+00 1.76376821731772e-04
5.75000000000000e-01 2.27042605243145e+00 2.27059805007310e+00 1.71997641645660e-04
5.80000000000000e-01 2.23171475381163e+00 2.23188206297222e+00 1.67309160591156e-04
5.85000000000000e-01 2.19429006944086e+00 2.19445235595975e+00 1.62286518893051e-04
5.90000000000000e-01 2.15836400127747e+00 2.15852090008677e+00 1.56898809301254e-04
5.95000000000000e-01 2.12413864657049e+00 2.12428976371522e+00 1.51117144723489e-04
6.00000000000000e-01 2.09180494901347e+00 2.09194987150091e+00 1.44922487439914e-04
6.05000000000000e-01 2.06154151984089e+00 2.06167983224433e+00 1.38312403442420e-04
6.10000000000000e-01 2.03351353679006e+00 2.03364484283446e+00 1.31306044400148e-04
6.15000000000000e-01 2.00787172819999e+00 2.00799567504205e+00 1.23946842061962e-04
6.20000000000000e-01 1.98475144879295e+00 1.98486775140779e+00 1.16302614839858e-04
6.25000000000000e-01 1.96427185289471e+00 1.96438031592140e+00 1.08463026689876e-04
6.30000000000000e-01 1.94653517000880e+00 1.94663570460343e+00 1.00534594629220e-04
6.35000000000000e-01 1.93162608678657e+00 1.93171872048530e+00 9.26336987219223e-05
6.40000000000000e-01 1.91961123855506e+00 1.91969611683971e+00 8.48782846503138e-05
6.45000000000000e-01 1.91053881271062e+00 1.91061619184595e+00 7.73791353272379e-05
6.50000000000000e-01 1.90443826549470e+00 1.90450849718747e+00 7.02316927756463e-05
6.55000000000000e-01 1.90132015296934e+00 1.90138366237698e+00 6.35094076379961e-05
6.60000000000000e-01 1.90117607642490e+00 1.90123333589028e+00 5.72594653782676e-05
6.65000000000000e-01 1.90397874198295e+00 1.90403024347033e+00 5.15014873725406e-05
6.70000000000000e-01 1.90968213378616e+00 1.90972836324032e+00 4.62294541547781e-05
6.75000000000000e-01 1.91822179985530e+00 1.91826321654437e+00 4.14166890700951e-05
6.80000000000000e-01 1.92951524939175e+00 1.92955227272105e+00 3.70233292998901e-05
6.85000000000000e-01 1.94346245995385e+00 1.94349546531226e+00 3.30053584063350e-05
6.90000000000000e-01 1.95994649248716e+00 1.95997581652323e+00 2.93240360726976e-05
6.95000000000000e-01 1.97883421160542e+00 1.97886016608158e+00 2.59544761616048e-05
7.00000000000000e-01 1.99997710778811e+00 2.00000000000000e+00 2.28922118907793e-05
7.05000000000000e-01 2.02321221729367e+00 2.02323237413106e+00 2.01568373996430e-05
7.10000000000000e-01 2.04836313462257e+00 2.04838092681811e+00 1.77921955368809e-05
7.15000000000000e-01 2.07524111135786e+00 2.07525697439691e+00 1.58630390538761e-05
7.20000000000000e-01 2.10364623422960e+00 2.10366068279205e+00 1.44485624553603e-05
7.25000000000000e-01 2.13336867436304e+00 2.13338230798255e+00 1.36336195022402e-05
7.30000000000000e-01 2.16418999893690e+00 2.16420349768687e+00 1.34987499702532e-05
7.35000000000000e-01 2.19588453594162e+00 2.19589864623990e+00 1.41102982773589e-05
7.40000000000000e-01 2.22822078240931e+00 2.22823629430637e+00 1.55118970677215e-05
7.45000000000000e-01 2.26096284638454e+00 2.26098056479902e+00 1.77184144765086e-05
7.50000000000000e-01 2.29387191299613e+00 2.29389262614624e+00 2.07131501017699e-05
7.55000000000000e-01 2.32670772523188e+00 2.32673217388556e+00 2.44486536802313e-05
7.60000000000000e-01 2.35923007036051e+00 2.35925892144618e+00 2.88510856734092e-05
7.65000000000000e-01 2.39120026333001e+00 2.39123409092702e+00 3.38275970124258e-05
7.70000000000000e-01 2.42238261884673e+00 2.42242189467697e+00 3.92758302454332e-05
7.75000000000000e-01 2.45254590415975e+00 2.45259099854052e+00 4.50943807663862e-05
7.80000000000000e-01 2.48146476480994e+00 2.48151595774496e+00 5.11929350186513e-05
7.85000000000000e-01 2.50892111573780e+00 2.50897861657418e+00 5.75008363803420e-05
7.90000000000000e-01 2.53470549018294e+00 2.53476946319709e+00 6.39730141553940e-05
7.95000000000000e-01 2.55861833876993e+00 2.55868893129538e+00 7.05925254518291e-05
8.00000000000000e-01 2.58047127109583e+00 2.58054864046305e+00 7.73693672213582e-05
8.05000000000000e-01 2.60008823205820e+00 2.60017256772797e+00 8.43356697761699e-05
8.10000000000000e-01 2.61730660513921e+00 2.61739814297001e+00 9.15378308028458e-05
8.15000000000000e-01 2.63197823494234e+00 2.63207726147960e+00 9.90265372555754e-05
8.20000000000000e-01 2.64397036150696e+00 2.64407720741157e+00 1.06845904611408e-04
8.25000000000000e-01 2.65316645933678e+00 2.65328148243819e+00 1.15023101407097e-04
8.30000000000000e-01 2.65946697468859e+00 2.65959053448992e+00 1.23559801324280e-04
8.35000000000000e-01 2.66278995547658e+00 2.66292238208847e+00 1.32426611882064e-04
8.40000000000000e-01 2.66307156913475e+00 2.66321313042021e+00 1.41561285463609e-04
8.45000000000000e-01 2.66026650490492e+00 2.66041737596564e+00 1.50871060720981e-04
8.50000000000000e-01 2.65434825822500e+00 2.65450849718747e+00 1.60238962476189e-04
8.55000000000000e-01 2.64530929611399e+00 2.64547882948272e+00 1.69533368727937e-04
8.60000000000000e-01 2.63316110361584e+00 2.63333972331718e+00 1.78619701343585e-04
8.65000000000000e-01 2.61793411240745e+00 2.61812148518153e+00 1.87372774072880e-04
8.70000000000000e-01 2.59967751354159e+00 2.59987320173000e+00 1.95688188412646e-04
8.75000000000000e-01 2.57845895695026e+00 2.57866244818360e+00 2.03491233336184e-04
8.80000000000000e-01 2.55436414076942e+00 2.55457488279246e+00 2.10742023038168e-04
8.85000000000000e-01 2.52749629378231e+00 2.52771372985530e+00 2.17436072988075e-04
8.90000000000000e-01 2.49797555436453e+00 2.49819915448034e+00 2.23600115804246e-04
8.95000000000000e-01 2.46593824932022e+00 2.46616753293972e+00 2.29283619495479e-04
9.00000000000000e-01 2.43153607601145e+00 2.43177062311339e+00 2.34547101938709e-04
9.05000000000000e-01 2.39493519128960e+00 2.39517464013388e+00 2.39448844282730e-04
9.10000000000000e-01 2.35631521101791e+00 2.35655924292839e+00 2.44031910483056e-04
9.15000000000000e-01 2.31586812448143e+00 2.31611643790350e+00 2.48313422067437e-04
9.20000000000000e-01 2.27379712873710e+00 2.27404940652903e+00 2.52277791929156e-04
9.25000000000000e-01 2.23031538894048e+00 2.23057126404647e+00 2.55875105990011e-04
9.30000000000000e-01 2.18564473183543e+00 2.18590375695213e+00 2.59025116697842e-04
9.35000000000000e-01 2.14001428080882e+00 2.14027590728277e+00 2.61626473951893e-04
9.40000000000000e-01 2.09365904206913e+00 2.09392261205918e+00 2.63569990052392e-04
9.45000000000000e-01 2.04681845247363e+00 2.04708320651983e+00 2.64754046200633e-04
9.50000000000000e-01 1.99973490018211e+00 2.00000000000000e+00 2.65099817894798e-04
9.55000000000000e-01 1.95265222956815e+00 1.95291679348017e+00 2.64563912012461e-04
9.60000000000000e-01 1.90581424163418e+00 1.90607738794082e+00 2.63146306639372e-04
9.65000000000000e-01 1.85946320057471e+00 1.85972409271723e+00 2.60892142520008e-04
9.70000000000000e-01 1.81383835619986e+00 1.81409624304787e+00 2.57886848007205e-04
9.75000000000000e-01 1.76917449080415e+00 1.76942873595353e+00 2.54245149382104e-04
9.80000000000000e-01 1.72570049791680e+00 1.72595059347097e+00 2.50095554171992e-04
9.85000000000000e-01 1.68363799937808e+00 1.68388356209650e+00 2.45562718423242e-04
9.90000000000000e-01 1.64320000650741e+00 1.64344075707161e+00 2.40750564201697e-04
9.95000000000000e-01 1.60458963086515e+00 1.60482535986612e+00 2.35729000971574e-04
1.00000000000000e+00 1.56799885028953e+00 1.56822937688661e+00 2.30526597082559e-04
1.00500000000000e+00 1.53360733645232e+00 1.53383246706028e+00 2.25130607958368e-04
1.01000000000000e+00 1.50158135098156e+00 1.50180084551966e+00 2.19494538108211e-04
1.01500000000000e+00 1.47207271804409e+00 1.47228627014470e+00 2.13552100607028e-04
1.02000000000000e+00 1.44521788193523e+00 1.44542511720755e+00 2.07235272311923e-04
1.02500000000000e+00 1.42113705847200e+00 1.42133755181640e+00 2.00493344403530e-04
1.03000000000000e+00 1.39993348867318e+00 1.40012679827000e+00 1.93309596812075e-04
1.03500000000000e+00 1.38169280226666e+00 1.38187851481848e+00 1.85712551816541e-04
1.04000000000000e+00 1.36648249703561e+00 1.36666027668282e+00 1.77779647210885e-04
1.04500000000000e+00 1.35435153805065e+00 1.35452117051728e+00 1.69632466636260e-04
1.05000000000000e+00 1.34533007866684e+00 1.34549150281253e+00 1.61424145681766e-04
1.05500000000000e+00 1.33942930306658e+00 1.33958262403436e+00 1.53320967783532e-04
1.06000000000000e+00 1.33664138836346e+00 1.33678686957979e+00 1.45481216326848e-04
1.06500000000000e+00 1.33693958304973e+00 1.33707761791153e+00 1.38034861804526e-04
1.07000000000000e+00 1.34027839796997e+00 1.34040946551008e+00 1.31067540117380e-04
1.07500000000000e+00 1.34659390601942e+00 1.34671851756181e+00 1.24611542392961e-04
1.08000000000000e+00 1.35580414726278e+00 1.35592279258843e+00 1.18645325650535e-04
1.08500000000000e+00 1.36780963693092e+00 1.36792273852040e+00 1.13101589475306e-04
1.09000000000000e+00 1.38249397451884e+00 1.38260185702999e+00 1.07882511148683e-04
1.09500000000000e+00 1.39972455272654e+00 1.39982743227203e+00 1.02879545485157e-04
1.10000000000000e+00 1.41935336506200e+00 1.41945135953695e+00 9.79944749490702e-05
1.10500000000000e+00 1.44121791045533e+00 1.44131106870462e+00 9.31582492946781e-05
1.11000000000000e+00 1.46514219221648e+00 1.46523053680291e+00 8.83445864283683e-05
1.11500000000000e+00 1.49093780720359e+00 1.49102138342582e+00 8.35762222359815e-05
1.12000000000000e+00 1.51840511932919e+00 1.51848404225504e+00 7.89229258542079e-05
1.12500000000000e+00 1.54733450973427e+00 1.54740900145948e+00 7.44917252057942e-05
1.13000000000000e+00 1.57750769432319e+00 1.57757810532303e+00 7.04109998377334e-05
1.13500000000000e+00 1.60869909806275e+00 1.60876590907298e+00 6.68110102353126e-05
1.14000000000000e+00 1.64067727463446e+00 1.64074107855382e+00 6.38039193650020e-05
1.14500000000000e+00 1.67320635974415e+00 1.67326782611444e+00 6.14663702869223e-05
1.15000000000000e+00 1.70604754661904e+00 1.70610737385376e+00 5.98272347209772e-05
1.15500000000000e+00 1.73896057287357e+00 1.73901943520098e+00 5.88623274113687e-05
1.16000000000000e+00 1.77170520887017e+00 1.77176370569363e+00 5.84968234611516e-05
1.16500000000000e+00 1.80404273878119e+00 1.80410135376010e+00 5.86149789139068e-05
1.17000000000000e+00 1.83573742661288e+00 1.83579650231313e+00 5.90757002458808e-05
1.17500000000000e+00 1.86655796033884e+00 1.86661769201745e+00 5.97316786181690e-05
1.18000000000000e+00 1.89627886790008e+00 1.89633931720795e+00 6.04493078688595e-05
1.18500000000000e+00 1.92468189910056e+00 1.92474302560309e+00 6.11265025247665e-05
1.19000000000000e+00 1.95155736734896e+00 1.95161907318189e+00 6.17058329337450e-05
1.19500000000000e+00 1.97670544481249e+00 1.97676762586894e+00 6.21810564498393e-05
1.20000000000000e+00 1.99993740394266e+00 2.00000000000000e+00 6.25960573381601e-05
1.20500000000000e+00 2.02107679762904e+00 2.02113983391842e+00 6.30362893816461e-05
1.21000000000000e+00 2.03996056957874e+00 2.04002418347677e+00 6.36138980261158e-05
1.21500000000000e+00 2.05644008605399e+00 2.05650453468774e+00 6.44486337497696e-05
1.22000000000000e+00 2.07038207995843e+00 2.07044772727895e+00 6.56473205267183e-05
1.22500000000000e+00 2.08166949854408e+00 2.08173678345563e+00 6.72849115503915e-05
1.23000000000000e+00 2.09020224676310e+00 2.09027163675968e+00 6.93899965846789e-05
1.23500000000000e+00 2.09589781950131e+00 2.09596975652967e+00 7.19370283670528e-05
1.24000000000000e+00 2.09869181752973e+00 2.09876666410972e+00 7.48465799893516e-05
1.24500000000000e+00 2.09853834386474e+00 2.09861633762302e+00 7.79937582779944e-05
1.25000000000000e+00 2.09541027916220e+00 2.09549150281253e+00 8.12236503304753e-05
1.25500000000000e+00 2.08929943659232e+00 2.08938380815405e+00 8.43715617349083e-05
1.26000000000000e+00 2.08021659816336e+00 2.08030388316029e+00 8.72849969248968e-05
1.26500000000000e+00 2.06819143553699e+00 2.06828127951470e+00 8.98439777086146e-05
1.27000000000000e+00 2.05327231892357e+00 2.05336429539657e+00 9.19764730000772e-05
1.27500000000000e+00 2.03552601766214e+00 2.03561968407860e+00 9.36664164559176e-05
1.28000000000000e+00 2.01503729566608e+00 2.01513224859221e+00 9.49529261302651e-05
1.28500000000000e+00 1.99190840421678e+00 1.99200432495795e+00 9.59207411708185e-05
1.29000000000000e+00 1.96625847383480e+00 1.96635515716554e+00 9.66833307434189e-05
1.29500000000000e+00 1.93822280638658e+00 1.93832016775567e+00 9.73613690873343e-05
1.30000000000000e+00 1.90795206840908e+00 1.90805012849909e+00 9.80600900115647e-05
1.30500000000000e+00 1.87561138700358e+00 1.87571023628478e+00 9.88492812044051e-05
1.31000000000000e+00 1.84137935062012e+00 1.84147909991323e+00 9.97492931078536e-05
1.31500000000000e+00 1.80544691857213e+00 1.80554764404025e+00 1.00725468118457e-04
1.32000000000000e+00 1.76801624503123e+00 1.76811793702778e+00 1.01691996547526e-04
1.32500000000000e+00 1.72929942531700e+00 1.72940194992690e+00 1.02524609898680e-04
1.33000000000000e+00 1.68951717423841e+00 1.68962025424335e+00 1.03080004941081e-04
1.33500000000000e+00 1.64889744779165e+00 1.64900066651302e+00 1.03218721370535e-04
1.34000000000000e+00 1.60767402045923e+00 1.60777684804300e+00 1.02827583777776e-04
1.34500000000000e+00 1.56608503056938e+00 1.56618686845015e+00 1.01837880774003e-04
1.35000000000000e+00 1.52437150566520e+00 1.52447174185242e+00 1.00236187224878e-04
1.35500000000000e+00 1.48277587872228e+00 1.48287394473691e+00 9.80660146314705e-05
1.36000000000000e+00 1.44154050456651e+00 1.44163592464141e+00 9.54200748990441e-05
1.36500000000000e+00 1.40090618426487e+00 1.40099860884315e+00 9.24245782825128e-05
1.37000000000000e+00 1.36111070388465e+00 1.36119992224821e+00 8.92183635645694e-05
1.37500000000000e+00 1.32238739308845e+00 1.32247332361862e+00 8.59305301654789e-05
1.38000000000000e+00 1.28496370870770e+00 1.28504636916085e+00 8.26604531563024e-05
1.38500000000000e+00 1.24905984875055e+00 1.24913931233114e+00 7.94635805936306e-05
1.39000000000000e+00 1.21488740315607e+00 1.21496374848942e+00 7.63453333487707e-05
1.39500000000000e+00 1.18264804880228e+00 1.18272131275752e+00 7.32639552438741e-05
1.40000000000000e+00 1.15253229753925e+00 1.15260243910916e+00 7.01415699022601e-05
1.40500000000000e+00 1.12471830706027e+00 1.12478518834171e+00 6.68812814337283e-05
1.41000000000000e+00 1.09937076499366e+00 1.09943415215529e+00 6.33871616322335e-05
1.41500000000000e+00 1.07663985653100e+00 1.07669944009536e+00 5.95835643673048e-05
1.42000000000000e+00 1.05666032515259e+00 1.05671575560428e+00 5.54304516893200e-05
1.42500000000000e+00 1.03955063463949e+00 1.03960156687779e+00 5.09322383035471e-05
1.43000000000000e+00 1.02541223874780e+00 1.02545837763829e+00 4.61388904902105e-05
1.43500000000000e+00 1.01432896290667e+00 1.01437010232018e+00 4.11394135042542e-05
1.44000000000000e+00 1.00636650034995e+00 1.00640254951957e+00 3.60491696203002e-05
1.44500000000000e+00 1.00157202343497e+00 1.00160301689261e+00 3.09934576319115e-05
1.45000000000000e+00 9.99973909705297e-01 1.00000000000000e+00 2.60902947033514e-05
1.45500000000000e+00 1.00158158158332e+00 1.00160301689261e+00 2.14353092857777e-05
1.46000000000000e+00 1.00638545840130e+00 1.00640254951957e+00 1.70911182622024e-05
1.46500000000000e+00 1.01435701967071e+00 1.01437010232018e+00 1.30826494646463e-05
1.47000000000000e+00 1.02544897886912e+00 1.02545837763829e+00 9.39876917160909e-06
1.47500000000000e+00 1.03959556738673e+00 1.03960156687779e+00 5.99949105795083e-06
1.48000000000000e+00 1.05671292843715e+00 1.05671575560428e+00 2.82716713040365e-06
1.48500000000000e+00 1.07669962056614e+00 1.07669944009536e+00 1.80470771438124e-07
1.49000000000000e+00 1.09943722983072e+00 1.09943415215529e+00 3.07767543072934e-06
1.49500000000000e+00 1.12479108878704e+00 1.12478518834171e+00 5.90044533099743e-06
1.50000000000000e+00 1.15261109921046e+00 1.15260243910916e+00 8.66010130651240e-06
1.50500000000000e+00 1.18273265410800e+00 1.18272131275752e+00 1.13413504807536e-05
1.51000000000000e+00 1.21497765322374e+00 1.21496374848942e+00 1.39047343170606e-05
1.51500000000000e+00 1.24915560501968e+00 1.24913931233114e+00 1.62926885340919e-05
1.52000000000000e+00 1.28506480713782e+00 1.28504636916085e+00 1.84379769649912e-05
1.52500000000000e+00 1.32249359666506e+00 1.32247332361862e+00 2.02730464420320e-05
1.53000000000000e+00 1.36122166113033e+00 1.36119992224821e+00 2.17388821199815e-05
1.53500000000000e+00 1.40102140102053e+00 1.40099860884315e+00 2.27921773836570e-05
1.54000000000000e+00 1.44165933464175e+00 1.44163592464141e+00 2.34100003393412e-05
1.54500000000000e+00 1.48289753629987e+00 1.48287394473691e+00 2.35915629571704e-05
1.55000000000000e+00 1.52449509896454e+00 1.52447174185242e+00 2.33571121177611e-05
1.55500000000000e+00 1.56620961276446e+00 1.56618686845015e+00 2.27443143099304e-05
1.56000000000000e+00 1.60779865081231e+00 1.60777684804300e+00 2.18027693075218e-05
1.56500000000000e+00 1.64902125396540e+00 1.64900066651302e+00 2.05874523830918e-05
1.57000000000000e+00 1.68963940619411e+00 1.68962025424335e+00 1.91519507606319e-05
1.57500000000000e+00 1.72941949226208e+00 1.72940194992690e+00 1.75423351818083e-05
1.58000000000000e+00 1.76813372942836e+00 1.76811793702778e+00 1.57924005772525e-05
1.58500000000000e+00 1.80556156487079e+00 1.80554764404025e+00 1.39208305423022e-05
1.59000000000000e+00 1.84149103051510e+00 1.84147909991323e+00 1.19306018719900e-05
1.59500000000000e+00 1.87572004695156e+00 1.87571023628478e+00 9.81066677940845e-06
1.60000000000000e+00 1.90805766815799e+00 1.90805012849909e+00 7.53965890476493e-06
1.60500000000000e+00 1.93832525885537e+00 1.93832016775567e+00 5.09109970647792e-06
1.61000000000000e+00 1.96635759653776e+00 1.96635515716554e+00 2.43937221577895e-06
1.61500000000000e+00 1.99200389057202e+00 1.99200432495795e+00 4.34385933223425e-07
1.62000000000000e+00 2.01512871127687e+00 2.01513224859221e+00 3.53731534374901e-06
1.62500000000000e+00 2.03561282256653e+00 2.03561968407860e+00 6.86151207007768e-06
1.63000000000000e+00 2.05335391256440e+00 2.05336429539657e+00 1.03828321740274e-05
1.63500000000000e+00 2.06826721751789e+00 2.06828127951470e+00 1.40619968078681e-05
1.64000000000000e+00 2.08028603532570e+00 2.08030388316029e+00 1.78478345889133e-05
1.64500000000000e+00 2.08936212596588e+00 2.08938380815405e+00 2.16821881706686e-05
1.65000000000000e+00 2.09546599703621e+00 2.09549150281253e+00 2.55057763176580e-05
1.65500000000000e+00 2.09858707344744e+00 2.09861633762302e+00 2.92641755805789e-05
1.66000000000000e+00 2.09873375102728e+00 2.09876666410972e+00 3.29130824434642e-05
1.66500000000000e+00 2.09593333439701e+00 2.09596975652967e+00 3.64221326627501e-05
1.67000000000000e+00 2.09023185999249e+00 2.09027163675968e+00 3.97767671884708e-05
1.67500000000000e+00 2.08169380554582e+00 2.08173678345563e+00 4.29779098043426e-05
1.68000000000000e+00 2.07040168775768e+00 2.07044772727895e+00 4.60395212722453e-05
1.68500000000000e+00 2.05645555030768e+00 2.05650453468774e+00 4.89843800610679e-05
1.69000000000000e+00 2.03997234479865e+00 2.04002418347677e+00 5.18386781207525e-05
1.69500000000000e+00 2.02108520773290e+00 2.02113983391842e+00 5.46261855176589e-05
1.70000000000000e+00 1.99994263718784e+00 2.00000000000000e+00 5.73628121556258e-05
1.70500000000000e+00 1.97670757350136e+00 1.97676762586893e+00 6.00523675753362e-05
1.71000000000000e+00 1.95155638899443e+00 1.95161907318189e+00 6.26841874631356e-05
1.71500000000000e+00 1.92467779253876e+00 1.92474302560309e+00 6.52330643304833e-05
1.72000000000000e+00 1.89627165560028e+00 1.89633931720795e+00 6.76616076711323e-05
1.72500000000000e+00 1.86654776722016e+00 1.86661769201745e+00 6.99247972897332e-05
1.73000000000000e+00 1.83572452618356e+00 1.83579650231313e+00 7.19761295659982e-05
1.73500000000000e+00 1.80402757931277e+00 1.80410135376010e+00 7.37744473280344e-05
1.74000000000000e+00 1.77168841534226e+00 1.77176370569363e+00 7.52903513661085e-05
1.74500000000000e+00 1.73894292413355e+00 1.73901943520098e+00 7.65110674330050e-05
1.75000000000000e+00 1.70602993103643e+00 1.70610737385376e+00 7.74428173302422e-05
1.75500000000000e+00 1.67318971600308e+00 1.67326782611444e+00 7.81101113542793e-05
1.76000000000000e+00 1.64066252665679e+00 1.64074107855382e+00 7.85518970336518e-05
1.76500000000000e+00 1.60868709399126e+00 1.60876590907298e+00 7.88150817252475e-05
1.77000000000000e+00 1.57749915883832e+00 1.57757810532303e+00 7.89464847030796e-05
1.77500000000000e+00 1.54733001680656e+00 1.54740900145948e+00 7.89846529243299e-05
1.78000000000000e+00 1.51840508915529e+00 1.51848404225504e+00 7.89530997553634e-05
1.78500000000000e+00 1.49094252707899e+00 1.49102138342582e+00 7.88563468365755e-05
1.79000000000000e+00 1.46515185712632e+00 1.46523053680291e+00 7.86796765877007e-05
1.79500000000000e+00 1.44123267589368e+00 1.44131106870462e+00 7.83928109409082e-05
1.80000000000000e+00 1.41937340258816e+00 1.41945135953695e+00 7.79569487927567e-05
1.80500000000000e+00 1.39975009839365e+00 1.39982743227203e+00 7.73338783734978e-05
1.81000000000000e+00 1.38252536164351e+00 1.38260185702999e+00 7.64953864809126e-05
1.81500000000000e+00 1.36784730748752e+00 1.36792273852040e+00 7.54310328836549e-05
1.82000000000000e+00 1.35584863998921e+00 1.35592279258843e+00 7.41525992193903e-05
1.82500000000000e+00 1.34664582343109e+00 1.34671851756181e+00 7.26941307220841e-05
1.83000000000000e+00 1.34033835815003e+00 1.34040946551008e+00 7.11073600576650e-05
1.83500000000000e+00 1.33700816464432e+00 1.33707761791153e+00 6.94532672143033e-05
1.84000000000000e+00 1.33671907819057e+00 1.33678686957979e+00 6.77913892199733e-05
1.84500000000000e+00 1.33951645497481e+00 1.33958262403436e+00 6.61690595478159e-05
1.85000000000000e+00 1.34542688992244e+00 1.34549150281253e+00 6.46128900845255e-05
1.85500000000000e+00 1.35445804606641e+00 1.35452117051728e+00 6.31244508777495e-05
1.86000000000000e+00 1.36659859538496e+00 1.36666027668282e+00 6.16812978582182e-05
1.86500000000000e+00 1.38181827143085e+00 1.38187851481848e+00 6.02433876224495e-05
1.87000000000000e+00 1.40006803454923e+00 1.40012679827000e+00 5.87637207698499e-05
1.87500000000000e+00 1.42128035078852e+00 1.42133755181640e+00 5.72010278794277e-05
1.88000000000000e+00 1.44536958550898e+00 1.44542511720755e+00 5.55316985615395e-05
1.88500000000000e+00 1.47223251201598e+00 1.47228627014470e+00 5.37581287161082e-05
1.89000000000000e+00 1.50174893423485e+00 1.50180084551967e+00 5.19112848118564e-05
1.89500000000000e+00 1.53378242058547e+00 1.53383246706028e+00 5.00464748076634e-05
1.90000000000000e+00 1.56818114403541e+00 1.56822937688661e+00 4.82328511977048e-05
1.90500000000000e+00 1.60477882114336e+00 1.60482535986612e+00 4.65387227595038e-05
1.91000000000000e+00 1.64339574112585e+00 1.64344075707161e+00 4.50159457630050e-05
1.91500000000000e+00 1.68383987492425e+00 1.68388356209650e+00 4.36871722508947e-05
1.92000000000000e+00 1.72590805411992e+00 1.72595059347097e+00 4.25393510470329e-05
1.92500000000000e+00 1.76938721034860e+00 1.76942873595353e+00 4.15256049373092e-05
1.93000000000000e+00 1.81405566737748e+00 1.81409624304787e+00 4.05756703936166e-05
1.93500000000000e+00 1.85968447980582e+00 1.85972409271723e+00 3.96129114039745e-05
1.94000000000000e+00 1.90603881389179e+00 1.90607738794082e+00 3.85740490256303e-05
1.94500000000000e+00 1.95287936676949e+00 1.95291679348017e+00 3.74267106757475e-05
1.95000000000000e+00 1.99996381993702e+00 2.00000000000000e+00 3.61800629833375e-05
1.95500000000000e+00 2.04704832129129e+00 2.04708320651983e+00 3.48852285432244e-05
1.96000000000000e+00 2.09388898742429e+00 2.09392261205918e+00 3.36246348884295e-05
1.96500000000000e+00 2.14024341495490e+00 2.14027590728277e+00 3.24923278713918e-05
1.97000000000000e+00 2.18587218710741e+00 2.18590375695213e+00 3.15698447201918e-05
1.97500000000000e+00 2.23054036029849e+00 2.23057126404646e+00 3.09037479735430e-05
1.98000000000000e+00 2.27401891565809e+00 2.27404940652903e+00 3.04908709360951e-05
1.98500000000000e+00 2.31608616228075e+00 2.31611643790350e+00 3.02756227488210e-05
1.99000000000000e+00 2.35652908221097e+00 2.35655924292839e+00 3.01607174160168e-05
1.99500000000000e+00 2.39514461095021e+00 2.39517464013388e+00 3.00291836721200e-05
2.00000000000000e+00 2.43174085068539e+00 2.43177062311339e+00 2.97724279993972e-05
2.00500000000000e+00 2.46613821561220e+00 2.46616753293972e+00 2.93173275220937e-05
2.01000000000000e+00 2.49817050912679e+00 2.49819915448034e+00 2.86453535434106e-05
2.01500000000000e+00 2.52768593125157e+00 2.52771372985530e+00 2.77986037287015e-05
2.02000000000000e+00 2.55454801191916e+00 2.55457488279245e+00 2.68708732922285e-05
2.02500000000000e+00 2.57863646251696e+00 2.57866244818359e+00 2.59856666371405e-05
2.03000000000000e+00 2.59984793537870e+00 2.59987320173000e+00 2.52663513014006e-05
2.03500000000000e+00 2.61809667954418e+00 2.61812148518152e+00 2.48056373481909e-05
2.04000000000000e+00 2.63331508157194e+00 2.63333972331718e+00 2.46417452469672e-05
2.04500000000000e+00 2.64545408248293e+00 2.64547882948272e+00 2.47469997853855e-05
2.05000000000000e+00 2.65448346557989e+00 2.65450849718747e+00 2.50316075849355e-05
2.05500000000000e+00 2.66039201416123e+00 2.66041737596564e+00 2.53618044081527e-05
2.06000000000000e+00 2.66318754215809e+00 2.66321313042021e+00 2.55882621278403e-05
2.06500000000000e+00 2.66289680371214e+00 2.66292238208847e+00 2.55783763321027e-05
2.07000000000000e+00 2.65956528920552e+00 2.65959053448992e+00 2.52452843989559e-05
2.07500000000000e+00 2.65325691514309e+00 2.65328148243819e+00 2.45672951004750e-05
2.08000000000000e+00 2.64405361382244e+00 2.64407720741157e+00 2.35935891379491e-05
2.08500000000000e+00 2.63205482643253e+00 2.63207726147960e+00 2.24350470672263e-05
2.09000000000000e+00 2.61737690076166e+00 2.61739814297001e+00 2.12422083487596e-05
2.09500000000000e+00 2.60015239272480e+00 2.60017256772797e+00 2.01750031734171e-05
2.10000000000000e+00 2.58052926995356e+00 2.58054864046305e+00 1.93705094857499e-05
2.10500000000000e+00 2.55867001600870e+00 2.55868893129538e+00 1.89152866818532e-05
2.11000000000000e+00 2.53475063538344e+00 2.53476946319710e+00 1.88278136539211e-05
2.11500000000000e+00 2.50895956211321e+00 2.50897861657418e+00 1.90544609726118e-05
2.12000000000000e+00 2.48149647804371e+00 2.48151595774496e+00 1.94797012462722e-05
2.12500000000000e+00 2.45257105008263e+00 2.45259099854052e+00 1.99484578944364e-05
2.13000000000000e+00 2.42240159852010e+00 2.42242189467697e+00 2.02961568782634e-05
2.13500000000000e+00 2.39121371031130e+00 2.39123409092702e+00 2.03806157155206e-05
2.14000000000000e+00 2.35923881181472e+00 2.35925892144618e+00 2.01096314627058e-05
2.14500000000000e+00 2.32671271484820e+00 2.32673217388556e+00 1.94590373641113e-05
2.15000000000000e+00 2.29387414826123e+00 2.29389262614624e+00 1.84778850074174e-05
2.15500000000000e+00 2.26096328490704e+00 2.26098056479902e+00 1.72798919755301e-05
2.16000000000000e+00 2.22822027141698e+00 2.22823629430637e+00 1.60228893899550e-05
2.16500000000000e+00 2.19588376602295e+00 2.19589864623990e+00 1.48802169550599e-05
2.17000000000000e+00 2.16418948824751e+00 2.16420349768687e+00 1.40094393592527e-05
2.17500000000000e+00 2.13336878383020e+00 2.13338230798255e+00 1.35241523464558e-05
2.18000000000000e+00 2.10364720882582e+00 2.10366068279205e+00 1.34739662356331e-05
2.18500000000000e+00 2.07524313823913e+00 2.07525697439691e+00 1.38361577839419e-05
2.19000000000000e+00 2.04836640652635e+00 2.04838092681811e+00 1.45202917636311e-05
2.19500000000000e+00 2.02321698937971e+00 2.02323237413107e+00 1.53847513555405e-05
2.20000000000000e+00 1.99998373798386e+00 2.00000000000000e+00 1.62620161412441e-05
2.20500000000000e+00 1.97884317802500e+00 1.97886016608158e+00 1.69880565774605e-05
2.21000000000000e+00 1.95995838591103e+00 1.95997581652323e+00 1.74306122020518e-05
2.21500000000000e+00 1.94347795385291e+00 1.94349546531226e+00 1.75114593528036e-05
2.22000000000000e+00 1.92953505376633e+00 1.92955227272105e+00 1.72189547156254e-05
2.22500000000000e+00 1.91824660762160e+00 1.91826321654437e+00 1.66089227688904e-05
2.23000000000000e+00 1.90971256923492e+00 1.90972836324032e+00 1.57940053950867e-05
2.23500000000000e+00 1.90401531992154e+00 1.90403024347033e+00 1.49235487878485e-05
2.24000000000000e+00 1.90121917825134e+00 1.90123333589028e+00 1.41576389320885e-05
2.24500000000000e+00 1.90137002260465e+00 1.90138366237698e+00 1.36397723278225e-05
2.25000000000000e+00 1.90449502444221e+00 1.90450849718747e+00 1.34727452603123e-05
2.25500000000000e+00 1.91060249016711e+00 1.91061619184595e+00 1.37016788346322e-05
2.26000000000000e+00 1.91968181003135e+00 1.91969611683971e+00 1.43068083582332e-05
2.26500000000000e+00 1.93170351349631e+00 1.93171872048530e+00 1.52069889849393e-05
2.27000000000000e+00 1.94661943151125e+00 1.94663570460343e+00 1.62730921777765e-05
2.27500000000000e+00 1.96436296704021e+00 1.96438031592140e+00 1.73488811900935e-05
2.28000000000000e+00 1.98484947560011e+00 1.98486775140779e+00 1.82758076827660e-05
2.28500000000000e+00 2.00797675740569e+00 2.00799567504205e+00 1.89176363596388e-05
2.29000000000000e+00 2.03362566188872e+00 2.03364484283446e+00 1.91809457339431e-05
2.29500000000000e+00 2.06166080391717e+00 2.06167983224433e+00 1.90283271579439e-05
2.30000000000000e+00 2.09193138913486e+00 2.09194987150091e+00 1.84823660482891e-05
2.30500000000000e+00 2.12427214369464e+00 2.12428976371522e+00 1.76200205728172e-05
2.31000000000000e+00 2.15850434152805e+00 2.15852090008677e+00 1.65585587175165e-05
2.31500000000000e+00 2.19443692043462e+00 2.19445235595975e+00 1.54355251247296e-05
2.32000000000000e+00 2.23186767689097e+00 2.23188206297221e+00 1.43860812396035e-05
2.32500000000000e+00 2.27058452870229e+00 2.27059805007310e+00 1.35213708043480e-05
2.33000000000000e+00 2.31036683447801e+00 2.31037974575665e+00 1.29112786404484e-05
2.33500000000000e+00 2.35098675934522e+00 2.35099933348698e+00 1.25741417611458e-05
2.34000000000000e+00 2.39221067716769e+00 2.39222315195699e+00 1.24747893091026e-05
2.34500000000000e+00 2.43380060061425e+00 2.43381313154985e+00 1.25309355984982e-05
2.35000000000000e+00 2.47551563149624e+00 2.47552825814758e+00 1.26266513387208e-05
2.35500000000000e+00 2.51711342466790e+00 2.51712605526309e+00 1.26305951804184e-05
2.36000000000000e+00 2.55835165930674e+00 2.55836407535858e+00 1.24160518439886e-05
2.36500000000000e+00 2.59898951148352e+00 2.59900139115685e+00 1.18796733334925e-05
2.37000000000000e+00 2.63878912159895e+00 2.63880007775179e+00 1.09561528418567e-05
2.37500000000000e+00 2.67751704958236e+00 2.67752667638138e+00 9.62679902594132e-06
2.38000000000000e+00 2.71494570985362e+00 2.71495363083914e+00 7.92098551993803e-06
2.38500000000000e+00 2.75085477711067e+00 2.75086068766886e+00 5.91055818155439e-06
2.39000000000000e+00 2.78503255319164e+00 2.78503625151058e+00 3.69831893909378e-06
2.39500000000000e+00 2.81727728472270e+00 2.81727868724248e+00 1.40251977409633e-06
2.40000000000000e+00 2.84739842110306e+00 2.84739756089084e+00 8.60212218345424e-07
2.40500000000000e+00 2.87521780264705e+00 2.87521481165829e+00 2.99098875622406e-06
2.41000000000000e+00 2.90057076938936e+00 2.90056584784471e+00 4.92154464915018e-06
2.41500000000000e+00 2.92330718209936e+00 2.92330055990463e+00 6.62219472546965e-06
2.42000000000000e+00 2.94329234834190e+00 2.94328424439572e+00 8.10394617589694e-06
2.42500000000000e+00 2.96040784783862e+00 2.96039843312221e+00 9.41471641668912e-06
2.43000000000000e+00 2.97455225279640e+00 2.97454162236171e+00 1.06304346840780e-05
2.43500000000000e+00 2.98564174016210e+00 2.98562989767982e+00 1.18424822739271e-05
2.44000000000000e+00 2.99361059384833e+00 2.99359745048043e+00 1.31433678971504e-05
2.44500000000000e+00 2.99841159580138e+00 2.99839698310739e+00 1.46126939908342e-05
2.45000000000000e+00 3.00001630534137e+00 3.00000000000000e+00 1.63053413686498e-05
2.45500000000000e+00 2.99841522652320e+00 2.99839698310739e+00 1.82434158069178e-05
2.46000000000000e+00 2.99361786340599e+00 2.99359745048044e+00 2.04129255543251e-05
2.46500000000000e+00 2.98565266315958e+00 2.98562989767982e+00 2.27654797528842e-05
2.47000000000000e+00 2.97456684697058e+00 2.97454162236171e+00 2.52246088678909e-05
2.47500000000000e+00 2.96042612882386e+00 2.96039843312221e+00 2.76957016565049e-05
2.48000000000000e+00 2.94331432250066e+00 2.94328424439572e+00 3.00781049382692e-05
2.48500000000000e+00 2.92333283759947e+00 2.92330055990464e+00 3.22776948324943e-05
2.49000000000000e+00 2.90060006606862e+00 2.90056584784471e+00 3.42182239032596e-05
2.49500000000000e+00 2.87525066162714e+00 2.87521481165830e+00 3.58499688486447e-05
2.50000000000000e+00 2.84743471550151e+00 2.84739756089084e+00 3.71546106645582e-05
2.50500000000000e+00 2.81731683305558e+00 2.81727868724248e+00 3.81458130953582e-05
2.51000000000000e+00 2.78507511706177e+00 2.78503625151058e+00 3.88655511880387e-05
2.51500000000000e+00 2.75090006447024e+00 2.75086068766886e+00 3.93768013804419e-05
2.52000000000000e+00 2.71499338450495e+00 2.71495363083915e+00 3.97536657996689e-05
2.52500000000000e+00 2.67756674669095e+00 2.67752667638138e+00 4.00703095615462e-05
2.53000000000000e+00 2.63884046795846e+00 2.63880007775179e+00 4.03902066703488e-05
2.53500000000000e+00 2.59904214826623e+00 2.59900139115685e+00 4.07571093772319e-05
2.54000000000000e+00 2.55840526425315e+00 2.55836407535859e+00 4.11888945643923e-05
2.54500000000000e+00 2.51716773030232e+00 2.51712605526309e+00 4.16750392289167e-05
2.55000000000000e+00 2.47557043613887e+00 2.47552825814758e+00 4.21779912911369e-05
2.55500000000000e+00 2.43385576974610e+00 2.43381313154985e+00 4.26381962488342e-05
2.56000000000000e+00 2.39226613403523e+00 2.39222315195700e+00 4.29820782277268e-05
2.56500000000000e+00 2.35104246539876e+00 2.35099933348698e+00 4.31319117786266e-05
2.57000000000000e+00 2.31042276205483e+00 2.31037974575666e+00 4.30162981692739e-05
2.57500000000000e+00 2.27064062997285e+00 2.27059805007310e+00 4.25798997540916e-05
2.58000000000000e+00 2.23192385416172e+00 2.23188206297222e+00 4.17911895009837e-05
2.58500000000000e+00 2.19449300318346e+00 2.19445235595975e+00 4.06472237091116e-05
2.59000000000000e+00 2.15856007489858e+00 2.15852090008678e+00 3.91748118082624e-05
2.59500000000000e+00 2.12432719161063e+00 2.12428976371522e+00 3.74278954131668e-05
2.60000000000000e+00 2.09198535291147e+00 2.09194987150091e+00 3.54814105620882e-05
2.60500000000000e+00 2.06171325458721e+00 2.06167983224433e+00 3.34223428808400e-05
2.61000000000000e+00 2.03367618188335e+00 2.03364484283446e+00 3.13390488848597e-05
2.61500000000000e+00 2.00802498520997e+00 2.00799567504205e+00 2.93101679185170e-05
2.62000000000000e+00 1.98489514596496e+00 1.98486775140779e+00 2.73945571740430e-05
2.62500000000000e+00 1.96440593954853e+00 1.96438031592140e+00 2.56236271278798e-05
2.63000000000000e+00 1.94665970183337e+00 1.94663570460343e+00 2.39972299389546e-05
2.63500000000000e+00 1.93174120435320e+00 1.93171872048530e+00 2.24838679006023e-05
2.64000000000000e+00 1.91971714230960e+00 1.91969611683971e+00 2.10254698880252e-05
2.64500000000000e+00 1.91063573822348e+00 1.91061619184595e+00 1.95463775358728e-05
2.65000000000000e+00 1.90452646274292e+00 1.90450849718747e+00 1.79655554448654e-05
2.65500000000000e+00 1.90139987285069e+00 1.90138366237698e+00 1.62104737033708e-05
2.66000000000000e+00 1.90124756658779e+00 1.90123333589028e+00 1.42306975123851e-05
2.66500000000000e+00 1.90404225251661e+00 1.90403024347033e+00 1.20090462802924e-05
2.67000000000000e+00 1.90973793156299e+00 1.90972836324032e+00 9.56832267173802e-06
2.67500000000000e+00 1.91827018863765e+00 1.91826321654437e+00 6.97209327293891e-06
2.68000000000000e+00 1.92955659152731e+00 1.92955227272105e+00 4.31880626039494e-06
2.68500000000000e+00 1.94349719488634e+00 1.94349546531226e+00 1.72957408151042e-06
2.69000000000000e+00 1.95997514760736e+00 1.95997581652323e+00 6.68915869805886e-07
2.69500000000000e+00 1.97885740221521e+00 1.97886016608158e+00 2.76386636666182e-06
2.70000000000000e+00 1.99999552500334e+00 2.00000000000000e+00 4.47499665789941e-06
2.70500000000000e+00 2.02322660522975e+00 2.02323237413106e+00 5.76890131265273e-06
2.71000000000000e+00 2.04837426069321e+00 2.04838092681811e+00 6.66612489164109e-06
2.71500000000000e+00 2.07524973541158e+00 2.07525697439691e+00 7.23898533383505e-06
2.72000000000000e+00 2.10365308304718e+00 2.10366068279205e+00 7.59974487740678e-06
2.72500000000000e+00 2.13337442742314e+00 2.13338230798255e+00 7.88055940947885e-06
2.73000000000000e+00 2.16419528929831e+00 2.16420349768687e+00 8.20838855375428e-06
2.73500000000000e+00 2.19588996689704e+00 2.19589864623990e+00 8.67934285686545e-06
2.74000000000000e+00 2.22822695685295e+00 2.22823629430637e+00 9.33745341891168e-06
2.74500000000000e+00 2.26097040241968e+00 2.26098056479902e+00 1.01623793411498e-05
2.75000000000000e+00 2.29388155702726e+00 2.29389262614624e+00 1.10691189769696e-05
2.75500000000000e+00 2.32672025330496e+00 2.32673217388556e+00 1.19205805981792e-05
2.76000000000000e+00 2.35924637014166e+00 2.35925892144618e+00 1.25513045170500e-05
2.76500000000000e+00 2.39122129269153e+00 2.39123409092702e+00 1.27982354891643e-05
2.77000000000000e+00 2.42240936192755e+00 2.42242189467697e+00 1.25327494222560e-05
2.77500000000000e+00 2.45257931098783e+00 2.45259099854052e+00 1.16875526825488e-05
2.78000000000000e+00 2.48150568495652e+00 2.48151595774496e+00 1.02727884359055e-05
2.78500000000000e+00 2.50897023895490e+00 2.50897861657418e+00 8.37761928229597e-06
2.79000000000000e+00 2.53476330684232e+00 2.53476946319709e+00 6.15635477263510e-06
2.79500000000000e+00 2.55868512999549e+00 2.55868893129538e+00 3.80129988908351e-06
2.80000000000000e+00 2.58054713319024e+00 2.58054864046305e+00 1.50727280745500e-06
2.80500000000000e+00 2.60017313313931e+00 2.60017256772797e+00 5.65411332864585e-07
2.81000000000000e+00 2.61740046514792e+00 2.61739814297001e+00 2.32217791040767e-06
2.81500000000000e+00 2.63208101476906e+00 2.63207726147960e+00 3.75328945656506e-06
2.82000000000000e+00 2.64408214410249e+00 2.64407720741157e+00 4.93669091738980e-06
2.82500000000000e+00 2.65328750604911e+00 2.65328148243819e+00 6.02361091761594e-06
2.83000000000000e+00 2.65959774378926e+00 2.65959053448992e+00 7.20929934594494e-06
2.83500000000000e+00 2.66293107633344e+00 2.66292238208847e+00 8.69424497196292e-06
2.84000000000000e+00 2.66322377360594e+00 2.66321313042021e+00 1.06431857220812e-05
2.84500000000000e+00 2.66043052577159e+00 2.66041737596564e+00 1.31498059507962e-05
2.85000000000000e+00 2.65452471127045e+00 2.65450849718747e+00 1.62140829775836e-05
2.85500000000000e+00 2.64549856644280e+00 2.64547882948272e+00 1.97369600858366e-05
2.86000000000000e+00 2.63336325711951e+00 2.63333972331719e+00 2.35338023202303e-05
2.86500000000000e+00 2.61814884971263e+00 2.61812148518152e+00 2.73645311068549e-05
2.87000000000000e+00 2.59990417683026e+00 2.59987320173000e+00 3.09751002522951e-05
2.87500000000000e+00 2.57869659087044e+00 2.57866244818360e+00 3.41426868470940e-05
2.88000000000000e+00 2.55461159887035e+00 2.55457488279246e+00 3.67160778900200e-05
2.88500000000000e+00 2.52775237329640e+00 2.52771372985530e+00 3.86434411012715e-05
2.89000000000000e+00 2.49823913636375e+00 2.49819915448034e+00 3.99818834173615e-05
2.89500000000000e+00 2.46620841948362e+00 2.46616753293972e+00 4.08865438994432e-05
2.90000000000000e+00 2.43181220394501e+00 2.43177062311339e+00 4.15808316165389e-05
2.90500000000000e+00 2.39521695320932e+00 2.39517464013388e+00 4.23130754367840e-05
2.91000000000000e+00 2.35660255051569e+00 2.35655924292839e+00 4.33075873025324e-05
2.91500000000000e+00 2.31616115729779e+00 2.31611643790350e+00 4.47193942854085e-05
2.92000000000000e+00 2.27409600790972e+00 2.27404940652904e+00 4.66013806890153e-05
2.92500000000000e+00 2.23062015440087e+00 2.23057126404647e+00 4.88903544044739e-05
2.93000000000000e+00 2.18595517196285e+00 2.18590375695213e+00 5.14150107164824e-05
2.93500000000000e+00 2.14032983186895e+00 2.14027590728278e+00 5.39245861763682e-05
2.94000000000000e+00 2.09397874505307e+00 2.09392261205918e+00 5.61329938921773e-05
2.94500000000000e+00 2.04714097672817e+00 2.04708320651984e+00 5.77702083339737e-05
2.95000000000000e+00 2.00005863123233e+00 2.00000000000000e+00 5.86312323251903e-05
2.95500000000000e+00 1.95297540690372e+00 1.95291679348017e+00 5.86134235527336e-05
2.96000000000000e+00 1.90613512313315e+00 1.90607738794082e+00 5.77351923256586e-05
2.96500000000000e+00 1.85978022536971e+00 1.85972409271723e+00 5.61326524772809e-05
2.97000000000000e+00 1.81415027804122e+00 1.81409624304787e+00 5.40349933475515e-05
2.97500000000000e+00 1.76948045926426e+00 1.76942873595354e+00 5.17233107257820e-05
2.98000000000000e+00 1.72600007409116e+00 1.72595059347097e+00 4.94806201913889e-05
2.98500000000000e+00 1.68393110432670e+00 1.68388356209651e+00 4.75422301937645e-05
2.99000000000000e+00 1.64348681242246e+00 1.64344075707161e+00 4.60553508516703e-05
2.99500000000000e+00 1.60487041475517e+00 1.60482535986612e+00 4.50548890493785e-05
3.00000000000000e+00 1.56827383615583e+00 1.56822937688661e+00 4.44592692194767e-05
3.00500000000000e+00 1.53387655352051e+00 1.53383246706028e+00 4.40864602282431e-05
3.01000000000000e+00 1.50184453240054e+00 1.50180084551966e+00 4.36868808730839e-05
3.01500000000000e+00 1.47232925726213e+00 1.47228627014470e+00 4.29871174316698e-05
3.02000000000000e+00 1.44546685405192e+00 1.44542511720755e+00 4.17368443781374e-05
3.02500000000000e+00 1.42137730298751e+00 1.42133755181641e+00 3.97511711003329e-05
3.03000000000000e+00 1.40016374003240e+00 1.40012679827000e+00 3.69417624044299e-05
3.03500000000000e+00 1.38191184702474e+00 1.38187851481848e+00 3.33322062593400e-05
3.04000000000000e+00 1.36668933248097e+00 1.36666027668282e+00 2.90557981530437e-05
3.04500000000000e+00 1.35454550721957e+00 1.35452117051728e+00 2.43367022902952e-05
3.05000000000000e+00 1.34551096071044e+00 1.34549150281253e+00 1.94578979153537e-05
3.05500000000000e+00 1.33959734512477e+00 1.33958262403436e+00 1.47210904080097e-05
3.06000000000000e+00 1.33679727424655e+00 1.33678686957979e+00 1.04046667639413e-05
3.06500000000000e+00 1.33708434366937e+00 1.33707761791153e+00 6.72575783311480e-06
3.07000000000000e+00 1.34041327713051e+00 1.34040946551008e+00 3.81162042972782e-06
3.07500000000000e+00 1.34672020161939e+00 1.34671851756181e+00 1.68405757761114e-06
3.08000000000000e+00 1.35592305128862e+00 1.35592279258843e+00 2.58700192601324e-07
3.08500000000000e+00 1.36792209746662e+00 1.36792273852040e+00 6.41053773620115e-07
3.09000000000000e+00 1.38260059947803e+00 1.38260185702999e+00 1.25755196234145e-06
3.09500000000000e+00 1.39982556874422e+00 1.39982743227203e+00 1.86352780295884e-06
3.10000000000000e+00 1.41944863692752e+00 1.41945135953695e+00 2.72260942857372e-06
3.10500000000000e+00 1.44130701780186e+00 1.44131106870462e+00 4.05090275812370e-06
3.11000000000000e+00 1.46522455211848e+00 1.46523053680290e+00 5.98468442225553e-06
3.11500000000000e+00 1.49101282495925e+00 1.49102138342582e+00 8.55846656633297e-06
3.12000000000000e+00 1.51847234584606e+00 1.51848404225504e+00 1.16964089762472e-05
3.12500000000000e+00 1.54739378306153e+00 1.54740900145948e+00 1.52183979538201e-05
3.13000000000000e+00 1.57755924505273e+00 1.57757810532302e+00 1.88602702968499e-05
3.13500000000000e+00 1.60874360322740e+00 1.60876590907298e+00 2.23058455814940e-05
3.14000000000000e+00 1.64071585169550e+00 1.64074107855382e+00 2.52268583231796e-05
3.14500000000000e+00 1.67324050036022e+00 1.67326782611444e+00 2.73257542156013e-05
3.15000000000000e+00 1.70607899806298e+00 1.70610737385376e+00 2.83757907801885e-05
3.15500000000000e+00 1.73899118214438e+00 1.73901943520098e+00 2.82530566053651e-05
3.16000000000000e+00 1.77173674978752e+00 1.77176370569363e+00 2.69559061074620e-05
3.16500000000000e+00 1.80407674494319e+00 1.80410135376010e+00 2.46088169026937e-05
3.17000000000000e+00 1.83577505266803e+00 1.83579650231313e+00 2.14496450998691e-05
3.17500000000000e+00 1.86659989058018e+00 1.86661769201745e+00 1.78014372700375e-05
3.18000000000000e+00 1.89632528513624e+00 1.89633931720795e+00 1.40320717014752e-05
3.18500000000000e+00 1.92473251884900e+00 1.92474302560309e+00 1.05067540900894e-05
3.19000000000000e+00 1.95161153365182e+00 1.95161907318189e+00 7.53953006649155e-06
3.19500000000000e+00 1.97676227555151e+00 1.97676762586893e+00 5.35031742510128e-06
3.20000000000000e+00 1.99999596657113e+00 2.00000000000000e+00 4.03342886623470e-06
3.20500000000000e+00 2.02113629172507e+00 2.02113983391842e+00 3.54219335019224e-06
3.21000000000000e+00 2.04002049122633e+00 2.04002418347677e+00 3.69225044094534e-06
3.21500000000000e+00 2.05650035104321e+00 2.05650453468774e+00 4.18364452903219e-06
3.22000000000000e+00 2.07044308797265e+00 2.07044772727895e+00 4.63930630889564e-06
3.22500000000000e+00 2.08173212823532e+00 2.08173678345563e+00 4.65522031189991e-06
3.23000000000000e+00 2.09026778090272e+00 2.09027163675968e+00 3.85585696349722e-06
3.23500000000000e+00 2.09596780898528e+00 2.09596975652967e+00 1.94754439419853e-06
3.24000000000000e+00 2.09876790159618e+00 2.09876666410972e+00 1.23748645730615e-06
3.24500000000000e+00 2.09862205023291e+00 2.09861633762302e+00 5.71260988824207e-06
3.25000000000000e+00 2.09550283099436e+00 2.09549150281253e+00 1.13281818285849e-05
3.25500000000000e+00 2.08940159270130e+00 2.08938380815405e+00 1.77845472491001e-05
3.26000000000000e+00 2.08032854872965e+00 2.08030388316029e+00 2.46655693576514e-05
3.26500000000000e+00 2.06831276827100e+00 2.06828127951470e+00 3.14887562979926e-05
3.27000000000000e+00 2.05340206108166e+00 2.05336429539657e+00 3.77656850880648e-05
3.27500000000000e+00 2.03566274890274e+00 2.03561968407860e+00 4.30648241387388e-05
3.28000000000000e+00 2.01517931687493e+00 2.01513224859221e+00 4.70682827184987e-05
3.28500000000000e+00 1.99205393954470e+00 1.99200432495795e+00 4.96145867467934e-05
3.29000000000000e+00 1.96640587842752e+00 1.96635515716554e+00 5.07212619771380e-05
3.29500000000000e+00 1.93837075136378e+00 1.93832016775567e+00 5.05836081143851e-05
3.30000000000000e+00 1.90809967774152e+00 1.90805012849909e+00 4.95492424275046e-05
3.30500000000000e+00 1.87575830763541e+00 1.87571023628479e+00 4.80713506270103e-05
3.31000000000000e+00 1.84152574654775e+00 1.84147909991323e+00 4.66466345183658e-05
3.31500000000000e+00 1.80559339028203e+00 1.80554764404025e+00 4.57462417755572e-05
3.32000000000000e+00 1.76816368617400e+00 1.76811793702778e+00 4.57491462158011e-05
3.32500000000000e+00 1.72944883723707e+00 1.72940194992690e+00 4.68873101651113e-05
3.33000000000000e+00 1.68966946472804e+00 1.68962025424335e+00 4.92104846916419e-05
3.33500000000000e+00 1.64905324238216e+00 1.64900066651302e+00 5.25758691354294e-05
3.34000000000000e+00 1.60783351245985e+00 1.60777684804301e+00 5.66644168464858e-05
3.34500000000000e+00 1.56624789027789e+00 1.56618686845015e+00 6.10218277379282e-05
3.35000000000000e+00 1.52453686060702e+00 1.52447174185243e+00 6.51187545952503e-05
3.35500000000000e+00 1.48294236672464e+00 1.48287394473692e+00 6.84219877211678e-05
3.36000000000000e+00 1.44170639142459e+00 1.44163592464142e+00 7.04667831732397e-05
3.36500000000000e+00 1.40106952914607e+00 1.40099860884315e+00 7.09203029252148e-05
3.37000000000000e+00 1.36126954961955e+00 1.36119992224821e+00 6.96273713394202e-05
3.37500000000000e+00 1.32253995585711e+00 1.32247332361862e+00 6.66322384956786e-05
3.38000000000000e+00 1.28510854256929e+00 1.28504636916086e+00 6.21734084389480e-05
3.38500000000000e+00 1.24919596467839e+00 1.24913931233114e+00 5.66523472438352e-05
3.39000000000000e+00 1.21501432897703e+00 1.21496374848942e+00 5.05804876129723e-05
3.39500000000000e+00 1.18276582464225e+00 1.18272131275752e+00 4.45118847287596e-05
3.40000000000000e+00 1.15264140985949e+00 1.15260243910916e+00 3.89707503347658e-05
3.40500000000000e+00 1.12481957200126e+00 1.12478518834171e+00 3.43836595553260e-05
3.41000000000000e+00 1.09946517759784e+00 1.09943415215529e+00 3.10254425472944e-05
3.41500000000000e+00 1.07672842587947e+00 1.07669944009537e+00 2.89857841024865e-05
3.42000000000000e+00 1.05674391627019e+00 1.05671575560428e+00 2.81606659116029e-05
3.42500000000000e+00 1.03962983629328e+00 1.03960156687779e+00 2.82694154924990e-05
3.43000000000000e+00 1.02548727237689e+00 1.02545837763829e+00 2.88947386006821e-05
3.43500000000000e+00 1.01439964247742e+00 1.01437010232018e+00 2.95401572445453e-05
3.44000000000000e+00 1.00643224664460e+00 1.00640254951957e+00 2.96971250350886e-05
3.44500000000000e+00 1.00163192989113e+00 1.00160301689261e+00 2.89129985227010e-05
3.45000000000000e+00 1.00002685111219e+00 1.00000000000000e+00 2.68511121905846e-05
3.45500000000000e+00 1.00162635228288e+00 1.00160301689261e+00 2.33353902743261e-05
3.46000000000000e+00 1.00642092356458e+00 1.00640254951956e+00 1.83740450168113e-05
3.46500000000000e+00 1.01438226198530e+00 1.01437010232018e+00 1.21596651274647e-05
3.47000000000000e+00 1.02546342366510e+00 1.02545837763829e+00 5.04602681350441e-06
3.47500000000000e+00 1.03959907175706e+00 1.03960156687779e+00 2.49512073469127e-06
3.48000000000000e+00 1.05670582401113e+00 1.05671575560427e+00 9.93159313966707e-06
3.48500000000000e+00 1.07668270485529e+00 1.07669944009536e+00 1.67352400728404e-05
3.49000000000000e+00 1.09941170693849e+00 1.09943415215529e+00 2.24452167931766e-05
3.49500000000000e+00 1.12475846612696e+00 1.12478518834171e+00 2.67222147414259e-05
3.50000000000000e+00 1.15257305204901e+00 1.15260243910915e+00 2.93870601493218e-05
3.50500000000000e+00 1.18269087362328e+00 1.18272131275752e+00 3.04391342358379e-05
3.51000000000000e+00 1.21493369585243e+00 1.21496374848942e+00 3.00526369942933e-05
3.51500000000000e+00 1.24911076084950e+00 1.24913931233114e+00 2.85514816431576e-05
3.52000000000000e+00 1.28502000293859e+00 1.28504636916085e+00 2.63662222590444e-05
3.52500000000000e+00 1.32244934505419e+00 1.32247332361861e+00 2.39785644220447e-05
3.53000000000000e+00 1.36117806181511e+00 1.36119992224821e+00 2.18604330994854e-05
3.53500000000000e+00 1.40097819372826e+00 1.40099860884315e+00 2.04151148861520e-05
3.54000000000000e+00 1.44161599703362e+00 1.44163592464141e+00 1.99276077887944e-05
3.54500000000000e+00 1.48285341466681e+00 1.48287394473691e+00 2.05300700997224e-05
3.55000000000000e+00 1.52444955551950e+00 1.52447174185242e+00 2.21863329228356e-05
3.55500000000000e+00 1.56616217137119e+00 1.56618686845015e+00 2.46970789561374e-05
3.56000000000000e+00 1.60774912325575e+00 1.60777684804300e+00 2.77247872455533e-05
3.56500000000000e+00 1.64896983131064e+00 1.64900066651302e+00 3.08352023798975e-05
3.57000000000000e+00 1.68958670406485e+00 1.68962025424335e+00 3.35501784984871e-05
3.57500000000000e+00 1.72936654443884e+00 1.72940194992690e+00 3.54054880620236e-05
3.58000000000000e+00 1.76808193032600e+00 1.76811793702778e+00 3.60067017772803e-05
3.58500000000000e+00 1.80551256746255e+00 1.80554764404025e+00 3.50765776990780e-05
3.59000000000000e+00 1.84144661142685e+00 1.84147909991322e+00 3.24884863780461e-05
3.59500000000000e+00 1.87568195418243e+00 1.87571023628478e+00 2.82821023565027e-05
3.60000000000000e+00 1.90802746879664e+00 1.90805012849909e+00 2.26597024517439e-05
3.60500000000000e+00 1.93830420407851e+00 1.93832016775567e+00 1.59636771617233e-05
3.61000000000000e+00 1.96634651914313e+00 1.96635515716554e+00 8.63802241246603e-06
3.61500000000000e+00 1.99200314656943e+00 1.99200432495795e+00 1.17838852231600e-06
3.62000000000000e+00 2.01513817206922e+00 2.01513224859221e+00 5.92347700489881e-06
3.62500000000000e+00 2.03563191856014e+00 2.03561968407860e+00 1.22344815385311e-05
3.63000000000000e+00 2.05338172328251e+00 2.05336429539657e+00 1.74278859459420e-05
3.63500000000000e+00 2.06830259808605e+00 2.06828127951470e+00 2.13185713495712e-05
3.64000000000000e+00 2.08032776512203e+00 2.08030388316029e+00 2.38819617388586e-05
3.64500000000000e+00 2.08940906273010e+00 2.08938380815405e+00 2.52545760526246e-05
3.65000000000000e+00 2.09551721908277e+00 2.09549150281253e+00 2.57162702408387e-05
3.65500000000000e+00 2.09864199390337e+00 2.09861633762302e+00 2.56562803486737e-05
3.66000000000000e+00 2.09879219107452e+00 2.09876666410972e+00 2.55269647948531e-05
3.66500000000000e+00 2.09599554700509e+00 2.09596975652967e+00 2.57904754144000e-05
3.67000000000000e+00 2.09029850108435e+00 2.09027163675968e+00 2.68643246692513e-05
3.67500000000000e+00 2.08176585534746e+00 2.08173678345563e+00 2.90718918285471e-05
3.68000000000000e+00 2.07048033060580e+00 2.07044772727895e+00 3.26033268418513e-05
3.68500000000000e+00 2.05654202582967e+00 2.05650453468774e+00 3.74911419269708e-05
3.69000000000000e+00 2.04006778663775e+00 2.04002418347677e+00 4.36031609840626e-05
3.69500000000000e+00 2.02119048752321e+00 2.02113983391842e+00 5.06536047866213e-05
3.70000000000000e+00 2.00005823112837e+00 2.00000000000000e+00 5.82311283658932e-05
3.70500000000000e+00 1.97683346667231e+00 1.97676762586894e+00 6.58408033773483e-05
3.71000000000000e+00 1.95169202872355e+00 1.95161907318189e+00 7.29555416554284e-05
3.71500000000000e+00 1.92482209704422e+00 1.92474302560309e+00 7.90714411345039e-05
3.72000000000000e+00 1.89642307831304e+00 1.89633931720795e+00 8.37611050932274e-05
3.72500000000000e+00 1.86670441120131e+00 1.86661769201745e+00 8.67191838573866e-05
3.73000000000000e+00 1.83588429750720e+00 1.83579650231313e+00 8.77951940685406e-05
3.73500000000000e+00 1.80418836376191e+00 1.80410135376010e+00 8.70100018026676e-05
3.74000000000000e+00 1.77184825976969e+00 1.77176370569363e+00 8.45540760636698e-05
3.74500000000000e+00 1.73910020275198e+00 1.73901943520098e+00 8.07675509939543e-05
3.75000000000000e+00 1.70618347793325e+00 1.70610737385376e+00 7.61040794809986e-05
3.75500000000000e+00 1.67333890832796e+00 1.67326782611444e+00 7.10822135232547e-05
3.76000000000000e+00 1.64080730797727e+00 1.64074107855382e+00 6.62294234479166e-05
3.76500000000000e+00 1.60882793379158e+00 1.60876590907298e+00 6.20247185951772e-05
3.77000000000000e+00 1.57763695138438e+00 1.57757810532303e+00 5.88460613490938e-05
3.77500000000000e+00 1.54746592979966e+00 1.54740900145948e+00 5.69283401750109e-05
3.78000000000000e+00 1.51854037887505e+00 1.51848404225504e+00 5.63366200030391e-05
3.78500000000000e+00 1.49107834124546e+00 1.49102138342582e+00 5.69578196414344e-05
3.79000000000000e+00 1.46528904883329e+00 1.46523053680291e+00 5.85120303857600e-05
3.79500000000000e+00 1.44137165128924e+00 1.44131106870462e+00 6.05825846198282e-05
3.80000000000000e+00 1.41951402146258e+00 1.41945135953695e+00 6.26619256327565e-05
3.80500000000000e+00 1.39989164081138e+00 1.39982743227203e+00 6.42085393542935e-05
3.81000000000000e+00 1.38266656591119e+00 1.38260185702999e+00 6.47088812029128e-05
3.81500000000000e+00 1.36798647604282e+00 1.36792273852040e+00 6.37375224248338e-05
3.82000000000000e+00 1.35598380133377e+00 1.35592279258843e+00 6.10087453403185e-05
3.82500000000000e+00 1.34677493112332e+00 1.34671851756181e+00 5.64135615106487e-05
3.83000000000000e+00 1.34045950307024e+00 1.34040946551008e+00 5.00375601528713e-05
3.83500000000000e+00 1.33711977490215e+00 1.33707761791153e+00 4.21569906183805e-05
3.84000000000000e+00 1.33682008243137e+00 1.33678686957979e+00 3.32128515803110e-05
3.84500000000000e+00 1.33960638929273e+00 1.33958262403436e+00 2.37652583687797e-05
3.85000000000000e+00 1.34550593553172e+00 1.34549150281253e+00 1.44327191942129e-05
3.85500000000000e+00 1.35452699341495e+00 1.35452117051728e+00 5.82289766448696e-06
3.86000000000000e+00 1.36665873941049e+00 1.36666027668282e+00 1.53727232476975e-06
3.86500000000000e+00 1.38187125100649e+00 1.38187851481848e+00 7.26381198390413e-06
3.87000000000000e+00 1.40011563580041e+00 1.40012679826999e+00 1.11624695862123e-05
3.87500000000000e+00 1.42132429809803e+00 1.42133755181640e+00 1.32537183690218e-05
3.88000000000000e+00 1.44541134522264e+00 1.44542511720754e+00 1.37719849013784e-05
3.88500000000000e+00 1.47227313207299e+00 1.47228627014469e+00 1.31380717025564e-05
3.89000000000000e+00 1.50178893850272e+00 1.50180084551966e+00 1.19070169426472e-05
3.89500000000000e+00 1.53382177020601e+00 1.53383246706028e+00 1.06968542716857e-05
3.90000000000000e+00 1.56821927039527e+00 1.56822937688661e+00 1.01064913418103e-05
3.90500000000000e+00 1.60481472703192e+00 1.60482535986612e+00 1.06328341991091e-05
3.91000000000000e+00 1.64342815903433e+00 1.64344075707161e+00 1.25980372862600e-05
3.91500000000000e+00 1.68386746493096e+00 1.68388356209650e+00 1.60971655369657e-05
3.92000000000000e+00 1.72592961889065e+00 1.72595059347097e+00 2.09745803179118e-05
3.92500000000000e+00 1.76940190181159e+00 1.76942873595353e+00 2.68341419411566e-05
3.93000000000000e+00 1.81406315888129e+00 1.81409624304787e+00 3.30841665734383e-05
3.93500000000000e+00 1.85968507928160e+00 1.85972409271722e+00 3.90134356278438e-05
3.94000000000000e+00 1.90603349795520e+00 1.90607738794081e+00 4.38899856098907e-05
3.94500000000000e+00 1.95286972298633e+00 1.95291679348016e+00 4.70704938320132e-05
3.95000000000000e+00 1.99995189462353e+00 2.00000000000000e+00 4.81053764691541e-05
3.95500000000000e+00 2.04703638284193e+00 2.04708320651983e+00 4.68236779056497e-05
3.96000000000000e+00 2.09387922932800e+00 2.09392261205918e+00 4.33827311767665e-05
3.96500000000000e+00 2.14023763681448e+00 2.14027590728278e+00 3.82704682979629e-05
3.97000000000000e+00 2.18587150397314e+00 2.18590375695213e+00 3.22529789884562e-05
3.97500000000000e+00 2.23054499799713e+00 2.23057126404647e+00 2.62660493373090e-05
3.98000000000000e+00 2.27402815016892e+00 2.27404940652903e+00 2.12563601134086e-05
3.98500000000000e+00 2.31609845283780e+00 2.31611643790350e+00 1.79850657024971e-05
3.99000000000000e+00 2.35654243008669e+00 2.35655924292839e+00 1.68128416957458e-05
3.99500000000000e+00 2.39515714966666e+00 2.39517464013388e+00 1.74904672194387e-05
4.00000000000000e+00 2.43175164110030e+00 2.43177062311338e+00 1.89820130827023e-05
