variables = x, value-predict, value-true, error
0.00000000000000e+00 2.43229426818612e+00 2.43177062311339e+00 5.23645072726175e-04
5.00000000000000e-03 2.46668491067769e+00 2.46616753293972e+00 5.17377737971003e-04
1.00000000000000e-02 2.49871045347895e+00 2.49819915448034e+00 5.11298998612020e-04
1.50000000000000e-02 2.52821921018793e+00 2.52771372985530e+00 5.05480332623875e-04
2.00000000000000e-02 2.55507460444810e+00 2.55457488279246e+00 4.99721655642382e-04
2.50000000000000e-02 2.57915621962084e+00 2.57866244818360e+00 4.93771437248380e-04
3.00000000000000e-02 2.60036065550944e+00 2.59987320173000e+00 4.87453779435043e-04
3.50000000000000e-02 2.61860220610299e+00 2.61812148518152e+00 4.80720921470112e-04
4.00000000000000e-02 2.63381337492598e+00 2.63333972331718e+00 4.73651608796199e-04
4.50000000000000e-02 2.64594524514044e+00 2.64547882948272e+00 4.66415657725872e-04
5.00000000000000e-02 2.65496772032654e+00 2.65450849718747e+00 4.59223139067877e-04
5.50000000000000e-02 2.66086964927318e+00 2.66041737596564e+00 4.52273307536277e-04
6.00000000000000e-02 2.66365884464222e+00 2.66321313042021e+00 4.45714222010452e-04
6.50000000000000e-02 2.66336200155520e+00 2.66292238208847e+00 4.39619466737540e-04
7.00000000000000e-02 2.66002451849658e+00 2.65959053448992e+00 4.33984006662502e-04
7.50000000000000e-02 2.65371021987120e+00 2.65328148243819e+00 4.28737433007420e-04
8.00000000000000e-02 2.64450097742739e+00 2.64407720741157e+00 4.23770015816505e-04
8.50000000000000e-02 2.63249622676361e+00 2.63207726147960e+00 4.18965284012973e-04
9.00000000000000e-02 2.61781237533418e+00 2.61739814297001e+00 4.14232364167155e-04
9.50000000000000e-02 2.60058209967541e+00 2.60017256772797e+00 4.09531947434427e-04
1.00000000000000e-01 2.58095353177664e+00 2.58054864046305e+00 4.04891313597222e-04
1.05000000000000e-01 2.55908933731255e+00 2.55868893129538e+00 4.00406017172728e-04
1.10000000000000e-01 2.53516569146387e+00 2.53476946319709e+00 3.96228266779541e-04
1.15000000000000e-01 2.50937116090060e+00 2.50897861657418e+00 3.92544326419220e-04
1.20000000000000e-01 2.48190550283508e+00 2.48151595774496e+00 3.89545090122567e-04
1.25000000000000e-01 2.45297839360508e+00 2.45259099854052e+00 3.87395064558316e-04
1.30000000000000e-01 2.42280809986499e+00 2.42242189467697e+00 3.86205188020572e-04
1.35000000000000e-01 2.39162010513336e+00 2.39123409092702e+00 3.86014206338992e-04
1.40000000000000e-01 2.35964570328970e+00 2.35925892144618e+00 3.86781843520367e-04
1.45000000000000e-01 2.32712056887921e+00 2.32673217388556e+00 3.88394993644514e-04
1.50000000000000e-01 2.29428331209921e+00 2.29389262614624e+00 3.90685952974312e-04
1.55000000000000e-01 2.26137402446800e+00 2.26098056479902e+00 3.93459668981411e-04
1.60000000000000e-01 2.22863281975071e+00 2.22823629430637e+00 3.96525444333218e-04
1.65000000000000e-01 2.19629837399550e+00 2.19589864623990e+00 3.99727755601376e-04
1.70000000000000e-01 2.16460646864843e+00 2.16420349768687e+00 4.02970961561611e-04
1.75000000000000e-01 2.13378854165243e+00 2.13338230798255e+00 4.06233669886014e-04
1.80000000000000e-01 2.10407025303504e+00 2.10366068279205e+00 4.09570242986934e-04
1.85000000000000e-01 2.07567007346756e+00 2.07525697439691e+00 4.13099070645462e-04
1.90000000000000e-01 2.04879790628026e+00 2.04838092681811e+00 4.16979462150913e-04
1.95000000000000e-01 2.02365375507139e+00 2.02323237413107e+00 4.21380940324845e-04
2.00000000000000e-01 2.00042645002995e+00 2.00000000000000e+00 4.26450029948899e-04
2.05000000000000e-01 1.97929244618146e+00 1.97886016608158e+00 4.32280099879723e-04
2.10000000000000e-01 1.96041470588272e+00 1.95997581652323e+00 4.38889359486661e-04
2.15000000000000e-01 1.94394167610890e+00 1.94349546531226e+00 4.46210796638979e-04
2.20000000000000e-01 1.93000636861078e+00 1.92955227272105e+00 4.54095889733441e-04
2.25000000000000e-01 1.91872554819454e+00 1.91826321654437e+00 4.62331650168180e-04
2.30000000000000e-01 1.91019903156867e+00 1.90972836324032e+00 4.70668328348856e-04
2.35000000000000e-01 1.90450909678364e+00 1.90403024347033e+00 4.78853313311545e-04
2.40000000000000e-01 1.90172000156455e+00 1.90123333589028e+00 4.86665674277020e-04
2.45000000000000e-01 1.90187760799555e+00 1.90138366237698e+00 4.93945618564862e-04
2.50000000000000e-01 1.90500911110183e+00 1.90450849718747e+00 5.00613914355741e-04
2.55000000000000e-01 1.91112286978248e+00 1.91061619184595e+00 5.06677936531919e-04
2.60000000000000e-01 1.92020834002762e+00 1.91969611683971e+00 5.12223187909333e-04
2.65000000000000e-01 1.93223611206054e+00 1.93171872048530e+00 5.17391575241000e-04
2.70000000000000e-01 1.94715805458457e+00 1.94663570460343e+00 5.22349981141979e-04
2.75000000000000e-01 1.96490757030796e+00 1.96438031592140e+00 5.27254386555986e-04
2.80000000000000e-01 1.98539996706807e+00 1.98486775140779e+00 5.32215660284940e-04
2.85000000000000e-01 2.00853294801252e+00 2.00799567504205e+00 5.37272970467573e-04
2.90000000000000e-01 2.03418722241748e+00 2.03364484283446e+00 5.42379583025276e-04
2.95000000000000e-01 2.06222723600939e+00 2.06167983224433e+00 5.47403765060128e-04
3.00000000000000e-01 2.09250201643471e+00 2.09194987150091e+00 5.52144933803067e-04
3.05000000000000e-01 2.12484612623290e+00 2.12428976371522e+00 5.56362517689202e-04
3.10000000000000e-01 2.15908071278211e+00 2.15852090008677e+00 5.59812695335005e-04
3.15000000000000e-01 2.19501464263369e+00 2.19445235595975e+00 5.62286673941426e-04
3.20000000000000e-01 2.23244570673054e+00 2.23188206297222e+00 5.63643758323629e-04
3.25000000000000e-01 2.27116188332881e+00 2.27059805007310e+00 5.63833255709856e-04
3.30000000000000e-01 2.31094264690928e+00 2.31037974575665e+00 5.62901152626694e-04
3.35000000000000e-01 2.35156031366195e+00 2.35099933348698e+00 5.60980174967973e-04
3.40000000000000e-01 2.39278141678700e+00 2.39222315195700e+00 5.58264829999100e-04
3.45000000000000e-01 2.43436810733550e+00 2.43381313154985e+00 5.54975785649781e-04
3.50000000000000e-01 2.47607957809859e+00 2.47552825814758e+00 5.51319951016094e-04
3.55000000000000e-01 2.51767350875600e+00 2.51712605526309e+00 5.47453492911743e-04
3.60000000000000e-01 2.55890752993081e+00 2.55836407535859e+00 5.43454572222046e-04
3.65000000000000e-01 2.59954070202773e+00 2.59900139115685e+00 5.39310870882215e-04
3.70000000000000e-01 2.63933500205714e+00 2.63880007775179e+00 5.34924305354512e-04
3.75000000000000e-01 2.67805680855169e+00 2.67752667638138e+00 5.30132170311060e-04
3.80000000000000e-01 2.71547837174696e+00 2.71495363083915e+00 5.24740907816401e-04
3.85000000000000e-01 2.75137925399031e+00 2.75086068766886e+00 5.18566321451086e-04
3.90000000000000e-01 2.78554772431039e+00 2.78503625151058e+00 5.11472799809898e-04
3.95000000000000e-01 2.81778209146732e+00 2.81727868724248e+00 5.03404224843074e-04
4.00000000000000e-01 2.84789196160167e+00 2.84739756089084e+00 4.94400710824294e-04
4.05000000000000e-01 2.87569940955171e+00 2.87521481165829e+00 4.84597893416705e-04
4.10000000000000e-01 2.90104005654790e+00 2.90056584784471e+00 4.74208703188594e-04
4.15000000000000e-01 2.92376405073458e+00 2.92330055990464e+00 4.63490829947233e-04
4.20000000000000e-01 2.94373695020606e+00 2.94328424439572e+00 4.52705810337850e-04
4.25000000000000e-01 2.96084051046039e+00 2.96039843312221e+00 4.42077338186131e-04
4.30000000000000e-01 2.97497337903447e+00 2.97454162236171e+00 4.31756672753192e-04
4.35000000000000e-01 2.98605169949889e+00 2.98562989767982e+00 4.21801819071366e-04
4.40000000000000e-01 2.99400962513854e+00 2.99359745048043e+00 4.12174658109610e-04
4.45000000000000e-01 2.99879973994777e+00 2.99839698310739e+00 4.02756840375940e-04
4.50000000000000e-01 3.00039338163119e+00 3.00000000000000e+00 3.93381631189627e-04
4.55000000000000e-01 2.99878085880178e+00 2.99839698310739e+00 3.83875694387026e-04
4.60000000000000e-01 2.99397155314449e+00 2.99359745048043e+00 3.74102664058906e-04
4.65000000000000e-01 2.98599389743329e+00 2.98562989767982e+00 3.63999753466349e-04
4.70000000000000e-01 2.97489522214662e+00 2.97454162236171e+00 3.53599784907122e-04
4.75000000000000e-01 2.96074146688095e+00 2.96039843312221e+00 3.43033758738898e-04
4.80000000000000e-01 2.94361675733646e+00 2.94328424439572e+00 3.32512940737217e-04
4.85000000000000e-01 2.92362285359842e+00 2.92330055990464e+00 3.22293693784115e-04
4.90000000000000e-01 2.90087847987888e+00 2.90056584784471e+00 3.12632034169980e-04
4.95000000000000e-01 2.87551854897775e+00 2.87521481165829e+00 3.03737319455433e-04
5.00000000000000e-01 2.84769329585854e+00 2.84739756089084e+00 2.95734967695527e-04
5.05000000000000e-01 2.81756733369325e+00 2.81727868724248e+00 2.88646450774532e-04
5.10000000000000e-01 2.78531864276132e+00 2.78503625151058e+00 2.82391250740144e-04
5.15000000000000e-01 2.75113749839368e+00 2.75086068766886e+00 2.76810724823662e-04
5.20000000000000e-01 2.71522533975674e+00 2.71495363083915e+00 2.71708917590097e-04
5.25000000000000e-01 2.67779357779587e+00 2.67752667638138e+00 2.66901414484710e-04
5.30000000000000e-01 2.63906233905981e+00 2.63880007775179e+00 2.62261308019429e-04
5.35000000000000e-01 2.59925914295267e+00 2.59900139115685e+00 2.57751795821992e-04
5.40000000000000e-01 2.55861751318595e+00 2.55836407535859e+00 2.53437827361758e-04
5.45000000000000e-01 2.51737552921270e+00 2.51712605526309e+00 2.49473949610390e-04
5.50000000000000e-01 2.47577432913601e+00 2.47552825814758e+00 2.46070988432656e-04
5.55000000000000e-01 2.43405658069439e+00 2.43381313154985e+00 2.43449144543550e-04
5.60000000000000e-01 2.39246494024141e+00 2.39222315195700e+00 2.41788284416788e-04
5.65000000000000e-01 2.35124052036467e+00 2.35099933348698e+00 2.41186877686150e-04
5.70000000000000e-01 2.31062138475204e+00 2.31037974575665e+00 2.41638995388538e-04
5.75000000000000e-01 2.27084108459737e+00 2.27059805007310e+00 2.43034524276986e-04
5.80000000000000e-01 2.23212724527604e+00 2.23188206297222e+00 2.45182303824532e-04
5.85000000000000e-01 2.19470020653296e+00 2.19445235595975e+00 2.47850573210862e-04
5.90000000000000e-01 2.15877171528404e+00 2.15852090008677e+00 2.50815197268217e-04
5.95000000000000e-01 2.12454366824763e+00 2.12428976371522e+00 2.53904532411475e-04
6.00000000000000e-01 2.09220690232412e+00 2.09194987150091e+00 2.57030823211046e-04
6.05000000000000e-01 2.06194003361339e+00 2.06167983224433e+00 2.60201369061797e-04
6.10000000000000e-01 2.03390835033896e+00 2.03364484283446e+00 2.63507504504101e-04
6.15000000000000e-01 2.00826276956216e+00 2.00799567504205e+00 2.67094520113087e-04
6.20000000000000e-01 1.98513887123319e+00 1.98486775140779e+00 2.71119825401955e-04
6.25000000000000e-01 1.96465602492782e+00 1.96438031592140e+00 2.75709006418712e-04
6.30000000000000e-01 1.94691662412246e+00 1.94663570460343e+00 2.80919519031864e-04
6.35000000000000e-01 1.93200544017655e+00 1.93171872048530e+00 2.86719691251935e-04
6.40000000000000e-01 1.91998910391247e+00 1.91969611683971e+00 2.92987072762374e-04
6.45000000000000e-01 1.91091571771140e+00 1.91061619184595e+00 2.99525865457229e-04
6.50000000000000e-01 1.90481459635829e+00 1.90450849718747e+00 3.06099170819696e-04
6.55000000000000e-01 1.90169613130707e+00 1.90138366237698e+00 3.12468930087739e-04
6.60000000000000e-01 1.90155177111690e+00 1.90123333589028e+00 3.18435226628111e-04
6.65000000000000e-01 1.90435411065825e+00 1.90403024347033e+00 3.23867187928206e-04
6.70000000000000e-01 1.91005708304980e+00 1.90972836324032e+00 3.28719809487232e-04
6.75000000000000e-01 1.91859625062635e+00 1.91826321654437e+00 3.33034081981598e-04
6.80000000000000e-01 1.92988919387532e+00 1.92955227272105e+00 3.36921154272529e-04
6.85000000000000e-01 1.94383599954907e+00 1.94349546531226e+00 3.40534236806800e-04
6.90000000000000e-01 1.96031985053824e+00 1.95997581652323e+00 3.44034015005157e-04
6.95000000000000e-01 1.97920772027922e+00 1.97886016608158e+00 3.47554197643207e-04
7.00000000000000e-01 2.00035117342357e+00 2.00000000000000e+00 3.51173423568607e-04
7.05000000000000e-01 2.02358727240470e+00 2.02323237413106e+00 3.54898273633442e-04
7.10000000000000e-01 2.04873958675304e+00 2.04838092681811e+00 3.58659934931005e-04
7.15000000000000e-01 2.07561929897509e+00 2.07525697439691e+00 3.62324578173201e-04
7.20000000000000e-01 2.10402639796707e+00 2.10366068279205e+00 3.65715175021375e-04
7.25000000000000e-01 2.13375094865078e+00 2.13338230798255e+00 3.68640668231279e-04
7.30000000000000e-01 2.16457442505057e+00 2.16420349768687e+00 3.70927363694484e-04
7.35000000000000e-01 2.19627109348559e+00 2.19589864623990e+00 3.72447245694296e-04
7.40000000000000e-01 2.22860943289915e+00 2.22823629430637e+00 3.73138592780098e-04
7.45000000000000e-01 2.26135358043592e+00 2.26098056479902e+00 3.73015636896845e-04
7.50000000000000e-01 2.29426479197122e+00 2.29389262614624e+00 3.72165824983117e-04
7.55000000000000e-01 2.32710290910902e+00 2.32673217388556e+00 3.70735223460095e-04
7.60000000000000e-01 2.35962782590772e+00 2.35925892144618e+00 3.68904461543362e-04
7.65000000000000e-01 2.39160095000414e+00 2.39123409092702e+00 3.66859077120196e-04
7.70000000000000e-01 2.42278665368377e+00 2.42242189467697e+00 3.64759006794113e-04
7.75000000000000e-01 2.45295371066925e+00 2.45259099854052e+00 3.62712128728404e-04
7.80000000000000e-01 2.48187671393953e+00 2.48151595774496e+00 3.60756194571099e-04
7.85000000000000e-01 2.50933746881856e+00 2.50897861657418e+00 3.58852244379371e-04
7.90000000000000e-01 2.53512635404379e+00 2.53476946319709e+00 3.56890846695990e-04
7.95000000000000e-01 2.55904364177780e+00 2.55868893129538e+00 3.54710482421083e-04
8.00000000000000e-01 2.58090076584869e+00 2.58054864046305e+00 3.52125385647106e-04
8.05000000000000e-01 2.60052152620457e+00 2.60017256772797e+00 3.48958476598771e-04
8.10000000000000e-01 2.61774321692828e+00 2.61739814297001e+00 3.45073958266440e-04
8.15000000000000e-01 2.63241766539995e+00 2.63207726147960e+00 3.40403920346066e-04
8.20000000000000e-01 2.64441217142453e+00 2.64407720741157e+00 3.34964012951744e-04
8.25000000000000e-01 2.65361033732296e+00 2.65328148243819e+00 3.28854884775520e-04
8.30000000000000e-01 2.65991278292224e+00 2.65959053448992e+00 3.22248432320205e-04
8.35000000000000e-01 2.66323774271739e+00 2.66292238208847e+00 3.15360628928119e-04
8.40000000000000e-01 2.66352154575304e+00 2.66321313042021e+00 3.08415332823664e-04
8.45000000000000e-01 2.66071898146660e+00 2.66041737596564e+00 3.01605500960367e-04
8.50000000000000e-01 2.65480355638640e+00 2.65450849718747e+00 2.95059198925252e-04
8.55000000000000e-01 2.64576764686557e+00 2.64547882948272e+00 2.88817382853690e-04
8.60000000000000e-01 2.63362255188332e+00 2.63333972331718e+00 2.82828566140036e-04
8.65000000000000e-01 2.61839844757842e+00 2.61812148518153e+00 2.76962396893232e-04
8.70000000000000e-01 2.60014424211227e+00 2.59987320173000e+00 2.71040382267884e-04
8.75000000000000e-01 2.57892732643147e+00 2.57866244818360e+00 2.64878247871803e-04
8.80000000000000e-01 2.55483321433731e+00 2.55457488279246e+00 2.58331544855217e-04
8.85000000000000e-01 2.52796506470297e+00 2.52771372985530e+00 2.51334847668705e-04
8.90000000000000e-01 2.49844308014734e+00 2.49819915448034e+00 2.43925667008149e-04
8.95000000000000e-01 2.46640377998662e+00 2.46616753293972e+00 2.36247046898619e-04
9.00000000000000e-01 2.43199915035267e+00 2.43177062311339e+00 2.28527239284126e-04
9.05000000000000e-01 2.39539568007532e+00 2.39517464013388e+00 2.21039941436629e-04
9.10000000000000e-01 2.35677329610794e+00 2.35655924292839e+00 2.14053179554696e-04
9.15000000000000e-01 2.31632421579191e+00 2.31611643790350e+00 2.07777888408422e-04
9.20000000000000e-01 2.27425173428095e+00 2.27404940652903e+00 2.02327751918752e-04
9.25000000000000e-01 2.23076896371752e+00 2.23057126404647e+00 1.97699671050877e-04
9.30000000000000e-01 2.18609753666774e+00 2.18590375695213e+00 1.93779715614628e-04
9.35000000000000e-01 2.14046628088639e+00 2.14027590728277e+00 1.90373603615512e-04
9.40000000000000e-01 2.09410986707408e+00 2.09392261205918e+00 1.87255014898025e-04
9.45000000000000e-01 2.04726742731351e+00 2.04708320651983e+00 1.84220793677969e-04
9.50000000000000e-01 2.00018114039748e+00 2.00000000000000e+00 1.81140397475410e-04
9.55000000000000e-01 1.95309478173217e+00 1.95291679348017e+00 1.77988252004768e-04
9.60000000000000e-01 1.90625223960825e+00 1.90607738794082e+00 1.74851667428921e-04
9.65000000000000e-01 1.85989600539814e+00 1.85972409271723e+00 1.71912680912989e-04
9.70000000000000e-01 1.81426565126280e+00 1.81409624304787e+00 1.69408214928168e-04
9.75000000000000e-01 1.76959631378147e+00 1.76942873595353e+00 1.67577827936194e-04
9.80000000000000e-01 1.72611720441832e+00 1.72595059347097e+00 1.66610947350376e-04
9.85000000000000e-01 1.68405016736627e+00 1.68388356209650e+00 1.66605269761977e-04
9.90000000000000e-01 1.64360830222147e+00 1.64344075707161e+00 1.67545149861947e-04
9.95000000000000e-01 1.60499466392939e+00 1.60482535986612e+00 1.69304063273534e-04
1.00000000000000e+00 1.56840104669163e+00 1.56822937688661e+00 1.71669805023367e-04
1.00500000000000e+00 1.53400685330391e+00 1.53383246706028e+00 1.74386243635416e-04
1.01000000000000e+00 1.50197804775611e+00 1.50180084551966e+00 1.77202236444352e-04
1.01500000000000e+00 1.47246618746346e+00 1.47228627014470e+00 1.79917318757772e-04
1.02000000000000e+00 1.44560753226334e+00 1.44542511720755e+00 1.82415055792529e-04
1.02500000000000e+00 1.42152222985022e+00 1.42133755181640e+00 1.84678033811947e-04
1.03000000000000e+00 1.40031358082950e+00 1.40012679827000e+00 1.86782559504106e-04
1.03500000000000e+00 1.38206739011339e+00 1.38187851481848e+00 1.88875294914626e-04
1.04000000000000e+00 1.36685141410773e+00 1.36666027668282e+00 1.91137424910170e-04
1.04500000000000e+00 1.35471491445543e+00 1.35452117051728e+00 1.93743938145863e-04
1.05000000000000e+00 1.34568832876416e+00 1.34549150281253e+00 1.96825951634505e-04
1.05500000000000e+00 1.33978306686202e+00 1.33958262403436e+00 2.00442827656300e-04
1.06000000000000e+00 1.33699143808841e+00 1.33678686957979e+00 2.04568508628711e-04
1.06500000000000e+00 1.33728671150060e+00 1.33707761791153e+00 2.09093589061737e-04
1.07000000000000e+00 1.34062330725826e+00 1.34040946551008e+00 2.13841748170962e-04
1.07500000000000e+00 1.34693711436047e+00 1.34671851756181e+00 2.18596798663206e-04
1.08000000000000e+00 1.35614592770715e+00 1.35592279258843e+00 2.23135118726514e-04
1.08500000000000e+00 1.36814999629743e+00 1.36792273852040e+00 2.27257777031253e-04
1.09000000000000e+00 1.38283267421817e+00 1.38260185702999e+00 2.30817188182630e-04
1.09500000000000e+00 1.40006116671548e+00 1.39982743227203e+00 2.33734443456646e-04
1.10000000000000e+00 1.41968736478158e+00 1.41945135953695e+00 2.36005244625304e-04
1.10500000000000e+00 1.44154876299414e+00 1.44131106870462e+00 2.37694289521695e-04
1.11000000000000e+00 1.46546945650923e+00 1.46523053680291e+00 2.38919706328389e-04
1.11500000000000e+00 1.49126121389604e+00 1.49102138342582e+00 2.39830470213365e-04
1.12000000000000e+00 1.51872462277400e+00 1.51848404225504e+00 2.40580518954481e-04
1.12500000000000e+00 1.54765030493148e+00 1.54740900145948e+00 2.41303471999466e-04
1.13000000000000e+00 1.57782019682198e+00 1.57757810532303e+00 2.42091498956487e-04
1.13500000000000e+00 1.60900889016438e+00 1.60876590907298e+00 2.42981091394645e-04
1.14000000000000e+00 1.64098502597029e+00 1.64074107855382e+00 2.43947416468826e-04
1.14500000000000e+00 1.67351273384640e+00 1.67326782611444e+00 2.44907731962174e-04
1.15000000000000e+00 1.70635310702065e+00 1.70610737385376e+00 2.45733166881479e-04
1.15500000000000e+00 1.73926570234396e+00 1.73901943520098e+00 2.46267142978374e-04
1.16000000000000e+00 1.77201005361547e+00 1.77176370569363e+00 2.46347921838641e-04
1.16500000000000e+00 1.80434718603390e+00 1.80410135376010e+00 2.45832273801483e-04
1.17000000000000e+00 1.83604111942846e+00 1.83579650231313e+00 2.44617115328971e-04
1.17500000000000e+00 1.86686034818364e+00 1.86661769201745e+00 2.42656166182798e-04
1.18000000000000e+00 1.89657928643586e+00 1.89633931720795e+00 2.39969227912029e-04
1.18500000000000e+00 1.92497966814957e+00 1.92474302560309e+00 2.36642546479926e-04
1.19000000000000e+00 1.95185189300904e+00 1.95161907318189e+00 2.32819827147068e-04
1.19500000000000e+00 1.97699631058486e+00 1.97676762586894e+00 2.28684715926963e-04
1.20000000000000e+00 2.00022443680988e+00 2.00000000000000e+00 2.24436809879380e-04
1.20500000000000e+00 2.02136009826023e+00 2.02113983391842e+00 2.20264341812992e-04
1.21000000000000e+00 2.04024050090433e+00 2.04002418347677e+00 2.16317427566448e-04
1.21500000000000e+00 2.05671722069585e+00 2.05650453468774e+00 2.12686008107532e-04
1.22000000000000e+00 2.07065711353294e+00 2.07044772727895e+00 2.09386253987365e-04
1.22500000000000e+00 2.08194314165281e+00 2.08173678345563e+00 2.06358197177181e-04
1.23000000000000e+00 2.09047511254725e+00 2.09027163675968e+00 2.03475787567964e-04
1.23500000000000e+00 2.09617032515235e+00 2.09596975652967e+00 2.00568622681363e-04
1.24000000000000e+00 2.09896411666239e+00 2.09876666410972e+00 1.97452552662458e-04
1.24500000000000e+00 2.09881030218940e+00 2.09861633762302e+00 1.93964566381766e-04
1.25000000000000e+00 2.09568149898972e+00 2.09549150281253e+00 1.89996177193841e-04
1.25500000000000e+00 2.08956932740400e+00 2.08938380815405e+00 1.85519249948474e-04
1.26000000000000e+00 2.08048448217785e+00 2.08030388316029e+00 1.80599017559402e-04
1.26500000000000e+00 2.06845667042974e+00 2.06828127951470e+00 1.75390915033269e-04
1.27000000000000e+00 2.05353441598097e+00 2.05336429539657e+00 1.70120584402689e-04
1.27500000000000e+00 2.03578473362404e+00 2.03561968407860e+00 1.65049545441498e-04
1.28000000000000e+00 2.01529268059868e+00 2.01513224859221e+00 1.60432006468092e-04
1.28500000000000e+00 1.99216079544052e+00 1.99200432495795e+00 1.56470482568727e-04
1.29000000000000e+00 1.96650843591855e+00 1.96635515716554e+00 1.53278753008523e-04
1.29500000000000e+00 1.93847102765312e+00 1.93832016775567e+00 1.50859897448896e-04
1.30000000000000e+00 1.90819923319121e+00 1.90805012849909e+00 1.49104692118707e-04
1.30500000000000e+00 1.87585804816166e+00 1.87571023628478e+00 1.47811876876069e-04
1.31000000000000e+00 1.84162582732036e+00 1.84147909991323e+00 1.46727407134506e-04
1.31500000000000e+00 1.80569323971909e+00 1.80554764404025e+00 1.45595678833210e-04
1.32000000000000e+00 1.76826214981400e+00 1.76811793702778e+00 1.44212786213904e-04
1.32500000000000e+00 1.72954442080902e+00 1.72940194992690e+00 1.42470882115386e-04
1.33000000000000e+00 1.68976063826410e+00 1.68962025424335e+00 1.40384020749007e-04
1.33500000000000e+00 1.64913875585036e+00 1.64900066651302e+00 1.38089337341718e-04
1.34000000000000e+00 1.60791267045678e+00 1.60777684804300e+00 1.35822413772413e-04
1.34500000000000e+00 1.56632073960962e+00 1.56618686845015e+00 1.33871159471610e-04
1.35000000000000e+00 1.52460425914972e+00 1.52447174185242e+00 1.32517297299684e-04
1.35500000000000e+00 1.48300592222406e+00 1.48287394473691e+00 1.31977487145996e-04
1.36000000000000e+00 1.44176828116317e+00 1.44163592464141e+00 1.32356521754806e-04
1.36500000000000e+00 1.40113223156832e+00 1.40099860884315e+00 1.33622725175364e-04
1.37000000000000e+00 1.36133553337334e+00 1.36119992224821e+00 1.35611125126056e-04
1.37500000000000e+00 1.32261137774771e+00 1.32247332361862e+00 1.38054129096954e-04
1.38000000000000e+00 1.28518700274616e+00 1.28504636916085e+00 1.40633585305361e-04
1.38500000000000e+00 1.24928235586796e+00 1.24913931233114e+00 1.43043536817933e-04
1.39000000000000e+00 1.21510879916759e+00 1.21496374848942e+00 1.45050678173275e-04
1.39500000000000e+00 1.18286785274496e+00 1.18272131275752e+00 1.46539987438743e-04
1.40000000000000e+00 1.15274997521962e+00 1.15260243910916e+00 1.47536110459257e-04
1.40500000000000e+00 1.12493338446995e+00 1.12478518834171e+00 1.48196128240574e-04
1.41000000000000e+00 1.09958292740426e+00 1.09943415215529e+00 1.48775248975497e-04
1.41500000000000e+00 1.07684901258343e+00 1.07669944009536e+00 1.49572488067795e-04
1.42000000000000e+00 1.05686662300737e+00 1.05671575560428e+00 1.50867403091226e-04
1.42500000000000e+00 1.03975442753280e+00 1.03960156687779e+00 1.52860655010745e-04
1.43000000000000e+00 1.02561400792104e+00 1.02545837763829e+00 1.55630282755226e-04
1.43500000000000e+00 1.01452921466346e+00 1.01437010232018e+00 1.59112343288026e-04
1.44000000000000e+00 1.00656565919557e+00 1.00640254951957e+00 1.63109676000417e-04
1.44500000000000e+00 1.00177034388251e+00 1.00160301689261e+00 1.67326989905181e-04
1.45000000000000e+00 1.00017142533127e+00 1.00000000000000e+00 1.71425331273900e-04
1.45500000000000e+00 1.00177810213759e+00 1.00160301689261e+00 1.75085244984663e-04
1.46000000000000e+00 1.00658061580495e+00 1.00640254951957e+00 1.78066285381639e-04
1.46500000000000e+00 1.01455035357320e+00 1.01437010232018e+00 1.80251253027786e-04
1.47000000000000e+00 1.02564004411949e+00 1.02545837763829e+00 1.81666481202214e-04
1.47500000000000e+00 1.03978404098997e+00 1.03960156687779e+00 1.82474112175646e-04
1.48000000000000e+00 1.05689869332807e+00 1.05671575560428e+00 1.82937723790966e-04
1.48500000000000e+00 1.07688280796831e+00 1.07669944009536e+00 1.83367872944817e-04
1.49000000000000e+00 1.09961821027545e+00 1.09943415215529e+00 1.84058120165531e-04
1.49500000000000e+00 1.12497041244159e+00 1.12478518834171e+00 1.85224099882753e-04
1.50000000000000e+00 1.15278939688212e+00 1.15260243910916e+00 1.86957772966068e-04
1.50500000000000e+00 1.18291051892224e+00 1.18272131275752e+00 1.89206164715294e-04
1.51000000000000e+00 1.21515552763623e+00 1.21496374848942e+00 1.91779146807569e-04
1.51500000000000e+00 1.24933369739151e+00 1.24913931233114e+00 1.94385060371172e-04
1.52000000000000e+00 1.28524305649465e+00 1.28504636916085e+00 1.96687333800627e-04
1.52500000000000e+00 1.32267169449824e+00 1.32247332361862e+00 1.98370879620713e-04
1.53000000000000e+00 1.36139912714360e+00 1.36119992224821e+00 1.99204895388938e-04
1.53500000000000e+00 1.40119769809263e+00 1.40099860884315e+00 1.99089249479423e-04
1.54000000000000e+00 1.44183399949207e+00 1.44163592464141e+00 1.98074850656038e-04
1.54500000000000e+00 1.48307029839418e+00 1.48287394473691e+00 1.96353657267334e-04
1.55000000000000e+00 1.52466596205503e+00 1.52447174185242e+00 1.94220202612172e-04
1.55500000000000e+00 1.56637888084516e+00 1.56618686845015e+00 1.92012395012098e-04
1.56000000000000e+00 1.60796689169029e+00 1.60777684804300e+00 1.90043647289917e-04
1.56500000000000e+00 1.64918920669895e+00 1.64900066651302e+00 1.88540185928288e-04
1.57000000000000e+00 1.68980785054913e+00 1.68962025424335e+00 1.87596305782023e-04
1.57500000000000e+00 1.72958910653890e+00 1.72940194992690e+00 1.87156611995754e-04
1.58000000000000e+00 1.76830496575492e+00 1.76811793702778e+00 1.87028727137939e-04
1.58500000000000e+00 1.80573456775971e+00 1.80554764404025e+00 1.86923719454057e-04
1.59000000000000e+00 1.84166561583753e+00 1.84147909991323e+00 1.86515924304853e-04
1.59500000000000e+00 1.87589574630440e+00 1.87571023628478e+00 1.85510019615531e-04
1.60000000000000e+00 1.90823383041306e+00 1.90805012849909e+00 1.83701913967660e-04
1.60500000000000e+00 1.93850118917007e+00 1.93832016775567e+00 1.81021414397575e-04
1.61000000000000e+00 1.96653270557300e+00 1.96635515716554e+00 1.77548407456651e-04
1.61500000000000e+00 1.99217782456049e+00 1.99200432495795e+00 1.73499602542204e-04
1.62000000000000e+00 2.01530143726156e+00 2.01513224859221e+00 1.69188669345122e-04
1.62500000000000e+00 2.03578465179974e+00 2.03561968407860e+00 1.64967721142606e-04
1.63000000000000e+00 2.05352545698934e+00 2.05336429539657e+00 1.61161592770132e-04
1.63500000000000e+00 2.06843928713142e+00 2.06828127951470e+00 1.58007616717804e-04
1.64000000000000e+00 2.08045949559034e+00 2.08030388316029e+00 1.55612430055907e-04
1.64500000000000e+00 2.08953774216918e+00 2.08938380815405e+00 1.53934015129309e-04
1.65000000000000e+00 2.09564429515129e+00 2.09549150281253e+00 1.52792338766083e-04
1.65500000000000e+00 2.09876824414003e+00 2.09861633762302e+00 1.51906517007916e-04
1.66000000000000e+00 2.09891761550817e+00 2.09876666410972e+00 1.50951398447674e-04
1.66500000000000e+00 2.09611937928530e+00 2.09596975652967e+00 1.49622755627909e-04
1.67000000000000e+00 2.09041933534656e+00 2.09027163675968e+00 1.47698586879130e-04
1.67500000000000e+00 2.08188186814661e+00 2.08173678345563e+00 1.45084690981623e-04
1.68000000000000e+00 2.07058956286880e+00 2.07044772727895e+00 1.41835589845485e-04
1.68500000000000e+00 2.05664268121703e+00 2.05650453468774e+00 1.38146529288896e-04
1.69000000000000e+00 2.04015850131282e+00 2.04002418347677e+00 1.34317836047337e-04
1.69500000000000e+00 2.02127053222309e+00 2.02113983391842e+00 1.30698304670052e-04
1.70000000000000e+00 2.00012761848177e+00 2.00000000000000e+00 1.27618481770675e-04
1.70500000000000e+00 1.97689295272222e+00 1.97676762586893e+00 1.25326853288810e-04
1.71000000000000e+00 1.95174301472853e+00 1.95161907318189e+00 1.23941546639195e-04
1.71500000000000e+00 1.92486645284967e+00 1.92474302560309e+00 1.23427246579988e-04
1.72000000000000e+00 1.89646291932465e+00 1.89633931720795e+00 1.23602116699262e-04
1.72500000000000e+00 1.86674186558546e+00 1.86661769201745e+00 1.24173568009978e-04
1.73000000000000e+00 1.83592129823043e+00 1.83579650231313e+00 1.24795917300524e-04
1.73500000000000e+00 1.80422649228553e+00 1.80410135376010e+00 1.25138525425950e-04
1.74000000000000e+00 1.77188865653187e+00 1.77176370569363e+00 1.24950838241933e-04
1.74500000000000e+00 1.73914354654431e+00 1.73901943520098e+00 1.24111343329458e-04
1.75000000000000e+00 1.70623002455340e+00 1.70610737385376e+00 1.22650699640348e-04
1.75500000000000e+00 1.67338857064128e+00 1.67326782611444e+00 1.20744526838967e-04
1.76000000000000e+00 1.64085975601907e+00 1.64074107855382e+00 1.18677465252182e-04
1.76500000000000e+00 1.60888269493445e+00 1.60876590907298e+00 1.16785861472346e-04
1.77000000000000e+00 1.57769349593882e+00 1.57757810532303e+00 1.15390615790911e-04
1.77500000000000e+00 1.54752373497194e+00 1.54740900145948e+00 1.14733512463383e-04
1.78000000000000e+00 1.51859897168441e+00 1.51848404225504e+00 1.14929429366306e-04
1.78500000000000e+00 1.49113732687597e+00 1.49102138342582e+00 1.15943450145206e-04
1.79000000000000e+00 1.46534813364055e+00 1.46523053680291e+00 1.17596837643452e-04
1.79500000000000e+00 1.44143066885097e+00 1.44131106870462e+00 1.19600146347487e-04
1.80000000000000e+00 1.41957296614251e+00 1.41945135953695e+00 1.21606605560487e-04
1.80500000000000e+00 1.39995070755198e+00 1.39982743227203e+00 1.23275279952928e-04
1.81000000000000e+00 1.38272618906955e+00 1.38260185702999e+00 1.24332039558528e-04
1.81500000000000e+00 1.36804735573800e+00 1.36792273852040e+00 1.24617217601042e-04
1.82000000000000e+00 1.35604690429868e+00 1.35592279258843e+00 1.24111710253949e-04
1.82500000000000e+00 1.34684145508066e+00 1.34671851756181e+00 1.22937518848731e-04
1.83000000000000e+00 1.34053079899175e+00 1.34040946551008e+00 1.21333481668096e-04
1.83500000000000e+00 1.33719722920333e+00 1.33707761791153e+00 1.19611291794275e-04
1.84000000000000e+00 1.33690496967699e+00 1.33678686957979e+00 1.18100097203477e-04
1.84500000000000e+00 1.33969971357962e+00 1.33958262403436e+00 1.17089545261573e-04
1.85000000000000e+00 1.34560828372778e+00 1.34549150281253e+00 1.16780915255577e-04
1.85500000000000e+00 1.35463842466921e+00 1.35452117051728e+00 1.17254151930535e-04
1.86000000000000e+00 1.36677873228652e+00 1.36666027668282e+00 1.18455603705048e-04
1.86500000000000e+00 1.38199872248986e+00 1.38187851481848e+00 1.20207671384431e-04
1.87000000000000e+00 1.40024903628640e+00 1.40012679827000e+00 1.22238016404985e-04
1.87500000000000e+00 1.42146177484047e+00 1.42133755181640e+00 1.24223024065007e-04
1.88000000000000e+00 1.44555095548449e+00 1.44542511720755e+00 1.25838276943124e-04
1.88500000000000e+00 1.47241307822577e+00 1.47228627014470e+00 1.26808081074792e-04
1.89000000000000e+00 1.50192779213006e+00 1.50180084551967e+00 1.26946610393475e-04
1.89500000000000e+00 1.53395865187981e+00 1.53383246706028e+00 1.26184819527531e-04
1.90000000000000e+00 1.56835395649880e+00 1.56822937688661e+00 1.24579612189812e-04
1.90500000000000e+00 1.60494766432315e+00 1.60482535986612e+00 1.22304457037536e-04
1.91000000000000e+00 1.64356038038622e+00 1.64344075707161e+00 1.19623314609685e-04
1.91500000000000e+00 1.68400041411340e+00 1.68388356209650e+00 1.16852016901703e-04
1.92000000000000e+00 1.72606490631569e+00 1.72595059347097e+00 1.14312844722075e-04
1.92500000000000e+00 1.76954102475901e+00 1.76942873595353e+00 1.12288805471428e-04
1.93000000000000e+00 1.81420722701893e+00 1.81409624304787e+00 1.10983971058465e-04
1.93500000000000e+00 1.85983458797150e+00 1.85972409271723e+00 1.10495254278531e-04
1.94000000000000e+00 1.90618818728335e+00 1.90607738794082e+00 1.10799342527557e-04
1.94500000000000e+00 1.95302854988500e+00 1.95291679348017e+00 1.11756404837182e-04
1.95000000000000e+00 2.00011312992033e+00 2.00000000000000e+00 1.13129920326527e-04
1.95500000000000e+00 2.04719782635086e+00 2.04708320651983e+00 1.14619831030005e-04
1.96000000000000e+00 2.09403851652448e+00 2.09392261205918e+00 1.15904465298744e-04
1.96500000000000e+00 2.14039259280617e+00 2.14027590728277e+00 1.16685523398719e-04
1.97000000000000e+00 2.18602048695614e+00 2.18590375695213e+00 1.16730004008581e-04
1.97500000000000e+00 2.23068716737692e+00 2.23057126404646e+00 1.15903330453193e-04
1.98000000000000e+00 2.27416359559377e+00 2.27404940652903e+00 1.14189064739811e-04
1.98500000000000e+00 2.31622813024701e+00 2.31611643790350e+00 1.11692343507386e-04
1.99000000000000e+00 2.35666786925166e+00 2.35655924292839e+00 1.08626323275018e-04
1.99500000000000e+00 2.39527992335416e+00 2.39517464013388e+00 1.05283220273922e-04
2.00000000000000e+00 2.43187261679625e+00 2.43177062311339e+00 1.01993682860346e-04
2.00500000000000e+00 2.46626661289783e+00 2.46616753293972e+00 9.90799581139790e-05
2.01000000000000e+00 2.49829596384469e+00 2.49819915448034e+00 9.68093643556323e-05
2.01500000000000e+00 2.52780908463749e+00 2.52771372985530e+00 9.53547821893608e-05
2.02000000000000e+00 2.55466965094356e+00 2.55457488279245e+00 9.47681511034304e-05
2.02500000000000e+00 2.57875741952584e+00 2.57866244818359e+00 9.49713422437881e-05
2.03000000000000e+00 2.59996896816137e+00 2.59987320173000e+00 9.57664313649964e-05
2.03500000000000e+00 2.61821834977569e+00 2.61812148518152e+00 9.68645941701318e-05
2.04000000000000e+00 2.63343765327638e+00 2.63333972331718e+00 9.79299591996607e-05
2.04500000000000e+00 2.64557746168942e+00 2.64547882948272e+00 9.86322067011436e-05
2.05000000000000e+00 2.65460719710908e+00 2.65450849718747e+00 9.86999216028295e-05
2.05500000000000e+00 2.66051534202354e+00 2.66041737596564e+00 9.79660579036867e-05
2.06000000000000e+00 2.66330952800099e+00 2.66321313042021e+00 9.63975807759532e-05
2.06500000000000e+00 2.66301648554595e+00 2.66292238208847e+00 9.41034574872823e-05
2.07000000000000e+00 2.65968185296045e+00 2.65959053448992e+00 9.13184705368941e-05
2.07500000000000e+00 2.65336984682293e+00 2.65328148243819e+00 8.83643847431337e-05
2.08000000000000e+00 2.64416280158128e+00 2.64407720741157e+00 8.55941697044393e-05
2.08500000000000e+00 2.63216058997699e+00 2.63207726147960e+00 8.33284973849047e-05
2.09000000000000e+00 2.61747993882262e+00 2.61739814297001e+00 8.17958526124762e-05
2.09500000000000e+00 2.60025365546003e+00 2.60017256772797e+00 8.10877320538417e-05
2.10000000000000e+00 2.58062977876947e+00 2.58054864046305e+00 8.11383064238669e-05
2.10500000000000e+00 2.55877066504940e+00 2.55868893129538e+00 8.17337540177654e-05
2.11000000000000e+00 2.53485201407776e+00 2.53476946319710e+00 8.25508806658881e-05
2.11500000000000e+00 2.50906183522872e+00 2.50897861657418e+00 8.32186545447477e-05
2.12000000000000e+00 2.48159934890059e+00 2.48151595774496e+00 8.33911556270550e-05
2.12500000000000e+00 2.45267381591516e+00 2.45259099854052e+00 8.28173746363348e-05
2.13000000000000e+00 2.42250328784160e+00 2.42242189467697e+00 8.13931646219679e-05
2.13500000000000e+00 2.39131327465477e+00 2.39123409092702e+00 7.91837277467344e-05
2.14000000000000e+00 2.35933533230861e+00 2.35925892144618e+00 7.64108624315973e-05
2.14500000000000e+00 2.32680558054273e+00 2.32673217388556e+00 7.34066571634884e-05
2.15000000000000e+00 2.29396316892103e+00 2.29389262614624e+00 7.05427747904608e-05
2.15500000000000e+00 2.26104871498731e+00 2.26098056479902e+00 6.81501882930924e-05
2.16000000000000e+00 2.22830274108842e+00 2.22823629430637e+00 6.64467820428172e-05
2.16500000000000e+00 2.19596413513001e+00 2.19589864623990e+00 6.54888901077122e-05
2.17000000000000e+00 2.16426865547402e+00 2.16420349768687e+00 6.51577871488840e-05
2.17500000000000e+00 2.13344749244880e+00 2.13338230798255e+00 6.51844662535872e-05
2.18000000000000e+00 2.10372589027646e+00 2.10366068279205e+00 6.52074844031958e-05
2.18500000000000e+00 2.07532182561777e+00 2.07525697439691e+00 6.48512208543117e-05
2.19000000000000e+00 2.04844473413493e+00 2.04838092681811e+00 6.38073168159892e-05
2.19500000000000e+00 2.02329427553430e+00 2.02323237413107e+00 6.19014032334775e-05
2.20000000000000e+00 2.00005913059981e+00 2.00000000000000e+00 5.91305998054459e-05
2.20500000000000e+00 1.97891582993590e+00 1.97886016608158e+00 5.56638543192101e-05
2.21000000000000e+00 1.96002762195532e+00 1.95997581652323e+00 5.18054320903794e-05
2.21500000000000e+00 1.94354339518209e+00 1.94349546531226e+00 4.79298698321529e-05
2.22000000000000e+00 1.92959667542706e+00 1.92955227272105e+00 4.44027060115815e-05
2.22500000000000e+00 1.91830472058627e+00 1.91826321654437e+00 4.15040418939583e-05
2.23000000000000e+00 1.90976773424084e+00 1.90972836324032e+00 3.93710005235359e-05
2.23500000000000e+00 1.90406821426598e+00 1.90403024347033e+00 3.79707956497111e-05
2.24000000000000e+00 1.90127044535059e+00 1.90123333589028e+00 3.71094603142108e-05
2.24500000000000e+00 1.90142013617864e+00 1.90138366237698e+00 3.64738016578325e-05
2.25000000000000e+00 1.90454419460217e+00 1.90450849718747e+00 3.56974146988875e-05
2.25500000000000e+00 1.91065062877747e+00 1.91061619184595e+00 3.44369315206094e-05
2.26000000000000e+00 1.91972855978230e+00 1.91969611683971e+00 3.24429425857531e-05
2.26500000000000e+00 1.93174833191303e+00 1.93171872048530e+00 2.96114277298365e-05
2.27000000000000e+00 1.94666171028693e+00 1.94663570460343e+00 2.60056835035272e-05
2.27500000000000e+00 1.96440216065769e+00 1.96438031592140e+00 2.18447362887453e-05
2.28000000000000e+00 1.98488521228885e+00 1.98486775140779e+00 1.74608810628030e-05
2.28500000000000e+00 2.00800891004214e+00 2.00799567504205e+00 1.32350000865422e-05
2.29000000000000e+00 2.03365436539883e+00 2.03364484283446e+00 9.52256437747323e-06
2.29500000000000e+00 2.06168641716995e+00 2.06167983224433e+00 6.58492561811386e-06
2.30000000000000e+00 2.09195441087352e+00 2.09194987150091e+00 4.53937260713744e-06
2.30500000000000e+00 2.12429310140759e+00 2.12428976371522e+00 3.33769237403914e-06
2.31000000000000e+00 2.15852367745512e+00 2.15852090008677e+00 2.77736834819464e-06
2.31500000000000e+00 2.19445489910826e+00 2.19445235595975e+00 2.54314851755311e-06
2.32000000000000e+00 2.23188433373732e+00 2.23188206297221e+00 2.27076510395108e-06
2.32500000000000e+00 2.27059967031741e+00 2.27059805007310e+00 1.62024430983010e-06
2.33000000000000e+00 2.31038009012222e+00 2.31037974575665e+00 3.44365573834438e-07
2.33500000000000e+00 2.35099767227907e+00 2.35099933348698e+00 1.66120790590085e-06
2.34000000000000e+00 2.39221881597088e+00 2.39222315195699e+00 4.33598611460084e-06
2.34500000000000e+00 2.43380566635794e+00 2.43381313154985e+00 7.46519191130446e-06
2.35000000000000e+00 2.47551753747035e+00 2.47552825814758e+00 1.07206772299584e-05
2.35500000000000e+00 2.51711233112027e+00 2.51712605526309e+00 1.37241428133095e-05
2.36000000000000e+00 2.55834795511847e+00 2.55836407535858e+00 1.61202401178784e-05
2.36500000000000e+00 2.59898374590113e+00 2.59900139115685e+00 1.76452557170137e-05
2.37000000000000e+00 2.63878189973110e+00 2.63880007775179e+00 1.81780206833793e-05
2.37500000000000e+00 2.67750891314695e+00 2.67752667638138e+00 1.77632344273704e-05
2.38000000000000e+00 2.71493702802372e+00 2.71495363083914e+00 1.66028154260367e-05
2.38500000000000e+00 2.75084567056430e+00 2.75086068766886e+00 1.50171045518732e-05
2.39000000000000e+00 2.78502286797736e+00 2.78503625151058e+00 1.33835332225551e-05
2.39500000000000e+00 2.81726662262126e+00 2.81727868724248e+00 1.20646212145026e-05
2.40000000000000e+00 2.84738622178739e+00 2.84739756089084e+00 1.13391034508581e-05
2.40500000000000e+00 2.87520346237940e+00 2.87521481165829e+00 1.13492788953451e-05
2.41000000000000e+00 2.90055377333469e+00 2.90056584784471e+00 1.20745100269382e-05
2.41500000000000e+00 2.92328722409095e+00 2.92330055990463e+00 1.33358136844564e-05
2.42000000000000e+00 2.94326941376932e+00 2.94328424439572e+00 1.48306264029507e-05
2.42500000000000e+00 2.96038224193495e+00 2.96039843312221e+00 1.61911872558207e-05
2.43000000000000e+00 2.97452456677839e+00 2.97454162236171e+00 1.70555833198804e-05
2.43500000000000e+00 2.98561275954725e+00 2.98562989767982e+00 1.71381325730913e-05
2.44000000000000e+00 2.99358116462664e+00 2.99359745048043e+00 1.62858537908761e-05
2.44500000000000e+00 2.99838247282736e+00 2.99839698310739e+00 1.45102800326313e-05
2.45000000000000e+00 2.99998801162566e+00 3.00000000000000e+00 1.19883743368021e-05
2.45500000000000e+00 2.99838795109167e+00 2.99839698310739e+00 9.03201571977874e-06
2.46000000000000e+00 2.99359141905140e+00 2.99359745048044e+00 6.03142903621290e-06
2.46500000000000e+00 2.98562651471691e+00 2.98562989767982e+00 3.38296291646500e-06
2.47000000000000e+00 2.97454020753622e+00 2.97454162236171e+00 1.41482549276262e-06
2.47500000000000e+00 2.96039810801482e+00 2.96039843312221e+00 3.25107392118440e-07
2.48000000000000e+00 2.94328409997653e+00 2.94328424439572e+00 1.44419193492951e-07
2.48500000000000e+00 2.92329982889833e+00 2.92330055990464e+00 7.31006310594751e-07
2.49000000000000e+00 2.90056404781985e+00 2.90056584784471e+00 1.80002485850039e-06
2.49500000000000e+00 2.87521182976027e+00 2.87521481165830e+00 2.98189802450111e-06
2.50000000000000e+00 2.84739366224180e+00 2.84739756089084e+00 3.89864904759563e-06
2.50500000000000e+00 2.81727444415040e+00 2.81727868724248e+00 4.24309208124640e-06
2.51000000000000e+00 2.78503240681348e+00 2.78503625151058e+00 3.84469709580060e-06
2.51500000000000e+00 2.75085797945575e+00 2.75086068766886e+00 2.70821311243452e-06
2.52000000000000e+00 2.71495261441064e+00 2.71495363083915e+00 1.01642851291217e-06
2.52500000000000e+00 2.67752758060279e+00 2.67752667638138e+00 9.04221400421790e-07
2.53000000000000e+00 2.63880272637417e+00 2.63880007775179e+00 2.64862238186225e-06
2.53500000000000e+00 2.59900520641104e+00 2.59900139115685e+00 3.81525418857720e-06
2.54000000000000e+00 2.55836816386909e+00 2.55836407535859e+00 4.08851050348602e-06
2.54500000000000e+00 2.51712935877441e+00 2.51712605526309e+00 3.30351131871964e-06
2.55000000000000e+00 2.47552973756804e+00 2.47552825814758e+00 1.47942046391236e-06
2.55500000000000e+00 2.43381194554400e+00 2.43381313154985e+00 1.18600584730899e-06
2.56000000000000e+00 2.39221879243364e+00 2.39222315195700e+00 4.35952336452772e-06
2.56500000000000e+00 2.35099168962585e+00 2.35099933348698e+00 7.64386113960569e-06
2.57000000000000e+00 2.31036908362640e+00 2.31037974575666e+00 1.06621302560228e-05
2.57500000000000e+00 2.27058491297390e+00 2.27059805007310e+00 1.31370992018098e-05
2.58000000000000e+00 2.23186711438133e+00 2.23188206297222e+00 1.49485908869096e-05
2.58500000000000e+00 2.19443619873300e+00 2.19445235595975e+00 1.61572267538546e-05
2.59000000000000e+00 2.15850390993741e+00 2.15852090008678e+00 1.69901493611846e-05
2.59500000000000e+00 2.12427197123389e+00 2.12428976371522e+00 1.77924813224983e-05
2.60000000000000e+00 2.09193091618139e+00 2.09194987150091e+00 1.89553195246717e-05
2.60500000000000e+00 2.06165899669876e+00 2.06167983224433e+00 2.08355455710851e-05
2.61000000000000e+00 2.03362115900330e+00 2.03364484283446e+00 2.36838311562515e-05
2.61500000000000e+00 2.00796808014810e+00 2.00799567504205e+00 2.75948939503223e-05
2.62000000000000e+00 1.98483526239396e+00 1.98486775140779e+00 3.24890138259093e-05
2.62500000000000e+00 1.96434218865551e+00 1.96438031592140e+00 3.81272658924736e-05
2.63000000000000e+00 1.94659154831111e+00 1.94663570460343e+00 4.41562923219063e-05
2.63500000000000e+00 1.93166854745201e+00 1.93171872048530e+00 5.01730332835848e-05
2.64000000000000e+00 1.91964032022388e+00 1.91969611683971e+00 5.57966158278855e-05
2.64500000000000e+00 1.91055545785821e+00 1.91061619184595e+00 6.07339877336521e-05
2.65000000000000e+00 1.90444366941680e+00 1.90450849718747e+00 6.48277706767342e-05
2.65500000000000e+00 1.90131558374672e+00 1.90138366237698e+00 6.80786302604819e-05
2.66000000000000e+00 1.90116269652614e+00 1.90123333589028e+00 7.06393641338732e-05
2.66500000000000e+00 1.90395746052962e+00 1.90403024347033e+00 7.27829407054514e-05
2.67000000000000e+00 1.90965351223198e+00 1.90972836324032e+00 7.48510083337095e-05
2.67500000000000e+00 1.91818602425553e+00 1.91826321654437e+00 7.71922888429533e-05
2.68000000000000e+00 1.92947217130210e+00 1.92955227272105e+00 8.01014189479865e-05
2.68500000000000e+00 1.94341169713661e+00 1.94349546531226e+00 8.37681756531428e-05
2.69000000000000e+00 1.95988757165875e+00 1.95997581652323e+00 8.82448644856648e-05
2.69500000000000e+00 1.97876672966343e+00 1.97886016608158e+00 9.34364181508496e-05
2.70000000000000e+00 1.99990088598018e+00 2.00000000000000e+00 9.91140198212115e-05
2.70500000000000e+00 2.02312742470949e+00 2.02323237413106e+00 1.04949421574130e-04
2.71000000000000e+00 2.04827036271518e+00 2.04838092681811e+00 1.10564102921540e-04
2.71500000000000e+00 2.07514138899190e+00 2.07525697439691e+00 1.15585405007224e-04
2.72000000000000e+00 2.10354098178115e+00 2.10366068279205e+00 1.19701010905082e-04
2.72500000000000e+00 2.13325960431980e+00 2.13338230798255e+00 1.22703662743806e-04
2.73000000000000e+00 2.16407897801120e+00 2.16420349768687e+00 1.24519675666956e-04
2.73500000000000e+00 2.19577342889690e+00 2.19589864623990e+00 1.25217342997974e-04
2.74000000000000e+00 2.22811129996702e+00 2.22823629430637e+00 1.24994339353979e-04
2.74500000000000e+00 2.26085641851394e+00 2.26098056479902e+00 1.24146285074733e-04
2.75000000000000e+00 2.29376960483329e+00 2.29389262614624e+00 1.23021312948612e-04
2.75500000000000e+00 2.32661020646661e+00 2.32673217388556e+00 1.21967418946767e-04
2.76000000000000e+00 2.35913764111322e+00 2.35925892144618e+00 1.21280332963103e-04
2.76500000000000e+00 2.39111293142569e+00 2.39123409092702e+00 1.21159501332180e-04
2.77000000000000e+00 2.42230021611098e+00 2.42242189467697e+00 1.21678565991434e-04
2.77500000000000e+00 2.45246822390945e+00 2.45259099854052e+00 1.22774631065692e-04
2.78000000000000e+00 2.48139169982912e+00 2.48151595774496e+00 1.24257915838921e-04
2.78500000000000e+00 2.50885277610349e+00 2.50897861657418e+00 1.25840470685645e-04
2.79000000000000e+00 2.53464228332205e+00 2.53476946319709e+00 1.27179875037964e-04
2.79500000000000e+00 2.55856099967317e+00 2.55868893129538e+00 1.27931622206034e-04
2.80000000000000e+00 2.58042083792762e+00 2.58054864046305e+00 1.27802535432764e-04
2.80500000000000e+00 2.60004597046682e+00 2.60017256772797e+00 1.26597261147943e-04
2.81000000000000e+00 2.61727389224858e+00 2.61739814297001e+00 1.24250721430297e-04
2.81500000000000e+00 2.63195642017502e+00 2.63207726147960e+00 1.20841304580566e-04
2.82000000000000e+00 2.64396062510312e+00 2.64407720741157e+00 1.16582308455015e-04
2.82500000000000e+00 2.65316969006257e+00 2.65328148243819e+00 1.11792375617981e-04
2.83000000000000e+00 2.65948368556247e+00 2.65959053448992e+00 1.06848927444947e-04
2.83500000000000e+00 2.66282025065850e+00 2.66292238208847e+00 1.02131429964292e-04
2.84000000000000e+00 2.66311516717806e+00 2.66321313042021e+00 9.79632421502785e-05
2.84500000000000e+00 2.66032281452838e+00 2.66041737596564e+00 9.45614372613868e-05
2.85000000000000e+00 2.65441649404544e+00 2.65450849718747e+00 9.20031420328371e-05
2.85500000000000e+00 2.64538861486274e+00 2.64547882948272e+00 9.02146199810439e-05
2.86000000000000e+00 2.63325073752287e+00 2.63333972331719e+00 8.89857943207062e-05
2.86500000000000e+00 2.61803347651702e+00 2.61812148518152e+00 8.80086645032030e-05
2.87000000000000e+00 2.59978626792733e+00 2.59987320173000e+00 8.69338026774358e-05
2.87500000000000e+00 2.57857701259293e+00 2.57866244818360e+00 8.54355906616533e-05
2.88000000000000e+00 2.55449160800222e+00 2.55457488279246e+00 8.32747902390629e-05
2.88500000000000e+00 2.52763338290986e+00 2.52771372985530e+00 8.03469454448980e-05
2.89000000000000e+00 2.49812244730075e+00 2.49819915448034e+00 7.67071795877428e-05
2.89500000000000e+00 2.46609496699363e+00 2.46616753293972e+00 7.25659460898420e-05
2.90000000000000e+00 2.43170236753303e+00 2.43177062311339e+00 6.82555803610541e-05
2.90500000000000e+00 2.39511046701823e+00 2.39517464013388e+00 6.41731156587610e-05
2.91000000000000e+00 2.35649853327499e+00 2.35655924292839e+00 6.07096534013252e-05
2.91500000000000e+00 2.31605825832339e+00 2.31611643790350e+00 5.81795801091189e-05
2.92000000000000e+00 2.27399264315255e+00 2.27404940652904e+00 5.67633764831932e-05
2.92500000000000e+00 2.23051478860050e+00 2.23057126404647e+00 5.64754459615457e-05
2.93000000000000e+00 2.18584659328638e+00 2.18590375695213e+00 5.71636657480390e-05
2.93500000000000e+00 2.14021736614638e+00 2.14027590728278e+00 5.85411363984711e-05
2.94000000000000e+00 2.09386236791329e+00 2.09392261205918e+00 6.02441458967817e-05
2.94500000000000e+00 2.04702130149113e+00 2.04708320651984e+00 6.19050287027356e-05
2.95000000000000e+00 1.99993677446533e+00 2.00000000000000e+00 6.32255346735278e-05
2.95500000000000e+00 1.95285275728736e+00 1.95291679348017e+00 6.40361928130329e-05
2.96000000000000e+00 1.90601305794716e+00 1.90607738794082e+00 6.43299936609054e-05
2.96500000000000e+00 1.85965982880376e+00 1.85972409271723e+00 6.42639134731393e-05
2.97000000000000e+00 1.81403211479119e+00 1.81409624304787e+00 6.41282566775647e-05
2.97500000000000e+00 1.76936444580599e+00 1.76942873595354e+00 6.42901475451652e-05
2.98000000000000e+00 1.72588547100900e+00 1.72595059347097e+00 6.51224619698798e-05
2.98500000000000e+00 1.68381663000308e+00 1.68388356209651e+00 6.69320934327811e-05
2.99000000000000e+00 1.64337085581854e+00 1.64344075707161e+00 6.99012530738230e-05
2.99500000000000e+00 1.60475130720682e+00 1.60482535986612e+00 7.40526592979407e-05
3.00000000000000e+00 1.56815013224152e+00 1.56822937688661e+00 7.92446450914586e-05
3.00500000000000e+00 1.53374727063873e+00 1.53383246706028e+00 8.51964215538015e-05
3.01000000000000e+00 1.50170930738991e+00 1.50180084551966e+00 9.15381297528217e-05
3.01500000000000e+00 1.47218839421523e+00 1.47228627014470e+00 9.78759294654186e-05
3.02000000000000e+00 1.44532125725140e+00 1.44542511720755e+00 1.03859956142482e-04
3.02500000000000e+00 1.42122830895492e+00 1.42133755181641e+00 1.09242861483505e-04
3.03000000000000e+00 1.40001287953452e+00 1.40012679827000e+00 1.13918735479057e-04
3.03500000000000e+00 1.38176057881285e+00 1.38187851481848e+00 1.17936005625374e-04
3.04000000000000e+00 1.36653879400999e+00 1.36666027668282e+00 1.21482672826412e-04
3.04500000000000e+00 1.35439632340944e+00 1.35452117051728e+00 1.24847107840109e-04
3.05000000000000e+00 1.34536314104481e+00 1.34549150281253e+00 1.28361767719909e-04
3.05500000000000e+00 1.33945028409682e+00 1.33958262403436e+00 1.32339937538362e-04
3.06000000000000e+00 1.33664985302103e+00 1.33678686957979e+00 1.37016558759306e-04
3.06500000000000e+00 1.33693511463323e+00 1.33707761791153e+00 1.42503278307338e-04
3.07000000000000e+00 1.34026070025791e+00 1.34040946551008e+00 1.48765252176775e-04
3.07500000000000e+00 1.34656289413013e+00 1.34671851756181e+00 1.55623431681073e-04
3.08000000000000e+00 1.35576001089400e+00 1.35592279258843e+00 1.62781694424963e-04
3.08500000000000e+00 1.36775286454369e+00 1.36792273852040e+00 1.69873976702872e-04
3.09000000000000e+00 1.38242533382349e+00 1.38260185702999e+00 1.76523206494528e-04
3.09500000000000e+00 1.39964503039724e+00 1.39982743227203e+00 1.82401874789129e-04
3.10000000000000e+00 1.41926407569434e+00 1.41945135953695e+00 1.87283842608021e-04
3.10500000000000e+00 1.44111999019711e+00 1.44131106870462e+00 1.91078507513209e-04
3.11000000000000e+00 1.46503669530177e+00 1.46523053680290e+00 1.93841501131331e-04
3.11500000000000e+00 1.49082562327355e+00 1.49102138342582e+00 1.95760152271296e-04
3.12000000000000e+00 1.51828692591543e+00 1.51848404225504e+00 1.97116339610615e-04
3.12500000000000e+00 1.54721076814635e+00 1.54740900145948e+00 1.98233313131402e-04
3.13000000000000e+00 1.57737868943971e+00 1.57757810532302e+00 1.99415883317178e-04
3.13500000000000e+00 1.60856501452583e+00 1.60876590907298e+00 2.00894547154329e-04
3.14000000000000e+00 1.64053829514092e+00 1.64074107855382e+00 2.02783412895258e-04
3.14500000000000e+00 1.67306276680373e+00 1.67326782611444e+00 2.05059310707689e-04
3.15000000000000e+00 1.70589980818289e+00 1.70610737385376e+00 2.07565670875987e-04
3.15500000000000e+00 1.73880939489827e+00 1.73901943520098e+00 2.10040302712988e-04
3.16000000000000e+00 1.77155154376312e+00 1.77176370569363e+00 2.12161930510657e-04
3.16500000000000e+00 1.80388774673715e+00 1.80410135376010e+00 2.13607022946372e-04
3.17000000000000e+00 1.83558239561661e+00 1.83579650231313e+00 2.14106696517558e-04
3.17500000000000e+00 1.86640419842524e+00 1.86661769201745e+00 2.13493592208902e-04
3.18000000000000e+00 1.89612758663496e+00 1.89633931720795e+00 2.11730572984070e-04
3.18500000000000e+00 1.92453410912216e+00 1.92474302560309e+00 2.08916480931132e-04
3.19000000000000e+00 1.95141380480567e+00 1.95161907318189e+00 2.05268376222811e-04
3.19500000000000e+00 1.97656654199631e+00 1.97676762586893e+00 2.01083872626961e-04
3.20000000000000e+00 1.99980330937851e+00 2.00000000000000e+00 1.96690621487416e-04
3.20500000000000e+00 2.02094744183913e+00 2.02113983391842e+00 1.92392079286119e-04
3.21000000000000e+00 2.03983576438553e+00 2.04002418347677e+00 1.88419091237790e-04
3.21500000000000e+00 2.05631963916302e+00 2.05650453468774e+00 1.84895524717454e-04
3.22000000000000e+00 2.07026590379266e+00 2.07044772727895e+00 1.81823486296029e-04
3.22500000000000e+00 2.08155769336989e+00 2.08173678345563e+00 1.79090085734579e-04
3.23000000000000e+00 2.09009514283106e+00 2.09027163675968e+00 1.76493928619958e-04
3.23500000000000e+00 2.09579597033936e+00 2.09596975652967e+00 1.73786190314829e-04
3.24000000000000e+00 2.09859594531040e+00 2.09876666410972e+00 1.70718799327840e-04
3.24500000000000e+00 2.09844924633058e+00 2.09861633762302e+00 1.67091292433419e-04
3.25000000000000e+00 2.09532871440864e+00 2.09549150281253e+00 1.62788403883507e-04
3.25500000000000e+00 2.08922600587933e+00 2.08938380815405e+00 1.57802274723284e-04
3.26000000000000e+00 2.08015164719989e+00 2.08030388316029e+00 1.52235960403146e-04
3.26500000000000e+00 2.06813499133944e+00 2.06828127951470e+00 1.46288175266296e-04
3.27000000000000e+00 2.05322407301324e+00 2.05336429539657e+00 1.40222383333555e-04
3.27500000000000e+00 2.03548535817820e+00 2.03561968407860e+00 1.34325900403631e-04
3.28000000000000e+00 2.01500338238878e+00 2.01513224859221e+00 1.28866203427780e-04
3.28500000000000e+00 1.99188027304006e+00 1.99200432495795e+00 1.24051917887336e-04
3.29000000000000e+00 1.96623515221215e+00 1.96635515716554e+00 1.20004953389596e-04
3.29500000000000e+00 1.93820341957967e+00 1.93832016775567e+00 1.16748175996051e-04
3.30000000000000e+00 1.90793591828159e+00 1.90805012849909e+00 1.14210217497357e-04
3.30500000000000e+00 1.87559799026668e+00 1.87571023628479e+00 1.12246018105333e-04
3.31000000000000e+00 1.84136843090696e+00 1.84147909991323e+00 1.10669006267106e-04
3.31500000000000e+00 1.80543835513467e+00 1.80554764404025e+00 1.09288905584259e-04
3.32000000000000e+00 1.76800998867572e+00 1.76811793702778e+00 1.07948352061848e-04
3.32500000000000e+00 1.72929539799463e+00 1.72940194992690e+00 1.06551932270271e-04
3.33000000000000e+00 1.68951517142811e+00 1.68962025424335e+00 1.05082815238688e-04
3.33500000000000e+00 1.64889706197259e+00 1.64900066651302e+00 1.03604540432789e-04
3.34000000000000e+00 1.60767459976085e+00 1.60777684804301e+00 1.02248282154438e-04
3.34500000000000e+00 1.56608567993517e+00 1.56618686845015e+00 1.01188514983752e-04
3.35000000000000e+00 1.52437112988017e+00 1.52447174185243e+00 1.00611972257525e-04
3.35500000000000e+00 1.48277325896634e+00 1.48287394473692e+00 1.00685770578979e-04
3.36000000000000e+00 1.44153439422313e+00 1.44163592464142e+00 1.01530418289641e-04
3.36500000000000e+00 1.40089540662989e+00 1.40099860884315e+00 1.03202213261211e-04
3.37000000000000e+00 1.36109423470051e+00 1.36119992224821e+00 1.05687547705458e-04
3.37500000000000e+00 1.32236441432073e+00 1.32247332361862e+00 1.08909297887871e-04
3.38000000000000e+00 1.28493362590309e+00 1.28504636916086e+00 1.12743257761672e-04
3.38500000000000e+00 1.24902227143306e+00 1.24913931233114e+00 1.17040898085730e-04
3.39000000000000e+00 1.21484209460411e+00 1.21496374848942e+00 1.21653885314155e-04
3.39500000000000e+00 1.18259485687928e+00 1.18272131275752e+00 1.26455878246778e-04
3.40000000000000e+00 1.15247108106509e+00 1.15260243910916e+00 1.31358044071828e-04
3.40500000000000e+00 1.12464887209641e+00 1.12478518834171e+00 1.36316245293866e-04
3.41000000000000e+00 1.09929282255932e+00 1.09943415215529e+00 1.41329595972906e-04
3.41500000000000e+00 1.07655300839195e+00 1.07669944009537e+00 1.46431703418992e-04
3.42000000000000e+00 1.05656407850949e+00 1.05671575560428e+00 1.51677094792468e-04
3.42500000000000e+00 1.03944444098969e+00 1.03960156687779e+00 1.57125888099907e-04
3.43000000000000e+00 1.02529554797654e+00 1.02545837763829e+00 1.62829661747965e-04
3.43500000000000e+00 1.01420128151649e+00 1.01437010232018e+00 1.68820803688741e-04
3.44000000000000e+00 1.00622744293348e+00 1.00640254951957e+00 1.75106586084661e-04
3.44500000000000e+00 1.00142134881832e+00 1.00160301689261e+00 1.81668074284769e-04
3.45000000000000e+00 9.99811537003305e-01 1.00000000000000e+00 1.88462996694616e-04
3.45500000000000e+00 1.00140758582055e+00 1.00160301689261e+00 1.95431072051555e-04
3.46000000000000e+00 1.00620004940464e+00 1.00640254951956e+00 2.02500114924176e-04
3.46500000000000e+00 1.01416051081280e+00 1.01437010232018e+00 2.09591507379203e-04
3.47000000000000e+00 1.02524175341819e+00 1.02545837763829e+00 2.16624220098494e-04
3.47500000000000e+00 1.03937804957686e+00 1.03960156687779e+00 2.23517300930176e-04
3.48000000000000e+00 1.05648556419686e+00 1.05671575560427e+00 2.30191407410762e-04
3.48500000000000e+00 1.07646286974438e+00 1.07669944009536e+00 2.36570350981902e-04
3.49000000000000e+00 1.09919156852909e+00 1.09943415215529e+00 2.42583626193449e-04
3.49500000000000e+00 1.12453701783755e+00 1.12478518834171e+00 2.48170504153267e-04
3.50000000000000e+00 1.15234915353501e+00 1.15260243910915e+00 2.53285574148387e-04
3.50500000000000e+00 1.18246340794384e+00 1.18272131275752e+00 2.57904813677268e-04
3.51000000000000e+00 1.21470171789281e+00 1.21496374848942e+00 2.62030596608120e-04
3.51500000000000e+00 1.24887361858712e+00 1.24913931233114e+00 2.65693744019968e-04
3.52000000000000e+00 1.28477741822192e+00 1.28504636916085e+00 2.68950938927981e-04
3.52500000000000e+00 1.32220144702158e+00 1.32247332361861e+00 2.71876597035092e-04
3.53000000000000e+00 1.36092537275402e+00 1.36119992224821e+00 2.74549494188925e-04
3.53500000000000e+00 1.40072157299796e+00 1.40099860884315e+00 2.77035845185125e-04
3.54000000000000e+00 1.44135655287044e+00 1.44163592464141e+00 2.79371770968151e-04
3.54500000000000e+00 1.48259239589995e+00 1.48287394473691e+00 2.81548836960521e-04
3.55000000000000e+00 1.52418823552160e+00 1.52447174185242e+00 2.83506330817973e-04
3.55500000000000e+00 1.56590173538346e+00 1.56618686845015e+00 2.85133066689758e-04
3.56000000000000e+00 1.60749056819367e+00 1.60777684804300e+00 2.86279849326165e-04
3.56500000000000e+00 1.64871388491609e+00 1.64900066651302e+00 2.86781596926522e-04
3.57000000000000e+00 1.68933376830195e+00 1.68962025424335e+00 2.86485941399572e-04
3.57500000000000e+00 1.72911666653998e+00 1.72940194992690e+00 2.85283386917801e-04
3.58000000000000e+00 1.76783480378901e+00 1.76811793702778e+00 2.83133238771605e-04
3.58500000000000e+00 1.80526756426030e+00 1.80554764404025e+00 2.80079779947151e-04
3.59000000000000e+00 1.84120284530787e+00 1.84147909991322e+00 2.76254605352744e-04
3.59500000000000e+00 1.87543837288179e+00 1.87571023628478e+00 2.71863402995898e-04
3.60000000000000e+00 1.90778297013164e+00 1.90805012849909e+00 2.67158367447173e-04
3.60500000000000e+00 1.93805776747375e+00 1.93832016775567e+00 2.62400281918040e-04
3.61000000000000e+00 1.96609734062456e+00 1.96635515716554e+00 2.57816540979672e-04
3.61500000000000e+00 1.99175076241989e+00 1.99200432495795e+00 2.53562538062413e-04
3.62000000000000e+00 2.01488255494508e+00 2.01513224859221e+00 2.49693647133231e-04
3.62500000000000e+00 2.03537353060372e+00 2.03561968407860e+00 2.46153474872113e-04
3.63000000000000e+00 2.05312151399885e+00 2.05336429539657e+00 2.42781397719050e-04
3.63500000000000e+00 2.06804194043010e+00 2.06828127951470e+00 2.39339084599166e-04
3.64000000000000e+00 2.08006833083677e+00 2.08030388316029e+00 2.35552323515797e-04
3.64500000000000e+00 2.08915264653443e+00 2.08938380815405e+00 2.31161619617115e-04
3.65000000000000e+00 2.09526552958645e+00 2.09549150281253e+00 2.25973226075205e-04
3.65500000000000e+00 2.09839643577854e+00 2.09861633762302e+00 2.19901844480841e-04
3.66000000000000e+00 2.09855366681530e+00 2.09876666410972e+00 2.12997294423811e-04
3.66500000000000e+00 2.09576430666975e+00 2.09596975652967e+00 2.05449859925544e-04
3.67000000000000e+00 2.09007406435389e+00 2.09027163675968e+00 1.97572405793434e-04
3.67500000000000e+00 2.08154702227127e+00 2.08173678345563e+00 1.89761184356652e-04
3.68000000000000e+00 2.07026528637731e+00 2.07044772727895e+00 1.82440901641101e-04
3.68500000000000e+00 2.05632853221458e+00 2.05650453468774e+00 1.76002473163184e-04
3.69000000000000e+00 2.03985344000528e+00 2.04002418347677e+00 1.70743471488155e-04
3.69500000000000e+00 2.02097301267750e+00 2.02113983391842e+00 1.66821240923820e-04
3.70000000000000e+00 1.99983577303267e+00 2.00000000000000e+00 1.64226967333869e-04
3.70500000000000e+00 1.97660484001771e+00 1.97676762586894e+00 1.62785851225422e-04
3.71000000000000e+00 1.95145688878274e+00 1.95161907318189e+00 1.62184399156828e-04
3.71500000000000e+00 1.92458100423510e+00 1.92474302560309e+00 1.62021367993592e-04
3.72000000000000e+00 1.89617744240171e+00 1.89633931720795e+00 1.61874806235751e-04
3.72500000000000e+00 1.86645631737281e+00 1.86661769201745e+00 1.61374644643830e-04
3.73000000000000e+00 1.83563623336250e+00 1.83579650231313e+00 1.60268950637033e-04
3.73500000000000e+00 1.80394288118401e+00 1.80410135376010e+00 1.58472576093471e-04
3.74000000000000e+00 1.77160761622151e+00 1.77176370569363e+00 1.56089472116872e-04
3.74500000000000e+00 1.73886603114414e+00 1.73901943520098e+00 1.53404056837836e-04
3.75000000000000e+00 1.70595653179708e+00 1.70610737385376e+00 1.50842056684919e-04
3.75500000000000e+00 1.67311891974865e+00 1.67326782611444e+00 1.48906365794010e-04
3.76000000000000e+00 1.64059298074656e+00 1.64074107855382e+00 1.48097807261216e-04
3.76500000000000e+00 1.60861707560327e+00 1.60876590907298e+00 1.48833469711729e-04
3.77000000000000e+00 1.57742672930457e+00 1.57757810532303e+00 1.51376018459493e-04
3.77500000000000e+00 1.54725321558404e+00 1.54740900145948e+00 1.55785875444181e-04
3.78000000000000e+00 1.51832213761425e+00 1.51848404225504e+00 1.61904640790356e-04
3.78500000000000e+00 1.49085201027106e+00 1.49102138342582e+00 1.69373154766284e-04
3.79000000000000e+00 1.46505285481391e+00 1.46523053680291e+00 1.77681989002032e-04
3.79500000000000e+00 1.44112482186735e+00 1.44131106870462e+00 1.86246837271309e-04
3.80000000000000e+00 1.41925686240846e+00 1.41945135953695e+00 1.94497128493287e-04
3.80500000000000e+00 1.39962546838222e+00 1.39982743227203e+00 2.01963889808532e-04
3.81000000000000e+00 1.38239350420939e+00 1.38260185702999e+00 2.08352820604052e-04
3.81500000000000e+00 1.36770914781228e+00 1.36792273852040e+00 2.13590708115108e-04
3.82000000000000e+00 1.35570495521180e+00 1.35592279258843e+00 2.17837376625729e-04
3.82500000000000e+00 1.34649705688696e+00 1.34671851756181e+00 2.21460674848295e-04
3.83000000000000e+00 1.34018448776215e+00 1.34040946551008e+00 2.24977747935728e-04
3.83500000000000e+00 1.33684864677777e+00 1.33707761791153e+00 2.28971133765743e-04
3.84000000000000e+00 1.33655287731054e+00 1.33678686957979e+00 2.33992269248917e-04
3.84500000000000e+00 1.33934215685175e+00 1.33958262403436e+00 2.40467182607951e-04
3.85000000000000e+00 1.34524288366755e+00 1.34549150281253e+00 2.48619144973317e-04
3.85500000000000e+00 1.35426274968469e+00 1.35452117051728e+00 2.58420832589756e-04
3.86000000000000e+00 1.36639069228813e+00 1.36666027668282e+00 2.69584394689826e-04
3.86500000000000e+00 1.38159692253148e+00 1.38187851481848e+00 2.81592286990762e-04
3.87000000000000e+00 1.39983303269456e+00 1.40012679826999e+00 2.93765575435589e-04
3.87500000000000e+00 1.42103219131159e+00 1.42133755181640e+00 3.05360504812668e-04
3.88000000000000e+00 1.44510943787578e+00 1.44542511720754e+00 3.15679331762686e-04
3.88500000000000e+00 1.47196209164645e+00 1.47228627014469e+00 3.24178498248173e-04
3.89000000000000e+00 1.50147028880603e+00 1.50180084551966e+00 3.30556713637353e-04
3.89500000000000e+00 1.53349765940138e+00 1.53383246706028e+00 3.34807658900482e-04
3.90000000000000e+00 1.56789215018585e+00 1.56822937688661e+00 3.37226700753313e-04
3.90500000000000e+00 1.60448699216640e+00 1.60482535986612e+00 3.38367699715070e-04
3.91000000000000e+00 1.64310180321287e+00 1.64344075707161e+00 3.38953858742386e-04
3.91500000000000e+00 1.68354380762860e+00 1.68388356209650e+00 3.39754467898246e-04
3.92000000000000e+00 1.72560914736145e+00 1.72595059347097e+00 3.41446109517474e-04
3.92500000000000e+00 1.76908425475333e+00 1.76942873595353e+00 3.44481200204472e-04
3.93000000000000e+00 1.81374725534293e+00 1.81409624304787e+00 3.48987704932302e-04
3.93500000000000e+00 1.85936937178849e+00 1.85972409271722e+00 3.54720928729790e-04
3.94000000000000e+00 1.90571630644748e+00 1.90607738794081e+00 3.61081493331694e-04
3.94500000000000e+00 1.95254958990244e+00 1.95291679348016e+00 3.67203577720687e-04
3.95000000000000e+00 1.99962789453652e+00 2.00000000000000e+00 3.72105463479100e-04
3.95500000000000e+00 2.04670832446685e+00 2.04708320651983e+00 3.74882052986969e-04
3.96000000000000e+00 2.09354770383655e+00 2.09392261205918e+00 3.74908222624981e-04
3.96500000000000e+00 2.13990389279729e+00 2.14027590728278e+00 3.72014485489736e-04
3.97000000000000e+00 2.18553716298451e+00 2.18590375695213e+00 3.66593967619622e-04
3.97500000000000e+00 2.23021166101647e+00 2.23057126404647e+00 3.59603030001932e-04
3.98000000000000e+00 2.27369697945493e+00 2.27404940652903e+00 3.52427074094663e-04
3.98500000000000e+00 2.31576984053729e+00 2.31611643790350e+00 3.46597366208012e-04
3.99000000000000e+00 2.35621588040239e+00 2.35655924292839e+00 3.43362525996760e-04
3.99500000000000e+00 2.39483150264611e+00 2.39517464013388e+00 3.43137487774037e-04
4.00000000000000e+00 2.43142575228918e+00 2.43177062311338e+00 3.44870824202204e-04
