variables = x, value-predict, value-true, error
0.00000000000000e+00 2.43124704246978e+00 2.43177062311339e+00 5.23580643608579e-04
5.00000000000000e-03 2.46561183318838e+00 2.46616753293972e+00 5.55699751340732e-04
1.00000000000000e-02 2.49761480123585e+00 2.49819915448034e+00 5.84353244486469e-04
1.50000000000000e-02 2.52711285496913e+00 2.52771372985530e+00 6.00874886168778e-04
2.00000000000000e-02 2.55397358654259e+00 2.55457488279246e+00 6.01296249868266e-04
2.50000000000000e-02 2.57807710898966e+00 2.57866244818360e+00 5.85339193934331e-04
3.00000000000000e-02 2.59931778583276e+00 2.59987320173000e+00 5.55415897245393e-04
3.50000000000000e-02 2.61760581248893e+00 2.61812148518152e+00 5.15672692594116e-04
4.00000000000000e-02 2.63286861074911e+00 2.63333972331718e+00 4.71112568070531e-04
4.50000000000000e-02 2.64505200137875e+00 2.64547882948272e+00 4.26828103963217e-04
5.00000000000000e-02 2.65412112548556e+00 2.65450849718747e+00 3.87371701917605e-04
5.50000000000000e-02 2.66006109268324e+00 2.66041737596564e+00 3.56283282402003e-04
6.00000000000000e-02 2.66287734306841e+00 2.66321313042021e+00 3.35787351801731e-04
6.50000000000000e-02 2.66259572027962e+00 2.66292238208847e+00 3.26661808845774e-04
7.00000000000000e-02 2.65926226391059e+00 2.65959053448992e+00 3.28270579329271e-04
7.50000000000000e-02 2.65294274063302e+00 2.65328148243819e+00 3.38741805163689e-04
8.00000000000000e-02 2.64372194374474e+00 2.64407720741157e+00 3.55263666839356e-04
8.50000000000000e-02 2.63170279962604e+00 2.63207726147960e+00 3.74461853556163e-04
9.00000000000000e-02 2.61700532590192e+00 2.61739814297001e+00 3.92817068092022e-04
9.50000000000000e-02 2.59976548922021e+00 2.60017256772797e+00 4.07078507767888e-04
1.00000000000000e-01 2.58013400993774e+00 2.58054864046305e+00 4.14630525308546e-04
1.05000000000000e-01 2.55827515644466e+00 2.55868893129538e+00 4.13774850717807e-04
1.10000000000000e-01 2.53436556353427e+00 2.53476946319709e+00 4.03899662819729e-04
1.15000000000000e-01 2.50859309775849e+00 2.50897861657418e+00 3.85518815689601e-04
1.20000000000000e-01 2.48115577913234e+00 2.48151595774496e+00 3.60178612617279e-04
1.25000000000000e-01 2.45226075425280e+00 2.45259099854052e+00 3.30244287716219e-04
1.30000000000000e-01 2.42212330248398e+00 2.42242189467697e+00 2.98592192988334e-04
1.35000000000000e-01 2.39096584598584e+00 2.39123409092702e+00 2.68244941175944e-04
1.40000000000000e-01 2.35901692751172e+00 2.35925892144618e+00 2.41993934463114e-04
1.45000000000000e-01 2.32651011817451e+00 2.32673217388556e+00 2.22055711056157e-04
1.50000000000000e-01 2.29368282130915e+00 2.29389262614624e+00 2.09804837085770e-04
1.55000000000000e-01 2.26077494795522e+00 2.26098056479902e+00 2.05616843798051e-04
1.60000000000000e-01 2.22802745340238e+00 2.22823629430637e+00 2.08840903995977e-04
1.65000000000000e-01 2.19568074103926e+00 2.19589864623990e+00 2.17905200636803e-04
1.70000000000000e-01 2.16397295725612e+00 2.16420349768687e+00 2.30540430750992e-04
1.75000000000000e-01 2.13313821696579e+00 2.13338230798255e+00 2.44091016753156e-04
1.80000000000000e-01 2.10340481112718e+00 2.10366068279205e+00 2.55871664869289e-04
1.85000000000000e-01 2.07499345365525e+00 2.07525697439691e+00 2.63520741664802e-04
1.90000000000000e-01 2.04811562424918e+00 2.04838092681811e+00 2.65302568928316e-04
1.95000000000000e-01 2.02297205593213e+00 2.02323237413107e+00 2.60318198938680e-04
2.00000000000000e-01 1.99975140249083e+00 2.00000000000000e+00 2.48597509168391e-04
2.05000000000000e-01 1.97862910347225e+00 1.97886016608158e+00 2.31062609333366e-04
2.10000000000000e-01 1.95976644551298e+00 1.95997581652323e+00 2.09371010256865e-04
2.15000000000000e-01 1.94330980134408e+00 1.94349546531226e+00 1.85663968182093e-04
2.20000000000000e-01 1.92939001439574e+00 1.92955227272105e+00 1.62258325310027e-04
2.25000000000000e-01 1.91812188943472e+00 1.91826321654437e+00 1.41327109653089e-04
2.30000000000000e-01 1.90960374904536e+00 1.90972836324032e+00 1.24614194953576e-04
2.35000000000000e-01 1.90391702184229e+00 1.90403024347033e+00 1.13221628038840e-04
2.40000000000000e-01 1.90112583984048e+00 1.90123333589028e+00 1.07496049800426e-04
2.45000000000000e-01 1.90127663732936e+00 1.90138366237698e+00 1.07025047618503e-04
2.50000000000000e-01 1.90439775935375e+00 1.90450849718747e+00 1.10737833721064e-04
2.55000000000000e-01 1.91049910192189e+00 1.91061619184595e+00 1.17089924057456e-04
2.60000000000000e-01 1.91957181616801e+00 1.91969611683971e+00 1.24300671697553e-04
2.65000000000000e-01 1.93158811347131e+00 1.93171872048530e+00 1.30607013983042e-04
2.70000000000000e-01 1.94650120749907e+00 1.94663570460343e+00 1.34497104356424e-04
2.75000000000000e-01 1.96424542278641e+00 1.96438031592140e+00 1.34893134994041e-04
2.80000000000000e-01 1.98473648908739e+00 1.98486775140779e+00 1.31262320400616e-04
2.85000000000000e-01 2.00787202815844e+00 2.00799567504205e+00 1.23646883611439e-04
2.90000000000000e-01 2.03353222686423e+00 2.03364484283446e+00 1.12615970227381e-04
2.95000000000000e-01 2.06158067935454e+00 2.06167983224433e+00 9.91528897928973e-05
3.00000000000000e-01 2.09186537292196e+00 2.09194987150091e+00 8.44985789534292e-05
3.05000000000000e-01 2.12421978776904e+00 2.12428976371522e+00 6.99759461717520e-05
3.10000000000000e-01 2.15846408038764e+00 2.15852090008677e+00 5.68196991292957e-05
3.15000000000000e-01 2.19440632309981e+00 2.19445235595975e+00 4.60328599425353e-05
3.20000000000000e-01 2.23184377762773e+00 2.23188206297222e+00 3.82853444880205e-05
3.25000000000000e-01 2.27056418722973e+00 2.27059805007310e+00 3.38628433720345e-05
3.30000000000000e-01 2.31034707882393e+00 2.31037974575665e+00 3.26669327175289e-05
3.35000000000000e-01 2.35096507263599e+00 2.35099933348698e+00 3.42608509864561e-05
3.40000000000000e-01 2.39218520152835e+00 2.39222315195700e+00 3.79504286489585e-05
3.45000000000000e-01 2.43377024489211e+00 2.43381313154985e+00 4.28866577357745e-05
3.50000000000000e-01 2.47548008271711e+00 2.47552825814758e+00 4.81754304679782e-05
3.55000000000000e-01 2.51707307438216e+00 2.51712605526309e+00 5.29808809246468e-05
3.60000000000000e-01 2.55830746420576e+00 2.55836407535859e+00 5.66111528264024e-05
3.65000000000000e-01 2.59894281236328e+00 2.59900139115685e+00 5.85787935714066e-05
3.70000000000000e-01 2.63874144594489e+00 2.63880007775179e+00 5.86318069011327e-05
3.75000000000000e-01 2.67746992119875e+00 2.67752667638138e+00 5.67551826349266e-05
3.80000000000000e-01 2.71490048479503e+00 2.71495363083915e+00 5.31460441171028e-05
3.85000000000000e-01 2.75081251955882e+00 2.75086068766886e+00 4.81681100348297e-05
3.90000000000000e-01 2.78499395872739e+00 2.78503625151058e+00 4.22927831889020e-05
3.95000000000000e-01 2.81724265243539e+00 2.81727868724248e+00 3.60348070840288e-05
4.00000000000000e-01 2.84736767075673e+00 2.84739756089084e+00 2.98901341158064e-05
4.05000000000000e-01 2.87519052908307e+00 2.87521481165829e+00 2.42825752216902e-05
4.10000000000000e-01 2.90054632368731e+00 2.90056584784471e+00 1.95241574050264e-05
4.15000000000000e-01 2.92328476776666e+00 2.92330055990464e+00 1.57921379750903e-05
4.20000000000000e-01 2.94327112084446e+00 2.94328424439572e+00 1.31235512648153e-05
4.25000000000000e-01 2.96038700690977e+00 2.96039843312221e+00 1.14262124375486e-05
4.30000000000000e-01 2.97453111890777e+00 2.97454162236171e+00 1.05034539457094e-05
4.35000000000000e-01 2.98561980902522e+00 2.98562989767982e+00 1.00886546059442e-05
4.40000000000000e-01 2.99358756556507e+00 2.99359745048043e+00 9.88491536713099e-06
4.45000000000000e-01 2.99838737804555e+00 2.99839698310739e+00 9.60506184810583e-06
4.50000000000000e-01 2.99999099251695e+00 3.00000000000000e+00 9.00748304921706e-06
4.55000000000000e-01 2.99838905903122e+00 2.99839698310739e+00 7.92407617833391e-06
4.60000000000000e-01 2.99359117282567e+00 2.99359745048043e+00 6.27765476668429e-06
4.65000000000000e-01 2.98562581021514e+00 2.98562989767982e+00 4.08746468494314e-06
4.70000000000000e-01 2.97454015955820e+00 2.97454162236171e+00 1.46280351209782e-06
4.75000000000000e-01 2.96039984710260e+00 2.96039843312221e+00 1.41398039632534e-06
4.80000000000000e-01 2.94328855713919e+00 2.94328424439572e+00 4.31274346324173e-06
4.85000000000000e-01 2.92330754579617e+00 2.92330055990464e+00 6.98589153147466e-06
4.90000000000000e-01 2.90057504805044e+00 2.90056584784471e+00 9.20020572481306e-06
4.95000000000000e-01 2.87522557814770e+00 2.87521481165829e+00 1.07664894013482e-05
5.00000000000000e-01 2.84740912459951e+00 2.84739756089084e+00 1.15637086657294e-05
5.05000000000000e-01 2.81729024221651e+00 2.81727868724248e+00 1.15549740300480e-05
5.10000000000000e-01 2.78504704516472e+00 2.78503625151058e+00 1.07936541406950e-05
5.15000000000000e-01 2.75087010669102e+00 2.75086068766886e+00 9.41902215823021e-06
5.20000000000000e-01 2.71496127283447e+00 2.71495363083915e+00 7.64199532543586e-06
5.25000000000000e-01 2.67753239899692e+00 2.67752667638138e+00 5.72261553521969e-06
5.30000000000000e-01 2.63880401957113e+00 2.63880007775179e+00 3.94181933849325e-06
5.35000000000000e-01 2.59900396182044e+00 2.59900139115685e+00 2.57066359221625e-06
5.40000000000000e-01 2.55836591580096e+00 2.55836407535859e+00 1.84044237316883e-06
5.45000000000000e-01 2.51712797228514e+00 2.51712605526309e+00 1.91702205132316e-06
5.50000000000000e-01 2.47553114039437e+00 2.47552825814758e+00 2.88224679367843e-06
5.55000000000000e-01 2.43381785602664e+00 2.43381313154985e+00 4.72447679467081e-06
5.60000000000000e-01 2.39223049126070e+00 2.39222315195700e+00 7.33930370788727e-06
5.65000000000000e-01 2.35100987384145e+00 2.35099933348698e+00 1.05403544745641e-05
5.70000000000000e-01 2.31039382472857e+00 2.31037974575665e+00 1.40789719185186e-05
5.75000000000000e-01 2.27061572064845e+00 2.27059805007310e+00 1.76705753505146e-05
5.80000000000000e-01 2.23190308773983e+00 2.23188206297222e+00 2.10247676077913e-05
5.85000000000000e-01 2.19447623181074e+00 2.19445235595975e+00 2.38758509909509e-05
5.90000000000000e-01 2.15854691047653e+00 2.15852090008677e+00 2.60103897544717e-05
5.95000000000000e-01 2.12431705252894e+00 2.12428976371522e+00 2.72888137238247e-05
6.00000000000000e-01 2.09197753025594e+00 2.09194987150091e+00 2.76587550285257e-05
6.05000000000000e-01 2.06170699101059e+00 2.06167983224433e+00 2.71587662563633e-05
6.10000000000000e-01 2.03367075500583e+00 2.03364484283446e+00 2.59121713694910e-05
6.15000000000000e-01 2.00801978696304e+00 2.00799567504205e+00 2.41119209927199e-05
6.20000000000000e-01 1.98488974973691e+00 1.98486775140779e+00 2.19983291220860e-05
6.25000000000000e-01 1.96440014826286e+00 1.96438031592140e+00 1.98323414548618e-05
6.30000000000000e-01 1.94665357204059e+00 1.94663570460343e+00 1.78674371542620e-05
6.35000000000000e-01 1.93173504383082e+00 1.93171872048530e+00 1.63233455283684e-05
6.40000000000000e-01 1.91971148130353e+00 1.91969611683971e+00 1.53644638223316e-05
6.45000000000000e-01 1.91063127707907e+00 1.91061619184595e+00 1.50852331253226e-05
6.50000000000000e-01 1.90452400103740e+00 1.90450849718747e+00 1.55038499289883e-05
6.55000000000000e-01 1.90140022705014e+00 1.90138366237698e+00 1.65646731562497e-05
6.60000000000000e-01 1.90125148454854e+00 1.90123333589028e+00 1.81486582655488e-05
6.65000000000000e-01 1.90405033370798e+00 1.90403024347033e+00 2.00902376554790e-05
6.70000000000000e-01 1.90975056161855e+00 1.90972836324032e+00 2.21983782346946e-05
6.75000000000000e-01 1.91828749570439e+00 1.91826321654437e+00 2.42791600164605e-05
6.80000000000000e-01 1.92957842989175e+00 1.92955227272105e+00 2.61571707074193e-05
6.85000000000000e-01 1.94352315860496e+00 1.94349546531226e+00 2.76932927039120e-05
6.90000000000000e-01 1.96000461354566e+00 1.95997581652323e+00 2.87970224261969e-05
6.95000000000000e-01 1.97888959830573e+00 1.97886016608158e+00 2.94322241478628e-05
7.00000000000000e-01 2.00002961607775e+00 2.00000000000000e+00 2.96160777515375e-05
7.05000000000000e-01 2.02326178595135e+00 2.02323237413106e+00 2.94118202832649e-05
7.10000000000000e-01 2.04840984341933e+00 2.04838092681811e+00 2.89166012263919e-05
7.15000000000000e-01 2.07528522068420e+00 2.07525697439691e+00 2.82462872882583e-05
7.20000000000000e-01 2.10368820210323e+00 2.10366068279205e+00 2.75193111813898e-05
7.25000000000000e-01 2.13340914962468e+00 2.13338230798255e+00 2.68416421316253e-05
7.30000000000000e-01 2.16422979236786e+00 2.16420349768687e+00 2.62946809899134e-05
7.35000000000000e-01 2.19592457363879e+00 2.19589864623990e+00 2.59273988896247e-05
7.40000000000000e-01 2.22826204772364e+00 2.22823629430637e+00 2.57534172627416e-05
7.45000000000000e-01 2.26100631785287e+00 2.26098056479902e+00 2.57530538498862e-05
7.50000000000000e-01 2.29391850586765e+00 2.29389262614624e+00 2.58797214134354e-05
7.55000000000000e-01 2.32675824342596e+00 2.32673217388556e+00 2.60695403961897e-05
7.60000000000000e-01 2.35928517412023e+00 2.35925892144618e+00 2.62526740479885e-05
7.65000000000000e-01 2.39126045567707e+00 2.39123409092702e+00 2.63647500489128e-05
7.70000000000000e-01 2.42244825148074e+00 2.42242189467697e+00 2.63568037630613e-05
7.75000000000000e-01 2.45261720098735e+00 2.45259099854052e+00 2.62024468287159e-05
7.80000000000000e-01 2.48154185913270e+00 2.48151595774496e+00 2.59013877421665e-05
7.85000000000000e-01 2.50900409552347e+00 2.50897861657418e+00 2.54789492935004e-05
7.90000000000000e-01 2.53479444496926e+00 2.53476946319709e+00 2.49817721651446e-05
7.95000000000000e-01 2.55871340169088e+00 2.55868893129538e+00 2.44703955045722e-05
8.00000000000000e-01 2.58057265026538e+00 2.58054864046305e+00 2.40098023316371e-05
8.05000000000000e-01 2.60019622699191e+00 2.60017256772797e+00 2.36592639333288e-05
8.10000000000000e-01 2.61742160585699e+00 2.61739814297001e+00 2.34628869777431e-05
8.15000000000000e-01 2.63210070363546e+00 2.63207726147960e+00 2.34421558582554e-05
8.20000000000000e-01 2.64410079890153e+00 2.64407720741157e+00 2.35914899535672e-05
8.25000000000000e-01 2.65330535987646e+00 2.65328148243819e+00 2.38774382692597e-05
8.30000000000000e-01 2.65961477615459e+00 2.65959053448992e+00 2.42416646765165e-05
8.35000000000000e-01 2.66294698948235e+00 2.66292238208847e+00 2.46073938852120e-05
8.40000000000000e-01 2.66323801897129e+00 2.66321313042021e+00 2.48885510774066e-05
8.45000000000000e-01 2.66044237645346e+00 2.66041737596564e+00 2.50004878230570e-05
8.50000000000000e-01 2.65453336817074e+00 2.65450849718747e+00 2.48709832653127e-05
8.55000000000000e-01 2.64550327964660e+00 2.64547882948272e+00 2.44501638815287e-05
8.60000000000000e-01 2.63336344141831e+00 2.63333972331718e+00 2.37181011213394e-05
8.65000000000000e-01 2.61814417428988e+00 2.61812148518153e+00 2.26891083561220e-05
8.70000000000000e-01 2.59989461386500e+00 2.59987320173000e+00 2.14121349948471e-05
8.75000000000000e-01 2.57868241528643e+00 2.57866244818360e+00 1.99671028333626e-05
8.80000000000000e-01 2.55459334028915e+00 2.55457488279246e+00 1.84574966959339e-05
8.85000000000000e-01 2.52773072981112e+00 2.52771372985530e+00 1.69999558208289e-05
8.90000000000000e-01 2.49821486644687e+00 2.49819915448034e+00 1.57119665300520e-05
8.95000000000000e-01 2.46618223193090e+00 2.46616753293972e+00 1.46989911788964e-05
9.00000000000000e-01 2.43178466557127e+00 2.43177062311339e+00 1.40424578827236e-05
9.05000000000000e-01 2.39518843010332e+00 2.39517464013388e+00 1.37899694370169e-05
9.10000000000000e-01 2.35657319180314e+00 2.35655924292839e+00 1.39488747508132e-05
9.15000000000000e-01 2.31613092190655e+00 2.31611643790350e+00 1.44840030484872e-05
9.20000000000000e-01 2.27406472645543e+00 2.27404940652903e+00 1.53199263972503e-05
9.25000000000000e-01 2.23058761168026e+00 2.23057126404647e+00 1.63476337893265e-05
9.30000000000000e-01 2.18592119197307e+00 2.18590375695213e+00 1.74350209376506e-05
9.35000000000000e-01 2.14029434745716e+00 2.14027590728277e+00 1.84401743825724e-05
9.40000000000000e-01 2.09394183816191e+00 2.09392261205918e+00 1.92261027329721e-05
9.45000000000000e-01 2.04710288189731e+00 2.04708320651983e+00 1.96753774774905e-05
9.50000000000000e-01 2.00001970311404e+00 2.00000000000000e+00 1.97031140394266e-05
9.55000000000000e-01 1.95293606033834e+00 1.95291679348017e+00 1.92668581693312e-05
9.60000000000000e-01 1.90609576017339e+00 1.90607738794082e+00 1.83722325710622e-05
9.65000000000000e-01 1.85974116633598e+00 1.85972409271723e+00 1.70736187476983e-05
9.70000000000000e-01 1.81411171270619e+00 1.81409624304787e+00 1.54696583194447e-05
9.75000000000000e-01 1.76944242985975e+00 1.76942873595353e+00 1.36939062167496e-05
9.80000000000000e-01 1.72596249496906e+00 1.72595059347097e+00 1.19014980908272e-05
9.85000000000000e-01 1.68389381524678e+00 1.68388356209650e+00 1.02531502763625e-05
9.90000000000000e-01 1.64344965521175e+00 1.64344075707161e+00 8.89814013627088e-06
9.95000000000000e-01 1.60483331794518e+00 1.60482535986612e+00 7.95807906395218e-06
1.00000000000000e+00 1.56823689015151e+00 1.56822937688661e+00 7.51326489645265e-06
1.00500000000000e+00 1.53384006023993e+00 1.53383246706028e+00 7.59317965459694e-06
1.01000000000000e+00 1.50180901781829e+00 1.50180084551966e+00 8.17229862737356e-06
1.01500000000000e+00 1.47229544197711e+00 1.47228627014470e+00 9.17183241511133e-06
1.02000000000000e+00 1.44543558459611e+00 1.44542511720755e+00 1.04673885656936e-05
1.02500000000000e+00 1.42134945369521e+00 1.42133755181640e+00 1.19018788065084e-05
1.03000000000000e+00 1.40014010065449e+00 1.40012679827000e+00 1.33023844939295e-05
1.03500000000000e+00 1.38189301401572e+00 1.38187851481848e+00 1.44991972401698e-05
1.04000000000000e+00 1.36667562161940e+00 1.36666027668282e+00 1.53449365820624e-05
1.04500000000000e+00 1.35453690207389e+00 1.35452117051728e+00 1.57315566098326e-05
1.05000000000000e+00 1.34550710602478e+00 1.34549150281253e+00 1.56032122538008e-05
1.05500000000000e+00 1.33959758739234e+00 1.33958262403436e+00 1.49633579766828e-05
1.06000000000000e+00 1.33680074464436e+00 1.33678686957979e+00 1.38750645699570e-05
1.06500000000000e+00 1.33709007221367e+00 1.33707761791153e+00 1.24543021335910e-05
1.07000000000000e+00 1.34042032227871e+00 1.34040946551008e+00 1.08567686294414e-05
1.07500000000000e+00 1.34672777720731e+00 1.34671851756181e+00 9.25964549791658e-06
1.08000000000000e+00 1.35593063292487e+00 1.35592279258843e+00 7.84033644407600e-06
1.08500000000000e+00 1.36792949322160e+00 1.36792273852040e+00 6.75470119992916e-06
1.09000000000000e+00 1.38260797449216e+00 1.38260185702999e+00 6.11746216838682e-06
1.09500000000000e+00 1.39983341957202e+00 1.39982743227203e+00 5.98729999579106e-06
1.10000000000000e+00 1.41945771820080e+00 1.41945135953695e+00 6.35866385012562e-06
1.10500000000000e+00 1.44131823025180e+00 1.44131106870462e+00 7.16154717506079e-06
1.11000000000000e+00 1.46523880630567e+00 1.46523053680291e+00 8.26950276633376e-06
1.11500000000000e+00 1.49103089853525e+00 1.49102138342582e+00 9.51510942814870e-06
1.12000000000000e+00 1.51849475334730e+00 1.51848404225504e+00 1.07110922633602e-05
1.12500000000000e+00 1.54742067593947e+00 1.54740900145948e+00 1.16744799889545e-05
1.13000000000000e+00 1.57759035600040e+00 1.57757810532303e+00 1.22506773694298e-05
1.13500000000000e+00 1.60877824330068e+00 1.60876590907298e+00 1.23342276976413e-05
1.14000000000000e+00 1.64075296192847e+00 1.64074107855382e+00 1.18833746498570e-05
1.14500000000000e+00 1.67327875239719e+00 1.67326782611444e+00 1.09262827496792e-05
1.15000000000000e+00 1.70611693170941e+00 1.70610737385376e+00 9.55785564915601e-06
1.15500000000000e+00 1.73902736256579e+00 1.73901943520098e+00 7.92736480459411e-06
1.16000000000000e+00 1.77176992408805e+00 1.77176370569363e+00 6.21839442649375e-06
1.16500000000000e+00 1.80410597749584e+00 1.80410135376010e+00 4.62373573606456e-06
1.17000000000000e+00 1.83579982096680e+00 1.83579650231313e+00 3.31865367142470e-06
1.17500000000000e+00 1.86662012829068e+00 1.86661769201745e+00 2.43627322227269e-06
1.18000000000000e+00 1.89634136583214e+00 1.89633931720795e+00 2.04862419406204e-06
1.18500000000000e+00 1.92474518175676e+00 1.92474302560309e+00 2.15615367693545e-06
1.19000000000000e+00 1.95162176053589e+00 1.95161907318189e+00 2.68735400088538e-06
1.19500000000000e+00 1.97677113458782e+00 1.97676762586894e+00 3.50871888143978e-06
1.20000000000000e+00 2.00000444373618e+00 2.00000000000000e+00 4.44373617747296e-06
1.20500000000000e+00 2.02114513219414e+00 2.02113983391842e+00 5.29827572126607e-06
1.21000000000000e+00 2.04003007221665e+00 2.04002418347677e+00 5.88873988460747e-06
1.21500000000000e+00 2.05651060356087e+00 2.05650453468774e+00 6.06887313159277e-06
1.22000000000000e+00 2.07045347853669e+00 2.07044772727895e+00 5.75125773227825e-06
1.22500000000000e+00 2.08174170370813e+00 2.08173678345563e+00 4.92025250276029e-06
1.23000000000000e+00 2.09027527112296e+00 2.09027163675968e+00 3.63436328010280e-06
1.23500000000000e+00 2.09597177412378e+00 2.09596975652967e+00 2.01759410378699e-06
1.24000000000000e+00 2.09876690509562e+00 2.09876666410972e+00 2.40985893906753e-07
1.24500000000000e+00 2.09861483467737e+00 2.09861633762302e+00 1.50294564660314e-06
1.25000000000000e+00 2.09548847376844e+00 2.09549150281253e+00 3.02904408355786e-06
1.25500000000000e+00 2.08937962091265e+00 2.08938380815405e+00 4.18724140649473e-06
1.26000000000000e+00 2.08029899823471e+00 2.08030388316029e+00 4.88492557382258e-06
1.26500000000000e+00 2.06827617904074e+00 2.06828127951470e+00 5.10047396762303e-06
1.27000000000000e+00 2.05335940957478e+00 2.05336429539657e+00 4.88582179025698e-06
1.27500000000000e+00 2.03561532644588e+00 2.03561968407860e+00 4.35763271511291e-06
1.28000000000000e+00 2.01512857016123e+00 2.01513224859221e+00 3.67843098381115e-06
1.28500000000000e+00 1.99200129430411e+00 1.99200432495795e+00 3.03065383944201e-06
1.29000000000000e+00 1.96635256943926e+00 1.96635515716554e+00 2.58772627703685e-06
1.29500000000000e+00 1.93831768100335e+00 1.93832016775567e+00 2.48675231961926e-06
1.30000000000000e+00 1.90804732133256e+00 1.90805012849909e+00 2.80716653100477e-06
1.30500000000000e+00 1.87570667755669e+00 1.87571023628478e+00 3.55872809554292e-06
1.31000000000000e+00 1.84147441919219e+00 1.84147909991323e+00 4.68072103299022e-06
1.31500000000000e+00 1.80554159164111e+00 1.80554764404025e+00 6.05239914008848e-06
1.32000000000000e+00 1.76811042413835e+00 1.76811793702778e+00 7.51288943523498e-06
1.32500000000000e+00 1.72939306267584e+00 1.72940194992690e+00 8.88725106396038e-06
1.33000000000000e+00 1.68961023981207e+00 1.68962025424335e+00 1.00144312786821e-05
1.33500000000000e+00 1.64898989389243e+00 1.64900066651302e+00 1.07726205853531e-05
1.34000000000000e+00 1.60776575003057e+00 1.60777684804300e+00 1.10980124330418e-05
1.34500000000000e+00 1.56617587433272e+00 1.56618686845015e+00 1.09941174346595e-05
1.35000000000000e+00 1.52446121149347e+00 1.52447174185242e+00 1.05303589477135e-05
1.35500000000000e+00 1.48286411432725e+00 1.48287394473691e+00 9.83040966517912e-06
1.36000000000000e+00 1.44162687231291e+00 1.44163592464141e+00 9.05232850456628e-06
1.36500000000000e+00 1.40099024507407e+00 1.40099860884315e+00 8.36376908086578e-06
1.37000000000000e+00 1.36119200606700e+00 1.36119992224821e+00 7.91618120921100e-06
1.37500000000000e+00 1.32246550167648e+00 1.32247332361862e+00 7.82194213977405e-06
1.38000000000000e+00 1.28503823139203e+00 1.28504636916085e+00 8.13776881747330e-06
1.38500000000000e+00 1.24913045562862e+00 1.24913931233114e+00 8.85670251760118e-06
1.39000000000000e+00 1.21495383887739e+00 1.21496374848942e+00 9.90961203206631e-06
1.39500000000000e+00 1.18271013700957e+00 1.18272131275752e+00 1.11757479512864e-05
1.40000000000000e+00 1.15258993850222e+00 1.15260243910916e+00 1.25006069398026e-05
1.40500000000000e+00 1.12477146994036e+00 1.12478518834171e+00 1.37184013424552e-05
1.41000000000000e+00 1.09941947626788e+00 1.09943415215529e+00 1.46758874106645e-05
1.41500000000000e+00 1.07668418586580e+00 1.07669944009536e+00 1.52542295643876e-05
1.42000000000000e+00 1.05670036965716e+00 1.05671575560428e+00 1.53859471154760e-05
1.42500000000000e+00 1.03958650214935e+00 1.03960156687779e+00 1.50647284393735e-05
1.43000000000000e+00 1.02544403074756e+00 1.02545837763829e+00 1.43468907283228e-05
1.43500000000000e+00 1.01435675794545e+00 1.01437010232018e+00 1.33443747232231e-05
1.44000000000000e+00 1.00639033926530e+00 1.00640254951957e+00 1.22102542645663e-05
1.44500000000000e+00 1.00159189821101e+00 1.00160301689261e+00 1.11186815932030e-05
1.45000000000000e+00 9.99989758122920e-01 1.00000000000000e+00 1.02418770797641e-05
1.45500000000000e+00 1.00159328975845e+00 1.00160301689261e+00 9.72713415592352e-06
1.46000000000000e+00 1.00639287270854e+00 1.00640254951957e+00 9.67681102981288e-06
1.46500000000000e+00 1.01435996839656e+00 1.01437010232018e+00 1.01339236195930e-05
1.47000000000000e+00 1.02544730235919e+00 1.02545837763829e+00 1.10752791009361e-05
1.47500000000000e+00 1.03958915370669e+00 1.03960156687779e+00 1.24131711034536e-05
1.48000000000000e+00 1.05670175000715e+00 1.05671575560428e+00 1.40055971225017e-05
1.48500000000000e+00 1.07668376621831e+00 1.07669944009536e+00 1.56738770558107e-05
1.49000000000000e+00 1.09941692657897e+00 1.09943415215529e+00 1.72255763217777e-05
1.49500000000000e+00 1.12476670845108e+00 1.12478518834171e+00 1.84798906279759e-05
1.50000000000000e+00 1.15258314687440e+00 1.15260243910916e+00 1.92922347532765e-05
1.50500000000000e+00 1.18270173799396e+00 1.18272131275752e+00 1.95747635602928e-05
1.51000000000000e+00 1.21494443852569e+00 1.21496374848942e+00 1.93099637311178e-05
1.51500000000000e+00 1.24912075707091e+00 1.24913931233114e+00 1.85552602363082e-05
1.52000000000000e+00 1.28502893146218e+00 1.28504636916085e+00 1.74376986745717e-05
1.52500000000000e+00 1.32245718455680e+00 1.32247332361862e+00 1.61390618178547e-05
1.53000000000000e+00 1.36118504915899e+00 1.36119992224821e+00 1.48730892259863e-05
1.53500000000000e+00 1.40098475122994e+00 1.40099860884315e+00 1.38576132073798e-05
1.54000000000000e+00 1.44162263940880e+00 1.44163592464141e+00 1.32852326162336e-05
1.54500000000000e+00 1.48286064825016e+00 1.48287394473691e+00 1.32964867560759e-05
1.55000000000000e+00 1.52445778256032e+00 1.52447174185242e+00 1.39592920977982e-05
1.55500000000000e+00 1.56617161078263e+00 1.56618686845015e+00 1.52576675218619e-05
1.56000000000000e+00 1.60775975646158e+00 1.60777684804300e+00 1.70915814223793e-05
1.56500000000000e+00 1.64898137825279e+00 1.64900066651302e+00 1.92882602274569e-05
1.57000000000000e+00 1.68959863053529e+00 1.68962025424335e+00 2.16237080574722e-05
1.57500000000000e+00 1.72937809819748e+00 1.72940194992690e+00 2.38517294226526e-05
1.58000000000000e+00 1.76809220039118e+00 1.76811793702778e+00 2.57366366043232e-05
1.58500000000000e+00 1.80552055880995e+00 1.80554764404025e+00 2.70852303030367e-05
1.59000000000000e+00 1.84145132625019e+00 1.84147909991323e+00 2.77736630349690e-05
1.59500000000000e+00 1.87568247084922e+00 1.87571023628478e+00 2.77654355651524e-05
1.60000000000000e+00 1.90802301054661e+00 1.90805012849909e+00 2.71179524844456e-05
1.60500000000000e+00 1.93829419114710e+00 1.93832016775567e+00 2.59766085657365e-05
1.61000000000000e+00 1.96633060009209e+00 1.96635515716554e+00 2.45570734493938e-05
1.61500000000000e+00 1.99198120691025e+00 1.99200432495795e+00 2.31180476990556e-05
1.62000000000000e+00 2.01511032053918e+00 2.01513224859221e+00 2.19280530369126e-05
1.62500000000000e+00 2.03559845346210e+00 2.03561968407860e+00 2.12306164968368e-05
1.63000000000000e+00 2.05334308298791e+00 2.05336429539657e+00 2.12124086607091e-05
1.63500000000000e+00 2.06825930103218e+00 2.06828127951470e+00 2.19784825228331e-05
1.64000000000000e+00 2.08028034535941e+00 2.08030388316029e+00 2.35378008746068e-05
1.64500000000000e+00 2.08935800727686e+00 2.08938380815405e+00 2.58008771880647e-05
1.65000000000000e+00 2.09546291303227e+00 2.09549150281253e+00 2.85897802601021e-05
1.65500000000000e+00 2.09858467844492e+00 2.09861633762302e+00 3.16591781031050e-05
1.66000000000000e+00 2.09873193838326e+00 2.09876666410972e+00 3.47257264667888e-05
1.66500000000000e+00 2.09593225441974e+00 2.09596975652967e+00 3.75021099299211e-05
1.67000000000000e+00 2.09023190522787e+00 2.09027163675968e+00 3.97315318156899e-05
1.67500000000000e+00 2.08169556498631e+00 2.08173678345563e+00 4.12184693159290e-05
1.68000000000000e+00 2.07040587523943e+00 2.07044772727895e+00 4.18520395277788e-05
1.68500000000000e+00 2.05646291541067e+00 2.05650453468774e+00 4.16192770740231e-05
1.69000000000000e+00 2.03998357660346e+00 2.04002418347677e+00 4.06068733118659e-05
1.69500000000000e+00 2.02110084260693e+00 2.02113983391842e+00 3.89913114897666e-05
1.70000000000000e+00 1.99996298131569e+00 2.00000000000000e+00 3.70186843121623e-05
1.70500000000000e+00 1.97673264922413e+00 1.97676762586893e+00 3.49766448048960e-05
1.71000000000000e+00 1.95158591138943e+00 1.95161907318189e+00 3.31617924618222e-05
1.71500000000000e+00 1.92471117935428e+00 1.92474302560309e+00 3.18462488078097e-05
1.72000000000000e+00 1.89630807001332e+00 1.89633931720795e+00 3.12471946284365e-05
1.72500000000000e+00 1.86658618928018e+00 1.86661769201745e+00 3.15027372717047e-05
1.73000000000000e+00 1.83576384560252e+00 1.83579650231313e+00 3.26567106108122e-05
1.73500000000000e+00 1.80406669978262e+00 1.80410135376010e+00 3.46539774791488e-05
1.74000000000000e+00 1.77172635906831e+00 1.77176370569363e+00 3.73466253207333e-05
1.74500000000000e+00 1.73897892494868e+00 1.73901943520098e+00 4.05102522964551e-05
1.75000000000000e+00 1.70606350539311e+00 1.70610737385376e+00 4.38684606511863e-05
1.75500000000000e+00 1.67322070329516e+00 1.67326782611444e+00 4.71228192782114e-05
1.76000000000000e+00 1.64069109354190e+00 1.64074107855382e+00 4.99850119226597e-05
1.76500000000000e+00 1.60871370137173e+00 1.60876590907298e+00 5.22077012548028e-05
1.77000000000000e+00 1.57752449450013e+00 1.57757810532303e+00 5.36108228930132e-05
1.77500000000000e+00 1.54735490090963e+00 1.54740900145948e+00 5.41005498537750e-05
1.78000000000000e+00 1.51843036327955e+00 1.51848404225504e+00 5.36789754881362e-05
1.78500000000000e+00 1.49096893986335e+00 1.49102138342582e+00 5.24435624678077e-05
1.79000000000000e+00 1.46517996031178e+00 1.46523053680291e+00 5.05764911298279e-05
1.79500000000000e+00 1.44126274360520e+00 1.44131106870462e+00 4.83250994265383e-05
1.80000000000000e+00 1.41940538400566e+00 1.41945135953695e+00 4.59755312909316e-05
1.80500000000000e+00 1.39978360986486e+00 1.39982743227203e+00 4.38224071637183e-05
1.81000000000000e+00 1.38255971929860e+00 1.38260185702999e+00 4.21377313895022e-05
1.81500000000000e+00 1.36788159620369e+00 1.36792273852040e+00 4.11423167068214e-05
1.82000000000000e+00 1.35588180985656e+00 1.35592279258843e+00 4.09827318632594e-05
1.82500000000000e+00 1.34667680136913e+00 1.34671851756181e+00 4.17161926811183e-05
1.83000000000000e+00 1.34036616053032e+00 1.34040946551008e+00 4.33049797674556e-05
1.83500000000000e+00 1.33703199694824e+00 1.33707761791153e+00 4.56209632888616e-05
1.84000000000000e+00 1.33673840983110e+00 1.33678686957979e+00 4.84597486898330e-05
1.84500000000000e+00 1.33953106109678e+00 1.33958262403436e+00 5.15629375763549e-05
1.85000000000000e+00 1.34543685668101e+00 1.34549150281253e+00 5.46461315136249e-05
1.85500000000000e+00 1.35446374083174e+00 1.35452117051728e+00 5.74296855426759e-05
1.86000000000000e+00 1.36660060777132e+00 1.36666027668282e+00 5.96689114926718e-05
1.86500000000000e+00 1.38181733434349e+00 1.38187851481848e+00 6.11804749892642e-05
1.87000000000000e+00 1.40006493614497e+00 1.40012679827000e+00 6.18621250265683e-05
1.87500000000000e+00 1.42127584821307e+00 1.42133755181640e+00 6.17036033356833e-05
1.88000000000000e+00 1.44536432967718e+00 1.44542511720755e+00 6.07875303608729e-05
1.88500000000000e+00 1.47222698998976e+00 1.47228627014470e+00 5.92801549355038e-05
1.89000000000000e+00 1.50174343255218e+00 1.50180084551967e+00 5.74129674821844e-05
1.89500000000000e+00 1.53377700987214e+00 1.53383246706028e+00 5.54571881390409e-05
1.90000000000000e+00 1.56817568294925e+00 1.56822937688661e+00 5.36939373563250e-05
1.90500000000000e+00 1.60477297648178e+00 1.60482535986612e+00 5.23833843399935e-05
1.91000000000000e+00 1.64338902078173e+00 1.64344075707161e+00 5.17362898833085e-05
1.91500000000000e+00 1.68383167099925e+00 1.68388356209650e+00 5.18910972500120e-05
1.92000000000000e+00 1.72589769436649e+00 1.72595059347097e+00 5.28991044757010e-05
1.92500000000000e+00 1.76937401661042e+00 1.76942873595353e+00 5.47193431117421e-05
1.93000000000000e+00 1.81403901935254e+00 1.81409624304787e+00 5.72236953297889e-05
1.93500000000000e+00 1.85966388108829e+00 1.85972409271723e+00 6.02116289327714e-05
1.94000000000000e+00 1.90601395508909e+00 1.90607738794082e+00 6.34328517299387e-05
1.94500000000000e+00 1.95285017817300e+00 1.95291679348017e+00 6.66153071697817e-05
1.95000000000000e+00 1.99993050464680e+00 2.00000000000000e+00 6.94953532038856e-05
1.95500000000000e+00 2.04701135976929e+00 2.04708320651983e+00 7.18467505360643e-05
1.96000000000000e+00 2.09384910680264e+00 2.09392261205918e+00 7.35052565401517e-05
1.96500000000000e+00 2.14020152113054e+00 2.14027590728277e+00 7.43861522378708e-05
1.97000000000000e+00 2.18582926409639e+00 2.18590375695213e+00 7.44928557367963e-05
1.97500000000000e+00 2.23049734825071e+00 2.23057126404646e+00 7.39157957547754e-05
1.98000000000000e+00 2.27397658471571e+00 2.27404940652903e+00 7.28218133132508e-05
1.98500000000000e+00 2.31604500250269e+00 2.31611643790350e+00 7.14354008120033e-05
1.99000000000000e+00 2.35648922896882e+00 2.35655924292839e+00 7.00139595712912e-05
1.99500000000000e+00 2.39510582026915e+00 2.39517464013388e+00 6.88198647340599e-05
2.00000000000000e+00 2.43170253070322e+00 2.43177062311339e+00 6.80924101730263e-05
2.00500000000000e+00 2.46609951029558e+00 2.46616753293972e+00 6.80226441360787e-05
2.01000000000000e+00 2.49813042076270e+00 2.49819915448034e+00 6.87337176312752e-05
2.01500000000000e+00 2.52764346114868e+00 2.52771372985530e+00 7.02687066218566e-05
2.02000000000000e+00 2.55450229577377e+00 2.55457488279245e+00 7.25870186841782e-05
2.02500000000000e+00 2.57858687862849e+00 2.57866244818359e+00 7.55695551042379e-05
2.03000000000000e+00 2.59979416985497e+00 2.59987320173000e+00 7.90318750327756e-05
2.03500000000000e+00 2.61803874138383e+00 2.61812148518152e+00 8.27437976975709e-05
2.04000000000000e+00 2.63325327005472e+00 2.63333972331718e+00 8.64532624578196e-05
2.04500000000000e+00 2.64538891758233e+00 2.64547882948272e+00 8.99119003889837e-05
2.05000000000000e+00 2.65441559750589e+00 2.65450849718747e+00 9.28996815789951e-05
2.05500000000000e+00 2.66032212978001e+00 2.66041737596564e+00 9.52461856291720e-05
2.06000000000000e+00 2.66311628395352e+00 2.66321313042021e+00 9.68464666963875e-05
2.06500000000000e+00 2.66282471199379e+00 2.66292238208847e+00 9.76700946804243e-05
2.07000000000000e+00 2.65949277180953e+00 2.65959053448992e+00 9.77626803861931e-05
2.07500000000000e+00 2.65318424248171e+00 2.65328148243819e+00 9.72399564824755e-05
2.08000000000000e+00 2.64398093220014e+00 2.64407720741157e+00 9.62752114328502e-05
2.08500000000000e+00 2.63198217998924e+00 2.63207726147960e+00 9.50814903566410e-05
2.09000000000000e+00 2.61730425253812e+00 2.61739814297001e+00 9.38904318878997e-05
2.09500000000000e+00 2.60007963786216e+00 2.60017256772797e+00 9.29298658092215e-05
2.10000000000000e+00 2.58045623812323e+00 2.58054864046305e+00 9.24023398218843e-05
2.10500000000000e+00 2.55859646471608e+00 2.55868893129538e+00 9.24665792965129e-05
2.11000000000000e+00 2.53467623965917e+00 2.53476946319710e+00 9.32235379291768e-05
2.11500000000000e+00 2.50888390836471e+00 2.50897861657418e+00 9.47082094695517e-05
2.12000000000000e+00 2.48141906995136e+00 2.48151595774496e+00 9.68877936045054e-05
2.12500000000000e+00 2.45249133234117e+00 2.45259099854052e+00 9.96661993508674e-05
2.13000000000000e+00 2.42231900039292e+00 2.42242189467697e+00 1.02894284052635e-04
2.13500000000000e+00 2.39112770620879e+00 2.39123409092702e+00 1.06384718230323e-04
2.14000000000000e+00 2.35914899146836e+00 2.35925892144618e+00 1.09929977818446e-04
2.14500000000000e+00 2.32661885215885e+00 2.32673217388556e+00 1.13321726712190e-04
2.15000000000000e+00 2.29377625636717e+00 2.29389262614624e+00 1.16369779068481e-04
2.15500000000000e+00 2.26086164587620e+00 2.26098056479902e+00 1.18918922817457e-04
2.16000000000000e+00 2.22811543217738e+00 2.22823629430637e+00 1.20862128992538e-04
2.16500000000000e+00 2.19577649720016e+00 2.19589864623990e+00 1.22149039737618e-04
2.17000000000000e+00 2.16408070860342e+00 2.16420349768687e+00 1.22789083453423e-04
2.17500000000000e+00 2.13325945891534e+00 2.13338230798255e+00 1.22849067203834e-04
2.18000000000000e+00 2.10353823719368e+00 2.10366068279205e+00 1.22445598375709e-04
2.18500000000000e+00 2.07513524125117e+00 2.07525697439691e+00 1.21733145746816e-04
2.19000000000000e+00 2.04826003789163e+00 2.04838092681811e+00 1.20888926476326e-04
2.19500000000000e+00 2.02311227806263e+00 2.02323237413107e+00 1.20096068439768e-04
2.20000000000000e+00 1.99988047337368e+00 2.00000000000000e+00 1.19526626321420e-04
2.20500000000000e+00 1.97874084006573e+00 1.97886016608158e+00 1.19326015851184e-04
2.21000000000000e+00 1.95985621624704e+00 1.95997581652323e+00 1.19600276195175e-04
2.21500000000000e+00 1.94337505802102e+00 1.94349546531226e+00 1.20407291236857e-04
2.22000000000000e+00 1.92943052000029e+00 1.92955227272105e+00 1.21752720753099e-04
2.22500000000000e+00 1.91813962559735e+00 1.91826321654437e+00 1.23590947018304e-04
2.23000000000000e+00 1.90960253236954e+00 1.90972836324032e+00 1.25830870779220e-04
2.23500000000000e+00 1.90390189753603e+00 1.90403024347033e+00 1.28345934298002e-04
2.24000000000000e+00 1.90110234853800e+00 1.90123333589028e+00 1.30987352271905e-04
2.24500000000000e+00 1.90125006314900e+00 1.90138366237698e+00 1.33599227981174e-04
2.25000000000000e+00 1.90437246313196e+00 1.90450849718747e+00 1.36034055518319e-04
2.25500000000000e+00 1.91047802477090e+00 1.91061619184595e+00 1.38167075046880e-04
2.26000000000000e+00 1.91955620877411e+00 1.91969611683971e+00 1.39908065600824e-04
2.26500000000000e+00 1.93157751106578e+00 1.93171872048530e+00 1.41209419520560e-04
2.27000000000000e+00 1.94649363488122e+00 1.94663570460343e+00 1.42069722211202e-04
2.27500000000000e+00 1.96423778339545e+00 1.96438031592140e+00 1.42532525950090e-04
2.28000000000000e+00 1.98472507089826e+00 1.98486775140779e+00 1.42680509531257e-04
2.28500000000000e+00 2.00785304933600e+00 2.00799567504205e+00 1.42625706053945e-04
2.29000000000000e+00 2.03350234593102e+00 2.03364484283446e+00 1.42496903439593e-04
2.29500000000000e+00 2.06153740661550e+00 2.06167983224433e+00 1.42425628831599e-04
2.30000000000000e+00 2.09180733922215e+00 2.09194987150091e+00 1.42532278761820e-04
2.30500000000000e+00 2.12414684978539e+00 2.12428976371522e+00 1.42913929825905e-04
2.31000000000000e+00 2.15837726492935e+00 2.15852090008677e+00 1.43635157418665e-04
2.31500000000000e+00 2.19430763313759e+00 2.19445235595975e+00 1.44722822160048e-04
2.32000000000000e+00 2.23173589767461e+00 2.23188206297221e+00 1.46165297601808e-04
2.32500000000000e+00 2.27045013400618e+00 2.27059805007310e+00 1.47916066919329e-04
2.33000000000000e+00 2.31022984467430e+00 2.31037974575665e+00 1.49901082353132e-04
2.33500000000000e+00 2.35084730465713e+00 2.35099933348698e+00 1.52028829844220e-04
2.34000000000000e+00 2.39206895022005e+00 2.39222315195699e+00 1.54201736944692e-04
2.34500000000000e+00 2.43365680410217e+00 2.43381313154985e+00 1.56327447679683e-04
2.35000000000000e+00 2.47536992956705e+00 2.47552825814758e+00 1.58328580524447e-04
2.35500000000000e+00 2.51696590539292e+00 2.51712605526309e+00 1.60149870165771e-04
2.36000000000000e+00 2.55820231333483e+00 2.55836407535858e+00 1.61762023752399e-04
2.36500000000000e+00 2.59883822902773e+00 2.59900139115685e+00 1.63162129116490e-04
2.37000000000000e+00 2.63863570680014e+00 2.63880007775179e+00 1.64370951651893e-04
2.37500000000000e+00 2.67736124851317e+00 2.67752667638138e+00 1.65427868208834e-04
2.38000000000000e+00 2.71478724639502e+00 2.71495363083914e+00 1.66384444123757e-04
2.38500000000000e+00 2.75069338994036e+00 2.75086068766886e+00 1.67297728495441e-04
2.39000000000000e+00 2.78486802728922e+00 2.78503625151058e+00 1.68224221363644e-04
2.39500000000000e+00 2.81710947205140e+00 2.81727868724248e+00 1.69215191076155e-04
2.40000000000000e+00 2.84722724723649e+00 2.84739756089084e+00 1.70313654352050e-04
2.40500000000000e+00 2.87504325870302e+00 2.87521481165829e+00 1.71552955273491e-04
2.41000000000000e+00 2.90039289127414e+00 2.90056584784471e+00 1.72956570573035e-04
2.41500000000000e+00 2.92312602131631e+00 2.92330055990463e+00 1.74538588326278e-04
2.42000000000000e+00 2.94310794010989e+00 2.94328424439572e+00 1.76304285835815e-04
2.42500000000000e+00 2.96022018275682e+00 2.96039843312221e+00 1.78250365383548e-04
2.43000000000000e+00 2.97436125770775e+00 2.97454162236171e+00 1.80364653961984e-04
2.43500000000000e+00 2.98544727230831e+00 2.98562989767982e+00 1.82625371516476e-04
2.44000000000000e+00 2.99341245013419e+00 2.99359745048043e+00 1.85000346239139e-04
2.44500000000000e+00 2.99820953637065e+00 2.99839698310739e+00 1.87446736742647e-04
2.45000000000000e+00 2.99981008813961e+00 3.00000000000000e+00 1.89911860393188e-04
2.45500000000000e+00 2.99820464750042e+00 2.99839698310739e+00 1.92335606971739e-04
2.46000000000000e+00 2.99340279582684e+00 2.99359745048044e+00 1.94654653598914e-04
2.46500000000000e+00 2.98543308934238e+00 2.98562989767982e+00 1.96808337444843e-04
2.47000000000000e+00 2.97434287670531e+00 2.97454162236171e+00 1.98745656406984e-04
2.47500000000000e+00 2.96019800059119e+00 2.96039843312221e+00 2.00432531014094e-04
2.48000000000000e+00 2.94308238615153e+00 2.94328424439572e+00 2.01858244192277e-04
2.48500000000000e+00 2.92309751997484e+00 2.92330055990464e+00 2.03039929798976e-04
2.49000000000000e+00 2.90036182371721e+00 2.90056584784471e+00 2.04024127502755e-04
2.49500000000000e+00 2.87500992690823e+00 2.87521481165830e+00 2.04884750068413e-04
2.50000000000000e+00 2.84719184361450e+00 2.84739756089084e+00 2.05717276348771e-04
2.50500000000000e+00 2.81707205771982e+00 2.81727868724248e+00 2.06629522665480e-04
2.51000000000000e+00 2.78482852163459e+00 2.78503625151058e+00 2.07729875985940e-04
2.51500000000000e+00 2.75065157335645e+00 2.75086068766886e+00 2.09114312406111e-04
2.52000000000000e+00 2.71474277703587e+00 2.71495363083915e+00 2.10853803277455e-04
2.52500000000000e+00 2.67731369260048e+00 2.67752667638138e+00 2.12983780906839e-04
2.53000000000000e+00 2.63858458057559e+00 2.63880007775179e+00 2.15497176202728e-04
2.53500000000000e+00 2.59878304899145e+00 2.59900139115685e+00 2.18342165401175e-04
2.54000000000000e+00 2.55814265014286e+00 2.55836407535859e+00 2.21425215725102e-04
2.54500000000000e+00 2.51690143589497e+00 2.51712605526309e+00 2.24619368123236e-04
2.55000000000000e+00 2.47530048112428e+00 2.47552825814758e+00 2.27777023294351e-04
2.55500000000000e+00 2.43358238565689e+00 2.43381313154985e+00 2.30745892964013e-04
2.56000000000000e+00 2.39198976563477e+00 2.39222315195700e+00 2.33386322234796e-04
2.56500000000000e+00 2.35076374554301e+00 2.35099933348698e+00 2.35587943972160e-04
2.57000000000000e+00 2.31014246212740e+00 2.31037974575666e+00 2.37283629259455e-04
2.57500000000000e+00 2.27035959111836e+00 2.27059805007310e+00 2.38458954733289e-04
2.58000000000000e+00 2.23164290708041e+00 2.23188206297222e+00 2.39155891804899e-04
2.58500000000000e+00 2.19421288587985e+00 2.19445235595975e+00 2.39470079903104e-04
2.59000000000000e+00 2.15828135828842e+00 2.15852090008678e+00 2.39541798355614e-04
2.59500000000000e+00 2.12405022220634e+00 2.12428976371522e+00 2.39541508872065e-04
2.60000000000000e+00 2.09171021998968e+00 2.09194987150091e+00 2.39651511234396e-04
2.60500000000000e+00 2.06143978648966e+00 2.06167983224433e+00 2.40045754677176e-04
2.61000000000000e+00 2.03340397272167e+00 2.03364484283446e+00 2.40870112794056e-04
2.61500000000000e+00 2.00775344961771e+00 2.00799567504205e+00 2.42225424335718e-04
2.62000000000000e+00 1.98462359608718e+00 1.98486775140779e+00 2.44155320613171e-04
2.62500000000000e+00 1.96413367558921e+00 1.96438031592140e+00 2.46640332199011e-04
2.63000000000000e+00 1.94638610555155e+00 1.94663570460343e+00 2.49599051878935e-04
2.63500000000000e+00 1.93146582417336e+00 1.93171872048530e+00 2.52896311939921e-04
2.64000000000000e+00 1.91943975933111e+00 1.91969611683971e+00 2.56357508606975e-04
2.64500000000000e+00 1.91035640436889e+00 1.91061619184595e+00 2.59787477055351e-04
2.65000000000000e+00 1.90424550541115e+00 1.90450849718747e+00 2.62991776329047e-04
2.65500000000000e+00 1.90111786442229e+00 1.90138366237698e+00 2.65797954688729e-04
2.66000000000000e+00 1.90096526152060e+00 1.90123333589028e+00 2.68074369680571e-04
2.66500000000000e+00 1.90376049903557e+00 1.90403024347033e+00 2.69744434756358e-04
2.67000000000000e+00 1.90945756852217e+00 1.90972836324032e+00 2.70794718149947e-04
2.67500000000000e+00 1.91799194048562e+00 1.91826321654437e+00 2.71276058748215e-04
2.68000000000000e+00 1.92928097502809e+00 1.92955227272105e+00 2.71297692950867e-04
2.68500000000000e+00 1.94322445011440e+00 1.94349546531226e+00 2.71015197861768e-04
2.69000000000000e+00 1.95970520277690e+00 1.95997581652323e+00 2.70613746328641e-04
2.69500000000000e+00 1.97858987742834e+00 1.97886016608158e+00 2.70288653233530e-04
2.70000000000000e+00 1.99972977458563e+00 2.00000000000000e+00 2.70225414364944e-04
2.70500000000000e+00 2.02296179274713e+00 2.02323237413106e+00 2.70581383932988e-04
2.71000000000000e+00 2.04810945589117e+00 2.04838092681811e+00 2.71470926933581e-04
2.71500000000000e+00 2.07498401902030e+00 2.07525697439691e+00 2.72955376615869e-04
2.72000000000000e+00 2.10338564428376e+00 2.10366068279205e+00 2.75038508292802e-04
2.72500000000000e+00 2.13310464038190e+00 2.13338230798255e+00 2.77667600647291e-04
2.73000000000000e+00 2.16392275810579e+00 2.16420349768687e+00 2.80739581078659e-04
2.73500000000000e+00 2.19561453492892e+00 2.19589864623990e+00 2.84111310980606e-04
2.74000000000000e+00 2.22794868151042e+00 2.22823629430637e+00 2.87612795952352e-04
2.74500000000000e+00 2.26068950278777e+00 2.26098056479902e+00 2.91062011245735e-04
2.75000000000000e+00 2.29359834605813e+00 2.29389262614624e+00 2.94280088103172e-04
2.75500000000000e+00 2.32643506811969e+00 2.32673217388556e+00 2.97105765869610e-04
2.76000000000000e+00 2.35895951322493e+00 2.35925892144618e+00 2.99408221252850e-04
2.76500000000000e+00 2.39093299333737e+00 2.39123409092702e+00 3.01097589645583e-04
2.77000000000000e+00 2.42211976201889e+00 2.42242189467697e+00 3.02132658080545e-04
2.77500000000000e+00 2.45228847321661e+00 2.45259099854052e+00 3.02525323908842e-04
2.78000000000000e+00 2.48121361625536e+00 2.48151595774496e+00 3.02341489593072e-04
2.78500000000000e+00 2.50867691843846e+00 2.50897861657418e+00 3.01698135719342e-04
2.79000000000000e+00 2.53446870677647e+00 2.53476946319709e+00 3.00756420622772e-04
2.79500000000000e+00 2.55838922045935e+00 2.55868893129538e+00 2.99710836029643e-04
2.80000000000000e+00 2.58024986574032e+00 2.58054864046305e+00 2.98774722725881e-04
2.80500000000000e+00 2.59987440491232e+00 2.60017256772797e+00 2.98162815657310e-04
2.81000000000000e+00 2.61710007106164e+00 2.61739814297001e+00 2.98071908365394e-04
2.81500000000000e+00 2.63177860033679e+00 2.63207726147960e+00 2.98661142808410e-04
2.82000000000000e+00 2.64377717364750e+00 2.64407720741157e+00 3.00033764073504e-04
2.82500000000000e+00 2.65297926008708e+00 2.65328148243819e+00 3.02222351109993e-04
2.83000000000000e+00 2.65928535501124e+00 2.65959053448992e+00 3.05179478679474e-04
2.83500000000000e+00 2.66261360664335e+00 2.66292238208847e+00 3.08775445117426e-04
2.84000000000000e+00 2.66290032630227e+00 2.66321313042021e+00 3.12804117941212e-04
2.84500000000000e+00 2.66010037881626e+00 2.66041737596564e+00 3.16997149375275e-04
2.85000000000000e+00 2.65418745130718e+00 2.65450849718747e+00 3.21045880291582e-04
2.85500000000000e+00 2.64515420018660e+00 2.64547882948272e+00 3.24629296120982e-04
2.86000000000000e+00 2.63301227777118e+00 2.63333972331719e+00 3.27445546003169e-04
2.86500000000000e+00 2.61779224127592e+00 2.61812148518152e+00 3.29243905602183e-04
2.87000000000000e+00 2.59954334797769e+00 2.59987320173000e+00 3.29853752318421e-04
2.87500000000000e+00 2.57833324099532e+00 2.57866244818360e+00 3.29207188279224e-04
2.88000000000000e+00 2.55424753038469e+00 2.55457488279246e+00 3.27352407763826e-04
2.88500000000000e+00 2.52738927412559e+00 2.52771372985530e+00 3.24455729714401e-04
2.89000000000000e+00 2.49787836315468e+00 2.49819915448034e+00 3.20791325658654e-04
2.89500000000000e+00 2.46585081398162e+00 2.46616753293972e+00 3.16718958104367e-04
2.90000000000000e+00 2.43145797174531e+00 2.43177062311339e+00 3.12651368083117e-04
2.90500000000000e+00 2.39486562596386e+00 2.39517464013388e+00 3.09014170020827e-04
2.91000000000000e+00 2.35625304083881e+00 2.35655924292839e+00 3.06202089578989e-04
2.91500000000000e+00 2.31581190190434e+00 2.31611643790350e+00 3.04535999164912e-04
2.92000000000000e+00 2.27374518114678e+00 2.27404940652904e+00 3.04225382259382e-04
2.92500000000000e+00 2.23026592349657e+00 2.23057126404647e+00 3.05340549891842e-04
2.93000000000000e+00 2.18559595880619e+00 2.18590375695213e+00 3.07798145941174e-04
2.93500000000000e+00 2.13996454501630e+00 2.14027590728278e+00 3.11362266479875e-04
2.94000000000000e+00 2.09360695007568e+00 2.09392261205918e+00 3.15661983499638e-04
2.94500000000000e+00 2.04676298217650e+00 2.04708320651984e+00 3.20224343332232e-04
2.95000000000000e+00 1.99967547982639e+00 2.00000000000000e+00 3.24520173609066e-04
2.95500000000000e+00 1.95258877501940e+00 1.95291679348017e+00 3.28018460771018e-04
2.96000000000000e+00 1.90574714410867e+00 1.90607738794082e+00 3.30243832156629e-04
2.96500000000000e+00 1.85939326176643e+00 1.85972409271723e+00 3.30830950801664e-04
2.97000000000000e+00 1.81376667351958e+00 1.81409624304787e+00 3.29569528290996e-04
2.97500000000000e+00 1.76910230170655e+00 1.76942873595354e+00 3.26434246983531e-04
2.98000000000000e+00 1.72562899831239e+00 1.72595059347097e+00 3.21595158581323e-04
2.98500000000000e+00 1.68356815607949e+00 1.68388356209651e+00 3.15406017013409e-04
2.99000000000000e+00 1.64313238670869e+00 1.64344075707161e+00 3.08370362922084e-04
2.99500000000000e+00 1.60452427207901e+00 1.60482535986612e+00 3.01087787104359e-04
3.00000000000000e+00 1.56793519149610e+00 1.56822937688661e+00 2.94185390507629e-04
3.00500000000000e+00 1.53354422533532e+00 1.53383246706028e+00 2.88241724957672e-04
3.01000000000000e+00 1.50151713338824e+00 1.50180084551966e+00 2.83712131425862e-04
3.01500000000000e+00 1.47200540503451e+00 1.47228627014470e+00 2.80865110190209e-04
3.02000000000000e+00 1.44514537826494e+00 1.44542511720755e+00 2.79738942603025e-04
3.02500000000000e+00 1.42105742569620e+00 1.42133755181641e+00 2.80126120205004e-04
3.03000000000000e+00 1.39984520802657e+00 1.40012679827000e+00 2.81590243431218e-04
3.03500000000000e+00 1.38159499870968e+00 1.38187851481848e+00 2.83516108796178e-04
3.04000000000000e+00 1.36637508761486e+00 1.36666027668282e+00 2.85189067956937e-04
3.04500000000000e+00 1.35423527557387e+00 1.35452117051728e+00 2.85894943412579e-04
3.05000000000000e+00 1.34520647531269e+00 1.34549150281253e+00 2.85027499835833e-04
3.05500000000000e+00 1.33930043657641e+00 1.33958262403436e+00 2.82187457955274e-04
3.06000000000000e+00 1.33650961352188e+00 1.33678686957979e+00 2.77256057902964e-04
3.06500000000000e+00 1.33680719005642e+00 1.33707761791153e+00 2.70427855115329e-04
3.07000000000000e+00 1.34014727340539e+00 1.34040946551008e+00 2.62192104696357e-04
3.07500000000000e+00 1.34646525791250e+00 1.34671851756181e+00 2.53259649315218e-04
3.08000000000000e+00 1.35567835062216e+00 1.35592279258843e+00 2.44441966263498e-04
3.08500000000000e+00 1.36768623894627e+00 1.36792273852040e+00 2.36499574129301e-04
3.09000000000000e+00 1.38237187068928e+00 1.38260185702999e+00 2.29986340709365e-04
3.09500000000000e+00 1.39960231031526e+00 1.39982743227203e+00 2.25121956764607e-04
3.10000000000000e+00 1.41922963496908e+00 1.41945135953695e+00 2.21724567869508e-04
3.10500000000000e+00 1.44109184110233e+00 1.44131106870462e+00 2.19227602288097e-04
3.11000000000000e+00 1.46501374782782e+00 1.46523053680290e+00 2.16788975084370e-04
3.11500000000000e+00 1.49080790440768e+00 1.49102138342582e+00 2.13479018142060e-04
3.12000000000000e+00 1.51827553218681e+00 1.51848404225504e+00 2.08510068226531e-04
3.12500000000000e+00 1.54720754939535e+00 1.54740900145948e+00 2.01452064132690e-04
3.13000000000000e+00 1.57738573347098e+00 1.57757810532302e+00 1.92371852047568e-04
3.13500000000000e+00 1.60858406437850e+00 1.60876590907298e+00 1.81844694482791e-04
3.14000000000000e+00 1.64057026250505e+00 1.64074107855382e+00 1.70816048768785e-04
3.14500000000000e+00 1.67310749099607e+00 1.67326782611444e+00 1.60335118365440e-04
3.15000000000000e+00 1.70595614633479e+00 1.70610737385376e+00 1.51227518967678e-04
3.15500000000000e+00 1.73887562833871e+00 1.73901943520098e+00 1.43806862267670e-04
3.16000000000000e+00 1.77162597680017e+00 1.77176370569363e+00 1.37728893452760e-04
3.16500000000000e+00 1.80396929515793e+00 1.80410135376010e+00 1.32058602165142e-04
3.17000000000000e+00 1.83567094788641e+00 1.83579650231313e+00 1.25554426717578e-04
3.17500000000000e+00 1.86650059925886e+00 1.86661769201745e+00 1.17092758589843e-04
3.18000000000000e+00 1.89623322729814e+00 1.89633931720795e+00 1.06089909802431e-04
3.18500000000000e+00 1.92465026726882e+00 1.92474302560309e+00 9.27583342629212e-05
3.19000000000000e+00 1.95154099554541e+00 1.95161907318189e+00 7.80776364801561e-05
3.19500000000000e+00 1.97670416345493e+00 1.97676762586893e+00 6.34624140083417e-05
3.20000000000000e+00 1.99994976674074e+00 2.00000000000000e+00 5.02332592651200e-05
3.20500000000000e+00 2.02110074295760e+00 2.02113983391842e+00 3.90909608176671e-05
3.21000000000000e+00 2.03999437436317e+00 2.04002418347677e+00 2.98091135966239e-05
3.21500000000000e+00 2.05648325364039e+00 2.05650453468774e+00 2.12810473523284e-05
3.22000000000000e+00 2.07043581432807e+00 2.07044772727895e+00 1.19129508888705e-05
3.22500000000000e+00 2.08173657280533e+00 2.08173678345563e+00 2.10650295873194e-07
3.23000000000000e+00 2.09028630749211e+00 2.09027163675968e+00 1.46707324253370e-05
3.23500000000000e+00 2.09600237987272e+00 2.09596975652967e+00 3.26233430443246e-05
3.24000000000000e+00 2.09881929634770e+00 2.09876666410972e+00 5.26322379728050e-05
3.24500000000000e+00 2.09868947246983e+00 2.09861633762302e+00 7.31348468141491e-05
3.25000000000000e+00 2.09558405189726e+00 2.09549150281253e+00 9.25490847283328e-05
3.25500000000000e+00 2.08949358999392e+00 2.08938380815405e+00 1.09781839869427e-04
3.26000000000000e+00 2.08042844096342e+00 2.08030388316029e+00 1.24557803127257e-04
3.26500000000000e+00 2.06841876427851e+00 2.06828127951470e+00 1.37484763805595e-04
3.27000000000000e+00 2.05351415608001e+00 2.05336429539657e+00 1.49860683443581e-04
3.27500000000000e+00 2.03578298393528e+00 2.03561968407860e+00 1.63299856684951e-04
3.28000000000000e+00 2.01531154220483e+00 2.01513224859221e+00 1.79293612619258e-04
3.28500000000000e+00 1.99220314797193e+00 1.99200432495795e+00 1.98823013977334e-04
3.29000000000000e+00 1.96657727180048e+00 1.96635515716554e+00 2.22114634935267e-04
3.29500000000000e+00 1.93856875562624e+00 1.93832016775567e+00 2.48587870565142e-04
3.30000000000000e+00 1.90832712388861e+00 1.90805012849909e+00 2.76995389516088e-04
3.30500000000000e+00 1.87601595314565e+00 1.87571023628479e+00 3.05716860869554e-04
3.31000000000000e+00 1.84181223635182e+00 1.84147909991323e+00 3.33136438593673e-04
3.31500000000000e+00 1.80590566433554e+00 1.80554764404025e+00 3.58020295290418e-04
3.32000000000000e+00 1.76849774995583e+00 1.76811793702778e+00 3.79812928044343e-04
3.32500000000000e+00 1.72980073883329e+00 1.72940194992690e+00 3.98788906382563e-04
3.33000000000000e+00 1.69003628106319e+00 1.68962025424335e+00 4.16026819834769e-04
3.33500000000000e+00 1.64943387541725e+00 1.64900066651302e+00 4.33208904224269e-04
3.34000000000000e+00 1.60822913417688e+00 1.60777684804301e+00 4.52286133870050e-04
3.34500000000000e+00 1.56666194550451e+00 1.56618686845015e+00 4.75077054360229e-04
3.35000000000000e+00 1.52497462498305e+00 1.52447174185243e+00 5.02883130621079e-04
3.35500000000000e+00 1.48341014528121e+00 1.48287394473692e+00 5.36200544292598e-04
3.36000000000000e+00 1.44221051330542e+00 1.44163592464142e+00 5.74588664002729e-04
3.36500000000000e+00 1.40161533200820e+00 1.40099860884315e+00 6.16723165058009e-04
3.37000000000000e+00 1.36186054641602e+00 1.36119992224821e+00 6.60624167804658e-04
3.37500000000000e+00 1.32317733864417e+00 1.32247332361862e+00 7.04015025549287e-04
3.38000000000000e+00 1.28579111193109e+00 1.28504636916086e+00 7.44742770235618e-04
3.38500000000000e+00 1.24992049364935e+00 1.24913931233114e+00 7.81181318203483e-04
3.39000000000000e+00 1.21577629291632e+00 1.21496374848942e+00 8.12544426895379e-04
3.39500000000000e+00 1.18356036747936e+00 1.18272131275752e+00 8.39054721836208e-04
3.40000000000000e+00 1.15346438209960e+00 1.15260243910916e+00 8.61942990443954e-04
3.40500000000000e+00 1.12566847065597e+00 1.12478518834171e+00 8.83282314267042e-04
3.41000000000000e+00 1.10033984085159e+00 1.09943415215529e+00 9.05688696296814e-04
3.41500000000000e+00 1.07763137934180e+00 1.07669944009537e+00 9.31939246430424e-04
3.42000000000000e+00 1.05768032395853e+00 1.05671575560428e+00 9.64568354247630e-04
3.42500000000000e+00 1.04060706824099e+00 1.03960156687779e+00 1.00550136319799e-03
3.43000000000000e+00 1.02651415322790e+00 1.02545837763829e+00 1.05577558961079e-03
3.43500000000000e+00 1.01548548510605e+00 1.01437010232018e+00 1.11538278587187e-03
3.44000000000000e+00 1.00758579799118e+00 1.00640254951957e+00 1.18324847161455e-03
3.44500000000000e+00 1.00286036184470e+00 1.00160301689261e+00 1.25734495209606e-03
3.45000000000000e+00 1.00133491873108e+00 1.00000000000000e+00 1.33491873108404e-03
3.45500000000000e+00 1.00301581792412e+00 1.00160301689261e+00 1.41280103151886e-03
3.46000000000000e+00 1.00789031256530e+00 1.00640254951956e+00 1.48776304573905e-03
3.46500000000000e+00 1.01592697771615e+00 1.01437010232018e+00 1.55687539597116e-03
3.47000000000000e+00 1.02707621121991e+00 1.02545837763829e+00 1.61783358162637e-03
3.47500000000000e+00 1.04127078392710e+00 1.03960156687779e+00 1.66921704930623e-03
3.48000000000000e+00 1.05842641350213e+00 1.05671575560427e+00 1.71065789785985e-03
3.48500000000000e+00 1.07844234514738e+00 1.07669944009536e+00 1.74290505201347e-03
3.49000000000000e+00 1.10120193216353e+00 1.09943415215529e+00 1.76778000824207e-03
3.49500000000000e+00 1.12657321845935e+00 1.12478518834171e+00 1.78803011764650e-03
3.50000000000000e+00 1.15440953323524e+00 1.15260243910915e+00 1.80709412608615e-03
3.50500000000000e+00 1.18455011456951e+00 1.18272131275752e+00 1.82880181199074e-03
3.51000000000000e+00 1.21682078316263e+00 1.21496374848942e+00 1.85703467321385e-03
3.51500000000000e+00 1.25103468981705e+00 1.24913931233114e+00 1.89537748590851e-03
3.52000000000000e+00 1.28699316025295e+00 1.28504636916085e+00 1.94679109209472e-03
3.52500000000000e+00 1.32448665861212e+00 1.32247332361861e+00 2.01333499350431e-03
3.53000000000000e+00 1.36329588662998e+00 1.36119992224821e+00 2.09596438176884e-03
3.53500000000000e+00 1.40319302922489e+00 1.40099860884315e+00 2.19442038174700e-03
3.54000000000000e+00 1.44394314954330e+00 1.44163592464141e+00 2.30722490189228e-03
3.54500000000000e+00 1.48530572779350e+00 1.48287394473691e+00 2.43178305659120e-03
3.55000000000000e+00 1.52703632907713e+00 1.52447174185242e+00 2.56458722471042e-03
3.55500000000000e+00 1.56888837652718e+00 1.56618686845015e+00 2.70150807702785e-03
3.56000000000000e+00 1.61061499805675e+00 1.60777684804300e+00 2.83815001375110e-03
3.56500000000000e+00 1.65197090857213e+00 1.64900066651302e+00 2.97024205911711e-03
3.57000000000000e+00 1.69271428519906e+00 1.68962025424335e+00 3.09403095571215e-03
3.57500000000000e+00 1.73260859138763e+00 1.72940194992690e+00 3.20664146073035e-03
3.58000000000000e+00 1.77142430700811e+00 1.76811793702778e+00 3.30636998033307e-03
3.58500000000000e+00 1.80894052582958e+00 1.80554764404025e+00 3.39288178933694e-03
3.59000000000000e+00 1.84494638895814e+00 1.84147909991322e+00 3.46728904491456e-03
3.59500000000000e+00 1.87924233253079e+00 1.87571023628478e+00 3.53209624601125e-03
3.60000000000000e+00 1.91164113961193e+00 1.90805012849909e+00 3.59101111283477e-03
3.60500000000000e+00 1.94196879900838e+00 1.93832016775567e+00 3.64863125271286e-03
3.61000000000000e+00 1.97006518662429e+00 1.96635515716554e+00 3.71002945875065e-03
3.61500000000000e+00 1.99578459691761e+00 1.99200432495795e+00 3.78027195965980e-03
3.62000000000000e+00 2.01899616184493e+00 2.01513224859221e+00 3.86391325272140e-03
3.62500000000000e+00 2.03958420126333e+00 2.03561968407860e+00 3.96451718473578e-03
3.63000000000000e+00 2.05744855109026e+00 2.05336429539657e+00 4.08425569369664e-03
3.63500000000000e+00 2.07250491282713e+00 2.06828127951470e+00 4.22363331242748e-03
3.64000000000000e+00 2.08468525990691e+00 2.08030388316029e+00 4.38137674661743e-03
3.64500000000000e+00 2.09393832280115e+00 2.08938380815405e+00 4.55451464709622e-03
3.65000000000000e+00 2.10023015661043e+00 2.09549150281253e+00 4.73865379790084e-03
3.65500000000000e+00 2.10354477337731e+00 2.09861633762302e+00 4.92843575429536e-03
3.66000000000000e+00 2.10388479875973e+00 2.09876666410972e+00 5.11813465000222e-03
3.66500000000000e+00 2.10127209179559e+00 2.09596975652967e+00 5.30233526591273e-03
3.67000000000000e+00 2.09574825049606e+00 2.09027163675968e+00 5.47661373637975e-03
3.67500000000000e+00 2.08737491813837e+00 2.08173678345563e+00 5.63813468274388e-03
3.68000000000000e+00 2.07623380803829e+00 2.07044772727895e+00 5.78608075933396e-03
3.68500000000000e+00 2.06242637971994e+00 2.05650453468774e+00 5.92184503220139e-03
3.69000000000000e+00 2.04607312644905e+00 2.04002418347677e+00 6.04894297227832e-03
3.69500000000000e+00 2.02731247061594e+00 2.02113983391842e+00 6.17263669752210e-03
3.70000000000000e+00 2.00629930490619e+00 2.00000000000000e+00 6.29930490619035e-03
3.70500000000000e+00 1.98320325743744e+00 1.97676762586894e+00 6.43563156850435e-03
3.71000000000000e+00 1.95820679129542e+00 1.95161907318189e+00 6.58771811352166e-03
3.71500000000000e+00 1.93150326704651e+00 1.92474302560309e+00 6.76024144342469e-03
3.72000000000000e+00 1.90329509670914e+00 1.89633931720795e+00 6.95577950119386e-03
3.72500000000000e+00 1.87379209824934e+00 1.86661769201745e+00 7.17440623188259e-03
3.73000000000000e+00 1.84321012335925e+00 1.83579650231313e+00 7.41362104612131e-03
3.73500000000000e+00 1.81176998373066e+00 1.80410135376010e+00 7.66862997056150e-03
3.74000000000000e+00 1.77969665008555e+00 1.77176370569363e+00 7.93294439192316e-03
3.74500000000000e+00 1.74721865235640e+00 1.73901943520098e+00 8.19921715542016e-03
3.75000000000000e+00 1.71456757608219e+00 1.70610737385376e+00 8.46020222842059e-03
3.75500000000000e+00 1.68197753433860e+00 1.67326782611444e+00 8.70970822415607e-03
3.76000000000000e+00 1.64968449814218e+00 1.64074107855382e+00 8.94341958836264e-03
3.76500000000000e+00 1.61792538970246e+00 1.60876590907298e+00 9.15948062948058e-03
3.77000000000000e+00 1.58693687781164e+00 1.57757810532303e+00 9.35877248860950e-03
3.77500000000000e+00 1.55695385698621e+00 1.54740900145948e+00 9.54485552672413e-03
3.78000000000000e+00 1.52820763511163e+00 1.51848404225504e+00 9.72359285658819e-03
3.78500000000000e+00 1.50092389230231e+00 1.49102138342582e+00 9.90250887648747e-03
3.79000000000000e+00 1.47532050193982e+00 1.46523053680291e+00 1.00899651369100e-02
3.79500000000000e+00 1.45160532077786e+00 1.44131106870462e+00 1.02942520732410e-02
3.80000000000000e+00 1.42997405798256e+00 1.41945135953695e+00 1.05226984456095e-02
3.80500000000000e+00 1.41060832414698e+00 1.39982743227203e+00 1.07808918749550e-02
3.81000000000000e+00 1.39367394311276e+00 1.38260185702999e+00 1.10720860827729e-02
3.81500000000000e+00 1.37931958503014e+00 1.36792273852040e+00 1.13968465097387e-02
3.82000000000000e+00 1.36767575187267e+00 1.35592279258843e+00 1.17529592842471e-02
3.82500000000000e+00 1.35885411971831e+00 1.34671851756181e+00 1.21356021564991e-02
3.83000000000000e+00 1.35294721805455e+00 1.34040946551008e+00 1.25377525444634e-02
3.83500000000000e+00 1.35002840694269e+00 1.33707761791153e+00 1.29507890311573e-02
3.84000000000000e+00 1.35015209906687e+00 1.33678686957979e+00 1.33652294870803e-02
3.84500000000000e+00 1.35335416575693e+00 1.33958262403436e+00 1.37715417225721e-02
3.85000000000000e+00 1.35965246368866e+00 1.34549150281253e+00 1.41609608761346e-02
3.85500000000000e+00 1.36904742140709e+00 1.35452117051728e+00 1.45262508898103e-02
3.86000000000000e+00 1.38152263114143e+00 1.36666027668282e+00 1.48623544586142e-02
3.86500000000000e+00 1.39704540056337e+00 1.38187851481848e+00 1.51668857448923e-02
3.87000000000000e+00 1.41556723021024e+00 1.40012679826999e+00 1.54404319402444e-02
3.87500000000000e+00 1.43702419439431e+00 1.42133755181640e+00 1.56866425779043e-02
3.88000000000000e+00 1.46133721584669e+00 1.44542511720754e+00 1.59120986391486e-02
3.88500000000000e+00 1.48841223655408e+00 1.47228627014469e+00 1.61259664093816e-02
3.89000000000000e+00 1.51814029882960e+00 1.50180084551966e+00 1.63394533099388e-02
3.89500000000000e+00 1.55039756131184e+00 1.53383246706028e+00 1.65650942515632e-02
3.90000000000000e+00 1.58504528406653e+00 1.56822937688661e+00 1.68159071799252e-02
3.90500000000000e+00 1.62192982505988e+00 1.60482535986612e+00 1.71044651937686e-02
3.91000000000000e+00 1.66088269675785e+00 1.64344075707161e+00 1.74419396862333e-02
3.91500000000000e+00 1.70172073623140e+00 1.68388356209650e+00 1.78371741349053e-02
3.92000000000000e+00 1.74424644462393e+00 1.72595059347097e+00 1.82958511529647e-02
3.92500000000000e+00 1.78824855183926e+00 1.76942873595353e+00 1.88198158857238e-02
3.93000000000000e+00 1.83350285950170e+00 1.81409624304787e+00 1.94066164538336e-02
3.93500000000000e+00 1.87977340930981e+00 1.85972409271722e+00 2.00493165925821e-02
3.94000000000000e+00 1.92681401461413e+00 1.90607738794081e+00 2.07366266733111e-02
3.94500000000000e+00 1.97437018029351e+00 1.95291679348016e+00 2.14533868133506e-02
3.95000000000000e+00 2.02218141987901e+00 2.00000000000000e+00 2.21814198790147e-02
3.95500000000000e+00 2.06998395973792e+00 2.04708320651983e+00 2.29007532180896e-02
3.96000000000000e+00 2.11751379865054e+00 2.09392261205918e+00 2.35911865913661e-02
3.96500000000000e+00 2.16451006828832e+00 2.14027590728278e+00 2.42341610055421e-02
3.97000000000000e+00 2.21071861725417e+00 2.18590375695213e+00 2.48148603020337e-02
3.97500000000000e+00 2.25589572005472e+00 2.23057126404647e+00 2.53244560082471e-02
3.98000000000000e+00 2.29981179437795e+00 2.27404940652903e+00 2.57623878489208e-02
3.98500000000000e+00 2.34225499709097e+00 2.31611643790350e+00 2.61385591874714e-02
3.99000000000000e+00 2.38303456301967e+00 2.35655924292839e+00 2.64753200912855e-02
3.99500000000000e+00 2.42198375201840e+00 2.39517464013388e+00 2.68091118845137e-02
4.00000000000000e+00 2.45896227972550e+00 2.43177062311338e+00 2.71916566121129e-02
