variables = x, value-predict, value-true, error
0.00000000000000e+00 2.43163639984891e+00 2.43177062311339e+00 1.34223264482092e-04
5.00000000000000e-03 2.46600993180771e+00 2.46616753293972e+00 1.57601132007024e-04
1.00000000000000e-02 2.49802282472496e+00 2.49819915448034e+00 1.76329755380511e-04
1.50000000000000e-02 2.52752897162712e+00 2.52771372985530e+00 1.84758228178428e-04
2.00000000000000e-02 2.55439381418461e+00 2.55457488279246e+00 1.81068607844725e-04
2.50000000000000e-02 2.57849625905646e+00 2.57866244818360e+00 1.66189127133620e-04
3.00000000000000e-02 2.59973039213115e+00 2.59987320173000e+00 1.42809598851823e-04
3.50000000000000e-02 2.61800695695634e+00 2.61812148518152e+00 1.14528225187982e-04
4.00000000000000e-02 2.63325457328091e+00 2.63333972331718e+00 8.51500362726298e-05
4.50000000000000e-02 2.64542068188738e+00 2.64547882948272e+00 5.81475953396193e-05
5.00000000000000e-02 2.65447221211367e+00 2.65450849718747e+00 3.62850738064857e-05
5.50000000000000e-02 2.66039597802582e+00 2.66041737596564e+00 2.13979398235864e-05
6.00000000000000e-02 2.66319881756751e+00 2.66321313042021e+00 1.43128526999270e-05
6.50000000000000e-02 2.66290749576264e+00 2.66292238208847e+00 1.48863258249143e-05
7.00000000000000e-02 2.65956839791548e+00 2.65959053448992e+00 2.21365744321744e-05
7.50000000000000e-02 2.65324704162786e+00 2.65328148243819e+00 3.44408103294391e-05
8.00000000000000e-02 2.64402743737182e+00 2.64407720741157e+00 4.97700397517065e-05
8.50000000000000e-02 2.63201132649041e+00 2.63207726147960e+00 6.59349891920513e-05
9.00000000000000e-02 2.61731732311860e+00 2.61739814297001e+00 8.08198514095082e-05
9.50000000000000e-02 2.60007998297076e+00 2.60017256772797e+00 9.25847572177396e-05
1.00000000000000e-01 2.58044881760996e+00 2.58054864046305e+00 9.98228530919576e-05
1.05000000000000e-01 2.55858726809324e+00 2.55868893129538e+00 1.01663202134894e-04
1.10000000000000e-01 2.53467164714955e+00 2.53476946319709e+00 9.78160475395562e-05
1.15000000000000e-01 2.50889005462561e+00 2.50897861657418e+00 8.85619485648803e-05
1.20000000000000e-01 2.48144126711294e+00 2.48151595774496e+00 7.46906320148177e-05
1.25000000000000e-01 2.45253359965832e+00 2.45259099854052e+00 5.73988822036853e-05
1.30000000000000e-01 2.42238373540659e+00 2.42242189467697e+00 3.81592703866396e-05
1.35000000000000e-01 2.39121551800384e+00 2.39123409092702e+00 1.85729231754195e-05
1.40000000000000e-01 2.35925870160374e+00 2.35925892144618e+00 2.19842442472640e-07
1.45000000000000e-01 2.32674765431320e+00 2.32673217388556e+00 1.54804276384368e-05
1.50000000000000e-01 2.29392001276700e+00 2.29389262614624e+00 2.73866207667339e-05
1.55000000000000e-01 2.26101528806926e+00 2.26098056479902e+00 3.47232702404554e-05
1.60000000000000e-01 2.22827342637650e+00 2.22823629430637e+00 3.71320701253453e-05
1.65000000000000e-01 2.19593333069139e+00 2.19589864623990e+00 3.46844514873546e-05
1.70000000000000e-01 2.16423135374019e+00 2.16420349768687e+00 2.78560533146788e-05
1.75000000000000e-01 2.13339977487695e+00 2.13338230798255e+00 1.74668944068479e-05
1.80000000000000e-01 2.10366527656333e+00 2.10366068279205e+00 4.59377127226546e-06
1.85000000000000e-01 2.07524743791709e+00 2.07525697439691e+00 9.53647982404604e-06
1.90000000000000e-01 2.04835726395452e+00 2.04838092681811e+00 2.36628635899017e-05
1.95000000000000e-01 2.02319576937295e+00 2.02323237413107e+00 3.66047581130680e-05
2.00000000000000e-01 1.99995263500585e+00 2.00000000000000e+00 4.73649941461485e-05
2.05000000000000e-01 1.97880495346842e+00 1.97886016608158e+00 5.52126131578845e-05
2.10000000000000e-01 1.95991607810935e+00 1.95997581652323e+00 5.97384138836254e-05
2.15000000000000e-01 1.94343458636126e+00 1.94349546531226e+00 6.08789509941587e-05
2.20000000000000e-01 1.92949336516016e+00 1.92955227272105e+00 5.89075608867784e-05
2.25000000000000e-01 1.91820882253485e+00 1.91826321654437e+00 5.43940095172335e-05
2.30000000000000e-01 1.90968022601911e+00 1.90972836324032e+00 4.81372212068898e-05
2.35000000000000e-01 1.90398916547014e+00 1.90403024347033e+00 4.10780001851574e-05
2.40000000000000e-01 1.90119913541728e+00 1.90123333589028e+00 3.42004729976253e-05
2.45000000000000e-01 1.90135523039179e+00 1.90138366237698e+00 2.84319851950876e-05
2.50000000000000e-01 1.90448394591469e+00 1.90450849718747e+00 2.45512727790054e-05
2.55000000000000e-01 1.91059307797435e+00 1.91061619184595e+00 2.31138715969248e-05
2.60000000000000e-01 1.91967171485386e+00 1.91969611683971e+00 2.44019858477440e-05
2.65000000000000e-01 1.93169031692708e+00 1.93171872048530e+00 2.84035582158726e-05
2.70000000000000e-01 1.94660088231214e+00 1.94663570460343e+00 3.48222912920360e-05
2.75000000000000e-01 1.96433719876799e+00 1.96438031592140e+00 4.31171534114316e-05
2.80000000000000e-01 1.98481518462354e+00 1.98486775140779e+00 5.25667842430355e-05
2.85000000000000e-01 2.00793332350751e+00 2.00799567504205e+00 6.23515345350434e-05
2.90000000000000e-01 2.03357319889721e+00 2.03364484283446e+00 7.16439372467903e-05
2.95000000000000e-01 2.06160013478317e+00 2.06167983224433e+00 7.96974611656509e-05
3.00000000000000e-01 2.09186394790760e+00 2.09194987150091e+00 8.59235933070579e-05
3.05000000000000e-01 2.12419981505983e+00 2.12428976371522e+00 8.99486553818107e-05
3.10000000000000e-01 2.15842925591839e+00 2.15852090008677e+00 9.16441683780356e-05
3.15000000000000e-01 2.19436122818259e+00 2.19445235595975e+00 9.11277771535879e-05
3.20000000000000e-01 2.23179332761351e+00 2.23188206297222e+00 8.87353587075701e-05
3.25000000000000e-01 2.27051308156947e+00 2.27059805007310e+00 8.49685036250492e-05
3.30000000000000e-01 2.31029932115322e+00 2.31037974575665e+00 8.04246034271650e-05
3.35000000000000e-01 2.35092361462056e+00 2.35099933348698e+00 7.57188664186614e-05
3.40000000000000e-01 2.39215174354492e+00 2.39222315195700e+00 7.14084120807534e-05
3.45000000000000e-01 2.43374520352616e+00 2.43381313154985e+00 6.79280236854929e-05
3.50000000000000e-01 2.47546271289919e+00 2.47552825814758e+00 6.55452483915298e-05
3.55000000000000e-01 2.51706171565906e+00 2.51712605526309e+00 6.43396040254096e-05
3.60000000000000e-01 2.55829986822071e+00 2.55836407535859e+00 6.42071378744724e-05
3.65000000000000e-01 2.59893650312822e+00 2.59900139115685e+00 6.48880286275855e-05
3.70000000000000e-01 2.63873406587038e+00 2.63880007775179e+00 6.60118814126420e-05
3.75000000000000e-01 2.67745952309286e+00 2.67752667638138e+00 6.71532885196946e-05
3.80000000000000e-01 2.71488574144424e+00 2.71495363083915e+00 6.78893949070947e-05
3.85000000000000e-01 2.75079283599780e+00 2.75086068766886e+00 6.78516710568289e-05
3.90000000000000e-01 2.78496948582307e+00 2.78503625151058e+00 6.67656875124045e-05
3.95000000000000e-01 2.81721421219148e+00 2.81727868724248e+00 6.44750509986025e-05
4.00000000000000e-01 2.84733661254790e+00 2.84739756089084e+00 6.09483429454549e-05
4.05000000000000e-01 2.87515854123275e+00 2.87521481165829e+00 5.62704255475666e-05
4.10000000000000e-01 2.90051522639195e+00 2.90056584784471e+00 5.06214527598026e-05
4.15000000000000e-01 2.92325631180941e+00 2.92330055990464e+00 4.42480952287383e-05
4.20000000000000e-01 2.94324681261427e+00 2.94328424439572e+00 3.74317814517688e-05
4.25000000000000e-01 2.96036797485471e+00 2.96039843312221e+00 3.04582674983678e-05
4.30000000000000e-01 2.97451803056961e+00 2.97454162236171e+00 2.35917921047601e-05
4.35000000000000e-01 2.98561284193858e+00 2.98562989767982e+00 1.70557412468852e-05
4.40000000000000e-01 2.99358643005900e+00 2.99359745048043e+00 1.10204214296417e-05
4.45000000000000e-01 2.99839138565018e+00 2.99839698310739e+00 5.59745721684379e-06
4.50000000000000e-01 2.99999916037504e+00 3.00000000000000e+00 8.39624963333563e-07
4.55000000000000e-01 2.99840023845662e+00 2.99839698310739e+00 3.25534922129833e-06
4.60000000000000e-01 2.99360418889878e+00 2.99359745048043e+00 6.73841834597511e-06
4.65000000000000e-01 2.98563959901131e+00 2.98562989767982e+00 9.70133148481267e-06
4.70000000000000e-01 2.97455389022880e+00 2.97454162236171e+00 1.22678670901877e-05
4.75000000000000e-01 2.96041301753459e+00 2.96039843312221e+00 1.45844123786709e-05
4.80000000000000e-01 2.94330105425388e+00 2.94328424439572e+00 1.68098581609932e-05
4.85000000000000e-01 2.92331966461474e+00 2.92330055990464e+00 1.91047100996933e-05
4.90000000000000e-01 2.90058746728459e+00 2.90056584784471e+00 2.16194398734437e-05
4.95000000000000e-01 2.87523929402604e+00 2.87521481165829e+00 2.44823677473249e-05
5.00000000000000e-01 2.84742534859419e+00 2.84739756089084e+00 2.77877033441065e-05
5.05000000000000e-01 2.81731027192820e+00 2.81727868724248e+00 3.15846857219526e-05
5.10000000000000e-01 2.78507212048431e+00 2.78503625151058e+00 3.58689737258722e-05
5.15000000000000e-01 2.75090126515159e+00 2.75086068766886e+00 4.05774827316741e-05
5.20000000000000e-01 2.71499921855266e+00 2.71495363083915e+00 4.55877135108196e-05
5.25000000000000e-01 2.67757739866072e+00 2.67752667638138e+00 5.07222793357798e-05
5.30000000000000e-01 2.63885583659625e+00 2.63880007775179e+00 5.57588444616286e-05
5.35000000000000e-01 2.59906183626128e+00 2.59900139115685e+00 6.04451044292631e-05
5.40000000000000e-01 2.55842859320034e+00 2.55836407535859e+00 6.45178417495451e-05
5.45000000000000e-01 2.51719377982326e+00 2.51712605526309e+00 6.77245601732324e-05
5.50000000000000e-01 2.47559810395603e+00 2.47552825814758e+00 6.98458084538167e-05
5.55000000000000e-01 2.43388384765237e+00 2.43381313154985e+00 7.07161025221836e-05
5.60000000000000e-01 2.39229339333265e+00 2.39222315195700e+00 7.02413756510367e-05
5.65000000000000e-01 2.35106774461618e+00 2.35099933348698e+00 6.84111292015288e-05
5.70000000000000e-01 2.31044504965773e+00 2.31037974575665e+00 6.53039010791723e-05
5.75000000000000e-01 2.27065913533955e+00 2.27059805007310e+00 6.10852664548744e-05
5.80000000000000e-01 2.23193806124690e+00 2.23188206297222e+00 5.59982746874965e-05
5.85000000000000e-01 2.19450270289541e+00 2.19445235595975e+00 5.03469356636366e-05
5.90000000000000e-01 2.15856537411238e+00 2.15852090008677e+00 4.44740256084764e-05
5.95000000000000e-01 2.12432849873825e+00 2.12428976371522e+00 3.87350230375283e-05
6.00000000000000e-01 2.09198334185854e+00 2.09194987150091e+00 3.34703576285733e-05
6.05000000000000e-01 2.06170881057050e+00 2.06167983224433e+00 2.89783261653298e-05
6.10000000000000e-01 2.03367033382141e+00 2.03364484283446e+00 2.54909869532582e-05
6.15000000000000e-01 2.00801883013830e+00 2.00799567504205e+00 2.31550962537241e-05
6.20000000000000e-01 1.98488977113050e+00 1.98486775140779e+00 2.20197227074337e-05
6.25000000000000e-01 1.96440234753306e+00 1.96438031592140e+00 2.20316116590347e-05
6.30000000000000e-01 1.94665874332606e+00 1.94663570460343e+00 2.30387226312079e-05
6.35000000000000e-01 1.93174352217228e+00 1.93171872048530e+00 2.48016869863754e-05
6.40000000000000e-01 1.91972312912774e+00 1.91969611683971e+00 2.70122880257073e-05
6.45000000000000e-01 1.91064550934887e+00 1.91061619184595e+00 2.93175029244530e-05
6.50000000000000e-01 1.90453984439891e+00 1.90450849718747e+00 3.13472114354951e-05
6.55000000000000e-01 1.90141640577497e+00 1.90138366237698e+00 3.27433979840919e-05
6.60000000000000e-01 1.90126652446422e+00 1.90123333589028e+00 3.31885739430771e-05
6.65000000000000e-01 1.90406267469466e+00 1.90403024347033e+00 3.24312243367153e-05
6.70000000000000e-01 1.90975866957203e+00 1.90972836324032e+00 3.03063317173002e-05
6.75000000000000e-01 1.91828996596733e+00 1.91826321654437e+00 2.67494229575505e-05
6.80000000000000e-01 1.92957407581313e+00 1.92955227272105e+00 2.18030920864365e-05
6.85000000000000e-01 1.94351108084366e+00 1.94349546531226e+00 1.56155313997264e-05
6.90000000000000e-01 1.95998424773386e+00 1.95997581652323e+00 8.43121062810148e-06
6.95000000000000e-01 1.97886074051528e+00 1.97886016608158e+00 5.74433704825239e-07
7.00000000000000e-01 1.99999242703074e+00 2.00000000000000e+00 7.57296925768536e-06
7.05000000000000e-01 2.02321677600366e+00 2.02323237413106e+00 1.55981274088113e-05
7.10000000000000e-01 2.04835784101167e+00 2.04838092681811e+00 2.30858064398376e-05
7.15000000000000e-01 2.07522732725435e+00 2.07525697439691e+00 2.96471425578204e-05
7.20000000000000e-01 2.10362573648138e+00 2.10366068279205e+00 3.49463106767978e-05
7.25000000000000e-01 2.13334358480904e+00 2.13338230798255e+00 3.87231735019533e-05
7.30000000000000e-01 2.16416268741413e+00 2.16420349768687e+00 4.08102727451620e-05
7.35000000000000e-01 2.19585750328175e+00 2.19589864623990e+00 4.11429581501643e-05
7.40000000000000e-01 2.22819653233426e+00 2.22823629430637e+00 3.97619721113074e-05
7.45000000000000e-01 2.26094375642238e+00 2.26098056479902e+00 3.68083766395522e-05
7.50000000000000e-01 2.29386011486142e+00 2.29389262614624e+00 3.25112848149622e-05
7.55000000000000e-01 2.32670500449127e+00 2.32673217388556e+00 2.71693942939244e-05
7.60000000000000e-01 2.35923779366808e+00 2.35925892144618e+00 2.11277780968189e-05
7.65000000000000e-01 2.39121933919477e+00 2.39123409092702e+00 1.47517322481860e-05
7.70000000000000e-01 2.42241349499263e+00 2.42242189467697e+00 8.39968433785643e-06
7.75000000000000e-01 2.45258860132145e+00 2.45259099854052e+00 2.39721907346890e-06
7.80000000000000e-01 2.48151894357544e+00 2.48151595774496e+00 2.98583047619871e-06
7.85000000000000e-01 2.50898617010628e+00 2.50897861657418e+00 7.55353210202259e-06
7.90000000000000e-01 2.53478065913123e+00 2.53476946319709e+00 1.11959341322354e-05
7.95000000000000e-01 2.55870282554374e+00 2.55868893129538e+00 1.38942483633997e-05
8.00000000000000e-01 2.58056435931508e+00 2.58054864046305e+00 1.57188520293339e-05
8.05000000000000e-01 2.60018938811529e+00 2.60017256772797e+00 1.68203873127659e-05
8.10000000000000e-01 2.61741555774283e+00 2.61739814297001e+00 1.74147728215779e-05
8.15000000000000e-01 2.63209502489170e+00 2.63207726147960e+00 1.77634121039105e-05
8.20000000000000e-01 2.64409535766123e+00 2.64407720741157e+00 1.81502496534591e-05
8.25000000000000e-01 2.65330033999571e+00 2.65328148243819e+00 1.88575575226224e-05
8.30000000000000e-01 2.65961067690806e+00 2.65959053448992e+00 2.01424181485166e-05
8.35000000000000e-01 2.66294459787930e+00 2.66292238208847e+00 2.22157908336129e-05
8.40000000000000e-01 2.66323835624036e+00 2.66321313042021e+00 2.52258201425271e-05
8.45000000000000e-01 2.66044662264480e+00 2.66041737596564e+00 2.92466791584900e-05
8.50000000000000e-01 2.65454277095567e+00 2.65450849718747e+00 3.42737681946481e-05
8.55000000000000e-01 2.64551905503298e+00 2.64547882948272e+00 4.02255502609528e-05
8.60000000000000e-01 2.63338667505695e+00 2.63333972331718e+00 4.69517397698738e-05
8.65000000000000e-01 2.61817573220174e+00 2.61812148518153e+00 5.42470202193890e-05
8.70000000000000e-01 2.59993507072665e+00 2.59987320173000e+00 6.18689966422892e-05
8.75000000000000e-01 2.57873200691345e+00 2.57866244818360e+00 6.95587298569222e-05
8.80000000000000e-01 2.55465194478067e+00 2.55457488279246e+00 7.70619882142221e-05
8.85000000000000e-01 2.52779787916388e+00 2.52771372985530e+00 8.41493085808054e-05
8.90000000000000e-01 2.49828978756996e+00 2.49819915448034e+00 9.06330896222052e-05
8.95000000000000e-01 2.46626391317849e+00 2.46616753293972e+00 9.63802387738966e-05
9.00000000000000e-01 2.43187194244784e+00 2.43177062311339e+00 1.01319334449457e-04
9.05000000000000e-01 2.39528008194127e+00 2.39517464013388e+00 1.05441807392470e-04
9.10000000000000e-01 2.35666804016659e+00 2.35655924292839e+00 1.08797238198566e-04
9.15000000000000e-01 2.31622792135756e+00 2.31611643790350e+00 1.11483454062089e-04
9.20000000000000e-01 2.27416303915349e+00 2.27404940652903e+00 1.13632624458848e-04
9.25000000000000e-01 2.23068665899621e+00 2.23057126404647e+00 1.15394949738334e-04
9.30000000000000e-01 2.18602067871314e+00 2.18590375695213e+00 1.16921761013966e-04
9.35000000000000e-01 2.14039425716133e+00 2.14027590728277e+00 1.18349878552859e-04
9.40000000000000e-01 2.09404240095937e+00 2.09392261205918e+00 1.19788900195150e-04
9.45000000000000e-01 2.04720451924810e+00 2.04708320651983e+00 1.21312728266432e-04
9.50000000000000e-01 2.00012295612959e+00 2.00000000000000e+00 1.22956129593899e-04
9.55000000000000e-01 1.95304150999667e+00 1.95291679348017e+00 1.24716516502810e-04
9.60000000000000e-01 1.90620394844694e+00 1.90607738794082e+00 1.26560506113815e-04
9.65000000000000e-01 1.85985252695320e+00 1.85972409271723e+00 1.28434235976416e-04
9.70000000000000e-01 1.81422651900419e+00 1.81409624304787e+00 1.30275956323089e-04
9.75000000000000e-01 1.76956076509530e+00 1.76942873595353e+00 1.32029141769019e-04
9.80000000000000e-01 1.72608424777359e+00 1.72595059347097e+00 1.33654302616470e-04
9.85000000000000e-01 1.68401869993918e+00 1.68388356209650e+00 1.35137842676381e-04
9.90000000000000e-01 1.64357725375597e+00 1.64344075707161e+00 1.36496684361997e-04
9.95000000000000e-01 1.60496313779036e+00 1.60482535986612e+00 1.37777924237081e-04
1.00000000000000e+00 1.56836843031042e+00 1.56822937688661e+00 1.39053423805269e-04
1.00500000000000e+00 1.53397287696475e+00 1.53383246706028e+00 1.40409904473948e-04
1.01000000000000e+00 1.50194278124026e+00 1.50180084551966e+00 1.41935720591402e-04
1.01500000000000e+00 1.47242997609868e+00 1.47228627014470e+00 1.43705953987494e-04
1.02000000000000e+00 1.44557088495794e+00 1.44542511720755e+00 1.45767750399539e-04
1.02500000000000e+00 1.42148567968217e+00 1.42133755181640e+00 1.48127865766901e-04
1.03000000000000e+00 1.40027754247442e+00 1.40012679827000e+00 1.50744204427067e-04
1.03500000000000e+00 1.38203203754576e+00 1.38187851481848e+00 1.53522727286415e-04
1.04000000000000e+00 1.36681659722161e+00 1.36666027668282e+00 1.56320538792443e-04
1.04500000000000e+00 1.35468012580214e+00 1.35452117051728e+00 1.58955284858875e-04
1.05000000000000e+00 1.34565272310269e+00 1.34549150281253e+00 1.61220290165298e-04
1.05500000000000e+00 1.33974552824162e+00 1.33958262403436e+00 1.62904207255954e-04
1.06000000000000e+00 1.33695068299293e+00 1.33678686957979e+00 1.63813413140979e-04
1.06500000000000e+00 1.33724141293834e+00 1.33707761791153e+00 1.63795026807856e-04
1.07000000000000e+00 1.34057222377986e+00 1.34040946551008e+00 1.62758269779406e-04
1.07500000000000e+00 1.34687920952780e+00 1.34671851756181e+00 1.60691965989113e-04
1.08000000000000e+00 1.35608046885446e+00 1.35592279258843e+00 1.57676266036688e-04
1.08500000000000e+00 1.36807662567682e+00 1.36792273852040e+00 1.53887156423727e-04
1.09000000000000e+00 1.38275144995775e+00 1.38260185702999e+00 1.49592927756848e-04
1.09500000000000e+00 1.39997257474398e+00 1.39982743227203e+00 1.45142471951853e-04
1.10000000000000e+00 1.41959230552717e+00 1.41945135953695e+00 1.40945990221297e-04
1.10500000000000e+00 1.44144851806568e+00 1.44131106870462e+00 1.37449361059527e-04
1.11000000000000e+00 1.46536564078525e+00 1.46523053680291e+00 1.35103982348284e-04
1.11500000000000e+00 1.49115571774337e+00 1.49102138342582e+00 1.34334317544393e-04
1.12000000000000e+00 1.51861954786515e+00 1.51848404225504e+00 1.35505610107778e-04
1.12500000000000e+00 1.54754789572810e+00 1.54740900145948e+00 1.38894268618905e-04
1.13000000000000e+00 1.57772276858561e+00 1.57757810532303e+00 1.44663262585887e-04
1.13500000000000e+00 1.60891875360098e+00 1.60876590907298e+00 1.52844527999019e-04
1.14000000000000e+00 1.64090440843675e+00 1.64074107855382e+00 1.63329882926222e-04
1.14500000000000e+00 1.67344369746103e+00 1.67326782611444e+00 1.75871346596468e-04
1.15000000000000e+00 1.70629746493238e+00 1.70610737385376e+00 1.90091078619448e-04
1.15500000000000e+00 1.73922493566801e+00 1.73901943520098e+00 2.05500467027164e-04
1.16000000000000e+00 1.77198523293223e+00 1.77176370569363e+00 2.21527238608354e-04
1.16500000000000e+00 1.80433890265453e+00 1.80410135376010e+00 2.37548894433059e-04
1.17000000000000e+00 1.83604943263596e+00 1.83579650231313e+00 2.52930322835132e-04
1.17500000000000e+00 1.86688475516110e+00 1.86661769201745e+00 2.67063143641666e-04
1.18000000000000e+00 1.89661872141433e+00 1.89633931720795e+00 2.79404206382061e-04
1.18500000000000e+00 1.92503253631359e+00 1.92474302560309e+00 2.89510710499874e-04
1.19000000000000e+00 1.95191614281156e+00 1.95161907318189e+00 2.97069629669133e-04
1.19500000000000e+00 1.97706954535407e+00 1.97676762586894e+00 3.01919485137470e-04
1.20000000000000e+00 2.00030406300425e+00 2.00000000000000e+00 3.04063004249011e-04
1.20500000000000e+00 2.02144350369672e+00 2.02113983391842e+00 3.03669778301874e-04
1.21000000000000e+00 2.04032525214222e+00 2.04002418347677e+00 3.01068665450099e-04
1.21500000000000e+00 2.05680126501292e+00 2.05650453468774e+00 2.96730325175520e-04
1.22000000000000e+00 2.07073896816195e+00 2.07044772727895e+00 2.91240882995147e-04
1.22500000000000e+00 2.08202205172386e+00 2.08173678345563e+00 2.85268268234162e-04
1.23000000000000e+00 2.09055115997390e+00 2.09027163675968e+00 2.79523214214539e-04
1.23500000000000e+00 2.09624447376110e+00 2.09596975652967e+00 2.74717231426802e-04
1.24000000000000e+00 2.09903818415614e+00 2.09876666410972e+00 2.71520046415397e-04
1.24500000000000e+00 2.09888685665402e+00 2.09861633762302e+00 2.70519031003946e-04
1.25000000000000e+00 2.09576368584220e+00 2.09549150281253e+00 2.72183029677908e-04
1.25500000000000e+00 2.08966064089159e+00 2.08938380815405e+00 2.76832737533983e-04
1.26000000000000e+00 2.08058850255964e+00 2.08030388316029e+00 2.84619399353314e-04
1.26500000000000e+00 2.06857679263732e+00 2.06828127951470e+00 2.95513122620772e-04
1.27000000000000e+00 2.05367359693669e+00 2.05336429539657e+00 3.09301540118323e-04
1.27500000000000e+00 2.03594528304548e+00 2.03561968407860e+00 3.25598966882445e-04
1.28000000000000e+00 2.01547611417994e+00 2.01513224859221e+00 3.43865587725922e-04
1.28500000000000e+00 1.99236776059730e+00 1.99200432495795e+00 3.63435639353593e-04
1.29000000000000e+00 1.96673871019094e+00 1.96635515716554e+00 3.83553025399497e-04
1.29500000000000e+00 1.93872358012621e+00 1.93832016775567e+00 4.03412370540979e-04
1.30000000000000e+00 1.90847233169488e+00 1.90805012849909e+00 4.22203195789894e-04
1.30500000000000e+00 1.87614939098756e+00 1.87571023628478e+00 4.39154702778222e-04
1.31000000000000e+00 1.84193267851527e+00 1.84147909991323e+00 4.53578602039650e-04
1.31500000000000e+00 1.80601255155581e+00 1.80554764404025e+00 4.64907515557611e-04
1.32000000000000e+00 1.76859066374697e+00 1.76811793702778e+00 4.72726719189742e-04
1.32500000000000e+00 1.72987874728800e+00 1.72940194992690e+00 4.76797361100845e-04
1.33000000000000e+00 1.69009732401475e+00 1.68962025424335e+00 4.77069771406713e-04
1.33500000000000e+00 1.64947435255990e+00 1.64900066651302e+00 4.73686046877031e-04
1.34000000000000e+00 1.60824381975898e+00 1.60777684804300e+00 4.66971715981535e-04
1.34500000000000e+00 1.56664428537977e+00 1.56618686845015e+00 4.57416929622534e-04
1.35000000000000e+00 1.52491739009708e+00 1.52447174185242e+00 4.45648244661534e-04
1.35500000000000e+00 1.48330633736762e+00 1.48287394473691e+00 4.32392630703937e-04
1.36000000000000e+00 1.44205436044279e+00 1.44163592464141e+00 4.18435801375905e-04
1.36500000000000e+00 1.40140318616322e+00 1.40099860884315e+00 4.04577320071153e-04
1.37000000000000e+00 1.36159150737962e+00 1.36119992224821e+00 3.91585131411132e-04
1.37500000000000e+00 1.32285347582920e+00 1.32247332361862e+00 3.80152210581075e-04
1.38000000000000e+00 1.28541722705856e+00 1.28504636916085e+00 3.70857897703969e-04
1.38500000000000e+00 1.24950344853312e+00 1.24913931233114e+00 3.64136201975063e-04
1.39000000000000e+00 1.21532400142191e+00 1.21496374848942e+00 3.60252932494642e-04
1.39500000000000e+00 1.18308060573001e+00 1.18272131275752e+00 3.59292972493375e-04
1.40000000000000e+00 1.15296359749677e+00 1.15260243910916e+00 3.61158387617300e-04
1.40500000000000e+00 1.12515076573488e+00 1.12478518834171e+00 3.65577393171224e-04
1.41000000000000e+00 1.09980627569363e+00 1.09943415215529e+00 3.72123538338487e-04
1.41500000000000e+00 1.07707968393612e+00 1.07669944009536e+00 3.80243840752081e-04
1.42000000000000e+00 1.05710504966880e+00 1.05671575560428e+00 3.89294064518930e-04
1.42500000000000e+00 1.04000014578695e+00 1.03960156687779e+00 3.98578909154734e-04
1.43000000000000e+00 1.02586577223469e+00 1.02545837763829e+00 4.07394596402488e-04
1.43500000000000e+00 1.01478517354040e+00 1.01437010232018e+00 4.15071220223773e-04
1.44000000000000e+00 1.00682356179071e+00 1.00640254951957e+00 4.21012271148991e-04
1.44500000000000e+00 1.00202774584687e+00 1.00160301689261e+00 4.24728954268927e-04
1.45000000000000e+00 1.00042586727515e+00 1.00000000000000e+00 4.25867275149150e-04
1.45500000000000e+00 1.00202724323981e+00 1.00160301689261e+00 4.24226347200518e-04
1.46000000000000e+00 1.00682231646432e+00 1.00640254951957e+00 4.19766944756761e-04
1.46500000000000e+00 1.01478271227091e+00 1.01437010232018e+00 4.12609950731113e-04
1.47000000000000e+00 1.02586140262606e+00 1.02545837763829e+00 4.03024987777334e-04
1.47500000000000e+00 1.03999297701235e+00 1.03960156687779e+00 3.91410134558567e-04
1.48000000000000e+00 1.05709401978028e+00 1.05671575560428e+00 3.78264175999066e-04
1.48500000000000e+00 1.07706359338179e+00 1.07669944009536e+00 3.64153286429802e-04
1.49000000000000e+00 1.09978382652034e+00 1.09943415215529e+00 3.49674365055952e-04
1.49500000000000e+00 1.12512060576176e+00 1.12478518834171e+00 3.35417420054052e-04
1.50000000000000e+00 1.15292436852806e+00 1.15260243910916e+00 3.21929418904299e-04
1.50500000000000e+00 1.18303099464342e+00 1.18272131275752e+00 3.09681885897417e-04
1.51000000000000e+00 1.21526279273883e+00 1.21496374848942e+00 2.99044249407521e-04
1.51500000000000e+00 1.24942957686535e+00 1.24913931233114e+00 2.90264534203777e-04
1.52000000000000e+00 1.28532982764978e+00 1.28504636916085e+00 2.83458488922417e-04
1.52500000000000e+00 1.32275193128688e+00 1.32247332361862e+00 2.78607668265707e-04
1.53000000000000e+00 1.36147548863951e+00 1.36119992224821e+00 2.75566391294779e-04
1.53500000000000e+00 1.40127268575135e+00 1.40099860884315e+00 2.74076908200804e-04
1.54000000000000e+00 1.44190971621315e+00 1.44163592464141e+00 2.73791571741233e-04
1.54500000000000e+00 1.48314824509175e+00 1.48287394473691e+00 2.74300354833779e-04
1.55000000000000e+00 1.52474690357037e+00 1.52447174185242e+00 2.75161717948391e-04
1.55500000000000e+00 1.56646280307820e+00 1.56618686845015e+00 2.75934628054975e-04
1.56000000000000e+00 1.60805305752298e+00 1.60777684804300e+00 2.76209479976419e-04
1.56500000000000e+00 1.64927630228731e+00 1.64900066651302e+00 2.75635774296568e-04
1.57000000000000e+00 1.68989419890089e+00 1.68962025424335e+00 2.73944657543490e-04
1.57500000000000e+00 1.72967291474081e+00 1.72940194992690e+00 2.70964813905428e-04
1.58000000000000e+00 1.76838456771584e+00 1.76811793702778e+00 2.66630688053215e-04
1.58500000000000e+00 1.80580862662240e+00 1.80554764404025e+00 2.60982582145131e-04
1.59000000000000e+00 1.84173325868337e+00 1.84147909991323e+00 2.54158770141899e-04
1.59500000000000e+00 1.87595661664912e+00 1.87571023628478e+00 2.46380364339105e-04
1.60000000000000e+00 1.90828805871273e+00 1.90805012849909e+00 2.37930213643045e-04
1.60500000000000e+00 1.93854929532212e+00 1.93832016775567e+00 2.29127566456544e-04
1.61000000000000e+00 1.96657545772647e+00 1.96635515716554e+00 2.20300560930475e-04
1.61500000000000e+00 1.99221608373963e+00 1.99200432495795e+00 2.11758781675675e-04
1.62000000000000e+00 2.01533601672069e+00 2.01513224859221e+00 2.03768128475001e-04
1.62500000000000e+00 2.03581621414939e+00 2.03561968407860e+00 1.96530070796008e-04
1.63000000000000e+00 2.05355446241808e+00 2.05336429539657e+00 1.90167021511201e-04
1.63500000000000e+00 2.06846599458574e+00 2.06828127951470e+00 1.84715071032571e-04
1.64000000000000e+00 2.08048400787333e+00 2.08030388316029e+00 1.80124713038854e-04
1.64500000000000e+00 2.08956007766337e+00 2.08938380815405e+00 1.76269509318150e-04
1.65000000000000e+00 2.09566446474765e+00 2.09549150281253e+00 1.72961935120508e-04
1.65500000000000e+00 2.09878631260101e+00 2.09861633762302e+00 1.69974977993537e-04
1.66000000000000e+00 2.09893373160128e+00 2.09876666410972e+00 1.67067491555706e-04
1.66500000000000e+00 2.09613376741679e+00 2.09596975652967e+00 1.64010887119037e-04
1.67000000000000e+00 2.09043225129165e+00 2.09027163675968e+00 1.60614531966363e-04
1.67500000000000e+00 2.08189353070170e+00 2.08173678345563e+00 1.56747246067290e-04
1.68000000000000e+00 2.07060007984699e+00 2.07044772727895e+00 1.52352568033809e-04
1.68500000000000e+00 2.05665199067924e+00 2.05650453468774e+00 1.47455991496681e-04
1.69000000000000e+00 2.04016634660065e+00 2.04002418347677e+00 1.42163123882710e-04
1.69500000000000e+00 2.02127648255560e+00 2.02113983391842e+00 1.36648637174552e-04
1.70000000000000e+00 2.00013113688204e+00 2.00000000000000e+00 1.31136882042693e-04
1.70500000000000e+00 1.97689350189646e+00 1.97676762586893e+00 1.25876027525340e-04
1.71000000000000e+00 1.95174018163432e+00 1.95161907318189e+00 1.21108452422414e-04
1.71500000000000e+00 1.92486006634520e+00 1.92474302560309e+00 1.17040742112939e-04
1.72000000000000e+00 1.89645313414021e+00 1.89633931720795e+00 1.13816932259869e-04
1.72500000000000e+00 1.86672919053255e+00 1.86661769201745e+00 1.11498515101394e-04
1.73000000000000e+00 1.83590655646069e+00 1.83579650231313e+00 1.10054147558269e-04
1.73500000000000e+00 1.80421071475396e+00 1.80410135376010e+00 1.09360993864938e-04
1.74000000000000e+00 1.77187292396622e+00 1.77176370569363e+00 1.09218272597467e-04
1.74500000000000e+00 1.73912880720084e+00 1.73901943520098e+00 1.09371999860386e-04
1.75000000000000e+00 1.70621692216614e+00 1.70610737385376e+00 1.09548312374974e-04
1.75500000000000e+00 1.67337731745684e+00 1.67326782611444e+00 1.09491342403123e-04
1.76000000000000e+00 1.64085007917833e+00 1.64074107855382e+00 1.09000624509470e-04
1.76500000000000e+00 1.60887387171680e+00 1.60876590907298e+00 1.07962643814741e-04
1.77000000000000e+00 1.57768447684293e+00 1.57757810532303e+00 1.06371519907222e-04
1.77500000000000e+00 1.54751333645233e+00 1.54740900145948e+00 1.04334992849120e-04
1.78000000000000e+00 1.51858610600971e+00 1.51848404225504e+00 1.02063754665815e-04
1.78500000000000e+00 1.49112122796303e+00 1.49102138342582e+00 9.98445372097923e-05
1.79000000000000e+00 1.46532853670607e+00 1.46523053680291e+00 9.79999031638368e-05
1.79500000000000e+00 1.44140790870310e+00 1.44131106870462e+00 9.68399984826451e-05
1.80000000000000e+00 1.41954797274312e+00 1.41945135953695e+00 9.66132061621661e-05
1.80500000000000e+00 1.39992489561795e+00 1.39982743227203e+00 9.74633459238650e-05
1.81000000000000e+00 1.38270125760796e+00 1.38260185702999e+00 9.94005779733076e-05
1.81500000000000e+00 1.36802502998033e+00 1.36792273852040e+00 1.02291459931347e-04
1.82000000000000e+00 1.35602866344721e+00 1.35592279258843e+00 1.05870858781776e-04
1.82500000000000e+00 1.34682829258346e+00 1.34671851756181e+00 1.09775021645886e-04
1.83000000000000e+00 1.34052305711014e+00 1.34040946551008e+00 1.13591600051643e-04
1.83500000000000e+00 1.33719453731366e+00 1.33707761791153e+00 1.16919402124438e-04
1.84000000000000e+00 1.33690629825885e+00 1.33678686957979e+00 1.19428679062672e-04
1.84500000000000e+00 1.33970353627180e+00 1.33958262403436e+00 1.20912237438153e-04
1.85000000000000e+00 1.34561282159006e+00 1.34549150281253e+00 1.21318777530188e-04
1.85500000000000e+00 1.35464193298713e+00 1.35452117051728e+00 1.20762469846936e-04
1.86000000000000e+00 1.36677978318765e+00 1.36666027668282e+00 1.19506504831390e-04
1.86500000000000e+00 1.38199643739423e+00 1.38187851481848e+00 1.17922575751050e-04
1.87000000000000e+00 1.40024323053700e+00 1.40012679827000e+00 1.16432267000421e-04
1.87500000000000e+00 1.42145299123806e+00 1.42133755181640e+00 1.15439421653596e-04
1.88000000000000e+00 1.44554038141218e+00 1.44542511720755e+00 1.15264204635812e-04
1.88500000000000e+00 1.47240235960344e+00 1.47228627014470e+00 1.16089458742641e-04
1.89000000000000e+00 1.50191877359238e+00 1.50180084551967e+00 1.17928072719042e-04
1.89500000000000e+00 1.53395308381144e+00 1.53383246706028e+00 1.20616751156044e-04
1.90000000000000e+00 1.56835321423799e+00 1.56822937688661e+00 1.23837351383660e-04
1.90500000000000e+00 1.60495252240617e+00 1.60482535986612e+00 1.27162540052739e-04
1.91000000000000e+00 1.64357087572898e+00 1.64344075707161e+00 1.30118657372336e-04
1.91500000000000e+00 1.68401581808334e+00 1.68388356209650e+00 1.32255986840413e-04
1.92000000000000e+00 1.72608380901103e+00 1.72595059347097e+00 1.33215540056852e-04
1.92500000000000e+00 1.76956151807737e+00 1.76942873595353e+00 1.32782123831054e-04
1.93000000000000e+00 1.81422715876556e+00 1.81409624304787e+00 1.30915717686753e-04
1.93500000000000e+00 1.85985184936777e+00 1.85972409271723e+00 1.27756650547095e-04
1.94000000000000e+00 1.90620099208618e+00 1.90607738794082e+00 1.23604145362721e-04
1.94500000000000e+00 1.95303566531771e+00 1.95291679348017e+00 1.18871837538892e-04
1.95000000000000e+00 2.00011402724475e+00 2.00000000000000e+00 1.14027244755510e-04
1.95500000000000e+00 2.04719273089626e+00 2.04708320651983e+00 1.09524376429970e-04
1.96000000000000e+00 2.09402835149198e+00 2.09392261205918e+00 1.05739432806118e-04
1.96500000000000e+00 2.14037882608478e+00 2.14027590728277e+00 1.02918802005192e-04
1.97000000000000e+00 2.18600490344857e+00 2.18590375695213e+00 1.01146496438886e-04
1.97500000000000e+00 2.23067159919110e+00 2.23057126404646e+00 1.00335144632258e-04
1.98000000000000e+00 2.27414964768600e+00 2.27404940652903e+00 1.00241156968384e-04
1.98500000000000e+00 2.31621693914733e+00 2.31611643790350e+00 1.00501243835982e-04
1.99000000000000e+00 2.35665992749682e+00 2.35655924292839e+00 1.00684568429266e-04
1.99500000000000e+00 2.39527499298104e+00 2.39517464013388e+00 1.00352847153040e-04
2.00000000000000e+00 2.43186974300570e+00 2.43177062311339e+00 9.91198923121495e-05
2.00500000000000e+00 2.46626423541970e+00 2.46616753293972e+00 9.67024799818361e-05
2.01000000000000e+00 2.49829211038457e+00 2.49819915448034e+00 9.29559042326389e-05
2.01500000000000e+00 2.52780161974639e+00 2.52771372985530e+00 8.78898910872117e-05
2.02000000000000e+00 2.55465654613619e+00 2.55457488279245e+00 8.16633437339398e-05
2.02500000000000e+00 2.57873700746166e+00 2.57866244818359e+00 7.45592780697635e-05
2.03000000000000e+00 2.59994014563449e+00 2.59987320173000e+00 6.69439044864717e-05
2.03500000000000e+00 2.61818070097204e+00 2.61812148518152e+00 5.92157905212609e-05
2.04000000000000e+00 2.63339147548857e+00 2.63333972331718e+00 5.17521713860880e-05
2.04500000000000e+00 2.64552368912747e+00 2.64547882948272e+00 4.48596447517602e-05
2.05000000000000e+00 2.65454723289338e+00 2.65450849718747e+00 3.87357059081772e-05
2.05500000000000e+00 2.66045082194166e+00 2.66041737596564e+00 3.34459760198413e-05
2.06000000000000e+00 2.66324205019878e+00 2.66321313042021e+00 2.89197785678930e-05
2.06500000000000e+00 2.66294734631057e+00 2.66292238208847e+00 2.49642221019641e-05
2.07000000000000e+00 2.65961182896990e+00 2.65959053448992e+00 2.12944799877768e-05
2.07500000000000e+00 2.65329905827877e+00 2.65328148243819e+00 1.75758405793758e-05
2.08000000000000e+00 2.64409067901814e+00 2.64407720741157e+00 1.34716065605112e-05
2.08500000000000e+00 2.63208595172169e+00 2.63207726147960e+00 8.69024208860480e-06
2.09000000000000e+00 2.61740116835403e+00 2.61739814297001e+00 3.02538401886210e-06
2.09500000000000e+00 2.60016895114307e+00 2.60017256772797e+00 3.61658490222183e-06
2.10000000000000e+00 2.58053743555142e+00 2.58054864046305e+00 1.12049116300916e-05
2.10500000000000e+00 2.55866934124040e+00 2.55868893129538e+00 1.95900549808670e-05
2.11000000000000e+00 2.53474093786314e+00 2.53476946319710e+00 2.85253339562530e-05
2.11500000000000e+00 2.50894091528019e+00 2.50897861657418e+00 3.77012939871690e-05
2.12000000000000e+00 2.48146917000965e+00 2.48151595774496e+00 4.67877353078627e-05
2.12500000000000e+00 2.45253552116222e+00 2.45259099854052e+00 5.54773783032481e-05
2.13000000000000e+00 2.42235836963804e+00 2.42242189467697e+00 6.35250389300346e-05
2.13500000000000e+00 2.39116331397049e+00 2.39123409092702e+00 7.07769565284622e-05
2.14000000000000e+00 2.35918173501435e+00 2.35925892144618e+00 7.71864318318549e-05
2.14500000000000e+00 2.32664935992364e+00 2.32673217388556e+00 8.28139619213353e-05
2.15000000000000e+00 2.29380481384873e+00 2.29389262614624e+00 8.78122975138673e-05
2.15500000000000e+00 2.26088816583073e+00 2.26098056479902e+00 9.23989682877213e-05
2.16000000000000e+00 2.22813947378586e+00 2.22823629430637e+00 9.68205205116313e-05
2.16500000000000e+00 2.19579733248328e+00 2.19589864623990e+00 1.01313756621035e-04
2.17000000000000e+00 2.16409742815649e+00 2.16420349768687e+00 1.06069530384278e-04
2.17500000000000e+00 2.13327110386033e+00 2.13338230798255e+00 1.11204122215991e-04
2.18000000000000e+00 2.10354394078851e+00 2.10366068279205e+00 1.16742003545944e-04
2.18500000000000e+00 2.07513436230160e+00 2.07525697439691e+00 1.22612095310171e-04
2.19000000000000e+00 2.04825226912668e+00 2.04838092681811e+00 1.28657691428113e-04
2.19500000000000e+00 2.02309771579766e+00 2.02323237413107e+00 1.34658333411863e-04
2.20000000000000e+00 1.99985963965730e+00 2.00000000000000e+00 1.40360342698154e-04
2.20500000000000e+00 1.97871465443893e+00 1.97886016608158e+00 1.45511642652973e-04
2.21000000000000e+00 1.95982592046965e+00 1.95997581652323e+00 1.49896053579068e-04
2.21500000000000e+00 1.94334210286279e+00 1.94349546531226e+00 1.53362449472727e-04
2.22000000000000e+00 1.92939642775412e+00 1.92955227272105e+00 1.55844966927443e-04
2.22500000000000e+00 1.91810584482234e+00 1.91826321654437e+00 1.57371722035116e-04
2.23000000000000e+00 1.90957030220267e+00 1.90972836324032e+00 1.58061037651480e-04
2.23500000000000e+00 1.90387213766628e+00 1.90403024347033e+00 1.58105804042963e-04
2.24000000000000e+00 1.90107558780109e+00 1.90123333589028e+00 1.57748089185228e-04
2.24500000000000e+00 1.90122641507459e+00 1.90138366237698e+00 1.57247302393859e-04
2.25000000000000e+00 1.90435165121817e+00 1.90450849718747e+00 1.56845969302211e-04
2.25500000000000e+00 1.91045945442287e+00 1.91061619184595e+00 1.56737423073983e-04
2.26000000000000e+00 1.91953907739660e+00 1.91969611683971e+00 1.57039443109408e-04
2.26500000000000e+00 1.93156094335760e+00 1.93171872048530e+00 1.57777127691716e-04
2.27000000000000e+00 1.94647682743864e+00 1.94663570460343e+00 1.58877164792459e-04
2.27500000000000e+00 1.96422014162022e+00 1.96438031592140e+00 1.60174301182536e-04
2.28000000000000e+00 1.98470632204648e+00 1.98486775140779e+00 1.61429361312360e-04
2.28500000000000e+00 2.00783331824665e+00 2.00799567504205e+00 1.62356795395446e-04
2.29000000000000e+00 2.03348218423965e+00 2.03364484283446e+00 1.62658594809351e-04
2.29500000000000e+00 2.06151777161555e+00 2.06167983224433e+00 1.62060628778438e-04
2.30000000000000e+00 2.09178952438292e+00 2.09194987150091e+00 1.60347117985182e-04
2.30500000000000e+00 2.12413237460352e+00 2.12428976371522e+00 1.57389111690165e-04
2.31000000000000e+00 2.15836773662431e+00 2.15852090008677e+00 1.53163462465855e-04
2.31500000000000e+00 2.19430459612372e+00 2.19445235595975e+00 1.47759836029770e-04
2.32000000000000e+00 2.23174068833129e+00 2.23188206297221e+00 1.41374640919789e-04
2.32500000000000e+00 2.27046375780631e+00 2.27059805007310e+00 1.34292266789959e-04
2.33000000000000e+00 2.31025289024408e+00 2.31037974575665e+00 1.26855512564639e-04
2.33500000000000e+00 2.35087990509532e+00 2.35099933348698e+00 1.19428391661458e-04
2.34000000000000e+00 2.39211079649196e+00 2.39222315195699e+00 1.12355465035741e-04
2.34500000000000e+00 2.43370720919761e+00 2.43381313154985e+00 1.05922352239052e-04
2.35000000000000e+00 2.47542793611171e+00 2.47552825814758e+00 1.00322035862632e-04
2.35500000000000e+00 2.51703042426609e+00 2.51712605526309e+00 9.56309969972757e-05
2.36000000000000e+00 2.55827227720057e+00 2.55836407535858e+00 9.17981580115246e-05
2.36500000000000e+00 2.59891274297801e+00 2.59900139115685e+00 8.86481788371363e-05
2.37000000000000e+00 2.63871417872960e+00 2.63880007775179e+00 8.58990221836997e-05
2.37500000000000e+00 2.67744348432044e+00 2.67752667638138e+00 8.31920609418724e-05
2.38000000000000e+00 2.71487349929322e+00 2.71495363083914e+00 8.01315459195706e-05
2.38500000000000e+00 2.75078435851268e+00 2.75086068766886e+00 7.63291561804991e-05
2.39000000000000e+00 2.78496480276081e+00 2.78503625151058e+00 7.14487497699423e-05
2.39500000000000e+00 2.81721344085407e+00 2.81727868724248e+00 6.52463884032173e-05
2.40000000000000e+00 2.84733995966368e+00 2.84739756089084e+00 5.76012271649162e-05
2.40500000000000e+00 2.87516627778561e+00 2.87521481165829e+00 4.85338726869955e-05
2.41000000000000e+00 2.90052763765126e+00 2.90056584784471e+00 3.82101934484069e-05
2.41500000000000e+00 2.92327362975560e+00 2.92330055990463e+00 2.69301490369855e-05
2.42000000000000e+00 2.94326914159164e+00 2.94328424439572e+00 1.51028040851209e-05
2.42500000000000e+00 2.96039522299439e+00 2.96039843312221e+00 3.21012782045216e-06
2.43000000000000e+00 2.97454985906440e+00 2.97454162236171e+00 8.23670268923493e-06
2.43500000000000e+00 2.98564864176684e+00 2.98562989767982e+00 1.87440870216271e-05
2.44000000000000e+00 2.99362533173749e+00 2.99359745048043e+00 2.78812570537745e-05
2.44500000000000e+00 2.99843230276440e+00 2.99839698310739e+00 3.53196570093139e-05
2.45000000000000e+00 3.00004086279594e+00 3.00000000000000e+00 4.08627959416208e-05
2.45500000000000e+00 2.99844144704780e+00 2.99839698310739e+00 4.44639404095781e-05
2.46000000000000e+00 2.99364368071851e+00 2.99359745048044e+00 4.62302380728197e-05
2.46500000000000e+00 2.98567631083395e+00 2.98562989767982e+00 4.64131541253465e-05
2.47000000000000e+00 2.97458700869509e+00 2.97454162236171e+00 4.53863333813587e-05
2.47500000000000e+00 2.96044204618520e+00 2.96039843312221e+00 4.36130629948295e-05
2.48000000000000e+00 2.94332585071777e+00 2.94328424439572e+00 4.16063220476381e-05
2.48500000000000e+00 2.92334044482075e+00 2.92330055990464e+00 3.98849161085124e-05
2.49000000000000e+00 2.90060477723498e+00 2.90056584784471e+00 3.89293902633980e-05
2.49500000000000e+00 2.87525395296399e+00 2.87521481165830e+00 3.91413056903822e-05
2.50000000000000e+00 2.84743836997762e+00 2.84739756089084e+00 4.08090867711763e-05
2.50500000000000e+00 2.81732277029089e+00 2.81727868724248e+00 4.40830484063071e-05
2.51000000000000e+00 2.78508521296628e+00 2.78503625151058e+00 4.89614557022122e-05
2.51500000000000e+00 2.75091597628045e+00 2.75086068766886e+00 5.52886115898765e-05
2.52000000000000e+00 2.71501639591089e+00 2.71495363083915e+00 6.27650717421879e-05
2.52500000000000e+00 2.67759764558848e+00 2.67752667638138e+00 7.09692070950396e-05
2.53000000000000e+00 2.63887946627280e+00 2.63880007775179e+00 7.93885210064182e-05
2.53500000000000e+00 2.59908884958404e+00 2.59900139115685e+00 8.74584271883805e-05
2.54000000000000e+00 2.55845868100256e+00 2.55836407535859e+00 9.46056439734555e-05
2.54500000000000e+00 2.51722634825868e+00 2.51712605526309e+00 1.00292995584894e-04
2.55000000000000e+00 2.47563232040417e+00 2.47552825814758e+00 1.04062256591320e-04
2.55500000000000e+00 2.43391870330239e+00 2.43381313154985e+00 1.05571752536893e-04
2.56000000000000e+00 2.39232777769820e+00 2.39222315195700e+00 1.04625741204512e-04
2.56500000000000e+00 2.35110052662684e+00 2.35099933348698e+00 1.01193139852906e-04
2.57000000000000e+00 2.31047515966346e+00 2.31037974575666e+00 9.54139068052307e-05
2.57500000000000e+00 2.27068564236242e+00 2.27059805007310e+00 8.75922893239789e-05
2.58000000000000e+00 2.23196024012457e+00 2.23188206297222e+00 7.81771523499231e-05
2.58500000000000e+00 2.19452008658992e+00 2.19445235595975e+00 6.77306301732905e-05
2.59000000000000e+00 2.15857778739813e+00 2.15852090008678e+00 5.68873113588886e-05
2.59500000000000e+00 2.12433607070651e+00 2.12428976371522e+00 4.63069912908232e-05
2.60000000000000e+00 2.09198649612958e+00 2.09194987150091e+00 3.66246286715999e-05
2.60500000000000e+00 2.06170823370388e+00 2.06167983224433e+00 2.84014595459681e-05
2.61000000000000e+00 2.03366692405025e+00 2.03364484283446e+00 2.20812157873951e-05
2.61500000000000e+00 2.00801363009686e+00 2.00799567504205e+00 1.79550548113916e-05
2.62000000000000e+00 1.98488388956099e+00 1.98486775140779e+00 1.61381532006732e-05
2.62500000000000e+00 1.96439687592222e+00 1.96438031592140e+00 1.65600008148470e-05
2.63000000000000e+00 1.94665467393298e+00 1.94663570460343e+00 1.89693295429283e-05
2.63500000000000e+00 1.93174167390299e+00 1.93171872048530e+00 2.29534176912072e-05
2.64000000000000e+00 1.91972408717011e+00 1.91969611683971e+00 2.79703304009171e-05
2.64500000000000e+00 1.91064958343814e+00 1.91061619184595e+00 3.33915921952865e-05
2.65000000000000e+00 1.90454704911839e+00 1.90450849718747e+00 3.85519309156201e-05
2.65500000000000e+00 1.90142646453308e+00 1.90138366237698e+00 4.28021560996417e-05
2.66000000000000e+00 1.90127889687552e+00 1.90123333589028e+00 4.55609852445527e-05
2.66500000000000e+00 1.90407660519659e+00 1.90403024347033e+00 4.63617262620453e-05
2.67000000000000e+00 1.90977325339045e+00 1.90972836324032e+00 4.48901501342025e-05
2.67500000000000e+00 1.91830422714905e+00 1.91826321654437e+00 4.10106046819791e-05
2.68000000000000e+00 1.92958705108527e+00 1.92955227272105e+00 3.47783642278277e-05
2.68500000000000e+00 1.94352190261215e+00 1.94349546531226e+00 2.64372998892703e-05
2.69000000000000e+00 1.95999221962524e+00 1.95997581652323e+00 1.64031020075672e-05
2.69500000000000e+00 1.97886539947901e+00 1.97886016608158e+00 5.23339743674356e-06
2.70000000000000e+00 1.99999358709427e+00 2.00000000000000e+00 6.41290573266673e-06
2.70500000000000e+00 2.02321455021265e+00 2.02323237413106e+00 1.78239184118745e-05
2.71000000000000e+00 2.04835263977307e+00 2.04838092681811e+00 2.82870450325490e-05
2.71500000000000e+00 2.07521983309241e+00 2.07525697439691e+00 3.71413044986113e-05
2.72000000000000e+00 2.10361685697894e+00 2.10366068279205e+00 4.38258131110203e-05
2.72500000000000e+00 2.13333438710595e+00 2.13338230798255e+00 4.79208765931105e-05
2.73000000000000e+00 2.16415431895891e+00 2.16420349768687e+00 4.91787279606193e-05
2.73500000000000e+00 2.19585110449382e+00 2.19589864623990e+00 4.75417460803484e-05
2.74000000000000e+00 2.22819314737503e+00 2.22823629430637e+00 4.31469313384447e-05
2.74500000000000e+00 2.26094424836927e+00 2.26098056479902e+00 3.63164297434437e-05
2.75000000000000e+00 2.29386509123948e+00 2.29389262614624e+00 2.75349067511144e-05
2.75500000000000e+00 2.32671475837937e+00 2.32673217388556e+00 1.74155061873904e-05
2.76000000000000e+00 2.35925226452634e+00 2.35925892144618e+00 6.65691984247374e-06
2.76500000000000e+00 2.39123809623910e+00 2.39123409092702e+00 4.00531207800370e-06
2.77000000000000e+00 2.42243574446708e+00 2.42242189467697e+00 1.38497901103207e-05
2.77500000000000e+00 2.45261321748956e+00 2.45259099854052e+00 2.22189490437508e-05
2.78000000000000e+00 2.48154452176546e+00 2.48151595774496e+00 2.85640204995552e-05
2.78500000000000e+00 2.50901109879144e+00 2.50897861657418e+00 3.24822172617090e-05
2.79000000000000e+00 2.53480320688074e+00 2.53476946319709e+00 3.37436836512772e-05
2.79500000000000e+00 2.55872123780027e+00 2.55868893129538e+00 3.23065048895010e-05
2.80000000000000e+00 2.58057695938007e+00 2.58054864046305e+00 2.83189170229292e-05
2.80500000000000e+00 2.60019467647274e+00 2.60017256772797e+00 2.21087447660473e-05
2.81000000000000e+00 2.61741230392671e+00 2.61739814297001e+00 1.41609567023693e-05
2.81500000000000e+00 2.63208234648515e+00 2.63207726147960e+00 5.08500555307378e-06
2.82000000000000e+00 2.64407278167805e+00 2.64407720741157e+00 4.42573352543718e-06
2.82500000000000e+00 2.65326784279633e+00 2.65328148243819e+00 1.36396418564111e-05
2.83000000000000e+00 2.65956869989510e+00 2.65959053448992e+00 2.18345948144183e-05
2.83500000000000e+00 2.66289403745094e+00 2.66292238208847e+00 2.83446375233254e-05
2.84000000000000e+00 2.66318052779858e+00 2.66321313042021e+00 3.26026216388442e-05
2.84500000000000e+00 2.66038319980447e+00 2.66041737596564e+00 3.41761611695190e-05
2.85000000000000e+00 2.65447570242716e+00 2.65450849718747e+00 3.27947603175893e-05
2.85500000000000e+00 2.64545046289843e+00 2.64547882948272e+00 2.83665842824021e-05
2.86000000000000e+00 2.63331873927823e+00 2.63333972331719e+00 2.09840389535643e-05
2.86500000000000e+00 2.61811056713223e+00 2.61812148518152e+00 1.09180492975369e-05
2.87000000000000e+00 2.59987460009905e+00 2.59987320173000e+00 1.39836905077573e-06
2.87500000000000e+00 2.57867784419380e+00 2.57866244818360e+00 1.53960102058370e-05
2.88000000000000e+00 2.55460528586958e+00 2.55457488279246e+00 3.04030771269836e-05
2.88500000000000e+00 2.52775941415645e+00 2.52771372985530e+00 4.56843011455987e-05
2.89000000000000e+00 2.49825963762943e+00 2.49819915448034e+00 6.04831490909064e-05
2.89500000000000e+00 2.46624159753163e+00 2.46616753293972e+00 7.40645919048433e-05
2.90000000000000e+00 2.43185637908534e+00 2.43177062311339e+00 8.57559719449341e-05
2.90500000000000e+00 2.39526962384696e+00 2.39517464013388e+00 9.49837130757025e-05
2.91000000000000e+00 2.35666054687485e+00 2.35655924292839e+00 1.01303946455467e-04
2.91500000000000e+00 2.31622086344990e+00 2.31611643790350e+00 1.04425546398446e-04
2.92000000000000e+00 2.27415363108096e+00 2.27404940652904e+00 1.04224551920051e-04
2.92500000000000e+00 2.23067201350352e+00 2.23057126404647e+00 1.00749457052185e-04
2.93000000000000e+00 2.18599797430670e+00 2.18590375695213e+00 9.42173545728231e-05
2.93500000000000e+00 2.14036090866791e+00 2.14027590728278e+00 8.50013851318998e-05
2.94000000000000e+00 2.09399622241341e+00 2.09392261205918e+00 7.36103542311461e-05
2.94500000000000e+00 2.04714386823876e+00 2.04708320651984e+00 6.06617189284897e-05
2.95000000000000e+00 2.00004684940482e+00 2.00000000000000e+00 4.68494048235790e-05
2.95500000000000e+00 1.95294970157116e+00 1.95291679348017e+00 3.29080909879931e-05
2.96000000000000e+00 1.90609696363941e+00 1.90607738794082e+00 1.95756985876816e-05
2.96500000000000e+00 1.85973164856307e+00 1.85972409271723e+00 7.55584584033464e-06
2.97000000000000e+00 1.81409372504232e+00 1.81409624304787e+00 2.51800555250981e-06
2.97500000000000e+00 1.76941862087325e+00 1.76942873595354e+00 1.01150802866989e-05
2.98000000000000e+00 1.72593575846596e+00 1.72595059347097e+00 1.48350050175328e-05
2.98500000000000e+00 1.68386713269003e+00 1.68388356209651e+00 1.64294064817216e-05
2.99000000000000e+00 1.64342594075374e+00 1.64344075707161e+00 1.48163178677052e-05
2.99500000000000e+00 1.60481527327564e+00 1.60482535986612e+00 1.00865904764103e-05
3.00000000000000e+00 1.56822687506738e+00 1.56822937688661e+00 2.50181922845094e-06
3.00500000000000e+00 1.53383998342034e+00 1.53383246706028e+00 7.51636005924539e-06
3.01000000000000e+00 1.50182025088185e+00 1.50180084551966e+00 1.94053621860313e-05
3.01500000000000e+00 1.47231875863518e+00 1.47228627014470e+00 3.24884904800982e-05
3.02000000000000e+00 1.44547112567702e+00 1.44542511720755e+00 4.60084694700047e-05
3.02500000000000e+00 1.42139671804238e+00 1.42133755181641e+00 5.91662259761261e-05
3.03000000000000e+00 1.40019796138577e+00 1.40012679827000e+00 7.11631157706005e-05
3.03500000000000e+00 1.38195975932082e+00 1.38187851481848e+00 8.12445023441466e-05
3.04000000000000e+00 1.36674901907782e+00 1.36666027668282e+00 8.87423949964550e-05
3.04500000000000e+00 1.35461428528639e+00 1.35452117051728e+00 9.31147691085599e-05
3.05000000000000e+00 1.34558548205395e+00 1.34549150281253e+00 9.39792414258456e-05
3.05500000000000e+00 1.33967376299998e+00 1.33958262403436e+00 9.11389656153005e-05
3.06000000000000e+00 1.33687146852996e+00 1.33678686957979e+00 8.45989501725430e-05
3.06500000000000e+00 1.33715218938277e+00 1.33707761791153e+00 7.45714712337975e-05
3.07000000000000e+00 1.34047093534535e+00 1.34040946551008e+00 6.14698352656706e-05
3.07500000000000e+00 1.34676440797257e+00 1.34671851756181e+00 4.58904107627500e-05
3.08000000000000e+00 1.35595137614140e+00 1.35592279258843e+00 2.85835529718614e-05
3.08500000000000e+00 1.36793315326928e+00 1.36792273852040e+00 1.04147488826367e-05
3.09000000000000e+00 1.38259417499101e+00 1.38260185702999e+00 7.68203898093844e-06
3.09500000000000e+00 1.39980267597579e+00 1.39982743227203e+00 2.47562962409908e-05
3.10000000000000e+00 1.41941146433882e+00 1.41945135953695e+00 3.98951981350759e-05
3.10500000000000e+00 1.44125879172934e+00 1.44131106870462e+00 5.22769752802077e-05
3.11000000000000e+00 1.46516931664014e+00 1.46523053680290e+00 6.12201627621101e-05
3.11500000000000e+00 1.49095515777573e+00 1.49102138342582e+00 6.62256500942870e-05
3.12000000000000e+00 1.51841703344386e+00 1.51848404225504e+00 6.70088111853762e-05
3.12500000000000e+00 1.54734548191974e+00 1.54740900145948e+00 6.35195397373778e-05
3.13000000000000e+00 1.57752215660726e+00 1.57757810532302e+00 5.59487157605343e-05
3.13500000000000e+00 1.60872118863206e+00 1.60876590907298e+00 4.47204409184110e-05
3.14000000000000e+00 1.64071060830123e+00 1.64074107855382e+00 3.04702525897316e-05
3.14500000000000e+00 1.67325381571206e+00 1.67326782611444e+00 1.40104023720333e-05
3.15000000000000e+00 1.70611108974609e+00 1.70610737385376e+00 3.71589233250091e-06
3.15500000000000e+00 1.73904112380246e+00 1.73901943520098e+00 2.16886014807738e-05
3.16000000000000e+00 1.77180257595407e+00 1.77176370569363e+00 3.88702604439128e-05
3.16500000000000e+00 1.80415562079118e+00 1.80410135376010e+00 5.42670310819116e-05
3.17000000000000e+00 1.83586349007418e+00 1.83579650231313e+00 6.69877610495195e-05
3.17500000000000e+00 1.86669398946298e+00 1.86661769201745e+00 7.62974455219556e-05
3.18000000000000e+00 1.89642097901795e+00 1.89633931720795e+00 8.16618100041300e-05
3.18500000000000e+00 1.92482580585736e+00 1.92474302560309e+00 8.27802542737732e-05
3.19000000000000e+00 1.95169867827585e+00 1.95161907318189e+00 7.96050939602111e-05
3.19500000000000e+00 1.97683997172969e+00 1.97676762586893e+00 7.23458607607697e-05
3.20000000000000e+00 2.00006145832713e+00 2.00000000000000e+00 6.14583271332236e-05
3.20500000000000e+00 2.02118745276352e+00 2.02113983391842e+00 4.76188450986292e-05
3.21000000000000e+00 2.04005586895483e+00 2.04002418347677e+00 3.16854780670894e-05
3.21500000000000e+00 2.05651918289036e+00 2.05650453468774e+00 1.46482026139871e-05
3.22000000000000e+00 2.07044529839425e+00 2.07044772727895e+00 2.42888470047831e-06
3.22500000000000e+00 2.08171831351584e+00 2.08173678345563e+00 1.84699397922650e-05
3.23000000000000e+00 2.09023918612519e+00 2.09027163675968e+00 3.24506344933084e-05
3.23500000000000e+00 2.09592629795921e+00 2.09596975652967e+00 4.34585704645052e-05
3.24000000000000e+00 2.09871591683344e+00 2.09876666410972e+00 5.07472762820704e-05
3.24500000000000e+00 2.09856255701841e+00 2.09861633762302e+00 5.37806046123634e-05
3.25000000000000e+00 2.09543923789349e+00 2.09549150281253e+00 5.22649190348723e-05
3.25500000000000e+00 2.08933764096768e+00 2.08938380815405e+00 4.61671863751789e-05
3.26000000000000e+00 2.08026816523566e+00 2.08030388316029e+00 3.57179246237571e-05
3.26500000000000e+00 2.06825988066353e+00 2.06828127951470e+00 2.13988511719165e-05
3.27000000000000e+00 2.05336037942101e+00 2.05336429539657e+00 3.91597556559375e-06
3.27500000000000e+00 2.03563552434552e+00 2.03561968407860e+00 1.58402669212521e-05
3.28000000000000e+00 2.01516909408345e+00 2.01513224859221e+00 3.68454912345051e-05
3.28500000000000e+00 1.99206232444468e+00 1.99200432495795e+00 5.79994867320188e-05
3.29000000000000e+00 1.96643334576214e+00 1.96635515716554e+00 7.81885965963625e-05
3.29500000000000e+00 1.93841651648519e+00 1.93832016775567e+00 9.63487295220222e-05
3.30000000000000e+00 1.90816165386650e+00 1.90805012849909e+00 1.11525367409993e-04
3.30500000000000e+00 1.87583316341816e+00 1.87571023628479e+00 1.22927133379358e-04
3.31000000000000e+00 1.84160906979944e+00 1.84147909991323e+00 1.29969886207837e-04
3.31500000000000e+00 1.80567995292248e+00 1.80554764404025e+00 1.32308882226262e-04
3.32000000000000e+00 1.76824779428645e+00 1.76811793702778e+00 1.29857258663879e-04
3.32500000000000e+00 1.72952473982456e+00 1.72940194992690e+00 1.22789897653020e-04
3.33000000000000e+00 1.68973178682086e+00 1.68962025424335e+00 1.11532577505846e-04
3.33500000000000e+00 1.64909740367071e+00 1.64900066651302e+00 9.67371576823250e-05
3.34000000000000e+00 1.60785609236774e+00 1.60777684804301e+00 7.92443247346064e-05
3.34500000000000e+00 1.56624690455592e+00 1.56618686845015e+00 6.00361057725429e-05
3.35000000000000e+00 1.52451192274828e+00 1.52447174185243e+00 4.01808958514493e-05
3.35500000000000e+00 1.48289471885622e+00 1.48287394473692e+00 2.07741193096744e-05
3.36000000000000e+00 1.44163880247801e+00 1.44163592464142e+00 2.87783659458363e-06
3.36500000000000e+00 1.40098607145623e+00 1.40099860884315e+00 1.25373869142020e-05
3.37000000000000e+00 1.36117527703755e+00 1.36119992224821e+00 2.46452106649198e-05
3.37500000000000e+00 1.32244051556979e+00 1.32247332361862e+00 3.28080488318783e-05
3.38000000000000e+00 1.28500975807570e+00 1.28504636916086e+00 3.66110851592882e-05
3.38500000000000e+00 1.24910342828028e+00 1.24913931233114e+00 3.58840508594138e-05
3.39000000000000e+00 1.21493303877477e+00 1.21496374848942e+00 3.07097146505786e-05
3.39500000000000e+00 1.18269989401343e+00 1.18272131275752e+00 2.14187440930047e-05
3.40000000000000e+00 1.15259386779639e+00 1.15260243910916e+00 8.57131276421619e-06
3.40500000000000e+00 1.12479226183193e+00 1.12478518834171e+00 7.07349021999981e-06
3.41000000000000e+00 1.09945875092725e+00 1.09943415215529e+00 2.45987719649232e-05
3.41500000000000e+00 1.07674241936090e+00 1.07669944009537e+00 4.29792655369798e-05
3.42000000000000e+00 1.05677689206771e+00 1.05671575560428e+00 6.11364634290901e-05
3.42500000000000e+00 1.03967956343955e+00 1.03960156687779e+00 7.79965617621059e-05
3.43000000000000e+00 1.02555092582920e+00 1.02545837763829e+00 9.25481909110903e-05
3.43500000000000e+00 1.01447399924514e+00 1.01437010232018e+00 1.03896924964930e-04
3.44000000000000e+00 1.00651386325066e+00 1.00640254951957e+00 1.11313731094631e-04
3.44500000000000e+00 1.00171729172051e+00 1.00160301689261e+00 1.14274827906380e-04
3.45000000000000e+00 1.00011249085736e+00 1.00000000000000e+00 1.12490857364422e-04
3.45500000000000e+00 1.00170894070913e+00 1.00160301689261e+00 1.05923816525522e-04
3.46000000000000e+00 1.00649734033677e+00 1.00640254951956e+00 9.47908172042045e-05
3.46500000000000e+00 1.01444965673398e+00 1.01437010232018e+00 7.95544138092463e-05
3.47000000000000e+00 1.02551927756754e+00 1.02545837763829e+00 6.08999292539547e-05
3.47500000000000e+00 1.03964126775951e+00 1.03960156687779e+00 3.97008817165645e-05
3.48000000000000e+00 1.05673272984102e+00 1.05671575560427e+00 1.69742367448489e-05
3.48500000000000e+00 1.07669326784385e+00 1.07669944009536e+00 6.17225150967293e-06
3.49000000000000e+00 1.09940555423738e+00 1.09943415215529e+00 2.85979179099893e-05
3.49500000000000e+00 1.12473599904521e+00 1.12478518834171e+00 4.91892964926688e-05
3.50000000000000e+00 1.15253551977705e+00 1.15260243910915e+00 6.69193321041206e-05
3.50500000000000e+00 1.18264041018014e+00 1.18272131275752e+00 8.09025773851335e-05
3.51000000000000e+00 1.21487330505642e+00 1.21496374848942e+00 9.04434330035730e-05
3.51500000000000e+00 1.24904423751445e+00 1.24913931233114e+00 9.50748166854698e-05
3.52000000000000e+00 1.28495178405000e+00 1.28504636916085e+00 9.45851108526963e-05
3.52500000000000e+00 1.32238429179842e+00 1.32247332361861e+00 8.90318201898221e-05
3.53000000000000e+00 1.36112118120838e+00 1.36119992224821e+00 7.87410398277455e-05
3.53500000000000e+00 1.40093431628257e+00 1.40099860884315e+00 6.42925605764955e-05
3.54000000000000e+00 1.44158943345702e+00 1.44163592464141e+00 4.64911843847116e-05
3.54500000000000e+00 1.48284761918212e+00 1.48287394473691e+00 2.63255547909846e-05
3.55000000000000e+00 1.52446682536600e+00 1.52447174185242e+00 4.91648641798292e-06
3.55500000000000e+00 1.56620341107997e+00 1.56618686845015e+00 1.65426298162075e-05
3.56000000000000e+00 1.60781369833783e+00 1.60777684804300e+00 3.68502948266958e-05
3.56500000000000e+00 1.64905552937585e+00 1.64900066651302e+00 5.48628628311842e-05
3.57000000000000e+00 1.68968981269710e+00 1.68962025424335e+00 6.95584537544480e-05
3.57500000000000e+00 1.72948204521907e+00 1.72940194992690e+00 8.00952921673481e-05
3.58000000000000e+00 1.76820379818093e+00 1.76811793702778e+00 8.58611531509013e-05
3.58500000000000e+00 1.80563415502429e+00 1.80554764404025e+00 8.65109840388900e-05
3.59000000000000e+00 1.84156109024448e+00 1.84147909991322e+00 8.19903312536674e-05
3.59500000000000e+00 1.87578277919665e+00 1.87571023628478e+00 7.25429118628718e-05
3.60000000000000e+00 1.90810882999774e+00 1.90805012849909e+00 5.87014986452861e-05
3.60500000000000e+00 1.93836142995218e+00 1.93832016775567e+00 4.12621965175664e-05
3.61000000000000e+00 1.96637640029536e+00 1.96635515716554e+00 2.12431298236559e-05
3.61500000000000e+00 1.99200415444165e+00 1.99200432495795e+00 1.70516302855361e-07
3.62000000000000e+00 2.01511055628547e+00 2.01513224859221e+00 2.16923067446473e-05
3.62500000000000e+00 2.03557767637828e+00 2.03561968407860e+00 4.20077003218111e-05
3.63000000000000e+00 2.05330444493843e+00 2.05336429539657e+00 5.98504581410531e-05
3.63500000000000e+00 2.06820720159935e+00 2.06828127951470e+00 7.40779153498572e-05
3.64000000000000e+00 2.08022014252882e+00 2.08030388316029e+00 8.37406314699862e-05
3.64500000000000e+00 2.08929566603699e+00 2.08938380815405e+00 8.81421170602081e-05
3.65000000000000e+00 2.09540461802639e+00 2.09549150281253e+00 8.68847861390520e-05
3.65500000000000e+00 2.09853643863421e+00 2.09861633762302e+00 7.98989888117774e-05
3.66000000000000e+00 2.09869921120351e+00 2.09876666410972e+00 6.74529062174578e-05
3.66500000000000e+00 2.09591961433820e+00 2.09596975652967e+00 5.01421914722577e-05
3.67000000000000e+00 2.09024277730475e+00 2.09027163675968e+00 2.88594549360255e-05
3.67500000000000e+00 2.08173203850895e+00 2.08173678345563e+00 4.74494667512815e-06
3.68000000000000e+00 2.07046860627314e+00 2.07044772727895e+00 2.08789941806842e-05
3.68500000000000e+00 2.05655112074250e+00 2.05650453468774e+00 4.65860547560482e-05
3.69000000000000e+00 2.04009511553228e+00 2.04002418347677e+00 7.09320555123405e-05
3.69500000000000e+00 2.02123237775015e+00 2.02113983391842e+00 9.25438317271876e-05
3.70000000000000e+00 2.00011020534097e+00 2.00000000000000e+00 1.10205340967617e-04
3.70500000000000e+00 1.97689056133258e+00 1.97676762586894e+00 1.22935463641616e-04
3.71000000000000e+00 1.95174912552009e+00 1.95161907318189e+00 1.30052338198405e-04
3.71500000000000e+00 1.92487424539785e+00 1.92474302560309e+00 1.31219794756943e-04
3.72000000000000e+00 1.89646578969418e+00 1.89633931720795e+00 1.26472486230211e-04
3.72500000000000e+00 1.86673390962416e+00 1.86661769201745e+00 1.16217606703106e-04
3.73000000000000e+00 1.83589771487055e+00 1.83579650231313e+00 1.01212557418018e-04
3.73500000000000e+00 1.80418387323961e+00 1.80410135376010e+00 8.25194795068818e-05
3.74000000000000e+00 1.77182514481341e+00 1.77176370569363e+00 6.14391197852893e-05
3.74500000000000e+00 1.73905886312941e+00 1.73901943520098e+00 3.94279284259280e-05
3.75000000000000e+00 1.70612537736058e+00 1.70610737385376e+00 1.80035068118034e-05
3.75500000000000e+00 1.67326647055596e+00 1.67326782611444e+00 1.35555847968760e-06
3.76000000000000e+00 1.64072376966044e+00 1.64074107855382e+00 1.73088933792531e-05
3.76500000000000e+00 1.60873716321388e+00 1.60876590907298e+00 2.87458590986223e-05
3.77000000000000e+00 1.57754324231096e+00 1.57757810532303e+00 3.48630120741156e-05
3.77500000000000e+00 1.54737377958884e+00 1.54740900145948e+00 3.52218706407559e-05
3.78000000000000e+00 1.51845425973528e+00 1.51848404225504e+00 2.97825197659307e-05
3.78500000000000e+00 1.49100247333590e+00 1.49102138342582e+00 1.89100899230521e-05
3.79000000000000e+00 1.46522718389431e+00 1.46523053680291e+00 3.35290859698745e-06
3.79500000000000e+00 1.44132687566711e+00 1.44131106870462e+00 1.58069624853763e-05
3.80000000000000e+00 1.41948858767997e+00 1.41945135953695e+00 3.72281430176535e-05
3.80500000000000e+00 1.39988683705843e+00 1.39982743227203e+00 5.94047864010960e-05
3.81000000000000e+00 1.38268263274661e+00 1.38260185702999e+00 8.07757166148004e-05
3.81500000000000e+00 1.36802257892139e+00 1.36792273852040e+00 9.98404009913134e-05
3.82000000000000e+00 1.35603806604667e+00 1.35592279258843e+00 1.15273458240361e-04
3.82500000000000e+00 1.34684454664052e+00 1.34671851756181e+00 1.26029078710177e-04
3.83000000000000e+00 1.34054089251028e+00 1.34040946551008e+00 1.31427000195750e-04
3.83500000000000e+00 1.33720883047675e+00 1.33707761791153e+00 1.31212565214200e-04
3.84000000000000e+00 1.33691245445603e+00 1.33678686957979e+00 1.25584876242923e-04
3.84500000000000e+00 1.33969781315225e+00 1.33958262403436e+00 1.15189117886327e-04
3.85000000000000e+00 1.34559257445318e+00 1.34549150281253e+00 1.01071640652206e-04
3.85500000000000e+00 1.35460576978954e+00 1.35452117051728e+00 8.45992722522393e-05
3.86000000000000e+00 1.36672762405080e+00 1.36666027668282e+00 6.73473679828618e-05
3.86500000000000e+00 1.38192947894510e+00 1.38187851481848e+00 5.09641266284167e-05
3.87000000000000e+00 1.40016381971427e+00 1.40012679826999e+00 3.70214442806382e-05
3.87500000000000e+00 1.42136441661430e+00 1.42133755181640e+00 2.68647978993730e-05
3.88000000000000e+00 1.44544659328675e+00 1.44542511720754e+00 2.14760792107693e-05
3.88500000000000e+00 1.47230763382954e+00 1.47228627014469e+00 2.13636848409582e-05
3.89000000000000e+00 1.50182733881390e+00 1.50180084551966e+00 2.64932942359852e-05
3.89500000000000e+00 1.53386873753925e+00 1.53383246706028e+00 3.62704789651502e-05
3.90000000000000e+00 1.56827895940999e+00 1.56822937688661e+00 4.95825233828295e-05
3.90500000000000e+00 1.60489026152688e+00 1.60482535986612e+00 6.49016607627839e-05
3.91000000000000e+00 1.64352120262515e+00 1.64344075707161e+00 8.04455535390325e-05
3.91500000000000e+00 1.68397794575837e+00 1.68388356209650e+00 9.43836618698679e-05
3.92000000000000e+00 1.72605566420101e+00 1.72595059347097e+00 1.05070730042955e-04
3.92500000000000e+00 1.76954001769954e+00 1.76942873595353e+00 1.11281746010938e-04
3.93000000000000e+00 1.81420866038923e+00 1.81409624304787e+00 1.12417341362470e-04
3.93500000000000e+00 1.85983273849774e+00 1.85972409271722e+00 1.08645780517724e-04
3.94000000000000e+00 1.90617833653634e+00 1.90607738794081e+00 1.00948595521899e-04
3.94500000000000e+00 1.95300783616855e+00 1.95291679348016e+00 9.10426883837800e-05
3.95000000000000e+00 2.00008116331427e+00 2.00000000000000e+00 8.11633142763224e-05
3.95500000000000e+00 2.04715691691266e+00 2.04708320651983e+00 7.37103928285521e-05
3.96000000000000e+00 2.09399339715040e+00 2.09392261205918e+00 7.07850912231578e-05
3.96500000000000e+00 2.14034958099082e+00 2.14027590728278e+00 7.36737080426764e-05
3.97000000000000e+00 2.18598612640843e+00 2.18590375695213e+00 8.23694563014676e-05
3.97500000000000e+00 2.23066652018889e+00 2.23057126404647e+00 9.52561424223397e-05
3.98000000000000e+00 2.27415851207935e+00 2.27404940652903e+00 1.09105550317512e-04
3.98500000000000e+00 2.31623599334775e+00 2.31611643790350e+00 1.19555444249908e-04
3.99000000000000e+00 2.35668147213561e+00 2.35655924292839e+00 1.22229207219604e-04
3.99500000000000e+00 2.39528926311053e+00 2.39517464013388e+00 1.14622976650214e-04
4.00000000000000e+00 2.43186943865762e+00 2.43177062311338e+00 9.88155442338545e-05
