variables = x, value-predict, value-true, error
0.00000000000000e+00 2.43174809163857e+00 2.43177062311339e+00 2.25314748218963e-05
5.00000000000000e-03 2.46614791531228e+00 2.46616753293972e+00 1.96176274389614e-05
1.00000000000000e-02 2.49818184734884e+00 2.49819915448034e+00 1.73071314968354e-05
1.50000000000000e-02 2.52769817971801e+00 2.52771372985530e+00 1.55501372938183e-05
2.00000000000000e-02 2.55456091275776e+00 2.55457488279246e+00 1.39700346926119e-05
2.50000000000000e-02 2.57865022357962e+00 2.57866244818360e+00 1.22246039793161e-05
3.00000000000000e-02 2.59986303947516e+00 2.59987320173000e+00 1.01622548456248e-05
3.50000000000000e-02 2.61811365478080e+00 2.61812148518152e+00 7.83040072738217e-06
4.00000000000000e-02 2.63333432326472e+00 2.63333972331718e+00 5.40005246696396e-06
4.50000000000000e-02 2.64547576511000e+00 2.64547882948272e+00 3.06437271779814e-06
5.00000000000000e-02 2.65450754342380e+00 2.65450849718747e+00 9.53763671152075e-07
5.50000000000000e-02 2.66041828485369e+00 2.66041737596564e+00 9.08888050599188e-07
6.00000000000000e-02 2.66321573781573e+00 2.66321313042021e+00 2.60739551194433e-06
6.50000000000000e-02 2.66292667672867e+00 2.66292238208847e+00 4.29464020745840e-06
7.00000000000000e-02 2.65959666972558e+00 2.65959053448992e+00 6.13523566839191e-06
7.50000000000000e-02 2.65328973029449e+00 2.65328148243819e+00 8.24785629927050e-06
8.00000000000000e-02 2.64408787110885e+00 2.64407720741157e+00 1.06636972714291e-05
8.50000000000000e-02 2.63209057265192e+00 2.63207726147960e+00 1.33111723159551e-05
9.00000000000000e-02 2.61741417213913e+00 2.61739814297001e+00 1.60291691160275e-05
9.50000000000000e-02 2.60019117161632e+00 2.60017256772797e+00 1.86038883418504e-05
1.00000000000000e-01 2.58056945945190e+00 2.58054864046305e+00 2.08189888533106e-05
1.05000000000000e-01 2.55871143762009e+00 2.55868893129538e+00 2.25063247132340e-05
1.10000000000000e-01 2.53479304837935e+00 2.53476946319709e+00 2.35851822525390e-05
1.15000000000000e-01 2.50900269774713e+00 2.50897861657418e+00 2.40811729503854e-05
1.20000000000000e-01 2.48154007864529e+00 2.48151595774496e+00 2.41209003317699e-05
1.25000000000000e-01 2.45261490257008e+00 2.45259099854052e+00 2.39040295570980e-05
1.30000000000000e-01 2.42244555394064e+00 2.42242189467697e+00 2.36592636722044e-05
1.35000000000000e-01 2.39125768492729e+00 2.39123409092702e+00 2.35940002752955e-05
1.40000000000000e-01 2.35928276996681e+00 2.35925892144618e+00 2.38485206329742e-05
1.45000000000000e-01 2.32675663822554e+00 2.32673217388556e+00 2.44643399827105e-05
1.50000000000000e-01 2.29391799932860e+00 2.29389262614624e+00 2.53731823676162e-05
1.55000000000000e-01 2.26100697346552e+00 2.26098056479902e+00 2.64086665016094e-05
1.60000000000000e-01 2.22826363244368e+00 2.22823629430637e+00 2.73381373099291e-05
1.65000000000000e-01 2.19592655433416e+00 2.19589864623990e+00 2.79080942626742e-05
1.70000000000000e-01 2.16423139180077e+00 2.16420349768687e+00 2.78941138964761e-05
1.75000000000000e-01 2.13340945346245e+00 2.13338230798255e+00 2.71454799016801e-05
1.80000000000000e-01 2.10368629876180e+00 2.10366068279205e+00 2.56159697444858e-05
1.85000000000000e-01 2.07528034947446e+00 2.07525697439691e+00 2.33750775491259e-05
1.90000000000000e-01 2.04840152458556e+00 2.04838092681811e+00 2.05977674481161e-05
1.95000000000000e-01 2.02324990901851e+00 2.02323237413107e+00 1.75348874407177e-05
2.00000000000000e-01 2.00001446987358e+00 2.00000000000000e+00 1.44698735811133e-05
2.05000000000000e-01 1.97887183580654e+00 1.97886016608158e+00 1.16697249588071e-05
2.10000000000000e-01 1.95998515558821e+00 1.95997581652323e+00 9.33906497913028e-06
2.15000000000000e-01 1.94350305066247e+00 1.94349546531226e+00 7.58535020861650e-06
2.20000000000000e-01 1.92955867387536e+00 1.92955227272105e+00 6.40115431527200e-06
2.25000000000000e-01 1.91826888291944e+00 1.91826321654437e+00 5.66637507204426e-06
2.30000000000000e-01 1.90973353299444e+00 1.90972836324032e+00 5.16975412123699e-06
2.35000000000000e-01 1.90403488932735e+00 1.90403024347033e+00 4.64585702686371e-06
2.40000000000000e-01 1.90123715705016e+00 1.90123333589028e+00 3.82115988695197e-06
2.45000000000000e-01 1.90138612388059e+00 1.90138366237698e+00 2.46150360938557e-06
2.50000000000000e-01 1.90450891027423e+00 1.90450849718747e+00 4.13086760131520e-07
2.55000000000000e-01 1.91061382218574e+00 1.91061619184595e+00 2.36966020539242e-06
2.60000000000000e-01 1.91969030307176e+00 1.91969611683971e+00 5.81376795016908e-06
2.65000000000000e-01 1.93170898391795e+00 1.93171872048530e+00 9.73656734748474e-06
2.70000000000000e-01 1.94662183241907e+00 1.94663570460343e+00 1.38721843625511e-05
2.75000000000000e-01 1.96436240451092e+00 1.96438031592140e+00 1.79114104847944e-05
2.80000000000000e-01 1.98484620282483e+00 1.98486775140779e+00 2.15485829531126e-05
2.85000000000000e-01 2.00797114700306e+00 2.00799567504205e+00 2.45280389901126e-05
2.90000000000000e-01 2.03361816002624e+00 2.03364484283446e+00 2.66828082220449e-05
2.95000000000000e-01 2.06165187279144e+00 2.06167983224433e+00 2.79594528946880e-05
3.00000000000000e-01 2.09192144634212e+00 2.09194987150091e+00 2.84251587894246e-05
3.05000000000000e-01 2.12426150773799e+00 2.12428976371522e+00 2.82559772268876e-05
3.10000000000000e-01 2.15849319200276e+00 2.15852090008677e+00 2.77080840107580e-05
3.15000000000000e-01 2.19442527936996e+00 2.19445235595975e+00 2.70765897889547e-05
3.20000000000000e-01 2.23185541458384e+00 2.23188206297222e+00 2.66483883746282e-05
3.25000000000000e-01 2.27057139361692e+00 2.27059805007310e+00 2.66564561743898e-05
3.30000000000000e-01 2.31035250298747e+00 2.31037974575665e+00 2.72427691849764e-05
3.35000000000000e-01 2.35097089786275e+00 2.35099933348698e+00 2.84356242317152e-05
3.40000000000000e-01 2.39219300709738e+00 2.39222315195700e+00 3.01448596133902e-05
3.45000000000000e-01 2.43378095591302e+00 2.43381313154985e+00 3.21756368344417e-05
3.50000000000000e-01 2.47549399962229e+00 2.47552825814758e+00 3.42585252894878e-05
3.55000000000000e-01 2.51708996416864e+00 2.51712605526309e+00 3.60910944450232e-05
3.60000000000000e-01 2.55832669089343e+00 2.55836407535859e+00 3.73844651568866e-05
3.65000000000000e-01 2.59896348358300e+00 2.59900139115685e+00 3.79075738492496e-05
3.70000000000000e-01 2.63876255539610e+00 2.63880007775179e+00 3.75223556932092e-05
3.75000000000000e-01 2.67749047181896e+00 2.67752667638138e+00 3.62045624182628e-05
3.80000000000000e-01 2.71491958360353e+00 2.71495363083915e+00 3.40472356143984e-05
3.85000000000000e-01 2.75082944109459e+00 2.75086068766886e+00 3.12465742702273e-05
3.90000000000000e-01 2.78500817888255e+00 2.78503625151058e+00 2.80726280297294e-05
3.95000000000000e-01 2.81725385774589e+00 2.81727868724248e+00 2.48294965841112e-05
4.00000000000000e-01 2.84737574970417e+00 2.84739756089084e+00 2.18111866709947e-05
4.05000000000000e-01 2.87519555188518e+00 2.87521481165829e+00 1.92597731145661e-05
4.10000000000000e-01 2.90054851585426e+00 2.90056584784471e+00 1.73319904499536e-05
4.15000000000000e-01 2.92328448093930e+00 2.92330055990464e+00 1.60789653365079e-05
4.20000000000000e-01 2.94326880265970e+00 2.94328424439572e+00 1.54417360276327e-05
4.25000000000000e-01 2.96038317029622e+00 2.96039843312221e+00 1.52628259839638e-05
4.30000000000000e-01 2.97452631055554e+00 2.97454162236171e+00 1.53118061776425e-05
4.35000000000000e-01 2.98561457684941e+00 2.98562989767982e+00 1.53208304176644e-05
4.40000000000000e-01 2.99358242565805e+00 2.99359745048043e+00 1.50248223800276e-05
4.45000000000000e-01 2.99838278261806e+00 2.99839698310739e+00 1.42004893386449e-05
4.50000000000000e-01 2.99998730132772e+00 3.00000000000000e+00 1.26986722763789e-05
4.55000000000000e-01 2.99838651747356e+00 2.99839698310739e+00 1.04656338297815e-05
4.60000000000000e-01 2.99358989992647e+00 2.99359745048043e+00 7.55055396828297e-06
4.65000000000000e-01 2.98562579918249e+00 2.98562989767982e+00 4.09849733795653e-06
4.70000000000000e-01 2.97454129220883e+00 2.97454162236171e+00 3.30152878813550e-07
4.75000000000000e-01 2.96040192167562e+00 2.96039843312221e+00 3.48855341458787e-06
4.80000000000000e-01 2.94329132693998e+00 2.94328424439572e+00 7.08254425996202e-06
4.85000000000000e-01 2.92331076416450e+00 2.92330055990464e+00 1.02042598610907e-05
4.90000000000000e-01 2.90057851366932e+00 2.90056584784471e+00 1.26658246033529e-05
4.95000000000000e-01 2.87522917401295e+00 2.87521481165829e+00 1.43623546606797e-05
5.00000000000000e-01 2.84741284425371e+00 2.84739756089084e+00 1.52833628721538e-05
5.05000000000000e-01 2.81729419816828e+00 2.81727868724248e+00 1.55109257971020e-05
5.10000000000000e-01 2.78505145665212e+00 2.78503625151058e+00 1.52051415374110e-05
5.15000000000000e-01 2.75087526683501e+00 2.75086068766886e+00 1.45791661574357e-05
5.20000000000000e-01 2.71496749836775e+00 2.71495363083915e+00 1.38675285992207e-05
5.25000000000000e-01 2.67753996867792e+00 2.67752667638138e+00 1.32922965359050e-05
5.30000000000000e-01 2.63881310963347e+00 2.63880007775179e+00 1.30318816840003e-05
5.35000000000000e-01 2.59901458796701e+00 2.59900139115685e+00 1.31968101615421e-05
5.40000000000000e-01 2.55837789107315e+00 2.55836407535859e+00 1.38157145661566e-05
5.45000000000000e-01 2.51714088855252e+00 2.51712605526309e+00 1.48332894291947e-05
5.50000000000000e-01 2.47554437836110e+00 2.47552825814758e+00 1.61202135258165e-05
5.55000000000000e-01 2.43383062488445e+00 2.43381313154985e+00 1.74933345955530e-05
5.60000000000000e-01 2.39224189493875e+00 2.39222315195700e+00 1.87429817555262e-05
5.65000000000000e-01 2.35101899680878e+00 2.35099933348698e+00 1.96633218001452e-05
5.70000000000000e-01 2.31039982709528e+00 2.31037974575665e+00 2.00813386319609e-05
5.75000000000000e-01 2.27061793040126e+00 2.27059805007310e+00 1.98803281641347e-05
5.80000000000000e-01 2.23190107767803e+00 2.23188206297222e+00 1.90147058081180e-05
5.85000000000000e-01 2.19446987023359e+00 2.19445235595975e+00 1.75142738463308e-05
5.90000000000000e-01 2.15853637776886e+00 2.15852090008677e+00 1.54776820893154e-05
5.95000000000000e-01 2.12430282011163e+00 2.12428976371522e+00 1.30563964120256e-05
6.00000000000000e-01 2.09196030333275e+00 2.09194987150091e+00 1.04318318410179e-05
6.05000000000000e-01 2.06168762146091e+00 2.06167983224433e+00 7.78921657618170e-06
6.10000000000000e-01 2.03365013494259e+00 2.03364484283446e+00 5.29210813438041e-06
6.15000000000000e-01 2.00799873628815e+00 2.00799567504205e+00 3.06124610283121e-06
6.20000000000000e-01 1.98486891205930e+00 1.98486775140779e+00 1.16065150979061e-06
6.25000000000000e-01 1.96437990862456e+00 1.96438031592140e+00 4.07296838922377e-07
6.30000000000000e-01 1.94663400712905e+00 1.94663570460343e+00 1.69747438327761e-06
6.35000000000000e-01 1.93171591111295e+00 1.93171872048530e+00 2.80937234564682e-06
6.40000000000000e-01 1.91969224838240e+00 1.91969611683971e+00 3.86845731270569e-06
6.45000000000000e-01 1.91061118726093e+00 1.91061619184595e+00 5.00458501573320e-06
6.50000000000000e-01 1.90450216634377e+00 1.90450849718747e+00 6.33084370593728e-06
6.55000000000000e-01 1.90137573637581e+00 1.90138366237698e+00 7.92600116872322e-06
6.60000000000000e-01 1.90122351283623e+00 1.90123333589028e+00 9.82305404462203e-06
6.65000000000000e-01 1.90401823812391e+00 1.90403024347033e+00 1.20053464185421e-05
6.70000000000000e-01 1.90971395273662e+00 1.90972836324032e+00 1.44105036943287e-05
6.75000000000000e-01 1.91824627533375e+00 1.91826321654437e+00 1.69412106199029e-05
6.80000000000000e-01 1.92953279188463e+00 1.92955227272105e+00 1.94808364148980e-05
6.85000000000000e-01 1.94347355408302e+00 1.94349546531226e+00 2.19112292425550e-05
6.90000000000000e-01 1.95995168675816e+00 1.95997581652323e+00 2.41297650758199e-05
6.95000000000000e-01 1.97883410311294e+00 1.97886016608158e+00 2.60629686352765e-05
7.00000000000000e-01 1.99997232532074e+00 2.00000000000000e+00 2.76746792566840e-05
7.05000000000000e-01 2.02320340643338e+00 2.02323237413106e+00 2.89676976872322e-05
7.10000000000000e-01 2.04835094785972e+00 2.04838092681811e+00 2.99789583895205e-05
7.15000000000000e-01 2.07522620505459e+00 2.07525697439691e+00 3.07693423251543e-05
7.20000000000000e-01 2.10362927269109e+00 2.10366068279205e+00 3.14101009624146e-05
7.25000000000000e-01 2.13335033961694e+00 2.13338230798255e+00 3.19683656089254e-05
7.30000000000000e-01 2.16417100339813e+00 2.16420349768687e+00 3.24942887441892e-05
7.35000000000000e-01 2.19586563423871e+00 2.19589864623990e+00 3.30120011904356e-05
7.40000000000000e-01 2.22820277846599e+00 2.22823629430637e+00 3.35158403870217e-05
7.45000000000000e-01 2.26094659245799e+00 2.26098056479902e+00 3.39723410336390e-05
7.50000000000000e-01 2.29385829869517e+00 2.29389262614624e+00 3.43274510661296e-05
7.55000000000000e-01 2.32669765636385e+00 2.32673217388556e+00 3.45175217142391e-05
7.60000000000000e-01 2.35922443946789e+00 2.35925892144618e+00 3.44819782895911e-05
7.65000000000000e-01 2.39119991561097e+00 2.39123409092702e+00 3.41753160437719e-05
7.70000000000000e-01 2.42238831845316e+00 2.42242189467697e+00 3.35762238101722e-05
7.75000000000000e-01 2.45255830635703e+00 2.45259099854052e+00 3.26921834865601e-05
7.80000000000000e-01 2.48148439901958e+00 2.48151595774496e+00 3.15587253791882e-05
7.85000000000000e-01 2.50894838308539e+00 2.50897861657418e+00 3.02334887889444e-05
7.90000000000000e-01 2.53474067702443e+00 2.53476946319709e+00 2.87861726615546e-05
7.95000000000000e-01 2.55866164509574e+00 2.55868893129538e+00 2.72861996344353e-05
8.00000000000000e-01 2.58052285013183e+00 2.58054864046305e+00 2.57903312199659e-05
8.05000000000000e-01 2.60014823523570e+00 2.60017256772797e+00 2.43324922726273e-05
8.10000000000000e-01 2.61737522528260e+00 2.61739814297001e+00 2.29176874144699e-05
8.15000000000000e-01 2.63205574029256e+00 2.63207726147960e+00 2.15211870404630e-05
8.20000000000000e-01 2.64405711416545e+00 2.64407720741157e+00 2.00932461273950e-05
8.25000000000000e-01 2.65326291378644e+00 2.65328148243819e+00 1.85686517473194e-05
8.30000000000000e-01 2.65957365495163e+00 2.65959053448992e+00 1.68795382879949e-05
8.35000000000000e-01 2.66290741278006e+00 2.66292238208847e+00 1.49693084092739e-05
8.40000000000000e-01 2.66320032516402e+00 2.66321313042021e+00 1.28052561985115e-05
8.45000000000000e-01 2.66040698831481e+00 2.66041737596564e+00 1.03876508319445e-05
8.50000000000000e-01 2.65450074360411e+00 2.65450849718747e+00 7.75358336113641e-06
8.55000000000000e-01 2.64547385476116e+00 2.64547882948272e+00 4.97472155869261e-06
8.60000000000000e-01 2.63333757419341e+00 2.63333972331718e+00 2.14912377760612e-06
8.65000000000000e-01 2.61812209691235e+00 2.61812148518153e+00 6.11730827770884e-07
8.70000000000000e-01 2.59987640042847e+00 2.59987320173000e+00 3.19869847054122e-06
8.75000000000000e-01 2.57866796916997e+00 2.57866244818360e+00 5.52098636896758e-06
8.80000000000000e-01 2.55458240257048e+00 2.55457488279246e+00 7.51977802249115e-06
8.85000000000000e-01 2.52772290698917e+00 2.52771372985530e+00 9.17713387194041e-06
8.90000000000000e-01 2.49820967302837e+00 2.49819915448034e+00 1.05185480339109e-05
8.95000000000000e-01 2.46617914148765e+00 2.46616753293972e+00 1.16085479313632e-05
9.00000000000000e-01 2.43178316297517e+00 2.43177062311339e+00 1.25398617831785e-05
9.05000000000000e-01 2.39518805789528e+00 2.39517464013388e+00 1.34177613988484e-05
9.10000000000000e-01 2.35657358495890e+00 2.35655924292839e+00 1.43420305072084e-05
9.15000000000000e-01 2.31613182736746e+00 2.31611643790350e+00 1.53894639640662e-05
9.20000000000000e-01 2.27406600631106e+00 2.27404940652903e+00 1.65997820307240e-05
9.25000000000000e-01 2.23058923138704e+00 2.23057126404647e+00 1.79673405713565e-05
9.30000000000000e-01 2.18592319705772e+00 2.18590375695213e+00 1.94401055901849e-05
9.35000000000000e-01 2.14029683346989e+00 2.14027590728277e+00 2.09261871164657e-05
9.40000000000000e-01 2.09394491904662e+00 2.09392261205918e+00 2.23069874452086e-05
9.45000000000000e-01 2.04710666144108e+00 2.04708320651983e+00 2.34549212527746e-05
9.50000000000000e-01 2.00002425289739e+00 2.00000000000000e+00 2.42528973917189e-05
9.55000000000000e-01 1.95294140592619e+00 1.95291679348017e+00 2.46124460228092e-05
9.60000000000000e-01 1.90610187552359e+00 1.90607738794082e+00 2.44875827704050e-05
9.65000000000000e-01 1.85974797490633e+00 1.85972409271723e+00 2.38821890983232e-05
9.70000000000000e-01 1.81411909278523e+00 1.81409624304787e+00 2.28497373637726e-05
9.75000000000000e-01 1.76945022137729e+00 1.76942873595353e+00 2.14854237583495e-05
9.80000000000000e-01 1.72597050545623e+00 1.72595059347097e+00 1.99119852646312e-05
9.85000000000000e-01 1.68390182356583e+00 1.68388356209650e+00 1.82614693222671e-05
9.90000000000000e-01 1.64345741291008e+00 1.64344075707161e+00 1.66558384684379e-05
9.95000000000000e-01 1.60484054930122e+00 1.60482535986612e+00 1.51894351050341e-05
1.00000000000000e+00 1.56824329287830e+00 1.56822937688661e+00 1.39159916885401e-05
1.00500000000000e+00 1.53384530917574e+00 1.53383246706028e+00 1.28421154579339e-05
1.01000000000000e+00 1.50181277365570e+00 1.50180084551966e+00 1.19281360397849e-05
1.01500000000000e+00 1.47229736619494e+00 1.47228627014470e+00 1.10960502444080e-05
1.02000000000000e+00 1.44543536042288e+00 1.44542511720755e+00 1.02432153306076e-05
1.02500000000000e+00 1.42134681141050e+00 1.42133755181640e+00 9.25959409436850e-06
1.03000000000000e+00 1.40013484413653e+00 1.40012679827000e+00 8.04586653346817e-06
1.03500000000000e+00 1.38188504447296e+00 1.38187851481848e+00 6.52965448422194e-06
1.04000000000000e+00 1.36666495413959e+00 1.36666027668282e+00 4.67745677856790e-06
1.04500000000000e+00 1.35452367111250e+00 1.35452117051728e+00 2.50059521889057e-06
1.05000000000000e+00 1.34549155722375e+00 1.34549150281253e+00 5.44112279676767e-08
1.05500000000000e+00 1.33958005501579e+00 1.33958262403436e+00 2.56901857431657e-06
1.06000000000000e+00 1.33678161616145e+00 1.33678686957979e+00 5.25341833657045e-06
1.06500000000000e+00 1.33706974379313e+00 1.33707761791153e+00 7.87411840086349e-06
1.07000000000000e+00 1.34039915079872e+00 1.34040946551008e+00 1.03147113597046e-05
1.07500000000000e+00 1.34670603548506e+00 1.34671851756181e+00 1.24820767513079e-05
1.08000000000000e+00 1.35590847498555e+00 1.35592279258843e+00 1.43176028766234e-05
1.08500000000000e+00 1.36790693545731e+00 1.36792273852040e+00 1.58030630921235e-05
1.09000000000000e+00 1.38258489658224e+00 1.38260185702999e+00 1.69604477457952e-05
1.09500000000000e+00 1.39980958629352e+00 1.39982743227203e+00 1.78459785105112e-05
1.10000000000000e+00 1.41943282014206e+00 1.41945135953695e+00 1.85393948948231e-05
1.10500000000000e+00 1.44129193843172e+00 1.44131106870462e+00 1.91302729002363e-05
1.11000000000000e+00 1.46521083328761e+00 1.46523053680291e+00 1.97035152968983e-05
1.11500000000000e+00 1.49100105723315e+00 1.49102138342582e+00 2.03261926674525e-05
1.12000000000000e+00 1.51846300463437e+00 1.51848404225504e+00 2.10376206748464e-05
1.12500000000000e+00 1.54738715746870e+00 1.54740900145948e+00 2.18439907828660e-05
1.13000000000000e+00 1.57755538719294e+00 1.57757810532303e+00 2.27181300878065e-05
1.13500000000000e+00 1.60874230489844e+00 1.60876590907298e+00 2.36041745422799e-05
1.14000000000000e+00 1.64071665232909e+00 1.64074107855382e+00 2.44262247319771e-05
1.14500000000000e+00 1.67324272659375e+00 1.67326782611444e+00 2.50995206845239e-05
1.15000000000000e+00 1.70608183146104e+00 1.70610737385376e+00 2.55423927275622e-05
1.15500000000000e+00 1.73899374795677e+00 1.73901943520098e+00 2.56872442134792e-05
1.16000000000000e+00 1.77173821661501e+00 1.77176370569363e+00 2.54890786197670e-05
1.16500000000000e+00 1.80407642322119e+00 1.80410135376010e+00 2.49305389083965e-05
1.17000000000000e+00 1.83577247931760e+00 1.83579650231313e+00 2.40229955303928e-05
1.17500000000000e+00 1.86659488820982e+00 1.86661769201745e+00 2.28038076290904e-05
1.18000000000000e+00 1.89631798680661e+00 1.89633931720795e+00 2.13304013381155e-05
1.18500000000000e+00 1.92472335341102e+00 1.92474302560309e+00 1.96721920724396e-05
1.19000000000000e+00 1.95160117159802e+00 1.95161907318189e+00 1.79015838703833e-05
1.19500000000000e+00 1.97675154057129e+00 1.97676762586894e+00 1.60852976407444e-05
1.20000000000000e+00 1.99998572287006e+00 2.00000000000000e+00 1.42771299398436e-05
1.20500000000000e+00 2.02112732095610e+00 2.02113983391842e+00 1.25129623254061e-05
1.21000000000000e+00 2.04001337499593e+00 2.04002418347677e+00 1.08084808330133e-05
1.21500000000000e+00 2.05649537500734e+00 2.05650453468774e+00 9.15968039949533e-06
1.22000000000000e+00 2.07044018140733e+00 2.07044772727895e+00 7.54587162044018e-06
1.22500000000000e+00 2.08173084883702e+00 2.08173678345563e+00 5.93461860898259e-06
1.23000000000000e+00 2.09026734891488e+00 2.09027163675968e+00 4.28784480011046e-06
1.23500000000000e+00 2.09596718826850e+00 2.09596975652967e+00 2.56826117261966e-06
1.24000000000000e+00 2.09876591881128e+00 2.09876666410972e+00 7.45298442073050e-07
1.24500000000000e+00 2.09861753777605e+00 2.09861633762302e+00 1.20015302673693e-06
1.25000000000000e+00 2.09549477550866e+00 2.09549150281253e+00 3.27269613009662e-06
1.25500000000000e+00 2.08938926948701e+00 2.08938380815405e+00 5.46133295697970e-06
1.26000000000000e+00 2.08031162349035e+00 2.08030388316029e+00 7.74033005868091e-06
1.26500000000000e+00 2.06829135132689e+00 2.06828127951470e+00 1.00718121847088e-05
1.27000000000000e+00 2.05337670505583e+00 2.05336429539657e+00 1.24096592593048e-05
1.27500000000000e+00 2.03563438822952e+00 2.03561968407860e+00 1.47041509204193e-05
1.28000000000000e+00 2.01514915533962e+00 2.01513224859221e+00 1.69067474113938e-05
1.28500000000000e+00 1.99202329937659e+00 1.99200432495795e+00 1.89744186380736e-05
1.29000000000000e+00 1.96637603019350e+00 1.96635515716554e+00 2.08730279609437e-05
1.29500000000000e+00 1.93834274718421e+00 1.93832016775567e+00 2.25794285424463e-05
1.30000000000000e+00 1.90807421061589e+00 1.90805012849909e+00 2.40821168031591e-05
1.30500000000000e+00 1.87573561676823e+00 1.87571023628478e+00 2.53804834435822e-05
1.31000000000000e+00 1.84150558279536e+00 1.84147909991323e+00 2.64828821374685e-05
1.31500000000000e+00 1.80557504791531e+00 1.80554764404025e+00 2.74038750545103e-05
1.32000000000000e+00 1.76814609812431e+00 1.76811793702778e+00 2.81610965311430e-05
1.32500000000000e+00 1.72943072211814e+00 1.72940194992690e+00 2.87721912370920e-05
1.33000000000000e+00 1.68964950647613e+00 1.68962025424335e+00 2.92522327800526e-05
1.33500000000000e+00 1.64903027843564e+00 1.64900066651302e+00 2.96119226168567e-05
1.34000000000000e+00 1.60780670476924e+00 1.60777684804300e+00 2.98567262366767e-05
1.34500000000000e+00 1.56621685539736e+00 1.56618686845015e+00 2.99869472077940e-05
1.35000000000000e+00 1.52450174044775e+00 1.52447174185242e+00 2.99985953304827e-05
1.35500000000000e+00 1.48290382953219e+00 1.48287394473691e+00 2.98847952784342e-05
1.36000000000000e+00 1.44166556206483e+00 1.44163592464141e+00 2.96374234141084e-05
1.36500000000000e+00 1.40102785750298e+00 1.40099860884315e+00 2.92486598327812e-05
1.37000000000000e+00 1.36122863444624e+00 1.36119992224821e+00 2.87121980337979e-05
1.37500000000000e+00 1.32250134757127e+00 1.32247332361862e+00 2.80239526524451e-05
1.38000000000000e+00 1.28507355138817e+00 1.28504636916085e+00 2.71822273152367e-05
1.38500000000000e+00 1.24916549975629e+00 1.24913931233114e+00 2.61874251525906e-05
1.39000000000000e+00 1.21498878997064e+00 1.21496374848942e+00 2.50414812248412e-05
1.39500000000000e+00 1.18274506000760e+00 1.18272131275752e+00 2.37472500768110e-05
1.40000000000000e+00 1.15262474719159e+00 1.15260243910916e+00 2.23080824370836e-05
1.40500000000000e+00 1.12480591611466e+00 1.12478518834171e+00 2.07277729589173e-05
1.41000000000000e+00 1.09945316312098e+00 1.09943415215529e+00 1.90109656972304e-05
1.41500000000000e+00 1.07671660408059e+00 1.07669944009536e+00 1.71639852277750e-05
1.42000000000000e+00 1.05673095154660e+00 1.05671575560428e+00 1.51959423231318e-05
1.42500000000000e+00 1.03961468674727e+00 1.03960156687779e+00 1.31198694806045e-05
1.43000000000000e+00 1.02546933123170e+00 1.02545837763829e+00 1.09535934149640e-05
1.43500000000000e+00 1.01437882238234e+00 1.01437010232018e+00 8.72006216390275e-06
1.44000000000000e+00 1.00640899643446e+00 1.00640254951957e+00 6.44691489792848e-06
1.44500000000000e+00 1.00160718209695e+00 1.00160301689261e+00 4.16520434409762e-06
1.45000000000000e+00 1.00000190733385e+00 1.00000000000000e+00 1.90733384641817e-06
1.45500000000000e+00 1.00160272132027e+00 1.00160301689261e+00 2.95572340602845e-07
1.46000000000000e+00 1.00640013300460e+00 1.00640254951957e+00 2.41651496990514e-06
1.46500000000000e+00 1.01436566706939e+00 1.01437010232018e+00 4.43525078996920e-06
1.47000000000000e+00 1.02545203737286e+00 1.02545837763829e+00 6.34026542445376e-06
1.47500000000000e+00 1.03959343716839e+00 1.03960156687779e+00 8.12970939856328e-06
1.48000000000000e+00 1.05670594455200e+00 1.05671575560428e+00 9.81105227815249e-06
1.48500000000000e+00 1.07668804070052e+00 1.07669944009536e+00 1.13993948414048e-05
1.49000000000000e+00 1.09942123756887e+00 1.09943415215529e+00 1.29145864145030e-05
1.49500000000000e+00 1.12477081085064e+00 1.12478518834171e+00 1.43774910654759e-05
1.50000000000000e+00 1.15258663320988e+00 1.15260243910916e+00 1.58058992778543e-05
1.50500000000000e+00 1.18270410209286e+00 1.18272131275752e+00 1.72106646616488e-05
1.51000000000000e+00 1.21494515584680e+00 1.21496374848942e+00 1.85926426223837e-05
1.51500000000000e+00 1.24911937141350e+00 1.24913931233114e+00 1.99409176402376e-05
1.52000000000000e+00 1.28502513652094e+00 1.28504636916085e+00 2.12326399113838e-05
1.52500000000000e+00 1.32245088904420e+00 1.32247332361862e+00 2.24345744228582e-05
1.53000000000000e+00 1.36117641602039e+00 1.36119992224821e+00 2.35062278242104e-05
1.53500000000000e+00 1.40097420464752e+00 1.40099860884315e+00 2.44041956329877e-05
1.54000000000000e+00 1.44161083744567e+00 1.44163592464141e+00 2.50871957412357e-05
1.54500000000000e+00 1.48284842358796e+00 1.48287394473691e+00 2.55211489492702e-05
1.55000000000000e+00 1.52444605820594e+00 1.52447174185242e+00 2.56836464840315e-05
1.55500000000000e+00 1.56616130124003e+00 1.56618686845015e+00 2.55672101185933e-05
1.56000000000000e+00 1.60775166715036e+00 1.60777684804300e+00 2.51808926441388e-05
1.56500000000000e+00 1.64897611654727e+00 1.64900066651302e+00 2.45499657449688e-05
1.57000000000000e+00 1.68959654056993e+00 1.68962025424335e+00 2.37136734198007e-05
1.57500000000000e+00 1.72937922866239e+00 1.72940194992690e+00 2.27212645074193e-05
1.58000000000000e+00 1.76809631029762e+00 1.76811793702778e+00 2.16267301680340e-05
1.58500000000000e+00 1.80552716120194e+00 1.80554764404025e+00 2.04828383081335e-05
1.59000000000000e+00 1.84145976475428e+00 1.84147909991323e+00 1.93351589439228e-05
1.59500000000000e+00 1.87569201948398e+00 1.87571023628478e+00 1.82168008078243e-05
1.60000000000000e+00 1.90803298397318e+00 1.90805012849909e+00 1.71445259069536e-05
1.60500000000000e+00 1.93830405097785e+00 1.93832016775567e+00 1.61167778143234e-05
1.61000000000000e+00 1.96634004320414e+00 1.96635515716554e+00 1.51139614064100e-05
1.61500000000000e+00 1.99199022389520e+00 1.99200432495795e+00 1.41010627523475e-05
1.62000000000000e+00 2.01511921617058e+00 2.01513224859221e+00 1.30324216285338e-05
1.62500000000000e+00 2.03560782588525e+00 2.03561968407860e+00 1.18581933485906e-05
1.63000000000000e+00 2.05335376360330e+00 2.05336429539657e+00 1.05317932681537e-05
1.63500000000000e+00 2.06827226207618e+00 2.06828127951470e+00 9.01743851988712e-06
1.64000000000000e+00 2.08029658634417e+00 2.08030388316029e+00 7.29681611533195e-06
1.64500000000000e+00 2.08937843421761e+00 2.08938380815405e+00 5.37393644695072e-06
1.65000000000000e+00 2.09548822542649e+00 2.09549150281253e+00 3.27738603811412e-06
1.65500000000000e+00 2.09861527815482e+00 2.09861633762302e+00 1.05946820383451e-06
1.66000000000000e+00 2.09876787201704e+00 2.09876666410972e+00 1.20790731994447e-06
1.66500000000000e+00 2.09597319682366e+00 2.09596975652967e+00 3.44029398569035e-06
1.67000000000000e+00 2.09027718676917e+00 2.09027163675968e+00 5.55000948709861e-06
1.67500000000000e+00 2.08174424001620e+00 2.08173678345563e+00 7.45656056944100e-06
1.68000000000000e+00 2.07045682410103e+00 2.07044772727895e+00 9.09682207339557e-06
1.68500000000000e+00 2.05651496819695e+00 2.05650453468774e+00 1.04335092121488e-05
1.69000000000000e+00 2.04003564407225e+00 2.04002418347677e+00 1.14605954859570e-05
1.69500000000000e+00 2.02115203857225e+00 2.02113983391842e+00 1.22046538306719e-05
1.70000000000000e+00 2.00001272161140e+00 2.00000000000000e+00 1.27216114007567e-05
1.70500000000000e+00 1.97678071492053e+00 1.97676762586893e+00 1.30890515959159e-05
1.71000000000000e+00 1.95163246806731e+00 1.95161907318189e+00 1.33948854172949e-05
1.71500000000000e+00 1.92475674944782e+00 1.92474302560309e+00 1.37238447357468e-05
1.72000000000000e+00 1.89635346092306e+00 1.89633931720795e+00 1.41437151128798e-05
1.72500000000000e+00 1.86663238544974e+00 1.86661769201745e+00 1.46934322859948e-05
1.73000000000000e+00 1.83581187736457e+00 1.83579650231313e+00 1.53750514391149e-05
1.73500000000000e+00 1.80411750490608e+00 1.80410135376010e+00 1.61511459781938e-05
1.74000000000000e+00 1.77178065413501e+00 1.77176370569363e+00 1.69484413796717e-05
1.74500000000000e+00 1.73903710273534e+00 1.73901943520098e+00 1.76675343621646e-05
1.75000000000000e+00 1.70612557138304e+00 1.70610737385376e+00 1.81975292781189e-05
1.75500000000000e+00 1.67328625962456e+00 1.67326782611444e+00 1.84335101200972e-05
1.76000000000000e+00 1.64075937268099e+00 1.64074107855382e+00 1.82941271698045e-05
1.76500000000000e+00 1.60878364542320e+00 1.60876590907298e+00 1.77363502171790e-05
1.77000000000000e+00 1.57759487002876e+00 1.57757810532303e+00 1.67647057320863e-05
1.77500000000000e+00 1.54742443453182e+00 1.54740900145948e+00 1.54330723372009e-05
1.78000000000000e+00 1.51849788052195e+00 1.51848404225504e+00 1.38382669065962e-05
1.78500000000000e+00 1.49103348946625e+00 1.49102138342582e+00 1.21060404258966e-05
1.79000000000000e+00 1.46524090828904e+00 1.46523053680291e+00 1.03714861374726e-05
1.79500000000000e+00 1.44131982569549e+00 1.44131106870462e+00 8.75699086999582e-06
1.80000000000000e+00 1.41945871104235e+00 1.41945135953695e+00 7.35150539532547e-06
1.80500000000000e+00 1.39983362718573e+00 1.39982743227203e+00 6.19491370623670e-06
1.81000000000000e+00 1.38260712762300e+00 1.38260185702999e+00 5.27059301069777e-06
1.81500000000000e+00 1.36792724647033e+00 1.36792273852040e+00 4.50794992890025e-06
1.82000000000000e+00 1.35592658757856e+00 1.35592279258843e+00 3.79499013369866e-06
1.82500000000000e+00 1.34672151668154e+00 1.34671851756181e+00 2.99911973078437e-06
1.83000000000000e+00 1.34041145823668e+00 1.34040946551008e+00 1.99272659950900e-06
1.83500000000000e+00 1.33707829688768e+00 1.33707761791153e+00 6.78976143086985e-07
1.84000000000000e+00 1.33678588251091e+00 1.33678686957979e+00 9.87068871971530e-07
1.84500000000000e+00 1.33957963772819e+00 1.33958262403436e+00 2.98630617123763e-06
1.85000000000000e+00 1.34548626754272e+00 1.34549150281253e+00 5.23526981099920e-06
1.85500000000000e+00 1.35451357217650e+00 1.35452117051728e+00 7.59834078678523e-06
1.86000000000000e+00 1.36665036589846e+00 1.36666027668282e+00 9.91078435474968e-06
1.86500000000000e+00 1.38186650618538e+00 1.38187851481848e+00 1.20086330992475e-05
1.87000000000000e+00 1.40011303848533e+00 1.40012679827000e+00 1.37597846630033e-05
1.87500000000000e+00 1.42132246176761e+00 1.42133755181640e+00 1.50900487918548e-05
1.88000000000000e+00 1.44540911871901e+00 1.44542511720755e+00 1.59984885386155e-05
1.88500000000000e+00 1.47226971189582e+00 1.47228627014470e+00 1.65582488735883e-05
1.89000000000000e+00 1.50178394363830e+00 1.50180084551967e+00 1.69018813622746e-05
1.89500000000000e+00 1.53381527361726e+00 1.53383246706028e+00 1.71934430184262e-05
1.90000000000000e+00 1.56821178419161e+00 1.56822937688661e+00 1.75926949974592e-05
1.90500000000000e+00 1.60480714102054e+00 1.60482535986612e+00 1.82188455761789e-05
1.91000000000000e+00 1.64342163517756e+00 1.64344075707161e+00 1.91218940492899e-05
1.91500000000000e+00 1.68386329365122e+00 1.68388356209650e+00 2.02684452881297e-05
1.92000000000000e+00 1.72592904748809e+00 1.72595059347097e+00 2.15459828829534e-05
1.92500000000000e+00 1.76940595041272e+00 1.76942873595353e+00 2.27855408121425e-05
1.93000000000000e+00 1.81407244467214e+00 1.81409624304787e+00 2.37983757302995e-05
1.93500000000000e+00 1.85969967406185e+00 1.85972409271723e+00 2.44186553712833e-05
1.94000000000000e+00 1.90605284564270e+00 1.90607738794082e+00 2.45422981155485e-05
1.94500000000000e+00 1.95289264095010e+00 1.95291679348017e+00 2.41525300632706e-05
1.95000000000000e+00 1.99997667447499e+00 2.00000000000000e+00 2.33255250050579e-05
1.95500000000000e+00 2.04706099242015e+00 2.04708320651983e+00 2.22140996815057e-05
1.96000000000000e+00 2.09390159928701e+00 2.09392261205918e+00 2.10127721698150e-05
1.96500000000000e+00 2.14025599506857e+00 2.14027590728277e+00 1.99122142077179e-05
1.97000000000000e+00 2.18588470296570e+00 2.18590375695213e+00 1.90539864286521e-05
1.97500000000000e+00 2.23055276741777e+00 2.23057126404646e+00 1.84966286917998e-05
1.98000000000000e+00 2.27403120496994e+00 2.27404940652903e+00 1.82015590830531e-05
1.98500000000000e+00 2.31609839546902e+00 2.31611643790350e+00 1.80424344820018e-05
1.99000000000000e+00 2.35654140707613e+00 2.35655924292839e+00 1.78358522573419e-05
1.99500000000000e+00 2.39515725412791e+00 2.39517464013388e+00 1.73860059682340e-05
2.00000000000000e+00 2.43175409061964e+00 2.43177062311339e+00 1.65324937433375e-05
2.00500000000000e+00 2.46615234317173e+00 2.46616753293972e+00 1.51897679869784e-05
2.01000000000000e+00 2.49818578563232e+00 2.49819915448034e+00 1.33688480148386e-05
2.01500000000000e+00 2.52770255355343e+00 2.52771372985530e+00 1.11763018719735e-05
2.02000000000000e+00 2.55456609179372e+00 2.55457488279245e+00 8.79099872941325e-06
2.02500000000000e+00 2.57865602381841e+00 2.57866244818359e+00 6.42436518560885e-06
2.03000000000000e+00 2.59986892813158e+00 2.59987320173000e+00 4.27359842491981e-06
2.03500000000000e+00 2.61811900650446e+00 2.61812148518152e+00 2.47867706049121e-06
2.04000000000000e+00 2.63333863047170e+00 2.63333972331718e+00 1.09284548388544e-06
2.04500000000000e+00 2.64547875656225e+00 2.64547882948272e+00 7.29204625571356e-08
2.05000000000000e+00 2.65450920604470e+00 2.65450849718747e+00 7.08857228026716e-07
2.05500000000000e+00 2.66041881049101e+00 2.66041737596564e+00 1.43452537360034e-06
2.06000000000000e+00 2.66321542912051e+00 2.66321313042021e+00 2.29870029544443e-06
2.06500000000000e+00 2.66292584685881e+00 2.66292238208847e+00 3.46477033863479e-06
2.07000000000000e+00 2.65959556293379e+00 2.65959053448992e+00 5.02844387684220e-06
2.07500000000000e+00 2.65328847869775e+00 2.65328148243819e+00 6.99625955746797e-06
2.08000000000000e+00 2.64408649069263e+00 2.64407720741157e+00 9.28328105054277e-06
2.08500000000000e+00 2.63208899153541e+00 2.63207726147960e+00 1.17300558053479e-05
2.09000000000000e+00 2.61741227787393e+00 2.61739814297001e+00 1.41349039242122e-05
2.09500000000000e+00 2.60018886226439e+00 2.60017256772797e+00 1.62945364179379e-05
2.10000000000000e+00 2.58056668493262e+00 2.58054864046305e+00 1.80444695705440e-05
2.10500000000000e+00 2.55870822225541e+00 2.55868893129538e+00 1.92909600311708e-05
2.11000000000000e+00 2.53478949131674e+00 2.53476946319710e+00 2.00281196467422e-05
2.11500000000000e+00 2.50899895360895e+00 2.50897861657418e+00 2.03370347695575e-05
2.12000000000000e+00 2.48153632517882e+00 2.48151595774496e+00 2.03674338625781e-05
2.12500000000000e+00 2.45261130449327e+00 2.45259099854052e+00 2.03059527521532e-05
2.13000000000000e+00 2.42244223231569e+00 2.42242189467697e+00 2.03376387184484e-05
2.13500000000000e+00 2.39125469944657e+00 2.39123409092702e+00 2.06085195531003e-05
2.14000000000000e+00 2.35928011809398e+00 2.35925892144618e+00 2.11966478027570e-05
2.14500000000000e+00 2.32675427103612e+00 2.32673217388556e+00 2.20971505520140e-05
2.15000000000000e+00 2.29391585004307e+00 2.29389262614624e+00 2.32238968354004e-05
2.15500000000000e+00 2.26100499185628e+00 2.26098056479902e+00 2.44270572582472e-05
2.16000000000000e+00 2.22826181705732e+00 2.22823629430637e+00 2.55227509455835e-05
2.16500000000000e+00 2.19592497498925e+00 2.19589864623990e+00 2.63287493496023e-05
2.17000000000000e+00 2.16423019692132e+00 2.16420349768687e+00 2.66992344450934e-05
2.17500000000000e+00 2.13340886000544e+00 2.13338230798255e+00 2.65520228968086e-05
2.18000000000000e+00 2.10368656611595e+00 2.10366068279205e+00 2.58833238984124e-05
2.18500000000000e+00 2.07528174201700e+00 2.07525697439691e+00 2.47676200855196e-05
2.19000000000000e+00 2.04840426994603e+00 2.04838092681811e+00 2.33431279217378e-05
2.19500000000000e+00 2.02325416008232e+00 2.02323237413107e+00 2.17859512541274e-05
2.20000000000000e+00 2.00002027800735e+00 2.00000000000000e+00 2.02780073470521e-05
2.20500000000000e+00 1.97887914083569e+00 1.97886016608158e+00 1.89747541130547e-05
2.21000000000000e+00 1.95999379508501e+00 1.95997581652323e+00 1.79785617737682e-05
2.21500000000000e+00 1.94351278765714e+00 1.94349546531226e+00 1.73223448804993e-05
2.22000000000000e+00 1.92956923879527e+00 1.92955227272105e+00 1.69660742197486e-05
2.22500000000000e+00 1.91828002295773e+00 1.91826321654437e+00 1.68064133523327e-05
2.23000000000000e+00 1.90974506064495e+00 1.90972836324032e+00 1.66974046365009e-05
2.23500000000000e+00 1.90404672173328e+00 1.90403024347033e+00 1.64782629512583e-05
2.24000000000000e+00 1.90124933911206e+00 1.90123333589028e+00 1.60032217833006e-05
2.24500000000000e+00 1.90139883055006e+00 1.90138366237698e+00 1.51681730835573e-05
2.25000000000000e+00 1.90452242673471e+00 1.90450849718747e+00 1.39295472354473e-05
2.25500000000000e+00 1.91062850418570e+00 1.91061619184595e+00 1.23123397532954e-05
2.26000000000000e+00 1.91970652297469e+00 1.91969611683971e+00 1.04061349746054e-05
2.26500000000000e+00 1.93172707054736e+00 1.93171872048530e+00 8.35006206667543e-06
2.27000000000000e+00 1.94664201409387e+00 1.94663570460343e+00 6.30949044366780e-06
2.27500000000000e+00 1.96438476454179e+00 1.96438031592140e+00 4.44862039294946e-06
2.28000000000000e+00 1.98487065514324e+00 1.98486775140779e+00 2.90373544675759e-06
2.28500000000000e+00 2.00799743671134e+00 2.00799567504205e+00 1.76166929488630e-06
2.29000000000000e+00 2.03364588988972e+00 2.03364484283446e+00 1.04705526515758e-06
2.29500000000000e+00 2.06168055259965e+00 2.06167983224433e+00 7.20355322503252e-07
2.30000000000000e+00 2.09195055828836e+00 2.09194987150091e+00 6.86787445580705e-07
2.30500000000000e+00 2.12429057812946e+00 2.12428976371522e+00 8.14414249816764e-07
2.31000000000000e+00 2.15852185822430e+00 2.15852090008677e+00 9.58137531981151e-07
2.31500000000000e+00 2.19445334137471e+00 2.19445235595975e+00 9.85414960741338e-07
2.32000000000000e+00 2.23188286229127e+00 2.23188206297221e+00 7.99319061606241e-07
2.32500000000000e+00 2.27059840517986e+00 2.27059805007310e+00 3.55106759553081e-07
2.33000000000000e+00 2.31037941340175e+00 2.31037974575665e+00 3.32354896492859e-07
2.33500000000000e+00 2.35099814211367e+00 2.35099933348698e+00 1.19137331155983e-06
2.34000000000000e+00 2.39222104618532e+00 2.39222315195699e+00 2.10577167880643e-06
2.34500000000000e+00 2.43381019698052e+00 2.43381313154985e+00 2.93456932576319e-06
2.35000000000000e+00 2.47552472252254e+00 2.47552825814758e+00 3.53562503230265e-06
2.35500000000000e+00 2.51712226597629e+00 2.51712605526309e+00 3.78928679811708e-06
2.36000000000000e+00 2.55836045719570e+00 2.55836407535858e+00 3.61816288441119e-06
2.36500000000000e+00 2.59899839133686e+00 2.59900139115685e+00 2.99981998752585e-06
2.37000000000000e+00 2.63879810735093e+00 2.63880007775179e+00 1.97040085314626e-06
2.37500000000000e+00 2.67752605774163e+00 2.67752667638138e+00 6.18639747429484e-07
2.38000000000000e+00 2.71495455953342e+00 2.71495363083914e+00 9.28694271262742e-07
2.38500000000000e+00 2.75086321518806e+00 2.75086068766886e+00 2.52751920237770e-06
2.39000000000000e+00 2.78504029143915e+00 2.78503625151058e+00 4.03992856723434e-06
2.39500000000000e+00 2.81728404383756e+00 2.81727868724248e+00 5.35659508082986e-06
2.40000000000000e+00 2.84740397528884e+00 2.84739756089084e+00 6.41439799631272e-06
2.40500000000000e+00 2.87522201799465e+00 2.87521481165829e+00 7.20633635520329e-06
2.41000000000000e+00 2.90057362987315e+00 2.90056584784471e+00 7.78202843410014e-06
2.41500000000000e+00 2.92330879853622e+00 2.92330055990463e+00 8.23863158716520e-06
2.42000000000000e+00 2.94329294800113e+00 2.94328424439572e+00 8.70360540439208e-06
2.42500000000000e+00 2.96040774524899e+00 2.96039843312221e+00 9.31212678478843e-06
2.43000000000000e+00 2.97455180527493e+00 2.97454162236171e+00 1.01829132139741e-05
2.43500000000000e+00 2.98564129422934e+00 2.98562989767982e+00 1.13965495147639e-05
2.44000000000000e+00 2.99361043054658e+00 2.99359745048043e+00 1.29800661432533e-05
2.44500000000000e+00 2.99841188362861e+00 2.99839698310739e+00 1.49005212177755e-05
2.45000000000000e+00 3.00001706884182e+00 3.00000000000000e+00 1.70688418239529e-05
2.45500000000000e+00 2.99841633653335e+00 2.99839698310739e+00 1.93534259529393e-05
2.46000000000000e+00 2.99361905177233e+00 2.99359745048044e+00 2.16012918947683e-05
2.46500000000000e+00 2.98565356087118e+00 2.98562989767982e+00 2.36631913592689e-05
2.47000000000000e+00 2.97456704069311e+00 2.97454162236171e+00 2.54183313983525e-05
2.47500000000000e+00 2.96042522745863e+00 2.96039843312221e+00 2.67943364211654e-05
2.48000000000000e+00 2.94331202324759e+00 2.94328424439572e+00 2.77788518614486e-05
2.48500000000000e+00 2.92332898053258e+00 2.92330055990464e+00 2.84206279381749e-05
2.49000000000000e+00 2.90059466762621e+00 2.90056584784471e+00 2.88197815012659e-05
2.49500000000000e+00 2.87524392054130e+00 2.87521481165830e+00 2.91088830053354e-05
2.50000000000000e+00 2.84742698908749e+00 2.84739756089084e+00 2.94281966470855e-05
2.50500000000000e+00 2.81730858673890e+00 2.81727868724248e+00 2.98994964151866e-05
2.51000000000000e+00 2.78506685468738e+00 2.78503625151058e+00 3.06031768002590e-05
2.51500000000000e+00 2.75089225047772e+00 2.75086068766886e+00 3.15628088589648e-05
2.52000000000000e+00 2.71498637079779e+00 2.71495363083915e+00 3.27399586397270e-05
2.52500000000000e+00 2.67756071661041e+00 2.67752667638138e+00 3.40402290279762e-05
2.53000000000000e+00 2.63883540720322e+00 2.63880007775179e+00 3.53294514341407e-05
2.53500000000000e+00 2.59903784827251e+00 2.59900139115685e+00 3.64571156592497e-05
2.54000000000000e+00 2.55840135818083e+00 2.55836407535859e+00 3.72828222374721e-05
2.54500000000000e+00 2.51716375626952e+00 2.51712605526309e+00 3.77010064260830e-05
2.55000000000000e+00 2.47556591765563e+00 2.47552825814758e+00 3.76595080489039e-05
2.55500000000000e+00 2.43385030022950e+00 2.43381313154985e+00 3.71686796469817e-05
2.56000000000000e+00 2.39225945138589e+00 2.39222315195700e+00 3.62994288862772e-05
2.56500000000000e+00 2.35103450405653e+00 2.35099933348698e+00 3.51705695496030e-05
2.57000000000000e+00 2.31041367351199e+00 2.31037974575666e+00 3.39277553349504e-05
2.57500000000000e+00 2.27063076783046e+00 2.27059805007310e+00 3.27177573598014e-05
2.58000000000000e+00 2.23191372563313e+00 2.23188206297222e+00 3.16626609149218e-05
2.58500000000000e+00 2.19448319452082e+00 2.19445235595975e+00 3.08385610723327e-05
2.59000000000000e+00 2.15855116261963e+00 2.15852090008678e+00 3.02625328543193e-05
2.59500000000000e+00 2.12431965389826e+00 2.12428976371522e+00 2.98901830424469e-05
2.60000000000000e+00 2.09197949571698e+00 2.09194987150091e+00 2.96242160708893e-05
2.60500000000000e+00 2.06170916473934e+00 2.06167983224433e+00 2.93324950066953e-05
2.61000000000000e+00 2.03367371522948e+00 2.03364484283446e+00 2.88723950192527e-05
2.61500000000000e+00 2.00802379217124e+00 2.00799567504205e+00 2.81171291938165e-05
2.62000000000000e+00 1.98489473078285e+00 1.98486775140779e+00 2.69793750629077e-05
2.62500000000000e+00 1.96440574393064e+00 1.96438031592140e+00 2.54280092402137e-05
2.63000000000000e+00 1.94665919958633e+00 1.94663570460343e+00 2.34949828981090e-05
2.63500000000000e+00 1.93173999160886e+00 1.93171872048530e+00 2.12711235605401e-05
2.64000000000000e+00 1.91971500845366e+00 1.91969611683971e+00 1.88916139509665e-05
2.64500000000000e+00 1.91063270556919e+00 1.91061619184595e+00 1.65137232390755e-05
2.65000000000000e+00 1.90452278791056e+00 1.90450849718747e+00 1.42907230815670e-05
2.65500000000000e+00 1.90139600894780e+00 1.90138366237698e+00 1.23465708148363e-05
2.66000000000000e+00 1.90124409166563e+00 1.90123333589028e+00 1.07557753539211e-05
2.66500000000000e+00 1.90403977538772e+00 1.90403024347033e+00 9.53191739738735e-06
2.67000000000000e+00 1.90973698999334e+00 1.90972836324032e+00 8.62675301949167e-06
2.67500000000000e+00 1.91827115651488e+00 1.91826321654437e+00 7.93997050485551e-06
2.68000000000000e+00 1.92955961054766e+00 1.92955227272105e+00 7.33782661077598e-06
2.68500000000000e+00 1.94350214269332e+00 1.94349546531226e+00 6.67738105830651e-06
2.69000000000000e+00 1.95998164865420e+00 1.95997581652323e+00 5.83213096971846e-06
2.69500000000000e+00 1.97886488074572e+00 1.97886016608158e+00 4.71466414464494e-06
2.70000000000000e+00 2.00000329251641e+00 2.00000000000000e+00 3.29251641284500e-06
2.70500000000000e+00 2.02323396875059e+00 2.02323237413106e+00 1.59461952931039e-06
2.71000000000000e+00 2.04838063416380e+00 2.04838092681811e+00 2.92654302125328e-07
2.71500000000000e+00 2.07525473530857e+00 2.07525697439691e+00 2.23908834096065e-06
2.72000000000000e+00 2.10365659129598e+00 2.10366068279205e+00 4.09149606817039e-06
2.72500000000000e+00 2.13337660964806e+00 2.13338230798255e+00 5.69833448249568e-06
2.73000000000000e+00 2.16419656374444e+00 2.16420349768687e+00 6.93394242556877e-06
2.73500000000000e+00 2.19589092783481e+00 2.19589864623990e+00 7.71840508795307e-06
2.74000000000000e+00 2.22822826448985e+00 2.22823629430637e+00 8.02981652459067e-06
2.74500000000000e+00 2.26097265779840e+00 2.26098056479902e+00 7.90700061559235e-06
2.75000000000000e+00 2.29388518380829e+00 2.29389262614624e+00 7.44233794991445e-06
2.75500000000000e+00 2.32672540791724e+00 2.32673217388556e+00 6.76596831672427e-06
2.76000000000000e+00 2.35925289741489e+00 2.35925892144618e+00 6.02403128535656e-06
2.76500000000000e+00 2.39122873637897e+00 2.39123409092702e+00 5.35454804762026e-06
2.77000000000000e+00 2.42241702978547e+00 2.42242189467697e+00 4.86489149809088e-06
2.77500000000000e+00 2.45258638404920e+00 2.45259099854052e+00 4.61449131661240e-06
2.78000000000000e+00 2.48151135221004e+00 2.48151595774496e+00 4.60553491787863e-06
2.78500000000000e+00 2.50897383346953e+00 2.50897861657418e+00 4.78310465146237e-06
2.79000000000000e+00 2.53476441854226e+00 2.53476946319709e+00 5.04465482897842e-06
2.79500000000000e+00 2.55868367406719e+00 2.55868893129538e+00 5.25722819277874e-06
2.80000000000000e+00 2.58054336088262e+00 2.58054864046305e+00 5.27958043106125e-06
2.80500000000000e+00 2.60016758211119e+00 2.60017256772797e+00 4.98561678030640e-06
2.81000000000000e+00 2.61739385760715e+00 2.61739814297001e+00 4.28536286145587e-06
2.81500000000000e+00 2.63207412136328e+00 2.63207726147960e+00 3.14011631985522e-06
2.82000000000000e+00 2.64407563802846e+00 2.64407720741157e+00 1.56938311235422e-06
2.82500000000000e+00 2.65328183390211e+00 2.65328148243819e+00 3.51463923298212e-07
2.83000000000000e+00 2.65959303686177e+00 2.65959053448992e+00 2.50237185550617e-06
2.83500000000000e+00 2.66292711887998e+00 2.66292238208847e+00 4.73679151413720e-06
2.84000000000000e+00 2.66322003431994e+00 2.66321313042021e+00 6.90389972479721e-06
2.84500000000000e+00 2.66042624723968e+00 2.66041737596564e+00 8.87127404114452e-06
2.85000000000000e+00 2.65451904157647e+00 2.65450849718747e+00 1.05443889930612e-05
2.85500000000000e+00 2.64549070932832e+00 2.64547882948272e+00 1.18798455983615e-05
2.86000000000000e+00 2.63335261360197e+00 2.63333972331719e+00 1.28902847866819e-05
2.86500000000000e+00 2.61813512547983e+00 2.61812148518152e+00 1.36402983055284e-05
2.87000000000000e+00 2.59988743584140e+00 2.59987320173000e+00 1.42341113926747e-05
2.87500000000000e+00 2.57867724531272e+00 2.57866244818360e+00 1.47971291224458e-05
2.88000000000000e+00 2.55459033718911e+00 2.55457488279246e+00 1.54543966530696e-05
2.88500000000000e+00 2.52773003932528e+00 2.52771372985530e+00 1.63094699723310e-05
2.89000000000000e+00 2.49821658154299e+00 2.49819915448034e+00 1.74270626498441e-05
2.89500000000000e+00 2.46618635509908e+00 2.46616753293972e+00 1.88221593626636e-05
2.90000000000000e+00 2.43179108030577e+00 2.43177062311339e+00 2.04571923734242e-05
2.90500000000000e+00 2.39519688768806e+00 2.39517464013388e+00 2.22475541784561e-05
2.91000000000000e+00 2.35658331731961e+00 2.35655924292839e+00 2.40743912183206e-05
2.91500000000000e+00 2.31614224040936e+00 2.31611643790350e+00 2.58025058568201e-05
2.92000000000000e+00 2.27407670698793e+00 2.27404940652904e+00 2.73004588997594e-05
2.92500000000000e+00 2.23059972376104e+00 2.23057126404647e+00 2.84597145747689e-05
2.93000000000000e+00 2.18593296687409e+00 2.18590375695213e+00 2.92099219576514e-05
2.93500000000000e+00 2.14030543540159e+00 2.14027590728278e+00 2.95281188100738e-05
2.94000000000000e+00 2.09395205270537e+00 2.09392261205918e+00 2.94406461893715e-05
2.94500000000000e+00 2.04711222422609e+00 2.04708320651984e+00 2.90177062494124e-05
2.95000000000000e+00 2.00002836160027e+00 2.00000000000000e+00 2.83616002714204e-05
2.95500000000000e+00 1.95294438406623e+00 1.95291679348017e+00 2.75905860591674e-05
2.96000000000000e+00 1.90610420881142e+00 1.90607738794082e+00 2.68208705933581e-05
2.96500000000000e+00 1.85975024215461e+00 1.85972409271723e+00 2.61494373765547e-05
2.97000000000000e+00 1.81412188323983e+00 1.81409624304787e+00 2.56401919600524e-05
2.97500000000000e+00 1.76945405129736e+00 1.76942873595354e+00 2.53153438265485e-05
2.98000000000000e+00 1.72597574659629e+00 1.72595059347097e+00 2.51531253183668e-05
2.98500000000000e+00 1.68390865410169e+00 1.68388356209651e+00 2.50920051858561e-05
2.99000000000000e+00 1.64346579769516e+00 1.64344075707161e+00 2.50406235509093e-05
2.99500000000000e+00 1.60485025175223e+00 1.60482535986612e+00 2.48918861083247e-05
3.00000000000000e+00 1.56825391599938e+00 1.56822937688661e+00 2.45391127637884e-05
3.00500000000000e+00 1.53385635896635e+00 1.53383246706028e+00 2.38919060662202e-05
3.01000000000000e+00 1.50182373502851e+00 1.50180084551966e+00 2.28895088474346e-05
3.01500000000000e+00 1.47230777997719e+00 1.47228627014470e+00 2.15098324938268e-05
3.02000000000000e+00 1.44544489019792e+00 1.44542511720755e+00 1.97729903737009e-05
3.02500000000000e+00 1.42135529078291e+00 1.42133755181641e+00 1.77389665017014e-05
3.03000000000000e+00 1.40014229814279e+00 1.40012679827000e+00 1.54998727941447e-05
3.03500000000000e+00 1.38189168280272e+00 1.38187851481848e+00 1.31679842387822e-05
3.04000000000000e+00 1.36667113797372e+00 1.36666027668282e+00 1.08612909057726e-05
3.04500000000000e+00 1.35452985911617e+00 1.35452117051728e+00 8.68859888680795e-06
3.05000000000000e+00 1.34549823902981e+00 1.34549150281253e+00 6.73621728575213e-06
3.05500000000000e+00 1.33958768202858e+00 1.33958262403436e+00 5.05799421302022e-06
3.06000000000000e+00 1.33679053953843e+00 1.33678686957979e+00 3.66995864475861e-06
3.06500000000000e+00 1.33708016807599e+00 1.33707761791153e+00 2.55016445538381e-06
3.07000000000000e+00 1.34041110912339e+00 1.34040946551008e+00 1.64361331078666e-06
3.07500000000000e+00 1.34671938901567e+00 1.34671851756181e+00 8.71453855300075e-07
3.08000000000000e+00 1.35592293569453e+00 1.35592279258843e+00 1.43106102523660e-07
3.08500000000000e+00 1.36792210813087e+00 1.36792273852040e+00 6.30389527245256e-07
3.09000000000000e+00 1.38260033342008e+00 1.38260185702999e+00 1.52360990979261e-06
3.09500000000000e+00 1.39982484602030e+00 1.39982743227203e+00 2.58625172588900e-06
3.10000000000000e+00 1.41944752331111e+00 1.41945135953695e+00 3.83622583677301e-06
3.10500000000000e+00 1.44130581154882e+00 1.44131106870462e+00 5.25715579802188e-06
3.11000000000000e+00 1.46522373631472e+00 1.46523053680290e+00 6.80048818013645e-06
3.11500000000000e+00 1.49101299161632e+00 1.49102138342582e+00 8.39180950529261e-06
3.12000000000000e+00 1.51847410183086e+00 1.51848404225504e+00 9.94042418556162e-06
3.12500000000000e+00 1.54739765061155e+00 1.54740900145948e+00 1.13508479271385e-05
3.13000000000000e+00 1.57756557066396e+00 1.57757810532302e+00 1.25346590666986e-05
3.13500000000000e+00 1.60875248792448e+00 1.60876590907298e+00 1.34211484996705e-05
3.14000000000000e+00 1.64072711314242e+00 1.64074107855382e+00 1.39654113964216e-05
3.14500000000000e+00 1.67325367321550e+00 1.67326782611444e+00 1.41528989343609e-05
3.15000000000000e+00 1.70609337391130e+00 1.70610737385376e+00 1.39999424617621e-05
3.15500000000000e+00 1.73900588489268e+00 1.73901943520098e+00 1.35503082996369e-05
3.16000000000000e+00 1.77175083732734e+00 1.77176370569363e+00 1.28683662863338e-05
3.16500000000000e+00 1.80408932387025e+00 1.80410135376010e+00 1.20298898478310e-05
3.17000000000000e+00 1.83578539051851e+00 1.83579650231313e+00 1.11117946168804e-05
3.17500000000000e+00 1.86660750978773e+00 1.86661769201745e+00 1.01822297198240e-05
3.18000000000000e+00 1.89633002485832e+00 1.89633931720795e+00 9.29234963087389e-06
3.18500000000000e+00 1.92473455477455e+00 1.92474302560309e+00 8.47082853883130e-06
3.19000000000000e+00 1.95161135140983e+00 1.95161907318189e+00 7.72177205754510e-06
3.19500000000000e+00 1.97676059967927e+00 1.97676762586893e+00 7.02618966341717e-06
3.20000000000000e+00 1.99999365331582e+00 2.00000000000000e+00 6.34668418530993e-06
3.20500000000000e+00 2.02113419935467e+00 2.02113983391842e+00 5.63456375202165e-06
3.21000000000000e+00 2.04001934522588e+00 2.04002418347677e+00 4.83825089059309e-06
3.21500000000000e+00 2.05650062298650e+00 2.05650453468774e+00 3.91170124558471e-06
3.22000000000000e+00 2.07044490570307e+00 2.07044772727895e+00 2.82157588760157e-06
3.22500000000000e+00 2.08173523132249e+00 2.08173678345563e+00 1.55213313757230e-06
3.23000000000000e+00 2.09027152957268e+00 2.09027163675968e+00 1.07186996167741e-07
3.23500000000000e+00 2.09597124756731e+00 2.09596975652967e+00 1.49103763869007e-06
3.24000000000000e+00 2.09876986992270e+00 2.09876666410972e+00 3.20581297730271e-06
3.24500000000000e+00 2.09862132940949e+00 2.09861633762302e+00 4.99178646862219e-06
3.25000000000000e+00 2.09549830453010e+00 2.09549150281253e+00 6.80171757627690e-06
3.25500000000000e+00 2.08939240099178e+00 2.08938380815405e+00 8.59283772225439e-06
3.26000000000000e+00 2.08031421485813e+00 2.08030388316029e+00 1.03316978448120e-05
3.26500000000000e+00 2.06829327619713e+00 2.06828127951470e+00 1.19966824283502e-05
3.27000000000000e+00 2.05337787324491e+00 2.05336429539657e+00 1.35778483358884e-05
3.27500000000000e+00 2.03563475838373e+00 2.03561968407860e+00 1.50743051334778e-05
3.28000000000000e+00 2.01514873847487e+00 2.01513224859221e+00 1.64898826615634e-05
3.28500000000000e+00 1.99202215317614e+00 1.99200432495795e+00 1.78282181868550e-05
3.29000000000000e+00 1.96637424571156e+00 1.96635515716554e+00 1.90885460167323e-05
3.29500000000000e+00 1.93834043109039e+00 1.93832016775567e+00 2.02633347201608e-05
3.30000000000000e+00 1.90807146699648e+00 1.90805012849909e+00 2.13384973879460e-05
3.30500000000000e+00 1.87573253255501e+00 1.87571023628479e+00 2.22962702227658e-05
3.31000000000000e+00 1.84150222005701e+00 1.84147909991323e+00 2.31201437852491e-05
3.31500000000000e+00 1.80557144464453e+00 1.80554764404025e+00 2.38006042792005e-05
3.32000000000000e+00 1.76814227709292e+00 1.76811793702778e+00 2.43400651362968e-05
3.32500000000000e+00 1.72942670529467e+00 1.72940194992690e+00 2.47553677645840e-05
3.33000000000000e+00 1.68964533089688e+00 1.68962025424335e+00 2.50766535272451e-05
3.33500000000000e+00 1.64902600871804e+00 1.64900066651302e+00 2.53422050149332e-05
3.34000000000000e+00 1.60780243791292e+00 1.60777684804301e+00 2.55898699144108e-05
3.34500000000000e+00 1.56621271513474e+00 1.56618686845015e+00 2.58466845921568e-05
3.35000000000000e+00 1.52449786090163e+00 1.52447174185243e+00 2.61190492019114e-05
3.35500000000000e+00 1.48290033078475e+00 1.48287394473692e+00 2.63860478373346e-05
3.36000000000000e+00 1.44166252277263e+00 1.44163592464142e+00 2.65981312073116e-05
3.36500000000000e+00 1.40102529124378e+00 1.40099860884315e+00 2.66824006329713e-05
3.37000000000000e+00 1.36122647656847e+00 1.36119992224821e+00 2.65543202528917e-05
3.37500000000000e+00 1.32249945775444e+00 1.32247332361862e+00 2.61341358209766e-05
3.38000000000000e+00 1.28507173411323e+00 1.28504636916086e+00 2.53649523731525e-05
3.38500000000000e+00 1.24916354099220e+00 1.24913931233114e+00 2.42286610512288e-05
3.39000000000000e+00 1.21498650442952e+00 1.21496374848942e+00 2.27559400960420e-05
3.39500000000000e+00 1.18274234020860e+00 1.18272131275752e+00 2.10274510739072e-05
3.40000000000000e+00 1.15262160408315e+00 1.15260243910916e+00 1.91649739882394e-05
3.40500000000000e+00 1.12480250160579e+00 1.12478518834171e+00 1.73132640866047e-05
3.41000000000000e+00 1.09944976760086e+00 1.09943415215529e+00 1.56154455666080e-05
3.41500000000000e+00 1.07671362643510e+00 1.07669944009537e+00 1.41863397358222e-05
3.42000000000000e+00 1.05672884449703e+00 1.05671575560428e+00 1.30888927480921e-05
3.42500000000000e+00 1.03961388549515e+00 1.03960156687779e+00 1.23186173621725e-05
3.43000000000000e+00 1.02547017733764e+00 1.02545837763829e+00 1.17996993473923e-05
3.43500000000000e+00 1.01438149667758e+00 1.01437010232018e+00 1.13943574007180e-05
3.44000000000000e+00 1.00641347408818e+00 1.00640254951957e+00 1.09245686092940e-05
3.44500000000000e+00 1.00161321974624e+00 1.00160301689261e+00 1.02028536301813e-05
3.45000000000000e+00 1.00000906692718e+00 1.00000000000000e+00 9.06692717594915e-06
3.45500000000000e+00 1.00161042892914e+00 1.00160301689261e+00 7.41203653586986e-06
3.46000000000000e+00 1.00640776446318e+00 1.00640254951956e+00 5.21494361471753e-06
3.46500000000000e+00 1.01437264707928e+00 1.01437010232018e+00 2.54475910033136e-06
3.47000000000000e+00 1.02545793564879e+00 1.02545837763829e+00 4.41989492117045e-07
3.47500000000000e+00 1.03959804492586e+00 1.03960156687779e+00 3.52195193253912e-06
3.48000000000000e+00 1.05670931729342e+00 1.05671575560427e+00 6.43831085422875e-06
3.48500000000000e+00 1.07669049847234e+00 1.07669944009536e+00 8.94162302511603e-06
3.49000000000000e+00 1.09942332080652e+00 1.09943415215529e+00 1.08313487710010e-05
3.49500000000000e+00 1.12477319744688e+00 1.12478518834171e+00 1.19908948259528e-05
3.50000000000000e+00 1.15259002924836e+00 1.15260243910915e+00 1.24098607938716e-05
3.50500000000000e+00 1.18270912358535e+00 1.18272131275752e+00 1.21891721707179e-05
3.51000000000000e+00 1.21495222090177e+00 1.21496374848942e+00 1.15275876513277e-05
3.51500000000000e+00 1.24912862110812e+00 1.24913931233114e+00 1.06912230188883e-05
3.52000000000000e+00 1.28503639846120e+00 1.28504636916085e+00 9.97069965080755e-06
3.52500000000000e+00 1.32246369083393e+00 1.32247332361861e+00 9.63278468457673e-06
3.53000000000000e+00 1.36119004771676e+00 1.36119992224821e+00 9.87453145029349e-06
3.53500000000000e+00 1.40098782111608e+00 1.40099860884315e+00 1.07877270685286e-05
3.54000000000000e+00 1.44162358472999e+00 1.44163592464141e+00 1.23399114189127e-05
3.54500000000000e+00 1.48285956915312e+00 1.48287394473691e+00 1.43755837924697e-05
3.55000000000000e+00 1.52445510395912e+00 1.52447174185242e+00 1.66378933059708e-05
3.55500000000000e+00 1.56616806077557e+00 1.56618686845015e+00 1.88076745832877e-05
3.56000000000000e+00 1.60775629431636e+00 1.60777684804300e+00 2.05537266404487e-05
3.56500000000000e+00 1.64897908025968e+00 1.64900066651302e+00 2.15862533357036e-05
3.57000000000000e+00 1.68959854950944e+00 1.68962025424335e+00 2.17047339063914e-05
3.57500000000000e+00 1.72938111763206e+00 1.72940194992690e+00 2.08322948394013e-05
3.58000000000000e+00 1.76809890624652e+00 1.76811793702778e+00 1.90307812599766e-05
3.58500000000000e+00 1.80553115021328e+00 1.80554764404025e+00 1.64938269628934e-05
3.59000000000000e+00 1.84146558113172e+00 1.84147909991322e+00 1.35187815055726e-05
3.59500000000000e+00 1.87569977450289e+00 1.87571023628478e+00 1.04617818883490e-05
3.60000000000000e+00 1.90804244550511e+00 1.90805012849909e+00 7.68299398279382e-06
3.60500000000000e+00 1.93831467710269e+00 1.93832016775567e+00 5.49065297184015e-06
3.61000000000000e+00 1.96635106441236e+00 1.96635515716554e+00 4.09275317747593e-06
3.61500000000000e+00 1.99200076090628e+00 1.99200432495795e+00 3.56405166868079e-06
3.62000000000000e+00 2.01512841493270e+00 2.01513224859221e+00 3.83365951162062e-06
3.62500000000000e+00 2.03561498879258e+00 2.03561968407860e+00 4.69528601332314e-06
3.63000000000000e+00 2.05335845671364e+00 2.05336429539657e+00 5.83868293180245e-06
3.63500000000000e+00 2.06827438196289e+00 2.06828127951470e+00 6.89755181193519e-06
3.64000000000000e+00 2.08029637653264e+00 2.08030388316029e+00 7.50662765058863e-06
3.64500000000000e+00 2.08937644893713e+00 2.08938380815405e+00 7.35921691896735e-06
3.65000000000000e+00 2.09548524645595e+00 2.09549150281253e+00 6.25635658080270e-06
3.65500000000000e+00 2.09861219763721e+00 2.09861633762302e+00 4.13998580439667e-06
3.66000000000000e+00 2.09876555920921e+00 2.09876666410972e+00 1.10490051641321e-06
3.66500000000000e+00 2.09597236908712e+00 2.09596975652967e+00 2.61255744415934e-06
3.67000000000000e+00 2.09027830436724e+00 2.09027163675968e+00 6.66760755496654e-06
3.67500000000000e+00 2.08174744058718e+00 2.08173678345563e+00 1.06571315505732e-05
3.68000000000000e+00 2.07046190659395e+00 2.07044772727895e+00 1.41793149963654e-05
3.68500000000000e+00 2.05652142850449e+00 2.05650453468774e+00 1.68938167521837e-05
3.69000000000000e+00 2.04004275671714e+00 2.04002418347677e+00 1.85732403679140e-05
3.69500000000000e+00 2.02115897179425e+00 2.02113983391842e+00 1.91378758254146e-05
3.70000000000000e+00 2.00001866813167e+00 2.00000000000000e+00 1.86681316685089e-05
3.70500000000000e+00 1.97678501830904e+00 1.97676762586894e+00 1.73924401027925e-05
3.71000000000000e+00 1.95163472537291e+00 1.95161907318189e+00 1.56521910168461e-05
3.71500000000000e+00 1.92475687445828e+00 1.92474302560309e+00 1.38488551857385e-05
3.72000000000000e+00 1.89635169852739e+00 1.89633931720795e+00 1.23813194412570e-05
3.72500000000000e+00 1.86662927512333e+00 1.86661769201745e+00 1.15831058709048e-05
3.73000000000000e+00 1.83580817160696e+00 1.83579650231313e+00 1.16692938294527e-05
3.73500000000000e+00 1.80411405531495e+00 1.80410135376010e+00 1.27015548430087e-05
3.74000000000000e+00 1.77177828264006e+00 1.77176370569363e+00 1.45769464348078e-05
3.74500000000000e+00 1.73903647761836e+00 1.73901943520098e+00 1.70424173813188e-05
3.75000000000000e+00 1.70612710679217e+00 1.70610737385376e+00 1.97329384021838e-05
3.75500000000000e+00 1.67329005355128e+00 1.67326782611444e+00 2.22274368359976e-05
3.76000000000000e+00 1.64076519243731e+00 1.64074107855382e+00 2.41138834935484e-05
3.76500000000000e+00 1.60879096248421e+00 1.60876590907298e+00 2.50534112296030e-05
3.77000000000000e+00 1.57760293879523e+00 1.57757810532303e+00 2.48334721992816e-05
3.77500000000000e+00 1.54743240319949e+00 1.54740900145948e+00 2.34017400031483e-05
3.78000000000000e+00 1.51850491771235e+00 1.51848404225504e+00 2.08754573030046e-05
3.78500000000000e+00 1.49103890816543e+00 1.49102138342582e+00 1.75247396090317e-05
3.79000000000000e+00 1.46524426917289e+00 1.46523053680291e+00 1.37323699811454e-05
3.79500000000000e+00 1.44132100493620e+00 1.44131106870462e+00 9.93623158107582e-06
3.80000000000000e+00 1.41945792271158e+00 1.41945135953695e+00 6.56317462444100e-06
3.80500000000000e+00 1.39983139668022e+00 1.39982743227203e+00 3.96440819150357e-06
3.81000000000000e+00 1.38260421929553e+00 1.38260185702999e+00 2.36226554273244e-06
3.81500000000000e+00 1.36792455498783e+00 1.36792273852040e+00 1.81646742514197e-06
3.82000000000000e+00 1.35592500766143e+00 1.35592279258843e+00 2.21507300857127e-06
3.82500000000000e+00 1.34672180916804e+00 1.34671851756181e+00 3.29160623291358e-06
3.83000000000000e+00 1.34041413143351e+00 1.34040946551008e+00 4.66592342451833e-06
3.83500000000000e+00 1.33708352072893e+00 1.33707761791153e+00 5.90281739554221e-06
3.84000000000000e+00 1.33679344922882e+00 1.33678686957979e+00 6.57964903028052e-06
3.84500000000000e+00 1.33958897688513e+00 1.33958262403436e+00 6.35285077210668e-06
3.85000000000000e+00 1.34549651598623e+00 1.34549150281253e+00 5.01317370371623e-06
3.85500000000000e+00 1.35452369158222e+00 1.35452117051728e+00 2.52106493259241e-06
3.86000000000000e+00 1.36665929305722e+00 1.36666027668282e+00 9.83625598971472e-07
3.86500000000000e+00 1.38187331514651e+00 1.38187851481848e+00 5.19967196832560e-06
3.87000000000000e+00 1.40011709012787e+00 1.40012679826999e+00 9.70814212020166e-06
3.87500000000000e+00 1.42132351618139e+00 1.42133755181640e+00 1.40356350104565e-05
3.88000000000000e+00 1.44540738942798e+00 1.44542511720754e+00 1.77277795616604e-05
3.88500000000000e+00 1.47226584841874e+00 1.47228627014469e+00 2.04217259534012e-05
3.89000000000000e+00 1.50177893949900e+00 1.50180084551966e+00 2.19060206640975e-05
3.89500000000000e+00 1.53381030936854e+00 1.53383246706028e+00 2.21576917420752e-05
3.90000000000000e+00 1.56820802740916e+00 1.56822937688661e+00 2.13494774463641e-05
3.90500000000000e+00 1.60480553531572e+00 1.60482535986612e+00 1.98245503937322e-05
3.91000000000000e+00 1.64342271583913e+00 1.64344075707161e+00 1.80412324772838e-05
3.91500000000000e+00 1.68386706678423e+00 1.68388356209650e+00 1.64953122661071e-05
3.92000000000000e+00 1.72593496161806e+00 1.72595059347097e+00 1.56318529083155e-05
3.92500000000000e+00 1.76941297489464e+00 1.76942873595353e+00 1.57610588884527e-05
3.93000000000000e+00 1.81407924976549e+00 1.81409624304787e+00 1.69932823796959e-05
3.93500000000000e+00 1.85970488640531e+00 1.85972409271722e+00 1.92063119164310e-05
3.94000000000000e+00 1.90605533416216e+00 1.90607738794081e+00 2.20537786550512e-05
3.94500000000000e+00 1.95289177618332e+00 1.95291679348016e+00 2.50172968396800e-05
3.95000000000000e+00 1.99997250238536e+00 2.00000000000000e+00 2.74976146388273e-05
3.95500000000000e+00 2.04705427391254e+00 2.04708320651983e+00 2.89326072913099e-05
3.96000000000000e+00 2.09389368857219e+00 2.09392261205918e+00 2.89234869859101e-05
3.96500000000000e+00 2.14024856115282e+00 2.14027590728278e+00 2.73461299626909e-05
3.97000000000000e+00 2.18587933428430e+00 2.18590375695213e+00 2.44226678294268e-05
3.97500000000000e+00 2.23055053423349e+00 2.23057126404647e+00 2.07298129781819e-05
3.98000000000000e+00 2.27403228183127e+00 2.27404940652903e+00 1.71246977567208e-05
3.98500000000000e+00 2.31610186211573e+00 2.31611643790350e+00 1.45757877718644e-05
3.99000000000000e+00 2.35654534811106e+00 2.35655924292839e+00 1.38948173264986e-05
3.99500000000000e+00 2.39515926550246e+00 2.39517464013388e+00 1.53746314222047e-05
4.00000000000000e+00 2.43175227689657e+00 2.43177062311338e+00 1.83462168150683e-05
