variables = x, value-predict, value-true, error
0.00000000000000e+00 2.43219821903264e+00 2.43177062311339e+00 4.27595919247015e-04
5.00000000000000e-03 2.46657291577704e+00 2.46616753293972e+00 4.05382837316282e-04
1.00000000000000e-02 2.49858663270205e+00 2.49819915448034e+00 3.87478221715476e-04
1.50000000000000e-02 2.52809168126541e+00 2.52771372985530e+00 3.77951410107435e-04
2.00000000000000e-02 2.55495236506731e+00 2.55457488279246e+00 3.77482274850571e-04
2.50000000000000e-02 2.57904686559692e+00 2.57866244818360e+00 3.84417413320737e-04
3.00000000000000e-02 2.60026895620643e+00 2.59987320173000e+00 3.95754476427701e-04
3.50000000000000e-02 2.61852949301469e+00 2.61812148518152e+00 4.08007833169854e-04
4.00000000000000e-02 2.63375763882519e+00 2.63333972331718e+00 4.17915508005962e-04
4.50000000000000e-02 2.64590178730051e+00 2.64547882948272e+00 4.22957817794334e-04
5.00000000000000e-02 2.65493016911188e+00 2.65450849718747e+00 4.21671924411005e-04
5.50000000000000e-02 2.66083113862059e+00 2.66041737596564e+00 4.13762654951633e-04
6.00000000000000e-02 2.66361315741287e+00 2.66321313042021e+00 4.00026992659175e-04
6.50000000000000e-02 2.66330450789750e+00 2.66292238208847e+00 3.82125809034406e-04
7.00000000000000e-02 2.65995278421600e+00 2.65959053448992e+00 3.62249726083341e-04
7.50000000000000e-02 2.65362421704915e+00 2.65328148243819e+00 3.42734610961237e-04
8.00000000000000e-02 2.64440289208837e+00 2.64407720741157e+00 3.25684676800275e-04
8.50000000000000e-02 2.63238991824919e+00 2.63207726147960e+00 3.12656769585917e-04
9.00000000000000e-02 2.61770259133388e+00 2.61739814297001e+00 3.04448363870780e-04
9.50000000000000e-02 2.60047358300617e+00 2.60017256772797e+00 3.01015278195482e-04
1.00000000000000e-01 2.58085016574119e+00 2.58054864046305e+00 3.01525278138204e-04
1.05000000000000e-01 2.55899346462796e+00 2.55868893129538e+00 3.04533332577073e-04
1.10000000000000e-01 2.53507770953218e+00 2.53476946319709e+00 3.08246335082085e-04
1.15000000000000e-01 2.50928944892080e+00 2.50897861657418e+00 3.10832346623435e-04
1.20000000000000e-01 2.48182668160609e+00 2.48151595774496e+00 3.10723861131290e-04
1.25000000000000e-01 2.45289786565432e+00 2.45259099854052e+00 3.06867113804454e-04
1.30000000000000e-01 2.42272077426230e+00 2.42242189467697e+00 2.98879585327150e-04
1.35000000000000e-01 2.39152118478316e+00 2.39123409092702e+00 2.87093856137677e-04
1.40000000000000e-01 2.35953140652808e+00 2.35925892144618e+00 2.72485081901142e-04
1.45000000000000e-01 2.32698867220968e+00 2.32673217388556e+00 2.56498324120447e-04
1.50000000000000e-01 2.29413343372853e+00 2.29389262614624e+00 2.40807582294167e-04
1.55000000000000e-01 2.26120761289748e+00 2.26098056479902e+00 2.27048098457860e-04
1.60000000000000e-01 2.22845286022220e+00 2.22823629430637e+00 2.16565915831080e-04
1.65000000000000e-01 2.19610886992758e+00 2.19589864623990e+00 2.10223687678646e-04
1.70000000000000e-01 2.16441178826167e+00 2.16420349768687e+00 2.08290574797765e-04
1.75000000000000e-01 2.13359273696531e+00 2.13338230798255e+00 2.10428982765354e-04
1.80000000000000e-01 2.10387645745859e+00 2.10366068279205e+00 2.15774666532997e-04
1.85000000000000e-01 2.07548006656434e+00 2.07525697439691e+00 2.23092167428884e-04
1.90000000000000e-01 2.04861190376293e+00 2.04838092681811e+00 2.30976944819439e-04
1.95000000000000e-01 2.02347044448186e+00 2.02323237413107e+00 2.38070350793596e-04
2.00000000000000e-01 2.00024325416166e+00 2.00000000000000e+00 2.43254161660822e-04
2.05000000000000e-01 1.97910596319093e+00 1.97886016608158e+00 2.45797109349244e-04
2.10000000000000e-01 1.96022125186677e+00 1.95997581652323e+00 2.45435343542599e-04
2.15000000000000e-01 1.94373784544435e+00 1.94349546531226e+00 2.42380132090325e-04
2.20000000000000e-01 1.92978953012977e+00 1.92955227272105e+00 2.37257408726599e-04
2.25000000000000e-01 1.91849420982264e+00 1.91826321654437e+00 2.30993278270919e-04
2.30000000000000e-01 1.90995302929431e+00 1.90972836324032e+00 2.24666053992406e-04
2.35000000000000e-01 1.90424959168272e+00 1.90403024347033e+00 2.19348212396664e-04
2.40000000000000e-01 1.90144929671129e+00 1.90123333589028e+00 2.15960821012828e-04
2.45000000000000e-01 1.90159882145428e+00 1.90138366237698e+00 2.15159077303628e-04
2.50000000000000e-01 1.90472575870801e+00 1.90450849718747e+00 2.17261520538470e-04
2.55000000000000e-01 1.91083842020302e+00 1.91061619184595e+00 2.22228357072529e-04
2.60000000000000e-01 1.91992580411959e+00 1.91969611683971e+00 2.29687279876600e-04
2.65000000000000e-01 1.93195771959764e+00 1.93171872048530e+00 2.38999112348148e-04
2.70000000000000e-01 1.94688505584691e+00 1.94663570460343e+00 2.49351243476914e-04
2.75000000000000e-01 1.96464018042907e+00 1.96438031592140e+00 2.59864507665908e-04
2.80000000000000e-01 1.98513745035204e+00 1.98486775140779e+00 2.69698944250107e-04
2.85000000000000e-01 2.00827382056272e+00 2.00799567504205e+00 2.78145520673068e-04
2.90000000000000e-01 2.03392953682286e+00 2.03364484283446e+00 2.84693988402029e-04
2.95000000000000e-01 2.06196890325356e+00 2.06167983224433e+00 2.89071009225150e-04
3.00000000000000e-01 2.09224111845218e+00 2.09194987150091e+00 2.91246951265034e-04
3.05000000000000e-01 2.12458117747002e+00 2.12428976371522e+00 2.91413754806680e-04
3.10000000000000e-01 2.15881083963575e+00 2.15852090008677e+00 2.89939548972384e-04
3.15000000000000e-01 2.19473966389868e+00 2.19445235595975e+00 2.87307938930947e-04
3.20000000000000e-01 2.23216611388601e+00 2.23188206297222e+00 2.84050913793354e-04
3.25000000000000e-01 2.27087873421508e+00 2.27059805007310e+00 2.80684141981791e-04
3.30000000000000e-01 2.31065739791983e+00 2.31037974575665e+00 2.77652163180431e-04
3.35000000000000e-01 2.35127462239753e+00 2.35099933348698e+00 2.75288910547289e-04
3.40000000000000e-01 2.39249694839674e+00 2.39222315195700e+00 2.73796439744345e-04
3.45000000000000e-01 2.43408637362137e+00 2.43381313154985e+00 2.73242071519686e-04
3.50000000000000e-01 2.47580182987798e+00 2.47552825814758e+00 2.73571730405209e-04
3.55000000000000e-01 2.51740069064834e+00 2.51712605526309e+00 2.74635385248967e-04
3.60000000000000e-01 2.55864029473920e+00 2.55836407535859e+00 2.76219380611398e-04
3.65000000000000e-01 2.59927947134614e+00 2.59900139115685e+00 2.78080189293206e-04
3.70000000000000e-01 2.63908005244294e+00 2.63880007775179e+00 2.79974691146823e-04
3.75000000000000e-01 2.67780835973141e+00 2.67752667638138e+00 2.81683350023432e-04
3.80000000000000e-01 2.71523665522132e+00 2.71495363083915e+00 2.83024382172758e-04
3.85000000000000e-01 2.75114454655559e+00 2.75086068766886e+00 2.83858886734656e-04
3.90000000000000e-01 2.78532034013418e+00 2.78503625151058e+00 2.84088623602408e-04
3.95000000000000e-01 2.81756233662696e+00 2.81727868724248e+00 2.83649384479112e-04
4.00000000000000e-01 2.84768006438086e+00 2.84739756089084e+00 2.82503490018904e-04
4.05000000000000e-01 2.87549544640682e+00 2.87521481165829e+00 2.80634748524466e-04
4.10000000000000e-01 2.90084389609765e+00 2.90056584784471e+00 2.78048252934315e-04
4.15000000000000e-01 2.92357533573945e+00 2.92330055990464e+00 2.74775834815610e-04
4.20000000000000e-01 2.94355513052158e+00 2.94328424439572e+00 2.70886125856240e-04
4.25000000000000e-01 2.96066492949796e+00 2.96039843312221e+00 2.66496375755043e-04
4.30000000000000e-01 2.97480340421194e+00 2.97454162236171e+00 2.61781850227738e-04
4.35000000000000e-01 2.98588687583200e+00 2.98562989767982e+00 2.56978152175513e-04
4.40000000000000e-01 2.99384982290138e+00 2.99359745048043e+00 2.52372420950220e-04
4.45000000000000e-01 2.99864526423276e+00 2.99839698310739e+00 2.48281125364347e-04
4.50000000000000e-01 3.00024501489021e+00 3.00000000000000e+00 2.45014890206008e-04
4.55000000000000e-01 2.99863981715505e+00 2.99839698310739e+00 2.42834047659901e-04
4.60000000000000e-01 2.99383935222037e+00 2.99359745048043e+00 2.41901739935546e-04
4.65000000000000e-01 2.98587214134497e+00 2.98562989767982e+00 2.42243665145914e-04
4.70000000000000e-01 2.97478534660355e+00 2.97454162236171e+00 2.43724241840049e-04
4.75000000000000e-01 2.96064448069534e+00 2.96039843312221e+00 2.46047573130070e-04
4.80000000000000e-01 2.94353303240068e+00 2.94328424439572e+00 2.48788004955536e-04
4.85000000000000e-01 2.92355200958184e+00 2.92330055990464e+00 2.51449677206139e-04
4.90000000000000e-01 2.90081939599952e+00 2.90056584784471e+00 2.53548154808936e-04
4.95000000000000e-01 2.87546951294909e+00 2.87521481165829e+00 2.54701290796522e-04
5.00000000000000e-01 2.84765227326028e+00 2.84739756089084e+00 2.54712369438082e-04
5.05000000000000e-01 2.81753231482780e+00 2.81727868724248e+00 2.53627585325322e-04
5.10000000000000e-01 2.78528800429660e+00 2.78503625151058e+00 2.51752786019299e-04
5.15000000000000e-01 2.75111030874482e+00 2.75086068766886e+00 2.49621075965933e-04
5.20000000000000e-01 2.71520154318244e+00 2.71495363083915e+00 2.47912343293688e-04
5.25000000000000e-01 2.67777401257265e+00 2.67752667638138e+00 2.47336191266712e-04
5.30000000000000e-01 2.63904857656320e+00 2.63880007775179e+00 2.48498811412201e-04
5.35000000000000e-01 2.59925317090799e+00 2.59900139115685e+00 2.51779751136993e-04
5.40000000000000e-01 2.55862132002226e+00 2.55836407535859e+00 2.57244663675049e-04
5.45000000000000e-01 2.51739066972791e+00 2.51712605526309e+00 2.64614464820845e-04
5.50000000000000e-01 2.47580155884841e+00 2.47552825814758e+00 2.73300700836643e-04
5.55000000000000e-01 2.43409563500776e+00 2.43381313154985e+00 2.82503457914807e-04
5.60000000000000e-01 2.39251450669216e+00 2.39222315195700e+00 2.91354735165505e-04
5.65000000000000e-01 2.35129841340469e+00 2.35099933348698e+00 2.99079917710721e-04
5.70000000000000e-01 2.31068489102456e+00 2.31037974575665e+00 3.05145267907037e-04
5.75000000000000e-01 2.27090741148913e+00 2.27059805007310e+00 3.09361416032772e-04
5.80000000000000e-01 2.23219398431756e+00 2.23188206297222e+00 3.11921345344857e-04
5.85000000000000e-01 2.19476572047820e+00 2.19445235595975e+00 3.13364518447212e-04
5.90000000000000e-01 2.15883537381027e+00 2.15852090008677e+00 3.14473723496800e-04
5.95000000000000e-01 2.12460588842186e+00 2.12428976371522e+00 3.16124706644771e-04
6.00000000000000e-01 2.09226898936326e+00 2.09194987150091e+00 3.19117862344953e-04
6.05000000000000e-01 2.06200385659984e+00 2.06167983224433e+00 3.24024355509600e-04
6.10000000000000e-01 2.03397591844278e+00 2.03364484283446e+00 3.31075608319686e-04
6.15000000000000e-01 2.00833579110604e+00 2.00799567504205e+00 3.40116063990425e-04
6.20000000000000e-01 1.98521837801934e+00 1.98486775140779e+00 3.50626611551608e-04
6.25000000000000e-01 1.96474212860147e+00 1.96438031592140e+00 3.61812680067963e-04
6.30000000000000e-01 1.94700844403494e+00 1.94663570460343e+00 3.72739431504732e-04
6.35000000000000e-01 1.93210120926980e+00 1.93171872048530e+00 3.82488784500090e-04
6.40000000000000e-01 1.92008642718553e+00 1.91969611683971e+00 3.90310345816713e-04
6.45000000000000e-01 1.91101193265585e+00 1.91061619184595e+00 3.95740809898681e-04
6.50000000000000e-01 1.90490717032867e+00 1.90450849718747e+00 3.98673141196459e-04
6.55000000000000e-01 1.90178302869644e+00 1.90138366237698e+00 3.99366319456362e-04
6.60000000000000e-01 1.90163173261801e+00 1.90123333589028e+00 3.98396727730344e-04
6.65000000000000e-01 1.90442680505095e+00 1.90403024347033e+00 3.96561580625621e-04
6.70000000000000e-01 1.91012311492786e+00 1.90972836324032e+00 3.94751687540218e-04
6.75000000000000e-01 1.91865703100005e+00 1.91826321654437e+00 3.93814455672548e-04
6.80000000000000e-01 1.92994670085513e+00 1.92955227272105e+00 3.94428134088631e-04
6.85000000000000e-01 1.94389247055036e+00 1.94349546531226e+00 3.97005238097270e-04
6.90000000000000e-01 1.96037745419102e+00 1.95997581652323e+00 4.01637667792221e-04
6.95000000000000e-01 1.97926825536844e+00 1.97886016608158e+00 4.08089286856761e-04
7.00000000000000e-01 2.00041583475267e+00 2.00000000000000e+00 4.15834752673927e-04
7.05000000000000e-01 2.02365651129509e+00 2.02323237413106e+00 4.24137164026117e-04
7.10000000000000e-01 2.04881307918227e+00 2.04838092681811e+00 4.32152364158611e-04
7.15000000000000e-01 2.07569601935234e+00 2.07525697439691e+00 4.39044955431456e-04
7.20000000000000e-01 2.10410478318675e+00 2.10366068279205e+00 4.44100394700442e-04
7.25000000000000e-01 2.13382912680740e+00 2.13338230798255e+00 4.46818824851647e-04
7.30000000000000e-01 2.16465047691182e+00 2.16420349768687e+00 4.46979224948407e-04
7.35000000000000e-01 2.19634331279843e+00 2.19589864623990e+00 4.44666558533147e-04
7.40000000000000e-01 2.22867655363368e+00 2.22823629430637e+00 4.40259327309178e-04
7.45000000000000e-01 2.26141494454805e+00 2.26098056479902e+00 4.34379749026714e-04
7.50000000000000e-01 2.29432043931545e+00 2.29389262614624e+00 4.27813169217472e-04
7.55000000000000e-01 2.32715358074369e+00 2.32673217388556e+00 4.21406858130080e-04
7.60000000000000e-01 2.35967488215372e+00 2.35925892144618e+00 4.15960707540020e-04
7.65000000000000e-01 2.39164621423828e+00 2.39123409092702e+00 4.12123311263279e-04
7.70000000000000e-01 2.42283220107096e+00 2.42242189467697e+00 4.10306393991977e-04
7.75000000000000e-01 2.45300162711673e+00 2.45259099854052e+00 4.10628576209326e-04
7.80000000000000e-01 2.48192885393254e+00 2.48151595774496e+00 4.12896187577783e-04
7.85000000000000e-01 2.50939524112568e+00 2.50897861657418e+00 4.16624551501599e-04
7.90000000000000e-01 2.53519056145856e+00 2.53476946319709e+00 4.21098261461417e-04
7.95000000000000e-01 2.55911439525343e+00 2.55868893129538e+00 4.25463958051875e-04
8.00000000000000e-01 2.58097748502960e+00 2.58054864046305e+00 4.28844566553455e-04
8.05000000000000e-01 2.60060302819208e+00 2.60017256772797e+00 4.30460464106996e-04
8.10000000000000e-01 2.61782788413742e+00 2.61739814297001e+00 4.29741167411901e-04
8.15000000000000e-01 2.63250367278118e+00 2.63207726147960e+00 4.26411301576834e-04
8.20000000000000e-01 2.64449774447152e+00 2.64407720741157e+00 4.20537059947712e-04
8.25000000000000e-01 2.65369400648016e+00 2.65328148243819e+00 4.12524041969231e-04
8.30000000000000e-01 2.65999359836306e+00 2.65959053448992e+00 4.03063873142706e-04
8.35000000000000e-01 2.66331541671577e+00 2.66292238208847e+00 3.93034627302224e-04
8.40000000000000e-01 2.66359649816090e+00 2.66321313042021e+00 3.83367740683482e-04
8.45000000000000e-01 2.66079227655578e+00 2.66041737596564e+00 3.74900590144556e-04
8.50000000000000e-01 2.65487673513855e+00 2.65450849718747e+00 3.68237951077877e-04
8.55000000000000e-01 2.64584247559623e+00 2.64547882948272e+00 3.63646113515692e-04
8.60000000000000e-01 2.63370072324695e+00 2.63333972331718e+00 3.60999929769346e-04
8.65000000000000e-01 2.61848128074445e+00 2.61812148518153e+00 3.59795562926646e-04
8.70000000000000e-01 2.60023243277443e+00 2.59987320173000e+00 3.59231044425368e-04
8.75000000000000e-01 2.57902079270750e+00 2.57866244818360e+00 3.58344523905263e-04
8.80000000000000e-01 2.55493107125499e+00 2.55457488279246e+00 3.56188462534934e-04
8.85000000000000e-01 2.52806573920942e+00 2.52771372985530e+00 3.52009354113392e-04
8.90000000000000e-01 2.49854455345504e+00 2.49819915448034e+00 3.45398974709088e-04
8.95000000000000e-01 2.46650391896354e+00 2.46616753293972e+00 3.36386023817248e-04
9.00000000000000e-01 2.43209606961892e+00 2.43177062311339e+00 3.25446505529570e-04
9.05000000000000e-01 2.39548806620350e+00 2.39517464013388e+00 3.13426069614930e-04
9.10000000000000e-01 2.35686062812426e+00 2.35655924292839e+00 3.01385195873749e-04
9.15000000000000e-01 2.31640683291061e+00 2.31611643790350e+00 2.90395007108479e-04
9.20000000000000e-01 2.27433073034502e+00 2.27404940652903e+00 2.81323815988888e-04
9.25000000000000e-01 2.23084592308016e+00 2.23057126404647e+00 2.74659033696611e-04
9.30000000000000e-01 2.18617416098932e+00 2.18590375695213e+00 2.70404037195249e-04
9.35000000000000e-01 2.14054398260435e+00 2.14027590728277e+00 2.68075321579797e-04
9.40000000000000e-01 2.09418941636750e+00 2.09392261205918e+00 2.66804308316715e-04
9.45000000000000e-01 2.04734873146461e+00 2.04708320651983e+00 2.65524944776274e-04
9.50000000000000e-01 2.00026320805805e+00 2.00000000000000e+00 2.63208058047137e-04
9.55000000000000e-01 1.95317588480768e+00 1.95291679348017e+00 2.59091327515115e-04
9.60000000000000e-01 1.90633024102285e+00 1.90607738794082e+00 2.52853082028270e-04
9.65000000000000e-01 1.85996878235021e+00 1.85972409271723e+00 2.44689632984851e-04
9.70000000000000e-01 1.81433152028182e+00 1.81409624304787e+00 2.35277233954001e-04
9.75000000000000e-01 1.76965436208343e+00 1.76942873595353e+00 2.25626129901180e-04
9.80000000000000e-01 1.72616745267850e+00 1.72595059347097e+00 2.16859207534892e-04
9.85000000000000e-01 1.68409352743536e+00 1.68388356209650e+00 2.09965338856088e-04
9.90000000000000e-01 1.64364634034407e+00 1.64344075707161e+00 2.05583272454568e-04
9.95000000000000e-01 1.60502922434558e+00 1.60482535986612e+00 2.03864479461746e-04
1.00000000000000e+00 1.56843382152462e+00 1.56822937688661e+00 2.04444638011836e-04
1.00500000000000e+00 1.53403899521953e+00 1.53383246706028e+00 2.06528159255370e-04
1.01000000000000e+00 1.50200991005883e+00 1.50180084551966e+00 2.09064539163695e-04
1.01500000000000e+00 1.47249724558301e+00 1.47228627014470e+00 2.10975438315497e-04
1.02000000000000e+00 1.44563649885835e+00 1.44542511720755e+00 2.11381650802256e-04
1.02500000000000e+00 1.42154733306549e+00 1.42133755181640e+00 2.09781249090879e-04
1.03000000000000e+00 1.40033294126450e+00 1.40012679827000e+00 2.06142994506164e-04
1.03500000000000e+00 1.38207941381015e+00 1.38187851481848e+00 2.00898991675524e-04
1.04000000000000e+00 1.36685511930167e+00 1.36666027668282e+00 1.94842618850277e-04
1.04500000000000e+00 1.35471012753240e+00 1.35452117051728e+00 1.88957015112790e-04
1.05000000000000e+00 1.34567571479360e+00 1.34549150281253e+00 1.84211981074212e-04
1.05500000000000e+00 1.33976399506256e+00 1.33958262403436e+00 1.81371028199484e-04
1.06000000000000e+00 1.33696771511253e+00 1.33678686957979e+00 1.80845532748108e-04
1.06500000000000e+00 1.33726023924914e+00 1.33707761791153e+00 1.82621337603051e-04
1.07000000000000e+00 1.34059573318847e+00 1.34040946551008e+00 1.86267678385921e-04
1.07500000000000e+00 1.34690953991094e+00 1.34671851756181e+00 1.91022349124381e-04
1.08000000000000e+00 1.35611872617708e+00 1.35592279258843e+00 1.95933588652109e-04
1.08500000000000e+00 1.36812276893892e+00 1.36792273852040e+00 2.00030418517461e-04
1.09000000000000e+00 1.38280434716022e+00 1.38260185702999e+00 2.02490130228883e-04
1.09500000000000e+00 1.40003020648372e+00 1.39982743227203e+00 2.02774211695234e-04
1.10000000000000e+00 1.41965207073368e+00 1.41945135953695e+00 2.00711196722825e-04
1.10500000000000e+00 1.44150758378365e+00 1.44131106870462e+00 1.96515079030846e-04
1.11000000000000e+00 1.46542127595171e+00 1.46523053680291e+00 1.90739148805630e-04
1.11500000000000e+00 1.49120555896558e+00 1.49102138342582e+00 1.84175539757803e-04
1.12000000000000e+00 1.51866176114311e+00 1.51848404225504e+00 1.77718888068501e-04
1.12500000000000e+00 1.54758121872111e+00 1.54740900145948e+00 1.72217261626306e-04
1.13000000000000e+00 1.57774643977569e+00 1.57757810532303e+00 1.68334452659735e-04
1.13500000000000e+00 1.60893235402591e+00 1.60876590907298e+00 1.66444952929279e-04
1.14000000000000e+00 1.64090765562899e+00 1.64074107855382e+00 1.66577075171315e-04
1.14500000000000e+00 1.67343623788182e+00 1.67326782611444e+00 1.68411767383025e-04
1.15000000000000e+00 1.70627870979343e+00 1.70610737385376e+00 1.71335939665118e-04
1.15500000000000e+00 1.73919397609100e+00 1.73901943520098e+00 1.74540890022001e-04
1.16000000000000e+00 1.77194085554393e+00 1.77176370569363e+00 1.77149850302705e-04
1.16500000000000e+00 1.80427970842727e+00 1.80410135376010e+00 1.78354667171865e-04
1.17000000000000e+00 1.83597404299287e+00 1.83579650231313e+00 1.77540679742627e-04
1.17500000000000e+00 1.86679207301786e+00 1.86661769201745e+00 1.74381000406898e-04
1.18000000000000e+00 1.89650820346388e+00 1.89633931720795e+00 1.68886255933476e-04
1.18500000000000e+00 1.92490442824590e+00 1.92474302560309e+00 1.61402642812725e-04
1.19000000000000e+00 1.95177163206999e+00 1.95161907318189e+00 1.52558888100174e-04
1.19500000000000e+00 1.97691079614520e+00 1.97676762586894e+00 1.43170276269089e-04
1.20000000000000e+00 2.00013411424441e+00 2.00000000000000e+00 1.34114244407568e-04
1.20500000000000e+00 2.02126603020545e+00 2.02113983391842e+00 1.26196287031810e-04
1.21000000000000e+00 2.04014420993840e+00 2.04002418347677e+00 1.20026461631451e-04
1.21500000000000e+00 2.05662046010393e+00 2.05650453468774e+00 1.15925416188656e-04
1.22000000000000e+00 2.07056160199956e+00 2.07044772727895e+00 1.13874720607310e-04
1.22500000000000e+00 2.08185030334552e+00 2.08173678345563e+00 1.13519889894942e-04
1.23000000000000e+00 2.09038586342673e+00 2.09027163675968e+00 1.14226667043305e-04
1.23500000000000e+00 2.09608493947375e+00 2.09596975652967e+00 1.15182944075087e-04
1.24000000000000e+00 2.09888219542009e+00 2.09876666410972e+00 1.15531310370454e-04
1.24500000000000e+00 2.09873084939546e+00 2.09861633762302e+00 1.14511772439929e-04
1.25000000000000e+00 2.09560309446352e+00 2.09549150281253e+00 1.11591650997944e-04
1.25500000000000e+00 2.08949036880518e+00 2.08938380815405e+00 1.06560651123022e-04
1.26000000000000e+00 2.08040345692076e+00 2.08030388316029e+00 9.95737604760905e-05
1.26500000000000e+00 2.06837241203877e+00 2.06828127951470e+00 9.11325240711136e-05
1.27000000000000e+00 2.05344630073868e+00 2.05336429539657e+00 8.20053421062283e-05
1.27500000000000e+00 2.03569278227615e+00 2.03561968407860e+00 7.30981975505252e-05
1.28000000000000e+00 2.01519754537525e+00 2.01513224859221e+00 6.52967830365725e-05
1.28500000000000e+00 1.99206363244241e+00 1.99200432495795e+00 5.93074844570385e-05
1.29000000000000e+00 1.96641068372386e+00 1.96635515716554e+00 5.55265583166431e-05
1.29500000000000e+00 1.93837413104265e+00 1.93832016775567e+00 5.39632869833717e-05
1.30000000000000e+00 1.90810436257177e+00 1.90805012849909e+00 5.42340726776835e-05
1.30500000000000e+00 1.87576586788507e+00 1.87571023628478e+00 5.56316002853219e-05
1.31000000000000e+00 1.84153635852058e+00 1.84147909991323e+00 5.72586073510628e-05
1.31500000000000e+00 1.80560584635714e+00 1.80554764404025e+00 5.82023168838042e-05
1.32000000000000e+00 1.76817565317338e+00 1.76811793702778e+00 5.77161455943553e-05
1.32500000000000e+00 1.72945732215651e+00 1.72940194992690e+00 5.53722296101622e-05
1.33000000000000e+00 1.68967140698486e+00 1.68962025424335e+00 5.11527415076873e-05
1.33500000000000e+00 1.64904612595788e+00 1.64900066651302e+00 4.54594448566770e-05
1.34000000000000e+00 1.60781588539483e+00 1.60777684804300e+00 3.90373518257547e-05
1.34500000000000e+00 1.56621969479758e+00 1.56618686845015e+00 3.28263474251855e-05
1.35000000000000e+00 1.52449951214325e+00 1.52447174185242e+00 2.77702908233479e-05
1.35500000000000e+00 1.48289856755084e+00 1.48287394473691e+00 2.46228139246796e-05
1.36000000000000e+00 1.44165971509186e+00 1.44163592464141e+00 2.37904504494235e-05
1.36500000000000e+00 1.40102385517178e+00 1.40099860884315e+00 2.52463286303239e-05
1.37000000000000e+00 1.36122845520189e+00 1.36119992224821e+00 2.85329536844348e-05
1.37500000000000e+00 1.32250617741612e+00 1.32247332361862e+00 3.28537974989551e-05
1.38000000000000e+00 1.28508360381961e+00 1.28504636916085e+00 3.72346587560468e-05
1.38500000000000e+00 1.24918003351136e+00 1.24913931233114e+00 4.07211802158081e-05
1.39000000000000e+00 1.21500632012967e+00 1.21496374848942e+00 4.25716402463472e-05
1.39500000000000e+00 1.18276371836575e+00 1.18272131275752e+00 4.24056082308777e-05
1.40000000000000e+00 1.15264271784629e+00 1.15260243910916e+00 4.02787371376334e-05
1.40500000000000e+00 1.12482185790675e+00 1.12478518834171e+00 3.66695650424465e-05
1.41000000000000e+00 1.09946653439959e+00 1.09943415215529e+00 3.23822442991339e-05
1.41500000000000e+00 1.07672782589364e+00 1.07669944009536e+00 2.83857982779079e-05
1.42000000000000e+00 1.05674137810344e+00 1.05671575560428e+00 2.56224991619369e-05
1.42500000000000e+00 1.03962638997485e+00 1.03960156687779e+00 2.48230970534280e-05
1.43000000000000e+00 1.02548474189165e+00 1.02545837763829e+00 2.63642533655517e-05
1.43500000000000e+00 1.01440029681825e+00 1.01437010232018e+00 3.01944980720670e-05
1.44000000000000e+00 1.00643839093305e+00 1.00640254951957e+00 3.58414134895568e-05
1.44500000000000e+00 1.00164551421870e+00 1.00160301689261e+00 4.24973260950701e-05
1.45000000000000e+00 1.00004916646601e+00 1.00000000000000e+00 4.91664660102753e-05
1.45500000000000e+00 1.00165786272117e+00 1.00160301689261e+00 5.48458285649644e-05
1.46000000000000e+00 1.00646125606097e+00 1.00640254951957e+00 5.87065414057175e-05
1.46500000000000e+00 1.01443034541451e+00 1.01437010232018e+00 6.02430943339449e-05
1.47000000000000e+00 1.02551774162657e+00 1.02545837763829e+00 5.93639882817687e-05
1.47500000000000e+00 1.03965797484974e+00 1.03960156687779e+00 5.64079719451716e-05
1.48000000000000e+00 1.05676783878327e+00 1.05671575560428e+00 5.20831789907472e-05
1.48500000000000e+00 1.07674678003526e+00 1.07669944009536e+00 4.73399398950303e-05
1.49000000000000e+00 1.09947735175798e+00 1.09943415215529e+00 4.31996026881709e-05
1.49500000000000e+00 1.12482575779760e+00 1.12478518834171e+00 4.05694558966996e-05
1.50000000000000e+00 1.15264251560927e+00 1.15260243910916e+00 4.00765001147274e-05
1.50500000000000e+00 1.18276326261246e+00 1.18272131275752e+00 4.19498549342201e-05
1.51000000000000e+00 1.21500972190049e+00 1.21496374848942e+00 4.59734110749288e-05
1.51500000000000e+00 1.24919083055009e+00 1.24913931233114e+00 5.15182189479990e-05
1.52000000000000e+00 1.28510401920052e+00 1.28504636916085e+00 5.76500396649582e-05
1.52500000000000e+00 1.32253661751011e+00 1.32247332361862e+00 6.32938914937320e-05
1.53000000000000e+00 1.36126734899825e+00 1.36119992224821e+00 6.74267500346826e-05
1.53500000000000e+00 1.40106787268010e+00 1.40099860884315e+00 6.92638369490517e-05
1.54000000000000e+00 1.44170432901814e+00 1.44163592464141e+00 6.84043767276155e-05
1.54500000000000e+00 1.48293885417279e+00 1.48287394473691e+00 6.49094358795566e-05
1.55000000000000e+00 1.52453103827791e+00 1.52447174185242e+00 5.92964254855222e-05
1.55500000000000e+00 1.56623931840286e+00 1.56618686845015e+00 5.24499527136957e-05
1.56000000000000e+00 1.60782231222667e+00 1.60777684804300e+00 4.54641836673542e-05
1.56500000000000e+00 1.64904011132306e+00 1.64900066651302e+00 3.94448100369260e-05
1.57000000000000e+00 1.68965556083853e+00 1.68962025424335e+00 3.53065951801401e-05
1.57500000000000e+00 1.72943555366398e+00 1.72940194992690e+00 3.36037370798348e-05
1.58000000000000e+00 1.76815236163348e+00 1.76811793702778e+00 3.44246056971365e-05
1.58500000000000e+00 1.80558501484620e+00 1.80554764404025e+00 3.73708059502320e-05
1.59000000000000e+00 1.84152072505385e+00 1.84147909991323e+00 4.16251406218926e-05
1.59500000000000e+00 1.87575633306036e+00 1.87571023628478e+00 4.60967755786523e-05
1.60000000000000e+00 1.90809974626998e+00 1.90805012849909e+00 4.96177708881884e-05
1.60500000000000e+00 1.93837132348644e+00 1.93832016775567e+00 5.11557307709687e-05
1.61000000000000e+00 1.96640516148711e+00 1.96635515716554e+00 5.00043215623247e-05
1.61500000000000e+00 1.99205024223923e+00 1.99200432495795e+00 4.59172812785624e-05
1.62000000000000e+00 2.01517141011104e+00 2.01513224859221e+00 3.91615188246597e-05
1.62500000000000e+00 2.03565016321617e+00 2.03561968407860e+00 3.04791375729252e-05
1.63000000000000e+00 2.05338525958668e+00 2.05336429539657e+00 2.09641901118829e-05
1.63500000000000e+00 2.06829315444213e+00 2.06828127951470e+00 1.18749274227170e-05
1.64000000000000e+00 2.08030829689584e+00 2.08030388316029e+00 4.41373554815883e-06
1.64500000000000e+00 2.08938332112641e+00 2.08938380815405e+00 4.87027645768023e-07
1.65000000000000e+00 2.09548916734571e+00 2.09549150281253e+00 2.33546681238650e-06
1.65500000000000e+00 2.09861516182161e+00 2.09861633762302e+00 1.17580140779339e-06
1.66000000000000e+00 2.09876907375439e+00 2.09876666410972e+00 2.40964466247107e-06
1.66500000000000e+00 2.09597715179095e+00 2.09596975652967e+00 7.39526127357948e-06
1.67000000000000e+00 2.09028412681982e+00 2.09027163675968e+00 1.24900601399247e-05
1.67500000000000e+00 2.08175315314191e+00 2.08173678345563e+00 1.63696862847118e-05
1.68000000000000e+00 2.07046564979436e+00 2.07044772727895e+00 1.79225154108842e-05
1.68500000000000e+00 2.05652099987972e+00 2.05650453468774e+00 1.64651919787318e-05
1.69000000000000e+00 2.04003606951749e+00 2.04002418347677e+00 1.18860407178900e-05
1.69500000000000e+00 2.02114451959950e+00 2.02113983391842e+00 4.68568108047407e-06
1.70000000000000e+00 1.99999590162664e+00 2.00000000000000e+00 4.09837335868524e-06
1.70500000000000e+00 1.97675455090634e+00 1.97676762586893e+00 1.30749625910642e-05
1.71000000000000e+00 1.95159831259757e+00 1.95161907318189e+00 2.07605843247638e-05
1.71500000000000e+00 1.92471715428047e+00 1.92474302560309e+00 2.58713226151119e-05
1.72000000000000e+00 1.89631172893634e+00 1.89633931720795e+00 2.75882716112008e-05
1.72500000000000e+00 1.86659195160223e+00 1.86661769201745e+00 2.57404152248508e-05
1.73000000000000e+00 1.83577564056437e+00 1.83579650231313e+00 2.08617487553742e-05
1.73500000000000e+00 1.80408725120665e+00 1.80410135376010e+00 1.41025534465822e-05
1.74000000000000e+00 1.77175670137415e+00 1.77176370569363e+00 7.00431947331381e-06
1.74500000000000e+00 1.73901825707465e+00 1.73901943520098e+00 1.17812632827174e-06
1.75000000000000e+00 1.70610942311102e+00 1.70610737385376e+00 2.04925725877381e-06
1.75500000000000e+00 1.67326977088921e+00 1.67326782611444e+00 1.94477477699628e-06
1.76000000000000e+00 1.64073963930087e+00 1.64074107855382e+00 1.43925294571190e-06
1.76500000000000e+00 1.60875866521265e+00 1.60876590907298e+00 7.24386033001956e-06
1.77000000000000e+00 1.57756413492137e+00 1.57757810532303e+00 1.39704016623998e-05
1.77500000000000e+00 1.54738919056223e+00 1.54740900145948e+00 1.98108972475630e-05
1.78000000000000e+00 1.51846096687646e+00 1.51848404225504e+00 2.30753785797067e-05
1.78500000000000e+00 1.49099876401769e+00 1.49102138342582e+00 2.26194081338615e-05
1.79000000000000e+00 1.46521237244358e+00 1.46523053680291e+00 1.81643593273328e-05
1.79500000000000e+00 1.44130065094297e+00 1.44131106870462e+00 1.04177616557788e-05
1.80000000000000e+00 1.41945041809745e+00 1.41945135953695e+00 9.41439499024810e-07
1.80500000000000e+00 1.39983565668585e+00 1.39982743227203e+00 8.22441381798100e-06
1.81000000000000e+00 1.38261696159723e+00 1.38260185702999e+00 1.51045672425187e-05
1.81500000000000e+00 1.36794110159947e+00 1.36792273852040e+00 1.83630790655531e-05
1.82000000000000e+00 1.35594053296393e+00 1.35592279258843e+00 1.77403755059480e-05
1.82500000000000e+00 1.34673271540459e+00 1.34671851756181e+00 1.41978427750100e-05
1.83000000000000e+00 1.34041914657298e+00 1.34040946551008e+00 9.68106289067627e-06
1.83500000000000e+00 1.33708414373777e+00 1.33707761791153e+00 6.52582623206222e-06
1.84000000000000e+00 1.33679353339290e+00 1.33678686957979e+00 6.66381311353881e-06
1.84500000000000e+00 1.33959351556940e+00 1.33958262403436e+00 1.08915350343075e-05
1.85000000000000e+00 1.34550999641030e+00 1.34549150281253e+00 1.84935977747269e-05
1.85500000000000e+00 1.35454859245027e+00 1.35452117051728e+00 2.74219329807757e-05
1.86000000000000e+00 1.36669530836142e+00 1.36666027668282e+00 3.50316786066340e-05
1.86500000000000e+00 1.38191764171445e+00 1.38187851481848e+00 3.91268959778479e-05
1.87000000000000e+00 1.40016568590948e+00 1.40012679827000e+00 3.88876394872284e-05
1.87500000000000e+00 1.42137279674659e+00 1.42133755181640e+00 3.52449301899149e-05
1.88000000000000e+00 1.44545560051999e+00 1.44542511720755e+00 3.04833124393777e-05
1.88500000000000e+00 1.47231347769553e+00 1.47228627014470e+00 2.72075508309655e-05
1.89000000000000e+00 1.50182798324167e+00 1.50180084551967e+00 2.71377220049107e-05
1.89500000000000e+00 1.53386277848169e+00 1.53383246706028e+00 3.03114214104117e-05
1.90000000000000e+00 1.56826446716296e+00 1.56822937688661e+00 3.50902763457395e-05
1.90500000000000e+00 1.60486433149139e+00 1.60482535986612e+00 3.89716252753303e-05
1.91000000000000e+00 1.64348056028222e+00 1.64344075707161e+00 3.98032106048163e-05
1.91500000000000e+00 1.68392036675273e+00 1.68388356209650e+00 3.68046562220226e-05
1.92000000000000e+00 1.72598150554816e+00 1.72595059347097e+00 3.09120771906368e-05
1.92500000000000e+00 1.76945304606803e+00 1.76942873595353e+00 2.43101144909996e-05
1.93000000000000e+00 1.81411565205742e+00 1.81409624304787e+00 1.94090095475552e-05
1.93500000000000e+00 1.85974185894513e+00 1.85972409271723e+00 1.77662279059465e-05
1.94000000000000e+00 1.90609682885447e+00 1.90607738794082e+00 1.94409136493601e-05
1.94500000000000e+00 1.95293983018933e+00 1.95291679348017e+00 2.30367091655914e-05
1.95000000000000e+00 2.00002636505781e+00 2.00000000000000e+00 2.63650578082864e-05
1.95500000000000e+00 2.04711060789015e+00 2.04708320651983e+00 2.74013703158715e-05
1.96000000000000e+00 2.09394772694594e+00 2.09392261205918e+00 2.51148867591588e-05
1.96500000000000e+00 2.14029575373039e+00 2.14027590728277e+00 1.98464476119931e-05
1.97000000000000e+00 2.18591687991115e+00 2.18590375695213e+00 1.31229590212278e-05
1.97500000000000e+00 2.23057829331760e+00 2.23057126404646e+00 7.02927113982454e-06
1.98000000000000e+00 2.27405281985313e+00 2.27404940652903e+00 3.41332410425110e-06
1.98500000000000e+00 2.31611966847508e+00 2.31611643790350e+00 3.23057158091444e-06
1.99000000000000e+00 2.35656549012971e+00 2.35655924292839e+00 6.24720132558210e-06
1.99500000000000e+00 2.39518580938314e+00 2.39517464013388e+00 1.11692492592574e-05
2.00000000000000e+00 2.43178673483995e+00 2.43177062311339e+00 1.61117265622401e-05
2.00500000000000e+00 2.46618675413485e+00 2.46616753293972e+00 1.92211951342003e-05
2.01000000000000e+00 2.49821839542273e+00 2.49819915448034e+00 1.92409423980244e-05
2.01500000000000e+00 2.52772958344344e+00 2.52771372985530e+00 1.58535881413790e-05
2.02000000000000e+00 2.55458460687464e+00 2.55457488279245e+00 9.72408218258280e-06
2.02500000000000e+00 2.57866471033220e+00 2.57866244818359e+00 2.26214860399310e-06
2.03000000000000e+00 2.59986840005930e+00 2.59987320173000e+00 4.80167070282533e-06
2.03500000000000e+00 2.61811159067643e+00 2.61812148518152e+00 9.89450509036871e-06
2.04000000000000e+00 2.63332771871708e+00 2.63333972331718e+00 1.20046001046425e-05
2.04500000000000e+00 2.64546791510659e+00 2.64547882948272e+00 1.09143761268804e-05
2.05000000000000e+00 2.65450127711803e+00 2.65450849718747e+00 7.22006944720022e-06
2.05500000000000e+00 2.66041522562860e+00 2.66041737596564e+00 2.15033703421241e-06
2.06000000000000e+00 2.66321588836694e+00 2.66321313042021e+00 2.75794672299767e-06
2.06500000000000e+00 2.66292842273999e+00 2.66292238208847e+00 6.04065152742805e-06
2.07000000000000e+00 2.65959718637199e+00 2.65959053448992e+00 6.65188207138456e-06
2.07500000000000e+00 2.65328567867529e+00 2.65328148243819e+00 4.19623710490313e-06
2.08000000000000e+00 2.64407620778745e+00 2.64407720741157e+00 9.99624128805721e-07
2.08500000000000e+00 2.63206927659167e+00 2.63207726147960e+00 7.98488793352092e-06
2.09000000000000e+00 2.61738272066398e+00 2.61739814297001e+00 1.54223060269132e-05
2.09500000000000e+00 2.60015066169008e+00 2.60017256772797e+00 2.19060378885416e-05
2.10000000000000e+00 2.58052235604147e+00 2.58054864046305e+00 2.62844215734859e-05
2.10500000000000e+00 2.55866101694270e+00 2.55868893129538e+00 2.79143526755732e-05
2.11000000000000e+00 2.53474267101895e+00 2.53476946319710e+00 2.67921781502700e-05
2.11500000000000e+00 2.50895508062671e+00 2.50897861657418e+00 2.35359474669572e-05
2.12000000000000e+00 2.48149672941253e+00 2.48151595774496e+00 1.92283324254028e-05
2.12500000000000e+00 2.45257583801366e+00 2.45259099854052e+00 1.51605268605692e-05
2.13000000000000e+00 2.42240935664062e+00 2.42242189467697e+00 1.25380363531491e-05
2.13500000000000e+00 2.39122187570941e+00 2.39123409092702e+00 1.22152176098567e-05
2.14000000000000e+00 2.35924440537721e+00 2.35925892144618e+00 1.45160689664081e-05
2.14500000000000e+00 2.32671299685322e+00 2.32673217388556e+00 1.91770323398899e-05
2.15000000000000e+00 2.29386720708861e+00 2.29389262614624e+00 2.54190576334246e-05
2.15500000000000e+00 2.26094843708951e+00 2.26098056479902e+00 3.21277095136629e-05
2.16000000000000e+00 2.22819819633026e+00 2.22823629430637e+00 3.80979761143152e-05
2.16500000000000e+00 2.19585635717768e+00 2.19589864623990e+00 4.22890622195915e-05
2.17000000000000e+00 2.16415946223324e+00 2.16420349768687e+00 4.40354536279663e-05
2.17500000000000e+00 2.13333913526613e+00 2.13338230798255e+00 4.31727164182938e-05
2.18000000000000e+00 2.10362062642497e+00 2.10366068279205e+00 4.00563670801546e-05
2.18500000000000e+00 2.07522149940650e+00 2.07525697439691e+00 3.54749904163398e-05
2.19000000000000e+00 2.04835044705348e+00 2.04838092681811e+00 3.04797646339949e-05
2.19500000000000e+00 2.02320620638765e+00 2.02323237413107e+00 2.61677434219010e-05
2.20000000000000e+00 1.99997653675273e+00 2.00000000000000e+00 2.34632472715379e-05
2.20500000000000e+00 1.97883722617518e+00 1.97886016608158e+00 2.29399063980118e-05
2.21000000000000e+00 1.95995110023781e+00 1.95997581652323e+00 2.47162854229988e-05
2.21500000000000e+00 1.94346702245236e+00 1.94349546531226e+00 2.84428598997799e-05
2.22000000000000e+00 1.92951889232891e+00 1.92955227272105e+00 3.33803921348519e-05
2.22500000000000e+00 1.91822466389119e+00 1.91826321654437e+00 3.85526531856417e-05
2.23000000000000e+00 1.90968542036963e+00 1.90972836324032e+00 4.29428706860691e-05
2.23500000000000e+00 1.90398454797546e+00 1.90403024347033e+00 4.56954948626631e-05
2.24000000000000e+00 1.90118705172899e+00 1.90123333589028e+00 4.62841612887122e-05
2.24500000000000e+00 1.90133904913729e+00 1.90138366237698e+00 4.46132396911825e-05
2.25000000000000e+00 1.90446746414259e+00 1.90450849718747e+00 4.10330448870067e-05
2.25500000000000e+00 1.91057992635923e+00 1.91061619184595e+00 3.62654867152035e-05
2.26000000000000e+00 1.91966486218786e+00 1.91969611683971e+00 3.12546518506096e-05
2.26500000000000e+00 1.93169174832852e+00 1.93171872048530e+00 2.69721567747183e-05
2.27000000000000e+00 1.94661148767995e+00 1.94663570460343e+00 2.42169234834222e-05
2.27500000000000e+00 1.96435686490406e+00 1.96438031592140e+00 2.34510173369173e-05
2.28000000000000e+00 1.98484304489516e+00 1.98486775140779e+00 2.47065126333101e-05
2.28500000000000e+00 2.00796809107153e+00 2.00799567504205e+00 2.75839705170533e-05
2.29000000000000e+00 2.03361349908435e+00 2.03364484283446e+00 3.13437501109348e-05
2.29500000000000e+00 2.06164476117049e+00 2.06167983224433e+00 3.50710738366011e-05
2.30000000000000e+00 2.09191199242632e+00 2.09194987150091e+00 3.78790745885205e-05
2.30500000000000e+00 2.12425065875365e+00 2.12428976371522e+00 3.91049615604544e-05
2.31000000000000e+00 2.15848244470639e+00 2.15852090008677e+00 3.84553803782772e-05
2.31500000000000e+00 2.19441628780570e+00 2.19445235595975e+00 3.60681540478858e-05
2.32000000000000e+00 2.23184958642698e+00 2.23188206297221e+00 3.24765452344167e-05
2.32500000000000e+00 2.27056956544536e+00 2.27059805007310e+00 2.84846277325279e-05
2.33000000000000e+00 2.31035476281382e+00 2.31037974575665e+00 2.49829428304871e-05
2.33500000000000e+00 2.35097658615262e+00 2.35099933348698e+00 2.27473343548112e-05
2.34000000000000e+00 2.39220088461587e+00 2.39222315195699e+00 2.22673411247598e-05
2.34500000000000e+00 2.43378948858576e+00 2.43381313154985e+00 2.36429640945168e-05
2.35000000000000e+00 2.47550168617485e+00 2.47552825814758e+00 2.65719727243763e-05
2.35500000000000e+00 2.51709562689030e+00 2.51712605526309e+00 3.04283727867727e-05
2.36000000000000e+00 2.55832966380776e+00 2.55836407535858e+00 3.44115508243981e-05
2.36500000000000e+00 2.59896366116410e+00 2.59900139115685e+00 3.77299927518671e-05
2.37000000000000e+00 2.63876030089177e+00 2.63880007775179e+00 3.97768600177706e-05
2.37500000000000e+00 2.67748641811983e+00 2.67752667638138e+00 4.02582615541824e-05
2.38000000000000e+00 2.71491438339498e+00 2.71495363083914e+00 3.92474441679447e-05
2.38500000000000e+00 2.75082353168696e+00 2.75086068766886e+00 3.71559818930223e-05
2.39000000000000e+00 2.78500161955436e+00 2.78503625151058e+00 3.46319562196662e-05
2.39500000000000e+00 2.81724627651072e+00 2.81727868724248e+00 3.24107317624112e-05
2.40000000000000e+00 2.84736640792033e+00 2.84739756089084e+00 3.11529705125935e-05
2.40500000000000e+00 2.87518350620913e+00 2.87521481165829e+00 3.13054491667408e-05
2.41000000000000e+00 2.90053283442409e+00 2.90056584784471e+00 3.30134206212307e-05
2.41500000000000e+00 2.92326445919126e+00 2.92330055990463e+00 3.61007133746760e-05
2.42000000000000e+00 2.94324412583664e+00 2.94328424439572e+00 4.01185590859221e-05
2.42500000000000e+00 2.96035398347748e+00 2.96039843312221e+00 4.44496447240539e-05
2.43000000000000e+00 2.97449317931792e+00 2.97454162236171e+00 4.84430437968086e-05
2.43500000000000e+00 2.98557834721613e+00 2.98562989767982e+00 5.15504636946496e-05
2.44000000000000e+00 2.99354401511824e+00 2.99359745048043e+00 5.34353621932659e-05
2.44500000000000e+00 2.99834294975252e+00 2.99839698310739e+00 5.40333548753047e-05
2.45000000000000e+00 2.99994644670629e+00 3.00000000000000e+00 5.35532937098182e-05
2.45500000000000e+00 2.99834456202949e+00 2.99839698310739e+00 5.24210779011547e-05
2.46000000000000e+00 2.99354627042014e+00 2.99359745048044e+00 5.11800602942536e-05
2.46500000000000e+00 2.98557952718867e+00 2.98562989767982e+00 5.03704911571923e-05
2.47000000000000e+00 2.97449120822445e+00 2.97454162236171e+00 5.04141372648093e-05
2.47500000000000e+00 2.96034690475243e+00 2.96039843312221e+00 5.15283697795077e-05
2.48000000000000e+00 2.94323055729668e+00 2.94328424439572e+00 5.36870990401894e-05
2.48500000000000e+00 2.92324392443652e+00 2.92330055990464e+00 5.66354681126313e-05
2.49000000000000e+00 2.90050589437627e+00 2.90056584784471e+00 5.99534684404546e-05
2.49500000000000e+00 2.87515165849699e+00 2.87521481165830e+00 6.31531613035641e-05
2.50000000000000e+00 2.84733177363687e+00 2.84739756089084e+00 6.57872539702176e-05
2.50500000000000e+00 2.81721114236409e+00 2.81727868724248e+00 6.75448783908905e-05
2.51000000000000e+00 2.78496793760550e+00 2.78503625151058e+00 6.83139050829951e-05
2.51500000000000e+00 2.75079249054754e+00 2.75086068766886e+00 6.81971213185584e-05
2.52000000000000e+00 2.71488615061906e+00 2.71495363083915e+00 6.74802200912872e-05
2.52500000000000e+00 2.67746011605592e+00 2.67752667638138e+00 6.65603254619285e-05
2.53000000000000e+00 2.63873422546711e+00 2.63880007775179e+00 6.58522846794796e-05
2.53500000000000e+00 2.59893569681641e+00 2.59900139115685e+00 6.56943404431232e-05
2.54000000000000e+00 2.55829780114690e+00 2.55836407535859e+00 6.62742116932513e-05
2.54500000000000e+00 2.51705846389581e+00 2.51712605526309e+00 6.75913672756323e-05
2.55000000000000e+00 2.47545879543167e+00 2.47552825814758e+00 6.94627159063543e-05
2.55500000000000e+00 2.43374156246882e+00 2.43381313154985e+00 7.15690810362268e-05
2.56000000000000e+00 2.39214962105835e+00 2.39222315195700e+00 7.35308986503647e-05
2.56500000000000e+00 2.35092433799794e+00 2.35099933348698e+00 7.49954890477689e-05
2.57000000000000e+00 2.31030402952612e+00 2.31037974575666e+00 7.57162305324854e-05
2.57500000000000e+00 2.27052244377484e+00 2.27059805007310e+00 7.56062982616434e-05
2.58000000000000e+00 2.23180730729631e+00 2.23188206297222e+00 7.47556759077561e-05
2.58500000000000e+00 2.19437894747836e+00 2.19445235595975e+00 7.34084813900360e-05
2.59000000000000e+00 2.15844899367868e+00 2.15852090008678e+00 7.19064080971776e-05
2.59500000000000e+00 2.12421915234565e+00 2.12428976371522e+00 7.06113695621013e-05
2.60000000000000e+00 2.09188004678695e+00 2.09194987150091e+00 6.98247139578889e-05
2.60500000000000e+00 2.06161011145121e+00 2.06167983224433e+00 6.97207931219523e-05
2.61000000000000e+00 2.03357453360622e+00 2.03364484283446e+00 7.03092282390294e-05
2.61500000000000e+00 2.00792424130046e+00 2.00799567504205e+00 7.14337415881339e-05
2.62000000000000e+00 1.98479494402196e+00 1.98486775140779e+00 7.28073858258238e-05
2.62500000000000e+00 1.96430623975779e+00 1.96438031592140e+00 7.40761636111031e-05
2.63000000000000e+00 1.94656080753977e+00 1.94663570460343e+00 7.48970636592627e-05
2.63500000000000e+00 1.93164370681880e+00 1.93171872048530e+00 7.50136665008672e-05
2.64000000000000e+00 1.91962180362143e+00 1.91969611683971e+00 7.43132182814410e-05
2.64500000000000e+00 1.91054333866839e+00 1.91061619184595e+00 7.28531775533448e-05
2.65000000000000e+00 1.90443764542582e+00 1.90450849718747e+00 7.08517616521132e-05
2.65500000000000e+00 1.90131501782845e+00 1.90138366237698e+00 6.86445485291731e-05
2.66000000000000e+00 1.90116671971933e+00 1.90123333589028e+00 6.66161709479418e-05
2.66500000000000e+00 1.90396512228430e+00 1.90403024347033e+00 6.51211860300815e-05
2.67000000000000e+00 1.90966395288264e+00 1.90972836324032e+00 6.44103576741273e-05
2.67500000000000e+00 1.91819863905792e+00 1.91826321654437e+00 6.45774864496129e-05
2.68000000000000e+00 1.92948673489632e+00 1.92955227272105e+00 6.55378247269578e-05
2.68500000000000e+00 1.94342842246900e+00 1.94349546531226e+00 6.70428432625325e-05
2.69000000000000e+00 1.95990708764329e+00 1.95997581652323e+00 6.87288799450236e-05
2.69500000000000e+00 1.97878997569915e+00 1.97886016608158e+00 7.01903824285033e-05
2.70000000000000e+00 1.99992893663750e+00 2.00000000000000e+00 7.10633624996238e-05
2.70500000000000e+00 2.02316127181182e+00 2.02323237413106e+00 7.11023192443427e-05
2.71000000000000e+00 2.04831069203516e+00 2.04838092681811e+00 7.02347829495409e-05
2.71500000000000e+00 2.07518839268526e+00 2.07525697439691e+00 6.85817116465870e-05
2.72000000000000e+00 2.10359424423997e+00 2.10366068279205e+00 6.64385520803279e-05
2.72500000000000e+00 2.13331808832894e+00 2.13338230798255e+00 6.42196536060347e-05
2.73000000000000e+00 2.16414112132195e+00 2.16420349768687e+00 6.23763649163500e-05
2.73500000000000e+00 2.19583734126606e+00 2.19589864623990e+00 6.13049738369398e-05
2.74000000000000e+00 2.22817503094205e+00 2.22823629430637e+00 6.12633643215510e-05
2.74500000000000e+00 2.26091825067015e+00 2.26098056479902e+00 6.23141288702556e-05
2.75000000000000e+00 2.29382831921486e+00 2.29389262614624e+00 6.43069313719380e-05
2.75500000000000e+00 2.32666526884725e+00 2.32673217388556e+00 6.69050383117487e-05
2.76000000000000e+00 2.35918926975030e+00 2.35925892144618e+00 6.96516958753612e-05
2.76500000000000e+00 2.39116202754030e+00 2.39123409092702e+00 7.20633867232756e-05
2.77000000000000e+00 2.42234816380193e+00 2.42242189467697e+00 7.37308750422550e-05
2.77500000000000e+00 2.45251659176238e+00 2.45259099854052e+00 7.44067781353053e-05
2.78000000000000e+00 2.48144189696246e+00 2.48151595774496e+00 7.40607824956108e-05
2.78500000000000e+00 2.50890572643655e+00 2.50897861657418e+00 7.28901376296776e-05
2.79000000000000e+00 2.53469818083679e+00 2.53476946319709e+00 7.12823603068458e-05
2.79500000000000e+00 2.55861919412144e+00 2.55868893129538e+00 6.97371739359909e-05
2.80000000000000e+00 2.58047987704799e+00 2.58054864046305e+00 6.87634150615679e-05
2.80500000000000e+00 2.60010379563890e+00 2.60017256772797e+00 6.87720890719667e-05
2.81000000000000e+00 2.61732815517524e+00 2.61739814297001e+00 6.99877947685223e-05
2.81500000000000e+00 2.63200486432023e+00 2.63207726147960e+00 7.23971593732387e-05
2.82000000000000e+00 2.64400146191557e+00 2.64407720741157e+00 7.57454959980919e-05
2.82500000000000e+00 2.65320189928660e+00 2.65328148243819e+00 7.95831515891798e-05
2.83000000000000e+00 2.65950718156440e+00 2.65959053448992e+00 8.33529255186427e-05
2.83500000000000e+00 2.66283588058234e+00 2.66292238208847e+00 8.65015061242147e-05
2.84000000000000e+00 2.66312453767974e+00 2.66321313042021e+00 8.85927404694620e-05
2.84500000000000e+00 2.66032797623871e+00 2.66041737596564e+00 8.93997269284519e-05
2.85000000000000e+00 2.65441954078465e+00 2.65450849718747e+00 8.89564028283552e-05
2.85500000000000e+00 2.64539127261042e+00 2.64547882948272e+00 8.75568722964459e-05
2.86000000000000e+00 2.63325402246818e+00 2.63333972331719e+00 8.57008490102729e-05
2.86500000000000e+00 2.61803749073863e+00 2.61812148518152e+00 8.39944428934203e-05
2.87000000000000e+00 2.59979017667689e+00 2.59987320173000e+00 8.30250531103083e-05
2.87500000000000e+00 2.57857921276649e+00 2.57866244818360e+00 8.32354171040883e-05
2.88000000000000e+00 2.55449005934963e+00 2.55457488279246e+00 8.48234428261208e-05
2.88500000000000e+00 2.52762603923186e+00 2.52771372985530e+00 8.76906234386077e-05
2.89000000000000e+00 2.49810770158226e+00 2.49819915448034e+00 9.14528980766605e-05
2.89500000000000e+00 2.46607201778739e+00 2.46616753293972e+00 9.55151523287512e-05
2.90000000000000e+00 2.43167142662721e+00 2.43177062311339e+00 9.91964861842831e-05
2.90500000000000e+00 2.39507275924997e+00 2.39517464013388e+00 1.01880883917271e-04
2.91000000000000e+00 2.35645608288360e+00 2.35655924292839e+00 1.03160044795381e-04
2.91500000000000e+00 2.31601350360206e+00 2.31611643790350e+00 1.02934301439372e-04
2.92000000000000e+00 2.27394796167391e+00 2.27404940652904e+00 1.01444855121535e-04
2.92500000000000e+00 2.23047203882863e+00 2.23057126404647e+00 9.92252178382280e-05
2.93000000000000e+00 2.18580677799095e+00 2.18590375695213e+00 9.69789611757754e-05
2.93500000000000e+00 2.14018049711386e+00 2.14027590728278e+00 9.54101689130127e-05
2.94000000000000e+00 2.09382756485890e+00 2.09392261205918e+00 9.50472002774205e-05
2.94500000000000e+00 2.04698710153120e+00 2.04708320651984e+00 9.61049886396559e-05
2.95000000000000e+00 1.99990157623897e+00 2.00000000000000e+00 9.84237610304195e-05
2.95500000000000e+00 1.95281528985214e+00 1.95291679348017e+00 1.01503628033406e-04
2.96000000000000e+00 1.90597275866203e+00 1.90607738794082e+00 1.04629278790291e-04
2.96500000000000e+00 1.85961703882656e+00 1.85972409271723e+00 1.07053890670006e-04
2.97000000000000e+00 1.81398804922798e+00 1.81409624304787e+00 1.08193819887248e-04
2.97500000000000e+00 1.76932095457622e+00 1.76942873595354e+00 1.07781377314931e-04
2.98000000000000e+00 1.72584465960462e+00 1.72595059347097e+00 1.05933866357155e-04
2.98500000000000e+00 1.68378044189371e+00 1.68388356209651e+00 1.03120202796569e-04
2.99000000000000e+00 1.64334072204225e+00 1.64344075707161e+00 1.00035029365175e-04
2.99500000000000e+00 1.60472794416990e+00 1.60482535986612e+00 9.74156962223471e-05
3.00000000000000e+00 1.56813352458518e+00 1.56822937688661e+00 9.58523014293888e-05
3.00500000000000e+00 1.53373682587852e+00 1.53383246706028e+00 9.56411817574221e-05
3.01000000000000e+00 1.50170412706104e+00 1.50180084551966e+00 9.67184586198044e-05
3.01500000000000e+00 1.47218758289266e+00 1.47228627014470e+00 9.86872520380988e-05
3.02000000000000e+00 1.44532419015133e+00 1.44542511720755e+00 1.00927056214895e-04
3.02500000000000e+00 1.42123479827500e+00 1.42133755181641e+00 1.02753541407763e-04
3.03000000000000e+00 1.40002321165304e+00 1.40012679827000e+00 1.03586616955420e-04
3.03500000000000e+00 1.38177542916794e+00 1.38187851481848e+00 1.03085650540402e-04
3.04000000000000e+00 1.36655905491669e+00 1.36666027668282e+00 1.01221766127368e-04
3.04500000000000e+00 1.35442289621009e+00 1.35452117051728e+00 9.82743071940018e-05
3.05000000000000e+00 1.34539674574856e+00 1.34549150281253e+00 9.47570639648898e-05
3.05500000000000e+00 1.33949132872806e+00 1.33958262403436e+00 9.12953063048061e-05
3.06000000000000e+00 1.33669838562785e+00 1.33678686957979e+00 8.84839519341707e-05
3.06500000000000e+00 1.33699085888073e+00 1.33707761791153e+00 8.67590307989108e-05
3.07000000000000e+00 1.34032315608184e+00 1.34040946551008e+00 8.63094282423926e-05
3.07500000000000e+00 1.34663147204665e+00 1.34671851756181e+00 8.70455151662508e-05
3.08000000000000e+00 1.35583416427607e+00 1.35592279258843e+00 8.86283123517906e-05
3.08500000000000e+00 1.36783218842401e+00 1.36792273852040e+00 9.05500963914729e-05
3.09000000000000e+00 1.38250960971996e+00 1.38260185702999e+00 9.22473100339882e-05
3.09500000000000e+00 1.39973421123183e+00 1.39982743227203e+00 9.32210401958233e-05
3.10000000000000e+00 1.41935821957443e+00 1.41945135953695e+00 9.31399625205831e-05
3.10500000000000e+00 1.44121916341002e+00 1.44131106870462e+00 9.19052946055654e-05
3.11000000000000e+00 1.46514087099910e+00 1.46523053680290e+00 8.96658038056497e-05
3.11500000000000e+00 1.49093460196695e+00 1.49102138342582e+00 8.67814588663141e-05
3.12000000000000e+00 1.51840029750132e+00 1.51848404225504e+00 8.37447537258562e-05
3.12500000000000e+00 1.54732792445131e+00 1.54740900145948e+00 8.10770081682843e-05
3.13000000000000e+00 1.57749888384264e+00 1.57757810532302e+00 7.92214803844171e-05
3.13500000000000e+00 1.60868745396275e+00 1.60876590907298e+00 7.84551102313014e-05
3.14000000000000e+00 1.64066224227466e+00 1.64074107855382e+00 7.88362791592778e-05
3.14500000000000e+00 1.67318762796464e+00 1.67326782611444e+00 8.01981497959847e-05
3.15000000000000e+00 1.70602518622491e+00 1.70610737385376e+00 8.21876288528145e-05
3.15500000000000e+00 1.73893509442081e+00 1.73901943520098e+00 8.43407801707219e-05
3.16000000000000e+00 1.77167752721926e+00 1.77176370569363e+00 8.61784743630967e-05
3.16500000000000e+00 1.80401405120484e+00 1.80410135376010e+00 8.73025552601270e-05
3.17000000000000e+00 1.83570902890851e+00 1.83579650231313e+00 8.74734046145687e-05
3.17500000000000e+00 1.86653103782376e+00 1.86661769201745e+00 8.66541936979104e-05
3.18000000000000e+00 1.89625430295358e+00 1.89633931720795e+00 8.50142543631360e-05
3.18500000000000e+00 1.92466013329145e+00 1.92474302560309e+00 8.28923116424907e-05
3.19000000000000e+00 1.95153834510116e+00 1.95161907318189e+00 8.07280807311184e-05
3.19500000000000e+00 1.97668864941917e+00 1.97676762586893e+00 7.89764497663992e-05
3.20000000000000e+00 1.99992197883930e+00 2.00000000000000e+00 7.80211607056547e-05
3.20500000000000e+00 2.02106172967423e+00 2.02113983391842e+00 7.81042441948543e-05
3.21000000000000e+00 2.03994489966829e+00 2.04002418347677e+00 7.92838084735514e-05
3.21500000000000e+00 2.05642310767663e+00 2.05650453468774e+00 8.14270111142434e-05
3.22000000000000e+00 2.07036348892493e+00 2.07044772727895e+00 8.42383540202718e-05
3.22500000000000e+00 2.08164946636375e+00 2.08173678345563e+00 8.73170918773702e-05
3.23000000000000e+00 2.09018140414385e+00 2.09027163675968e+00 9.02326158342959e-05
3.23500000000000e+00 2.09587715261864e+00 2.09596975652967e+00 9.26039110287213e-05
3.24000000000000e+00 2.09867249519940e+00 2.09876666410972e+00 9.41689103268750e-05
3.24500000000000e+00 2.09852150594628e+00 2.09861633762302e+00 9.48316767392932e-05
3.25000000000000e+00 2.09539682342798e+00 2.09549150281253e+00 9.46793845466587e-05
3.25500000000000e+00 2.08928984183297e+00 2.08938380815405e+00 9.39663210801633e-05
3.26000000000000e+00 2.08021081540977e+00 2.08030388316029e+00 9.30677505222022e-05
3.26500000000000e+00 2.06818886791165e+00 2.06828127951470e+00 9.24116030565081e-05
3.27000000000000e+00 2.05327189559596e+00 2.05336429539657e+00 9.23998006148175e-05
3.27500000000000e+00 2.03552635107593e+00 2.03561968407860e+00 9.33330026726686e-05
3.28000000000000e+00 2.01503689629323e+00 2.01513224859221e+00 9.53522989859401e-05
3.28500000000000e+00 1.99190591611705e+00 1.99200432495795e+00 9.84088409006212e-05
3.29000000000000e+00 1.96625288929094e+00 1.96635515716554e+00 1.02267874605433e-04
3.29500000000000e+00 1.93821362001724e+00 1.93832016775567e+00 1.06547738428775e-04
3.30000000000000e+00 1.90793934048054e+00 1.90805012849909e+00 1.10788018553798e-04
3.30500000000000e+00 1.87559570097235e+00 1.87571023628479e+00 1.14535312430331e-04
3.31000000000000e+00 1.84136166887875e+00 1.84147909991323e+00 1.17431034480475e-04
3.31500000000000e+00 1.80542835970169e+00 1.80554764404025e+00 1.19284338562675e-04
3.32000000000000e+00 1.76799782197652e+00 1.76811793702778e+00 1.20115051267966e-04
3.32500000000000e+00 1.72928179346218e+00 1.72940194992690e+00 1.20156464720633e-04
3.33000000000000e+00 1.68950043901381e+00 1.68962025424335e+00 1.19815229543851e-04
3.33500000000000e+00 1.64888107238933e+00 1.64900066651302e+00 1.19594123691558e-04
3.34000000000000e+00 1.60765685658192e+00 1.60777684804301e+00 1.19991461081215e-04
3.34500000000000e+00 1.56606547185646e+00 1.56618686845015e+00 1.21396593686818e-04
3.35000000000000e+00 1.52434773892175e+00 1.52447174185243e+00 1.24002930675049e-04
3.35500000000000e+00 1.48274618730844e+00 1.48287394473692e+00 1.27757428477482e-04
3.36000000000000e+00 1.44150356582555e+00 1.44163592464142e+00 1.32358815868150e-04
3.36500000000000e+00 1.40086130173806e+00 1.40099860884315e+00 1.37307105083639e-04
3.37000000000000e+00 1.36105792607450e+00 1.36119992224821e+00 1.41996173713022e-04
3.37500000000000e+00 1.32232749190456e+00 1.32247332361862e+00 1.45831714056133e-04
3.38000000000000e+00 1.28489801835894e+00 1.28504636916086e+00 1.48350801920438e-04
3.38500000000000e+00 1.24898999412220e+00 1.24913931233114e+00 1.49318208948257e-04
3.39000000000000e+00 1.21481496970703e+00 1.21496374848942e+00 1.48778782385284e-04
3.39500000000000e+00 1.18257425880148e+00 1.18272131275752e+00 1.47053956046195e-04
3.40000000000000e+00 1.15245775719679e+00 1.15260243910916e+00 1.44681912369382e-04
3.40500000000000e+00 1.12464287570890e+00 1.12478518834171e+00 1.42312632806396e-04
3.41000000000000e+00 1.09929357362685e+00 1.09943415215529e+00 1.40578528442736e-04
3.41500000000000e+00 1.07655947358083e+00 1.07669944009537e+00 1.39966514534740e-04
3.42000000000000e+00 1.05657503839303e+00 1.05671575560428e+00 1.40717211246200e-04
3.42500000000000e+00 1.03945879536243e+00 1.03960156687779e+00 1.42771515364570e-04
3.43000000000000e+00 1.02531260233465e+00 1.02545837763829e+00 1.45775303639795e-04
3.43500000000000e+00 1.01422096080194e+00 1.01437010232018e+00 1.49141518236418e-04
3.44000000000000e+00 1.00625039180190e+00 1.00640254951957e+00 1.52157717664858e-04
3.44500000000000e+00 1.00144889833643e+00 1.00160301689261e+00 1.54118556173310e-04
3.45000000000000e+00 9.99845541821416e-01 1.00000000000000e+00 1.54458178584060e-04
3.45500000000000e+00 1.00145015900178e+00 1.00160301689261e+00 1.52857890824976e-04
3.46000000000000e+00 1.00625324009496e+00 1.00640254951956e+00 1.49309424603006e-04
3.46500000000000e+00 1.01422597977632e+00 1.01437010232018e+00 1.44122543853209e-04
3.47000000000000e+00 1.02532050168628e+00 1.02545837763829e+00 1.37875952010758e-04
3.47500000000000e+00 1.03947024633069e+00 1.03960156687779e+00 1.31320547099634e-04
3.48000000000000e+00 1.05659050333524e+00 1.05671575560427e+00 1.25252269038034e-04
3.48500000000000e+00 1.07657906333542e+00 1.07669944009536e+00 1.20376759940255e-04
3.49000000000000e+00 1.09931696304860e+00 1.09943415215529e+00 1.17189106687121e-04
3.49500000000000e+00 1.12466929930330e+00 1.12478518834171e+00 1.15889038406536e-04
3.50000000000000e+00 1.15248609337595e+00 1.15260243910915e+00 1.16345733204959e-04
3.50500000000000e+00 1.18260319478762e+00 1.18272131275752e+00 1.18117969905018e-04
3.51000000000000e+00 1.21484322232812e+00 1.21496374848942e+00 1.20526161304202e-04
3.51500000000000e+00 1.24901654801719e+00 1.24913931233114e+00 1.22764313954749e-04
3.52000000000000e+00 1.28492233565035e+00 1.28504636916085e+00 1.24033510504384e-04
3.52500000000000e+00 1.32234964852456e+00 1.32247332361861e+00 1.23675094055420e-04
3.53000000000000e+00 1.36107864039473e+00 1.36119992224821e+00 1.21281853483479e-04
3.53500000000000e+00 1.40088183972836e+00 1.40099860884315e+00 1.16769114787640e-04
3.54000000000000e+00 1.44152553050049e+00 1.44163592464141e+00 1.10394140916403e-04
3.54500000000000e+00 1.48277122415458e+00 1.48287394473691e+00 1.02720582332960e-04
3.55000000000000e+00 1.52437720829217e+00 1.52447174185242e+00 9.45335602513531e-05
3.55500000000000e+00 1.56610014956813e+00 1.56618686845015e+00 8.67188820219411e-05
3.56000000000000e+00 1.60769672243426e+00 1.60777684804300e+00 8.01256087366031e-05
3.56500000000000e+00 1.64892523270788e+00 1.64900066651302e+00 7.54338051358605e-05
3.57000000000000e+00 1.68954720584583e+00 1.68962025424335e+00 7.30483975195373e-05
3.57500000000000e+00 1.72932891410339e+00 1.72940194992690e+00 7.30358235088158e-05
3.58000000000000e+00 1.76804282373050e+00 1.76811793702778e+00 7.51132972773849e-05
3.58500000000000e+00 1.80546895186537e+00 1.80554764404025e+00 7.86921748785474e-05
3.59000000000000e+00 1.84139613147115e+00 1.84147909991322e+00 8.29684420775578e-05
3.59500000000000e+00 1.87562319017688e+00 1.87571023628478e+00 8.70461078985585e-05
3.60000000000000e+00 1.90796005411693e+00 1.90805012849909e+00 9.00743821612426e-05
3.60500000000000e+00 1.93822879010475e+00 1.93832016775567e+00 9.13776509163799e-05
3.61000000000000e+00 1.96626459852167e+00 1.96635515716554e+00 9.05586438701977e-05
3.61500000000000e+00 1.99191676545238e+00 1.99200432495795e+00 8.75595055678247e-05
3.62000000000000e+00 2.01504957659719e+00 2.01513224859221e+00 8.26719950239863e-05
3.62500000000000e+00 2.03554318837386e+00 2.03561968407860e+00 7.64957047381110e-05
3.63000000000000e+00 2.05329444455168e+00 2.05336429539657e+00 6.98508448877533e-05
3.63500000000000e+00 2.06821762084410e+00 2.06828127951470e+00 6.36586706068698e-05
3.64000000000000e+00 2.08024507602112e+00 2.08030388316029e+00 5.88071391676159e-05
3.64500000000000e+00 2.08932778685904e+00 2.08938380815405e+00 5.60212950144745e-05
3.65000000000000e+00 2.09543574581251e+00 2.09549150281253e+00 5.57570000112584e-05
3.65500000000000e+00 2.09855820447273e+00 2.09861633762302e+00 5.81331502873539e-05
3.66000000000000e+00 2.09870375212707e+00 2.09876666410972e+00 6.29119826558444e-05
3.66500000000000e+00 2.09590022626539e+00 2.09596975652967e+00 6.95302642848006e-05
3.67000000000000e+00 2.09019445974646e+00 2.09027163675968e+00 7.71770132215188e-05
3.67500000000000e+00 2.08165187657834e+00 2.08173678345563e+00 8.49068772916795e-05
3.68000000000000e+00 2.07035595400423e+00 2.07044772727895e+00 9.17732747232058e-05
3.68500000000000e+00 2.05640757214019e+00 2.05650453468774e+00 9.69625475537583e-05
3.69000000000000e+00 2.03992427337981e+00 2.04002418347677e+00 9.99100969614197e-05
3.69500000000000e+00 2.02103945209080e+00 2.02113983391842e+00 1.00381827626617e-04
3.70000000000000e+00 1.99990149105096e+00 2.00000000000000e+00 9.85089490461721e-05
3.70500000000000e+00 1.97667285520548e+00 1.97676762586894e+00 9.47706634575329e-05
3.71000000000000e+00 1.95152914653210e+00 1.95161907318189e+00 8.99266497962348e-05
3.71500000000000e+00 1.92465811709438e+00 1.92474302560309e+00 8.49085087049062e-05
3.72000000000000e+00 1.89625863179132e+00 1.89633931720795e+00 8.06854166308657e-05
3.72500000000000e+00 1.86653956879518e+00 1.86661769201745e+00 7.81232222752948e-05
3.73000000000000e+00 1.83571864486278e+00 1.83579650231313e+00 7.78574503523810e-05
3.73500000000000e+00 1.80402115487164e+00 1.80410135376010e+00 8.01988884633342e-05
3.74000000000000e+00 1.77167861988350e+00 1.77176370569363e+00 8.50858101246743e-05
3.74500000000000e+00 1.73892734512977e+00 1.73901943520098e+00 9.20900712166883e-05
3.75000000000000e+00 1.70600689753278e+00 1.70610737385376e+00 1.00476320986642e-04
3.75500000000000e+00 1.67315852048998e+00 1.67326782611444e+00 1.09305624460987e-04
3.76000000000000e+00 1.64062351039923e+00 1.64074107855382e+00 1.17568154588854e-04
3.76500000000000e+00 1.60864158373514e+00 1.60876590907298e+00 1.24325337838904e-04
3.77000000000000e+00 1.57744926472022e+00 1.57757810532303e+00 1.28840602807712e-04
3.77500000000000e+00 1.54727832159880e+00 1.54740900145948e+00 1.30679860681271e-04
3.78000000000000e+00 1.51835427457723e+00 1.51848404225504e+00 1.29767677814696e-04
3.78500000000000e+00 1.49089499146987e+00 1.49102138342582e+00 1.26391955948213e-04
3.79000000000000e+00 1.46510937912628e+00 1.46523053680291e+00 1.21157676624239e-04
3.79500000000000e+00 1.44119617105643e+00 1.44131106870462e+00 1.14897648188395e-04
3.80000000000000e+00 1.41934280544846e+00 1.41945135953695e+00 1.08554088488422e-04
3.80500000000000e+00 1.39972438381689e+00 1.39982743227203e+00 1.03048455137866e-04
3.81000000000000e+00 1.38250269923644e+00 1.38260185702999e+00 9.91577935522958e-05
3.81500000000000e+00 1.36782532445692e+00 1.36792273852040e+00 9.74140634817378e-05
3.82000000000000e+00 1.35582475369587e+00 1.35592279258843e+00 9.80388925568842e-05
3.82500000000000e+00 1.34661759681114e+00 1.34671851756181e+00 1.00920750670142e-04
3.83000000000000e+00 1.34030382996494e+00 1.34040946551008e+00 1.05635545147420e-04
3.83500000000000e+00 1.33696611192227e+00 1.33707761791153e+00 1.11505989264016e-04
3.84000000000000e+00 1.33666917905214e+00 1.33678686957979e+00 1.17690527643655e-04
3.84500000000000e+00 1.33945933443594e+00 1.33958262403436e+00 1.23289598418230e-04
3.85000000000000e+00 1.34536404703505e+00 1.34549150281253e+00 1.27455777478191e-04
3.85500000000000e+00 1.35439167569575e+00 1.35452117051728e+00 1.29494821534903e-04
3.86000000000000e+00 1.36653133015522e+00 1.36666027668282e+00 1.28946527592433e-04
3.86500000000000e+00 1.38175287756995e+00 1.38187851481848e+00 1.25637248520549e-04
3.87000000000000e+00 1.40000709888035e+00 1.40012679826999e+00 1.19699389638628e-04
3.87500000000000e+00 1.42122599498974e+00 1.42133755181640e+00 1.11556826663195e-04
3.88000000000000e+00 1.44532323863235e+00 1.44542511720754e+00 1.01878575194947e-04
3.88500000000000e+00 1.47219476419273e+00 1.47228627014469e+00 9.15059519663863e-05
3.89000000000000e+00 1.50171948477341e+00 1.50180084551966e+00 8.13607462484267e-05
3.89500000000000e+00 1.53376012356096e+00 1.53383246706028e+00 7.23434993179506e-05
3.90000000000000e+00 1.56816414503088e+00 1.56822937688661e+00 6.52318557277098e-05
3.90500000000000e+00 1.60476477075400e+00 1.60482535986612e+00 6.05891121152613e-05
3.91000000000000e+00 1.64338206451576e+00 1.64344075707161e+00 5.86925558492268e-05
3.91500000000000e+00 1.68382407214366e+00 1.68388356209650e+00 5.94899528423287e-05
3.92000000000000e+00 1.72588800287111e+00 1.72595059347097e+00 6.25905998590248e-05
3.92500000000000e+00 1.76936144125381e+00 1.76942873595353e+00 6.72946997193336e-05
3.93000000000000e+00 1.81402358156118e+00 1.81409624304787e+00 7.26614866883857e-05
3.93500000000000e+00 1.85964648008496e+00 1.85972409271722e+00 7.76126322612480e-05
3.94000000000000e+00 1.90599632473273e+00 1.90607738794081e+00 8.10632080874285e-05
3.94500000000000e+00 1.95283472528498e+00 1.95291679348016e+00 8.20681951843039e-05
3.95000000000000e+00 1.99992003136502e+00 2.00000000000000e+00 7.99686349766127e-05
3.95500000000000e+00 2.04700868799328e+00 2.04708320651983e+00 7.45185265578208e-05
3.96000000000000e+00 2.09385664004813e+00 2.09392261205918e+00 6.59720110443018e-05
3.96500000000000e+00 2.14022079655954e+00 2.14027590728278e+00 5.51107232369397e-05
3.97000000000000e+00 2.18586056318466e+00 2.18590375695213e+00 4.31937674725269e-05
3.97500000000000e+00 2.23053944634021e+00 2.23057126404647e+00 3.18177062625935e-05
3.98000000000000e+00 2.27402672545405e+00 2.27404940652903e+00 2.26810749830442e-05
3.98500000000000e+00 2.31609918111211e+00 2.31611643790350e+00 1.72567913905297e-05
3.99000000000000e+00 2.35654285726098e+00 2.35655924292839e+00 1.63856674011420e-05
3.99500000000000e+00 2.39515482603953e+00 2.39517464013388e+00 1.98140943479252e-05
4.00000000000000e+00 2.43174491531649e+00 2.43177062311338e+00 2.57077968988106e-05
