variables = x, value-predict, value-true, error
0.00000000000000e+00 2.43098659821700e+00 2.43177062311339e+00 7.84024896385294e-04
5.00000000000000e-03 2.46535259531317e+00 2.46616753293972e+00 8.14937626547607e-04
1.00000000000000e-02 2.49735876923416e+00 2.49819915448034e+00 8.40385246175579e-04
1.50000000000000e-02 2.52686035261976e+00 2.52771372985530e+00 8.53377235543906e-04
2.00000000000000e-02 2.55372278290643e+00 2.55457488279246e+00 8.52099886023083e-04
2.50000000000000e-02 2.57782399588103e+00 2.57866244818360e+00 8.38452302563297e-04
3.00000000000000e-02 2.59905658672338e+00 2.59987320173000e+00 8.16615006623334e-04
3.50000000000000e-02 2.61732974776808e+00 2.61812148518152e+00 7.91737413440519e-04
4.00000000000000e-02 2.63257089860932e+00 2.63333972331718e+00 7.68824707867655e-04
4.50000000000000e-02 2.64472693927319e+00 2.64547882948272e+00 7.51890209528039e-04
5.00000000000000e-02 2.65376508065230e+00 2.65450849718747e+00 7.43416535170294e-04
5.50000000000000e-02 2.65967323653783e+00 2.66041737596564e+00 7.44139427813373e-04
6.00000000000000e-02 2.66245999530561e+00 2.66321313042021e+00 7.53135114607506e-04
6.50000000000000e-02 2.66215422239936e+00 2.66292238208847e+00 7.68159689110259e-04
7.00000000000000e-02 2.65880437243320e+00 2.65959053448992e+00 7.86162056714002e-04
7.50000000000000e-02 2.65247760751060e+00 2.65328148243819e+00 8.03874927587156e-04
8.00000000000000e-02 2.64325882293890e+00 2.64407720741157e+00 8.18384472675238e-04
8.50000000000000e-02 2.63124967167246e+00 2.63207726147960e+00 8.27589807138374e-04
9.00000000000000e-02 2.61656765584965e+00 2.61739814297001e+00 8.30487120359713e-04
9.50000000000000e-02 2.59934532152423e+00 2.60017256772797e+00 8.27246203744192e-04
1.00000000000000e-01 2.57972955683791e+00 2.58054864046305e+00 8.19083625142270e-04
1.05000000000000e-01 2.55788096089424e+00 2.55868893129538e+00 8.07970401133673e-04
1.10000000000000e-01 2.53397322630645e+00 2.53476946319709e+00 7.96236890643343e-04
1.15000000000000e-01 2.50819246674837e+00 2.50897861657418e+00 7.86149825807936e-04
1.20000000000000e-01 2.48073642311332e+00 2.48151595774496e+00 7.79534631642154e-04
1.25000000000000e-01 2.45181349656055e+00 2.45259099854052e+00 7.77501979965400e-04
1.30000000000000e-01 2.42164158005551e+00 2.42242189467697e+00 7.80314621461109e-04
1.35000000000000e-01 2.39044668703047e+00 2.39123409092702e+00 7.87403896549410e-04
1.40000000000000e-01 2.35846140149955e+00 2.35925892144618e+00 7.97519946627467e-04
1.45000000000000e-01 2.32592319427427e+00 2.32673217388556e+00 8.08979611293115e-04
1.50000000000000e-01 2.29307266226748e+00 2.29389262614624e+00 8.19963878756713e-04
1.55000000000000e-01 2.26015175133008e+00 2.26098056479902e+00 8.28813468938261e-04
1.60000000000000e-01 2.22740201819493e+00 2.22823629430637e+00 8.34276111441490e-04
1.65000000000000e-01 2.19506297557697e+00 2.19589864623990e+00 8.35670662927779e-04
1.70000000000000e-01 2.16337054866135e+00 2.16420349768687e+00 8.32949025523888e-04
1.75000000000000e-01 2.13255565378528e+00 2.13338230798255e+00 8.26654197265686e-04
1.80000000000000e-01 2.10284289374070e+00 2.10366068279205e+00 8.17789051354101e-04
1.85000000000000e-01 2.07444935112385e+00 2.07525697439691e+00 8.07623273064717e-04
1.90000000000000e-01 2.04758345325281e+00 2.04838092681811e+00 7.97473565299356e-04
1.95000000000000e-01 2.02244388024237e+00 2.02323237413107e+00 7.88493888690400e-04
2.00000000000000e-01 1.99921849177807e+00 2.00000000000000e+00 7.81508221930904e-04
2.05000000000000e-01 1.97808325692582e+00 1.97886016608158e+00 7.76909155760563e-04
2.10000000000000e-01 1.95920118315574e+00 1.95997581652323e+00 7.74633367494282e-04
2.15000000000000e-01 1.94272125342808e+00 1.94349546531226e+00 7.74211884178477e-04
2.20000000000000e-01 1.92877739146539e+00 1.92955227272105e+00 7.74881255654503e-04
2.25000000000000e-01 1.91748748338858e+00 1.91826321654437e+00 7.75733155793157e-04
2.30000000000000e-01 1.90895248759335e+00 1.90972836324032e+00 7.75875646967350e-04
2.35000000000000e-01 1.90325566378762e+00 1.90403024347033e+00 7.74579682705445e-04
2.40000000000000e-01 1.90046194699976e+00 1.90123333589028e+00 7.71388890518754e-04
2.45000000000000e-01 1.90061748422110e+00 1.90138366237698e+00 7.66178155882091e-04
2.50000000000000e-01 1.90374934163219e+00 1.90450849718747e+00 7.59155555280611e-04
2.55000000000000e-01 1.90986538061011e+00 1.91061619184595e+00 7.50811235835869e-04
2.60000000000000e-01 1.91895429226301e+00 1.91969611683971e+00 7.41824576705907e-04
2.65000000000000e-01 1.93098577406310e+00 1.93171872048530e+00 7.32946422201008e-04
2.70000000000000e-01 1.94591082878367e+00 1.94663570460343e+00 7.24875819762438e-04
2.75000000000000e-01 1.96366216548381e+00 1.96438031592140e+00 7.18150437591270e-04
2.80000000000000e-01 1.98415468444690e+00 1.98486775140779e+00 7.13066960888353e-04
2.85000000000000e-01 2.00728603221560e+00 2.00799567504205e+00 7.09642826448142e-04
2.90000000000000e-01 2.03293721845663e+00 2.03364484283446e+00 7.07624377825233e-04
2.95000000000000e-01 2.06097329253903e+00 2.06167983224433e+00 7.06539705301434e-04
3.00000000000000e-01 2.09124408361837e+00 2.09194987150091e+00 7.05787882543607e-04
3.05000000000000e-01 2.12358501292587e+00 2.12428976371522e+00 7.04750789345177e-04
3.10000000000000e-01 2.15781799018091e+00 2.15852090008677e+00 7.02909905865301e-04
3.15000000000000e-01 2.19375240700928e+00 2.19445235595975e+00 6.99948950470652e-04
3.20000000000000e-01 2.23118623856135e+00 2.23188206297222e+00 6.95824410869683e-04
3.25000000000000e-01 2.26990726004141e+00 2.27059805007310e+00 6.90790031691702e-04
3.30000000000000e-01 2.30969437779784e+00 2.31037974575665e+00 6.85367958814798e-04
3.35000000000000e-01 2.35031906564347e+00 2.35099933348698e+00 6.80267843511828e-04
3.40000000000000e-01 2.39154688732827e+00 2.39222315195700e+00 6.76264628727719e-04
3.45000000000000e-01 2.43313907714619e+00 2.43381313154985e+00 6.74054403656754e-04
3.50000000000000e-01 2.47485414431920e+00 2.47552825814758e+00 6.74113828376122e-04
3.55000000000000e-01 2.51644946472351e+00 2.51712605526309e+00 6.76590539576694e-04
3.60000000000000e-01 2.55768282679285e+00 2.55836407535859e+00 6.81248565739256e-04
3.65000000000000e-01 2.59831390713671e+00 2.59900139115685e+00 6.87484020136964e-04
3.70000000000000e-01 2.63810566438272e+00 2.63880007775179e+00 6.94413369065838e-04
3.75000000000000e-01 2.67682565461970e+00 2.67752667638138e+00 7.01021761679854e-04
3.80000000000000e-01 2.71424728541409e+00 2.71495363083915e+00 7.06345425054433e-04
3.85000000000000e-01 2.75015103445527e+00 2.75086068766886e+00 7.09653213588179e-04
3.90000000000000e-01 2.78432566099484e+00 2.78503625151058e+00 7.10590515739185e-04
3.95000000000000e-01 2.81656943243861e+00 2.81727868724248e+00 7.09254803865189e-04
4.00000000000000e-01 2.84669137567749e+00 2.84739756089084e+00 7.06185213352306e-04
4.05000000000000e-01 2.87451254571126e+00 2.87521481165829e+00 7.02265947031933e-04
4.10000000000000e-01 2.89986728665473e+00 2.90056584784471e+00 6.98561189979685e-04
4.15000000000000e-01 2.92260444631581e+00 2.92330055990464e+00 6.96113588821934e-04
4.20000000000000e-01 2.94258849837312e+00 2.94328424439572e+00 6.95746022606691e-04
4.25000000000000e-01 2.95970052735609e+00 2.96039843312221e+00 6.97905766115614e-04
4.30000000000000e-01 2.97383904085825e+00 2.97454162236171e+00 7.02581503464472e-04
4.35000000000000e-01 2.98492058869747e+00 2.98562989767982e+00 7.09308982352219e-04
4.40000000000000e-01 2.99288018692652e+00 2.99359745048043e+00 7.17263553919434e-04
4.45000000000000e-01 2.99767156214177e+00 2.99839698310739e+00 7.25420965619783e-04
4.50000000000000e-01 2.99926724522822e+00 3.00000000000000e+00 7.32754771779476e-04
4.55000000000000e-01 2.99765855120684e+00 2.99839698310739e+00 7.38431900554115e-04
4.60000000000000e-01 2.99285548212485e+00 2.99359745048043e+00 7.41968355585154e-04
4.65000000000000e-01 2.98488658313615e+00 2.98562989767982e+00 7.43314543673268e-04
4.70000000000000e-01 2.97379876939407e+00 2.97454162236171e+00 7.42852967640761e-04
4.75000000000000e-01 2.95965712535855e+00 2.96039843312221e+00 7.41307763658217e-04
4.80000000000000e-01 2.94254466143758e+00 2.94328424439572e+00 7.39582958140694e-04
4.85000000000000e-01 2.92256199862030e+00 2.92330055990464e+00 7.38561284339134e-04
4.90000000000000e-01 2.89982694286305e+00 2.90056584784471e+00 7.38904981662181e-04
4.95000000000000e-01 2.87447390982007e+00 2.87521481165829e+00 7.40901838223174e-04
5.00000000000000e-01 2.84665316833451e+00 2.84739756089084e+00 7.44392556334184e-04
5.05000000000000e-01 2.81652988758432e+00 2.81727868724248e+00 7.48799658162103e-04
5.10000000000000e-01 2.78428299558682e+00 2.78503625151058e+00 7.53255923759966e-04
5.15000000000000e-01 2.75010388155204e+00 2.75086068766886e+00 7.56806116818609e-04
5.20000000000000e-01 2.71419499548322e+00 2.71495363083915e+00 7.58635355929460e-04
5.25000000000000e-01 2.67676840932044e+00 2.67752667638138e+00 7.58267060940288e-04
5.30000000000000e-01 2.63804440022613e+00 2.63880007775179e+00 7.55677525655418e-04
5.35000000000000e-01 2.59825009726578e+00 2.59900139115685e+00 7.51293891072535e-04
5.40000000000000e-01 2.55761820156912e+00 2.55836407535859e+00 7.45873789466334e-04
5.45000000000000e-01 2.51638575564241e+00 2.51712605526309e+00 7.40299620680673e-04
5.50000000000000e-01 2.47479291102524e+00 2.47552825814758e+00 7.35347122334140e-04
5.55000000000000e-01 2.43308163490887e+00 2.43381313154985e+00 7.31496640981266e-04
5.60000000000000e-01 2.39149431016654e+00 2.39222315195700e+00 7.28841790452073e-04
5.65000000000000e-01 2.35027221587075e+00 2.35099933348698e+00 7.27117616226902e-04
5.70000000000000e-01 2.30965391554899e+00 2.31037974575665e+00 7.25830207664035e-04
5.75000000000000e-01 2.26987361334479e+00 2.27059805007310e+00 7.24436728304578e-04
5.80000000000000e-01 2.23115955158083e+00 2.23188206297222e+00 7.22511391390235e-04
5.85000000000000e-01 2.19373251244966e+00 2.19445235595975e+00 7.19843510093021e-04
5.90000000000000e-01 2.15780445688944e+00 2.15852090008677e+00 7.16443197328775e-04
5.95000000000000e-01 2.12357729757921e+00 2.12428976371522e+00 7.12466136008061e-04
6.00000000000000e-01 2.09124177447813e+00 2.09194987150091e+00 7.08097022779519e-04
6.05000000000000e-01 2.06097639020891e+00 2.06167983224433e+00 7.03442035417279e-04
6.10000000000000e-01 2.03294637085392e+00 2.03364484283446e+00 6.98471980537629e-04
6.15000000000000e-01 2.00730263989126e+00 2.00799567504205e+00 6.93035150789001e-04
6.20000000000000e-01 1.98418081928699e+00 1.98486775140779e+00 6.86932120794737e-04
6.25000000000000e-01 1.96370029250384e+00 1.96438031592140e+00 6.80023417557907e-04
6.30000000000000e-01 1.94596337319307e+00 1.94663570460343e+00 6.72331410364047e-04
6.35000000000000e-01 1.93105461926111e+00 1.93171872048530e+00 6.64101224185032e-04
6.40000000000000e-01 1.91904031772087e+00 1.91969611683971e+00 6.55799118843614e-04
6.45000000000000e-01 1.90996814650965e+00 1.91061619184595e+00 6.48045336299141e-04
6.50000000000000e-01 1.90386700088335e+00 1.90450849718747e+00 6.41496304121025e-04
6.55000000000000e-01 1.90074695846958e+00 1.90138366237698e+00 6.36703907402669e-04
6.60000000000000e-01 1.90059935098783e+00 1.90123333589028e+00 6.33984902447038e-04
6.65000000000000e-01 1.90339691238397e+00 1.90403024347033e+00 6.33331086360434e-04
6.70000000000000e-01 1.90909398138528e+00 1.90972836324032e+00 6.34381855034727e-04
6.75000000000000e-01 1.91762674891276e+00 1.91826321654437e+00 6.36467631616844e-04
6.80000000000000e-01 1.92891355457532e+00 1.92955227272105e+00 6.38718145726136e-04
6.85000000000000e-01 1.94285524885332e+00 1.94349546531226e+00 6.40216458941856e-04
6.90000000000000e-01 1.95933564622710e+00 1.95997581652323e+00 6.40170296127840e-04
6.95000000000000e-01 1.97822209782083e+00 1.97886016608158e+00 6.38068260751190e-04
7.00000000000000e-01 1.99936620942763e+00 2.00000000000000e+00 6.33790572366122e-04
7.05000000000000e-01 2.02260472239129e+00 2.02323237413106e+00 6.27651739776969e-04
7.10000000000000e-01 2.04776056206270e+00 2.04838092681811e+00 6.20364755410829e-04
7.15000000000000e-01 2.07464404357085e+00 2.07525697439691e+00 6.12930826061842e-04
7.20000000000000e-01 2.10305421008441e+00 2.10366068279205e+00 6.06472707640915e-04
7.25000000000000e-01 2.13278026726827e+00 2.13338230798255e+00 6.02040714279717e-04
7.30000000000000e-01 2.16360307145279e+00 2.16420349768687e+00 6.00426234076412e-04
7.35000000000000e-01 2.19529662937467e+00 2.19589864623990e+00 6.02016865232535e-04
7.40000000000000e-01 2.22762957420420e+00 2.22823629430637e+00 6.06720102172442e-04
7.45000000000000e-01 2.26036659463389e+00 2.26098056479902e+00 6.13970165132649e-04
7.50000000000000e-01 2.29326980870587e+00 2.29389262614624e+00 6.22817440362855e-04
7.55000000000000e-01 2.32610008888388e+00 2.32673217388556e+00 6.32085001678995e-04
7.60000000000000e-01 2.35861835676867e+00 2.35925892144618e+00 6.40564677515609e-04
7.65000000000000e-01 2.39058687260776e+00 2.39123409092702e+00 6.47218319259846e-04
7.70000000000000e-01 2.42177054522952e+00 2.42242189467697e+00 6.51349447451821e-04
7.75000000000000e-01 2.45193828235592e+00 2.45259099854052e+00 6.52716184601942e-04
7.80000000000000e-01 2.48086439068563e+00 2.48151595774496e+00 6.51567059331892e-04
7.85000000000000e-01 2.50833002178363e+00 2.50897861657418e+00 6.48594790549684e-04
7.90000000000000e-01 2.53412464613866e+00 2.53476946319709e+00 6.44817058436331e-04
7.95000000000000e-01 2.55804752613625e+00 2.55868893129538e+00 6.41405159132358e-04
8.00000000000000e-01 2.57990915102053e+00 2.58054864046305e+00 6.39489442519015e-04
8.05000000000000e-01 2.59953259429351e+00 2.60017256772797e+00 6.39973434466867e-04
8.10000000000000e-01 2.61675475664629e+00 2.61739814297001e+00 6.43386323718520e-04
8.15000000000000e-01 2.63142746481382e+00 2.63207726147960e+00 6.49796665782354e-04
8.20000000000000e-01 2.64341840740088e+00 2.64407720741157e+00 6.58800010690630e-04
8.25000000000000e-01 2.65261190103589e+00 2.65328148243819e+00 6.69581402298114e-04
8.30000000000000e-01 2.65890949233829e+00 2.65959053448992e+00 6.81042151624567e-04
8.35000000000000e-01 2.66223041145217e+00 2.66292238208847e+00 6.91970636293782e-04
8.40000000000000e-01 2.66251189998508e+00 2.66321313042021e+00 7.01230435132594e-04
8.45000000000000e-01 2.65970943928814e+00 2.66041737596564e+00 7.07936677499355e-04
8.50000000000000e-01 2.65379690387760e+00 2.65450849718747e+00 7.11593309871805e-04
8.55000000000000e-01 2.64476665973682e+00 2.64547882948272e+00 7.12169745892055e-04
8.60000000000000e-01 2.63262961904265e+00 2.63333972331718e+00 7.10104274534551e-04
8.65000000000000e-01 2.61741525270316e+00 2.61812148518153e+00 7.06232478363766e-04
8.70000000000000e-01 2.59917155140004e+00 2.59987320173000e+00 7.01650329963055e-04
8.75000000000000e-01 2.57796491614136e+00 2.57866244818360e+00 6.97532042232663e-04
8.80000000000000e-01 2.55387995215112e+00 2.55457488279246e+00 6.94930641330416e-04
8.85000000000000e-01 2.52701913654392e+00 2.52771372985530e+00 6.94593311379332e-04
8.90000000000000e-01 2.49750233155972e+00 2.49819915448034e+00 6.96822920620122e-04
8.95000000000000e-01 2.46546612149744e+00 2.46616753293972e+00 7.01411442275646e-04
9.00000000000000e-01 2.43106296250628e+00 2.43177062311339e+00 7.07660607111915e-04
9.05000000000000e-01 2.39446014889571e+00 2.39517464013388e+00 7.14491238174020e-04
9.10000000000000e-01 2.35583861568358e+00 2.35655924292839e+00 7.20627244811478e-04
9.15000000000000e-01 2.31539161221267e+00 2.31611643790350e+00 7.24825690825881e-04
9.20000000000000e-01 2.27332329309498e+00 2.27404940652903e+00 7.26113434052156e-04
9.25000000000000e-01 2.22984727797906e+00 2.23057126404647e+00 7.23986067406646e-04
9.30000000000000e-01 2.18518522893112e+00 2.18590375695213e+00 7.18528021009135e-04
9.35000000000000e-01 2.13956548308531e+00 2.14027590728277e+00 7.10424197460480e-04
9.40000000000000e-01 2.09322175977085e+00 2.09392261205918e+00 7.00852288324949e-04
9.45000000000000e-01 2.04639193837694e+00 2.04708320651983e+00 6.91268142893442e-04
9.50000000000000e-01 1.99931688001311e+00 2.00000000000000e+00 6.83119986885528e-04
9.55000000000000e-01 1.95223924758826e+00 1.95291679348017e+00 6.77545891906828e-04
9.60000000000000e-01 1.90540227008283e+00 1.90607738794082e+00 6.75117857988017e-04
9.65000000000000e-01 1.85904840094913e+00 1.85972409271723e+00 6.75691768094788e-04
9.70000000000000e-01 1.81341783863573e+00 1.81409624304787e+00 6.78404412141509e-04
9.75000000000000e-01 1.76874690679634e+00 1.76942873595353e+00 6.81829157188840e-04
9.80000000000000e-01 1.72526632709539e+00 1.72595059347097e+00 6.84266375582609e-04
9.85000000000000e-01 1.68319945054847e+00 1.68388356209650e+00 6.84111548036936e-04
9.90000000000000e-01 1.64276053538616e+00 1.64344075707161e+00 6.80221685456228e-04
9.95000000000000e-01 1.60415316372193e+00 1.60482535986612e+00 6.72196144184678e-04
1.00000000000000e+00 1.56756887318466e+00 1.56822937688661e+00 6.60503701947146e-04
1.00500000000000e+00 1.53318604588492e+00 1.53383246706028e+00 6.46421175363621e-04
1.01000000000000e+00 1.50116905344302e+00 1.50180084551966e+00 6.31792076639215e-04
1.01500000000000e+00 1.47166761420698e+00 1.47228627014470e+00 6.18655937712820e-04
1.02000000000000e+00 1.44481628807608e+00 1.44542511720755e+00 6.08829131467203e-04
1.02500000000000e+00 1.42073402312608e+00 1.42133755181640e+00 6.03528690322763e-04
1.03000000000000e+00 1.39952367871625e+00 1.40012679827000e+00 6.03119553748144e-04
1.03500000000000e+00 1.38127147835549e+00 1.38187851481848e+00 6.07036462986432e-04
1.04000000000000e+00 1.36604638430031e+00 1.36666027668282e+00 6.13892382504311e-04
1.04500000000000e+00 1.35389942476488e+00 1.35452117051728e+00 6.21745752405145e-04
1.05000000000000e+00 1.34486303478677e+00 1.34549150281253e+00 6.28468025757778e-04
1.05500000000000e+00 1.33895048732789e+00 1.33958262403436e+00 6.32136706467445e-04
1.06000000000000e+00 1.33615549027555e+00 1.33678686957979e+00 6.31379304239399e-04
1.06500000000000e+00 1.33645200964637e+00 1.33707761791153e+00 6.25608265160560e-04
1.07000000000000e+00 1.33979435419172e+00 1.34040946551008e+00 6.15111318360340e-04
1.07500000000000e+00 1.34611752763982e+00 1.34671851756181e+00 6.00989921989425e-04
1.08000000000000e+00 1.35533782761870e+00 1.35592279258843e+00 5.84964969724711e-04
1.08500000000000e+00 1.36735364921738e+00 1.36792273852040e+00 5.69089303017689e-04
1.09000000000000e+00 1.38204643868485e+00 1.38260185702999e+00 5.55418345143499e-04
1.09500000000000e+00 1.39928173960973e+00 1.39982743227203e+00 5.45692662295760e-04
1.10000000000000e+00 1.41891027919337e+00 1.41945135953695e+00 5.41080343587019e-04
1.10500000000000e+00 1.44076905397574e+00 1.44131106870462e+00 5.42014728877049e-04
1.11000000000000e+00 1.46468239008272e+00 1.46523053680291e+00 5.48146720182663e-04
1.11500000000000e+00 1.49046297009477e+00 1.49102138342582e+00 5.58413331047225e-04
1.12000000000000e+00 1.51791283457056e+00 1.51848404225504e+00 5.71207684478159e-04
1.12500000000000e+00 1.54682437911031e+00 1.54740900145948e+00 5.84622349173225e-04
1.13000000000000e+00 1.57698137620614e+00 1.57757810532303e+00 5.96729116885575e-04
1.13500000000000e+00 1.60816005422383e+00 1.60876590907298e+00 6.05854849152099e-04
1.14000000000000e+00 1.64013026356158e+00 1.64074107855382e+00 6.10814992242581e-04
1.14500000000000e+00 1.67265675281999e+00 1.67326782611444e+00 6.11073294447984e-04
1.15000000000000e+00 1.70550056672255e+00 1.70610737385376e+00 6.06807131213083e-04
1.15500000000000e+00 1.73842056401465e+00 1.73901943520098e+00 5.98871186327399e-04
1.16000000000000e+00 1.77117503939339e+00 1.77176370569363e+00 5.88666300233909e-04
1.16500000000000e+00 1.80352342051994e+00 1.80410135376010e+00 5.77933240156758e-04
1.17000000000000e+00 1.83522800105224e+00 1.83579650231313e+00 5.68501260893139e-04
1.17500000000000e+00 1.86605566476353e+00 1.86661769201745e+00 5.62027253922182e-04
1.18000000000000e+00 1.89577955498978e+00 1.89633931720795e+00 5.59762218169446e-04
1.18500000000000e+00 1.92418064800532e+00 1.92474302560309e+00 5.62377597767671e-04
1.19000000000000e+00 1.95104919787637e+00 1.95161907318189e+00 5.69875305526768e-04
1.19500000000000e+00 1.97618603264623e+00 1.97676762586894e+00 5.81593222708232e-04
1.20000000000000e+00 1.99940369564894e+00 2.00000000000000e+00 5.96304351056176e-04
1.20500000000000e+00 2.02052743937307e+00 2.02113983391842e+00 6.12394545346451e-04
1.21000000000000e+00 2.03939609070639e+00 2.04002418347677e+00 6.28092770374344e-04
1.21500000000000e+00 2.05586281401904e+00 2.05650453468774e+00 6.41720668703716e-04
1.22000000000000e+00 2.06979580139032e+00 2.07044772727895e+00 6.51925888638605e-04
1.22500000000000e+00 2.08107891706617e+00 2.08173678345563e+00 6.57866389455641e-04
1.23000000000000e+00 2.08961231641069e+00 2.09027163675968e+00 6.59320348994630e-04
1.23500000000000e+00 2.09531304931172e+00 2.09596975652967e+00 6.56707217949748e-04
1.24000000000000e+00 2.09811564583716e+00 2.09876666410972e+00 6.51018272561643e-04
1.24500000000000e+00 2.09797266977594e+00 2.09861633762302e+00 6.43667847081808e-04
1.25000000000000e+00 2.09485521536860e+00 2.09549150281253e+00 6.36287443926520e-04
1.25500000000000e+00 2.08875331556945e+00 2.08938380815405e+00 6.30492584599907e-04
1.26000000000000e+00 2.07967622760860e+00 2.08030388316029e+00 6.27655551682871e-04
1.26500000000000e+00 2.06765256380995e+00 2.06828127951470e+00 6.28715704754867e-04
1.27000000000000e+00 2.05273024225704e+00 2.05336429539657e+00 6.34053139531687e-04
1.27500000000000e+00 2.03497624203813e+00 2.03561968407860e+00 6.43442040462183e-04
1.28000000000000e+00 2.01447616002208e+00 2.01513224859221e+00 6.56088570127444e-04
1.28500000000000e+00 1.99133357872661e+00 1.99200432495795e+00 6.70746231336450e-04
1.29000000000000e+00 1.96566926613207e+00 1.96635515716554e+00 6.85891033472608e-04
1.29500000000000e+00 1.93762023678672e+00 1.93832016775567e+00 6.99930968947715e-04
1.30000000000000e+00 1.90733870820630e+00 1.90805012849909e+00 7.11420292790699e-04
1.30500000000000e+00 1.87499098693511e+00 1.87571023628478e+00 7.19249349677931e-04
1.31000000000000e+00 1.84075631489167e+00 1.84147909991323e+00 7.22785021560091e-04
1.31500000000000e+00 1.80482569954052e+00 1.80554764404025e+00 7.21944499727956e-04
1.32000000000000e+00 1.76740074224032e+00 1.76811793702778e+00 7.17194787459352e-04
1.32500000000000e+00 1.72869246928893e+00 1.72940194992690e+00 7.09480637967053e-04
1.33000000000000e+00 1.68892016120119e+00 1.68962025424335e+00 7.00093042156791e-04
1.33500000000000e+00 1.64831016887553e+00 1.64900066651302e+00 6.90497637484633e-04
1.34000000000000e+00 1.60709470139643e+00 1.60777684804300e+00 6.82146646572734e-04
1.34500000000000e+00 1.56551056964485e+00 1.56618686845015e+00 6.76298805297515e-04
1.35000000000000e+00 1.52379787250369e+00 1.52447174185242e+00 6.73869348727596e-04
1.35500000000000e+00 1.48219861766378e+00 1.48287394473691e+00 6.75327073136778e-04
1.36000000000000e+00 1.44095527596846e+00 1.44163592464141e+00 6.80648672952922e-04
1.36500000000000e+00 1.40030927584597e+00 1.40099860884315e+00 6.89332997179548e-04
1.37000000000000e+00 1.36049945165364e+00 1.36119992224821e+00 7.00470594570790e-04
1.37500000000000e+00 1.32176046583773e+00 1.32247332361862e+00 7.12857780891918e-04
1.38000000000000e+00 1.28432122908159e+00 1.28504636916085e+00 7.25140079265607e-04
1.38500000000000e+00 1.24840334475062e+00 1.24913931233114e+00 7.35967580524521e-04
1.39000000000000e+00 1.21421960390111e+00 1.21496374848942e+00 7.44144588311624e-04
1.39500000000000e+00 1.18197255510797e+00 1.18272131275752e+00 7.48757649551735e-04
1.40000000000000e+00 1.15185316976694e+00 1.15260243910916e+00 7.49269342213310e-04
1.40500000000000e+00 1.12403961883620e+00 1.12478518834171e+00 7.45569505509414e-04
1.41000000000000e+00 1.09869617173655e+00 1.09943415215529e+00 7.37980418735074e-04
1.41500000000000e+00 1.07597222284606e+00 1.07669944009536e+00 7.27217249300027e-04
1.42000000000000e+00 1.05600144615695e+00 1.05671575560428e+00 7.14309447326977e-04
1.42500000000000e+00 1.03890107457115e+00 1.03960156687779e+00 7.00492306646039e-04
1.43000000000000e+00 1.02477129724785e+00 1.02545837763829e+00 6.87080390434192e-04
1.43500000000000e+00 1.01369476652233e+00 1.01437010232018e+00 6.75335797841958e-04
1.44000000000000e+00 1.00573620522657e+00 1.00640254951957e+00 6.66344292993726e-04
1.44500000000000e+00 1.00094210569847e+00 1.00160301689261e+00 6.60911194134028e-04
1.45000000000000e+00 9.99340513228527e-01 1.00000000000000e+00 6.59486771472872e-04
1.45500000000000e+00 1.00094088895438e+00 1.00160301689261e+00 6.62127938229506e-04
1.46000000000000e+00 1.00573405001991e+00 1.00640254951957e+00 6.68499499657305e-04
1.46500000000000e+00 1.01369218787469e+00 1.01437010232018e+00 6.77914445488703e-04
1.47000000000000e+00 1.02476896859251e+00 1.02545837763829e+00 6.89409045772527e-04
1.47500000000000e+00 1.03889972172282e+00 1.03960156687779e+00 7.01845154970515e-04
1.48000000000000e+00 1.05600172616093e+00 1.05671575560428e+00 7.14029443343867e-04
1.48500000000000e+00 1.07597460257819e+00 1.07669944009536e+00 7.24837517174670e-04
1.49000000000000e+00 1.09870082189688e+00 1.09943415215529e+00 7.33330258403386e-04
1.49500000000000e+00 1.12404633802109e+00 1.12478518834171e+00 7.38850320616935e-04
1.50000000000000e+00 1.15186135054362e+00 1.15260243910916e+00 7.41088565536119e-04
1.50500000000000e+00 1.18198119956460e+00 1.18272131275752e+00 7.40113192924774e-04
1.51000000000000e+00 1.21422739032958e+00 1.21496374848942e+00 7.36358159836970e-04
1.51500000000000e+00 1.24840874049476e+00 1.24913931233114e+00 7.30571836382587e-04
1.52000000000000e+00 1.28432263791276e+00 1.28504636916085e+00 7.23731248095216e-04
1.52500000000000e+00 1.32175639241395e+00 1.32247332361862e+00 7.16931204671090e-04
1.53000000000000e+00 1.36048866162782e+00 1.36119992224821e+00 7.11260620388066e-04
1.53500000000000e+00 1.40029092886141e+00 1.40099860884315e+00 7.07679981737375e-04
1.54000000000000e+00 1.44092901069454e+00 1.44163592464141e+00 7.06913946876941e-04
1.54500000000000e+00 1.48216457333528e+00 1.48287394473691e+00 7.09371401635517e-04
1.55000000000000e+00 1.52375663974714e+00 1.52447174185242e+00 7.15102105280030e-04
1.55500000000000e+00 1.56546307374168e+00 1.56618686845015e+00 7.23794708471726e-04
1.56000000000000e+00 1.60704203207919e+00 1.60777684804300e+00 7.34815963809421e-04
1.56500000000000e+00 1.64825338049103e+00 1.64900066651302e+00 7.47286021985705e-04
1.57000000000000e+00 1.68886007378207e+00 1.68962025424335e+00 7.60180461279347e-04
1.57500000000000e+00 1.72862950323789e+00 1.72940194992690e+00 7.72446689009998e-04
1.58000000000000e+00 1.76733481607627e+00 1.76811793702778e+00 7.83120951515448e-04
1.58500000000000e+00 1.80475621150892e+00 1.80554764404025e+00 7.91432531329184e-04
1.59000000000000e+00 1.84068221622603e+00 1.84147909991323e+00 7.96883687196104e-04
1.59500000000000e+00 1.87491093911531e+00 1.87571023628478e+00 7.99297169471469e-04
1.60000000000000e+00 1.90725130126569e+00 1.90805012849909e+00 7.98827233400745e-04
1.60500000000000e+00 1.93752423334858e+00 1.93832016775567e+00 7.95934407087362e-04
1.61000000000000e+00 1.96556382886579e+00 1.96635515716554e+00 7.91328299752037e-04
1.61500000000000e+00 1.99121843896260e+00 1.99200432495795e+00 7.85885995350899e-04
1.62000000000000e+00 2.01435169284248e+00 2.01513224859221e+00 7.80555749728240e-04
1.62500000000000e+00 2.03484342742992e+00 2.03561968407860e+00 7.76256648675311e-04
1.63000000000000e+00 2.05259051078849e+00 2.05336429539657e+00 7.73784608083528e-04
1.63500000000000e+00 2.06750754574893e+00 2.06828127951470e+00 7.73733765777163e-04
1.64000000000000e+00 2.07952744297496e+00 2.08030388316029e+00 7.76440185332294e-04
1.64500000000000e+00 2.08860185597845e+00 2.08938380815405e+00 7.81952175603617e-04
1.65000000000000e+00 2.09470147407187e+00 2.09549150281253e+00 7.90028740655480e-04
1.65500000000000e+00 2.09781617262280e+00 2.09861633762302e+00 8.00165000214736e-04
1.66000000000000e+00 2.09795502301907e+00 2.09876666410972e+00 8.11641090650017e-04
1.66500000000000e+00 2.09514616729671e+00 2.09596975652967e+00 8.23589232961552e-04
1.67000000000000e+00 2.08943656432924e+00 2.09027163675968e+00 8.35072430445116e-04
1.67500000000000e+00 2.08089161579356e+00 2.08173678345563e+00 8.45167662070434e-04
1.68000000000000e+00 2.06959468083485e+00 2.07044772727895e+00 8.53046444104333e-04
1.68500000000000e+00 2.05564648850918e+00 2.05650453468774e+00 8.58046178562777e-04
1.69000000000000e+00 2.03916445677438e+00 2.04002418347677e+00 8.59726702391317e-04
1.69500000000000e+00 2.02028192612648e+00 2.02113983391842e+00 8.57907791945056e-04
1.70000000000000e+00 1.99914731504844e+00 2.00000000000000e+00 8.52684951555771e-04
1.70500000000000e+00 1.97592320335550e+00 1.97676762586893e+00 8.44422513434084e-04
1.71000000000000e+00 1.95078534839159e+00 1.95161907318189e+00 8.33724790302082e-04
1.71500000000000e+00 1.92392163795298e+00 1.92474302560309e+00 8.21387650109084e-04
1.72000000000000e+00 1.89553098287747e+00 1.89633931720795e+00 8.08334330481664e-04
1.72500000000000e+00 1.86582215152761e+00 1.86661769201745e+00 7.95540489842539e-04
1.73000000000000e+00 1.83501254798331e+00 1.83579650231313e+00 7.83954329818703e-04
1.73500000000000e+00 1.80332693570408e+00 1.80410135376010e+00 7.74418056020298e-04
1.74000000000000e+00 1.77099610876302e+00 1.77176370569363e+00 7.67596930607350e-04
1.74500000000000e+00 1.73825551350692e+00 1.73901943520098e+00 7.63921694063141e-04
1.75000000000000e+00 1.70534382464769e+00 1.70610737385376e+00 7.63549206078684e-04
1.75500000000000e+00 1.67250148128941e+00 1.67326782611444e+00 7.66344825024357e-04
1.76000000000000e+00 1.63996919016107e+00 1.64074107855382e+00 7.71888392745890e-04
1.76500000000000e+00 1.60798640524168e+00 1.60876590907298e+00 7.79503831301209e-04
1.77000000000000e+00 1.57678979489017e+00 1.57757810532303e+00 7.88310432855654e-04
1.77500000000000e+00 1.54661170936925e+00 1.54740900145948e+00 7.97292090231938e-04
1.78000000000000e+00 1.51767866311893e+00 1.51848404225504e+00 8.05379136112894e-04
1.78500000000000e+00 1.49020984714545e+00 1.49102138342582e+00 8.11536280371339e-04
1.79000000000000e+00 1.46441568732542e+00 1.46523053680291e+00 8.14849477488666e-04
1.79500000000000e+00 1.44049646420847e+00 1.44131106870462e+00 8.14604496148563e-04
1.80000000000000e+00 1.41864100901405e+00 1.41945135953695e+00 8.10350522906900e-04
1.80500000000000e+00 1.39902548899343e+00 1.39982743227203e+00 8.01943278597728e-04
1.81000000000000e+00 1.38181229326333e+00 1.38260185702999e+00 7.89563766655066e-04
1.81500000000000e+00 1.36714902775147e+00 1.36792273852040e+00 7.73710768934288e-04
1.82000000000000e+00 1.35516762520753e+00 1.35592279258843e+00 7.55167380891208e-04
1.82500000000000e+00 1.34598357351880e+00 1.34671851756181e+00 7.34944043013330e-04
1.83000000000000e+00 1.33969526302418e+00 1.34040946551008e+00 7.14202485903703e-04
1.83500000000000e+00 1.33638345131778e+00 1.33707761791153e+00 6.94166593750323e-04
1.84000000000000e+00 1.33611084231286e+00 1.33678686957979e+00 6.76027266926837e-04
1.84500000000000e+00 1.33892177518835e+00 1.33958262403436e+00 6.60848846010698e-04
1.85000000000000e+00 1.34484201830056e+00 1.34549150281253e+00 6.49484511970888e-04
1.85500000000000e+00 1.35387866318888e+00 1.35452117051728e+00 6.42507328402653e-04
1.86000000000000e+00 1.36602011436480e+00 1.36666027668282e+00 6.40162318012560e-04
1.86500000000000e+00 1.38123617153158e+00 1.38187851481848e+00 6.42343286897828e-04
1.87000000000000e+00 1.39947820209136e+00 1.40012679827000e+00 6.48596178633332e-04
1.87500000000000e+00 1.42067940309740e+00 1.42133755181640e+00 6.58148719002938e-04
1.88000000000000e+00 1.44475515304102e+00 1.44542511720755e+00 6.69964166524428e-04
1.88500000000000e+00 1.47160345488538e+00 1.47228627014470e+00 6.82815259315683e-04
1.89000000000000e+00 1.50110547245569e+00 1.50180084551967e+00 6.95373063976712e-04
1.89500000000000e+00 1.53312616259510e+00 1.53383246706028e+00 7.06304465182050e-04
1.90000000000000e+00 1.56751500536220e+00 1.56822937688661e+00 7.14371524410451e-04
1.90500000000000e+00 1.60410683398627e+00 1.60482535986612e+00 7.18525879842113e-04
1.91000000000000e+00 1.64272276534996e+00 1.64344075707161e+00 7.17991721657318e-04
1.91500000000000e+00 1.68317123049606e+00 1.68388356209650e+00 7.12331600439597e-04
1.92000000000000e+00 1.72524910312817e+00 1.72595059347097e+00 7.01490342799760e-04
1.92500000000000e+00 1.76874292236216e+00 1.76942873595353e+00 6.85813591372764e-04
1.93000000000000e+00 1.81343020414741e+00 1.81409624304787e+00 6.66038900461130e-04
1.93500000000000e+00 1.85908083385870e+00 1.85972409271723e+00 6.43258858530116e-04
1.94000000000000e+00 1.90545853059908e+00 1.90607738794082e+00 6.18857341741164e-04
1.94500000000000e+00 1.95232237178646e+00 1.95291679348017e+00 5.94421693709934e-04
1.95000000000000e+00 1.99942836466967e+00 2.00000000000000e+00 5.71635330333997e-04
1.95500000000000e+00 2.04653104960590e+00 2.04708320651983e+00 5.52156913934176e-04
1.96000000000000e+00 2.09338511833369e+00 2.09392261205918e+00 5.37493725489835e-04
1.96500000000000e+00 2.13974702923199e+00 2.14027590728277e+00 5.28878050781501e-04
1.97000000000000e+00 2.18537660082738e+00 2.18590375695213e+00 5.27156124753514e-04
1.97500000000000e+00 2.23003856476458e+00 2.23057126404646e+00 5.32699281888593e-04
1.98000000000000e+00 2.27350406023387e+00 2.27404940652903e+00 5.45346295151905e-04
1.98500000000000e+00 2.31555205354844e+00 2.31611643790350e+00 5.64384355057790e-04
1.99000000000000e+00 2.35597066919693e+00 2.35655924292839e+00 5.88573731457931e-04
1.99500000000000e+00 2.39455842217865e+00 2.39517464013388e+00 6.16217955233811e-04
2.00000000000000e+00 2.43112534556536e+00 2.43177062311339e+00 6.45277548024126e-04
2.00500000000000e+00 2.46549401173117e+00 2.46616753293972e+00 6.73521208544248e-04
2.01000000000000e+00 2.49750045017060e+00 2.49819915448034e+00 6.98704309735287e-04
2.01500000000000e+00 2.52699496886172e+00 2.52771372985530e+00 7.18760993583256e-04
2.02000000000000e+00 2.55384288929266e+00 2.55457488279245e+00 7.31993499793582e-04
2.02500000000000e+00 2.57792520716764e+00 2.57866244818359e+00 7.37241015957846e-04
2.03000000000000e+00 2.59913919114165e+00 2.59987320173000e+00 7.34010588352429e-04
2.03500000000000e+00 2.61739893053078e+00 2.61812148518152e+00 7.22554650746332e-04
2.04000000000000e+00 2.63263583980222e+00 2.63333972331718e+00 7.03883514960424e-04
2.04500000000000e+00 2.64479912294408e+00 2.64547882948272e+00 6.79706538639469e-04
2.05000000000000e+00 2.65385619491896e+00 2.65450849718747e+00 6.52302268515648e-04
2.05500000000000e+00 2.65979305086561e+00 2.66041737596564e+00 6.24325100032852e-04
2.06000000000000e+00 2.66261456722054e+00 2.66321313042021e+00 5.98563199673663e-04
2.06500000000000e+00 2.66234471327037e+00 2.66292238208847e+00 5.77668818098509e-04
2.07000000000000e+00 2.65902664761397e+00 2.65959053448992e+00 5.63886875950104e-04
2.07500000000000e+00 2.65272267233548e+00 2.65328148243819e+00 5.58810102712748e-04
2.08000000000000e+00 2.64351401891468e+00 2.64407720741157e+00 5.63188496895961e-04
2.08500000000000e+00 2.63150044430611e+00 2.63207726147960e+00 5.76817173495670e-04
2.09000000000000e+00 2.61679962312563e+00 2.61739814297001e+00 5.98519844377865e-04
2.09500000000000e+00 2.59954633201517e+00 2.60017256772797e+00 6.26235712804846e-04
2.10000000000000e+00 2.57989143413436e+00 2.58054864046305e+00 6.57206328683824e-04
2.10500000000000e+00 2.55800068413597e+00 2.55868893129538e+00 6.88247159409627e-04
2.11000000000000e+00 2.53405338548523e+00 2.53476946319710e+00 7.16077711863772e-04
2.11500000000000e+00 2.50824094110669e+00 2.50897861657418e+00 7.37675467487264e-04
2.12000000000000e+00 2.48076534377059e+00 2.48151595774496e+00 7.50613974373149e-04
2.12500000000000e+00 2.45183765342653e+00 2.45259099854052e+00 7.53345113994275e-04
2.13000000000000e+00 2.42167650446048e+00 2.42242189467697e+00 7.45390216496222e-04
2.13500000000000e+00 2.39050667685780e+00 2.39123409092702e+00 7.27414069214838e-04
2.14000000000000e+00 2.35855775243799e+00 2.35925892144618e+00 7.01169008195723e-04
2.14500000000000e+00 2.32606286221288e+00 2.32673217388556e+00 6.69311672683470e-04
2.15000000000000e+00 2.29325751543887e+00 2.29389262614624e+00 6.35110707371211e-04
2.15500000000000e+00 2.26037848715614e+00 2.26098056479902e+00 6.02077642882115e-04
2.16000000000000e+00 2.22766273085705e+00 2.22823629430637e+00 5.73563449323800e-04
2.16500000000000e+00 2.19534627787570e+00 2.19589864623990e+00 5.52368364205691e-04
2.17000000000000e+00 2.16366308594739e+00 2.16420349768687e+00 5.40411739480273e-04
2.17500000000000e+00 2.13284380613967e+00 2.13338230798255e+00 5.38501842878958e-04
2.18000000000000e+00 2.10311444916902e+00 2.10366068279205e+00 5.46233623031522e-04
2.18500000000000e+00 2.07469494743579e+00 2.07525697439691e+00 5.62026961124840e-04
2.19000000000000e+00 2.04779762588875e+00 2.04838092681811e+00 5.83300929362984e-04
2.19500000000000e+00 2.02262561083361e+00 2.02323237413107e+00 6.06763297459789e-04
2.20000000000000e+00 1.99937121893033e+00 2.00000000000000e+00 6.28781069669904e-04
2.20500000000000e+00 1.97821437722582e+00 1.97886016608158e+00 6.45788855760721e-04
2.21000000000000e+00 1.95932112815039e+00 1.95997581652323e+00 6.54688372838885e-04
2.21500000000000e+00 1.94284227075335e+00 1.94349546531226e+00 6.53194558910331e-04
2.22000000000000e+00 1.92891218161077e+00 1.92955227272105e+00 6.40091110274632e-04
2.22500000000000e+00 1.91764784698729e+00 1.91826321654437e+00 6.15369557082968e-04
2.23000000000000e+00 1.90914812356826e+00 1.90972836324032e+00 5.80239672056893e-04
2.23500000000000e+00 1.90349323016286e+00 1.90403024347033e+00 5.37013307463141e-04
2.24000000000000e+00 1.90074445888851e+00 1.90123333589028e+00 4.88877001764587e-04
2.24500000000000e+00 1.90094408287181e+00 1.90138366237698e+00 4.39579505173926e-04
2.25000000000000e+00 1.90411542940487e+00 1.90450849718747e+00 3.93067782600509e-04
2.25500000000000e+00 1.91026308326085e+00 1.91061619184595e+00 3.53108585100292e-04
2.26000000000000e+00 1.91937318451102e+00 1.91969611683971e+00 3.22932328689518e-04
2.26500000000000e+00 1.93141378831378e+00 1.93171872048530e+00 3.04932171516725e-04
2.27000000000000e+00 1.94633526007952e+00 1.94663570460343e+00 3.00444523911425e-04
2.27500000000000e+00 1.96407068729519e+00 1.96438031592140e+00 3.09628626209202e-04
2.28000000000000e+00 1.98453629818412e+00 1.98486775140779e+00 3.31453223669564e-04
2.28500000000000e+00 2.00763188637666e+00 2.00799567504205e+00 3.63788665386000e-04
2.29000000000000e+00 2.03324124906421e+00 2.03364484283446e+00 4.03593770248900e-04
2.29500000000000e+00 2.06123265303894e+00 2.06167983224433e+00 4.47179205390391e-04
2.30000000000000e+00 2.09145934809552e+00 2.09194987150091e+00 4.90523405391574e-04
2.30500000000000e+00 2.12376015017858e+00 2.12428976371522e+00 5.29613536633278e-04
2.31000000000000e+00 2.15796011727871e+00 2.15852090008677e+00 5.60782808057603e-04
2.31500000000000e+00 2.19387133945084e+00 2.19445235595975e+00 5.81016508908405e-04
2.32000000000000e+00 2.23129386064929e+00 2.23188206297221e+00 5.88202322928222e-04
2.32500000000000e+00 2.27001674466527e+00 2.27059805007310e+00 5.81305407830524e-04
2.33000000000000e+00 2.30981929073948e+00 2.31037974575665e+00 5.60455017166284e-04
2.33500000000000e+00 2.35047239690193e+00 2.35099933348698e+00 5.26936585050208e-04
2.34000000000000e+00 2.39174006129867e+00 2.39222315195699e+00 4.83090658323970e-04
2.34500000000000e+00 2.43338100424799e+00 2.43381313154985e+00 4.32127301862373e-04
2.35000000000000e+00 2.47515038704516e+00 2.47552825814758e+00 3.77871102417604e-04
2.35500000000000e+00 2.51680159807378e+00 2.51712605526309e+00 3.24457189304628e-04
2.36000000000000e+00 2.55808807295874e+00 2.55836407535858e+00 2.76002399843822e-04
2.36500000000000e+00 2.59876511358227e+00 2.59900139115685e+00 2.36277574578114e-04
2.37000000000000e+00 2.63859167091600e+00 2.63880007775179e+00 2.08406835783048e-04
2.37500000000000e+00 2.67733205879054e+00 2.67752667638138e+00 1.94617590839385e-04
2.38000000000000e+00 2.71475756977851e+00 2.71495363083914e+00 1.96061060629749e-04
2.38500000000000e+00 2.75064797001162e+00 2.75086068766886e+00 2.12717657240180e-04
2.39000000000000e+00 2.78479285657774e+00 2.78503625151058e+00 2.43394932835095e-04
2.39500000000000e+00 2.81699286864685e+00 2.81727868724248e+00 2.85818595631149e-04
2.40000000000000e+00 2.84706075110191e+00 2.84739756089084e+00 3.36809788934023e-04
2.40500000000000e+00 2.87482227664135e+00 2.87521481165829e+00 3.92535016944695e-04
2.41000000000000e+00 2.90011703854504e+00 2.90056584784471e+00 4.48809299669950e-04
2.41500000000000e+00 2.92279913110528e+00 2.92330055990463e+00 5.01428799357218e-04
2.42000000000000e+00 2.94273773777387e+00 2.94328424439572e+00 5.46506621848408e-04
2.42500000000000e+00 2.95981764815576e+00 2.96039843312221e+00 5.80784966442760e-04
2.43000000000000e+00 2.97393972402306e+00 2.97454162236171e+00 6.01898338653761e-04
2.43500000000000e+00 2.98502133161462e+00 2.98562989767982e+00 6.08566065206428e-04
2.44000000000000e+00 2.99299675284965e+00 2.99359745048043e+00 6.00697630782854e-04
2.44500000000000e+00 2.99781758207375e+00 2.99839698310739e+00 5.79401033640181e-04
2.45000000000000e+00 2.99945310802917e+00 3.00000000000000e+00 5.46891970831354e-04
2.45500000000000e+00 2.99789067344108e+00 2.99839698310739e+00 5.06309666318483e-04
2.46000000000000e+00 2.99313599752606e+00 2.99359745048044e+00 4.61452954374941e-04
2.46500000000000e+00 2.98521344046578e+00 2.98562989767982e+00 4.16457214047039e-04
2.47000000000000e+00 2.97416618403072e+00 2.97454162236171e+00 3.75438330988853e-04
2.47500000000000e+00 2.96005629960426e+00 2.96039843312221e+00 3.42133517947651e-04
2.48000000000000e+00 2.94296467425580e+00 2.94328424439572e+00 3.19570139923009e-04
2.48500000000000e+00 2.92299076750179e+00 2.92330055990464e+00 3.09792402843456e-04
2.49000000000000e+00 2.90025217603885e+00 2.90056584784471e+00 3.13671805861837e-04
2.49500000000000e+00 2.87488399088002e+00 2.87521481165830e+00 3.30820778274177e-04
2.50000000000000e+00 2.84703794057658e+00 2.84739756089084e+00 3.59620314267062e-04
2.50500000000000e+00 2.81688132493512e+00 2.81727868724248e+00 3.97362307363647e-04
2.51000000000000e+00 2.78459575500462e+00 2.78503625151058e+00 4.40496505958343e-04
2.51500000000000e+00 2.75037572611887e+00 2.75086068766886e+00 4.84961549984231e-04
2.52000000000000e+00 2.71442706036982e+00 2.71495363083915e+00 5.26570469324028e-04
2.52500000000000e+00 2.67696526201904e+00 2.67752667638138e+00 5.61414362346913e-04
2.53000000000000e+00 2.63821383313532e+00 2.63880007775179e+00 5.86244616470388e-04
2.53500000000000e+00 2.59840259655254e+00 2.59900139115685e+00 5.98794604315334e-04
2.54000000000000e+00 2.55776606882342e+00 2.55836407535859e+00 5.98006535171169e-04
2.54500000000000e+00 2.51654191741348e+00 2.51712605526309e+00 5.84137849612087e-04
2.55000000000000e+00 2.47496952463198e+00 2.47552825814758e+00 5.58733515602317e-04
2.55500000000000e+00 2.43328866689625e+00 2.43381313154985e+00 5.24464653598677e-04
2.56000000000000e+00 2.39173830339697e+00 2.39222315195700e+00 4.84848560033946e-04
2.56500000000000e+00 2.35055545479684e+00 2.35099933348698e+00 4.43878690147503e-04
2.57000000000000e+00 2.30997414195637e+00 2.31037974575666e+00 4.05603800288645e-04
2.57500000000000e+00 2.27022434827530e+00 2.27059805007310e+00 3.73701797793835e-04
2.58000000000000e+00 2.23153096801710e+00 2.23188206297222e+00 3.51094955120423e-04
2.58500000000000e+00 2.19411270723141e+00 2.19445235595975e+00 3.39648728341135e-04
2.59000000000000e+00 2.15818091315598e+00 2.15852090008678e+00 3.39986930792957e-04
2.59500000000000e+00 2.12393832111346e+00 2.12428976371522e+00 3.51442601754126e-04
2.60000000000000e+00 2.09157772322385e+00 2.09194987150091e+00 3.72148277063111e-04
2.60500000000000e+00 2.06128057873889e+00 2.06167983224433e+00 3.99253505440011e-04
2.61000000000000e+00 2.03321559947679e+00 2.03364484283446e+00 4.29243357673581e-04
2.61500000000000e+00 2.00753735399781e+00 2.00799567504205e+00 4.58321044240151e-04
2.62000000000000e+00 1.98438493964235e+00 1.98486775140779e+00 4.82811765437630e-04
2.62500000000000e+00 1.96388077185053e+00 1.96438031592140e+00 4.99544070873270e-04
2.63000000000000e+00 1.94612953548481e+00 1.94663570460343e+00 5.06169118622113e-04
2.63500000000000e+00 1.93121733397824e+00 1.93171872048530e+00 5.01386507055335e-04
2.64000000000000e+00 1.91921106026769e+00 1.91969611683971e+00 4.85056572027132e-04
2.64500000000000e+00 1.91015800010944e+00 1.91061619184595e+00 4.58191736505631e-04
2.65000000000000e+00 1.90408566500132e+00 1.90450849718747e+00 4.22832186154132e-04
2.65500000000000e+00 1.90100183987636e+00 1.90138366237698e+00 3.81822500623130e-04
2.66000000000000e+00 1.90089482102335e+00 1.90123333589028e+00 3.38514866929929e-04
2.66500000000000e+00 1.90373381300986e+00 1.90403024347033e+00 2.96430460462460e-04
2.67000000000000e+00 1.90946945004248e+00 1.90972836324032e+00 2.58913197840327e-04
2.67500000000000e+00 1.91803440717231e+00 1.91826321654437e+00 2.28809372063488e-04
2.68000000000000e+00 1.92934406973470e+00 1.92955227272105e+00 2.08202986340167e-04
2.68500000000000e+00 1.94329723488718e+00 1.94349546531226e+00 1.98230425075829e-04
2.69000000000000e+00 1.95977682642448e+00 1.95997581652323e+00 1.98990098754459e-04
2.69500000000000e+00 1.97865061247036e+00 1.97886016608158e+00 2.09553611212332e-04
2.70000000000000e+00 1.99977192440982e+00 2.00000000000000e+00 2.28075590175569e-04
2.70500000000000e+00 2.02298038377985e+00 2.02323237413106e+00 2.51990351212594e-04
2.71000000000000e+00 2.04810265107866e+00 2.04838092681811e+00 2.78275739442613e-04
2.71500000000000e+00 2.07495321595677e+00 2.07525697439691e+00 3.03758440142854e-04
2.72000000000000e+00 2.10333525151267e+00 2.10366068279205e+00 3.25431279378563e-04
2.72500000000000e+00 2.13304155607899e+00 2.13338230798255e+00 3.40751903550984e-04
2.73000000000000e+00 2.16385560379435e+00 2.16420349768687e+00 3.47893892515216e-04
2.73500000000000e+00 2.19555272048204e+00 2.19589864623990e+00 3.45925757855969e-04
2.74000000000000e+00 2.22790139421578e+00 2.22823629430637e+00 3.34900090594559e-04
2.74500000000000e+00 2.26066472101001e+00 2.26098056479902e+00 3.15843789003178e-04
2.75000000000000e+00 2.29360197611011e+00 2.29389262614624e+00 2.90650036124607e-04
2.75500000000000e+00 2.32647029131477e+00 2.32673217388556e+00 2.61882570789407e-04
2.76000000000000e+00 2.35902640964943e+00 2.35925892144618e+00 2.32511796748547e-04
2.76500000000000e+00 2.39102848149131e+00 2.39123409092702e+00 2.05609435708354e-04
2.77000000000000e+00 2.42223786173548e+00 2.42242189467697e+00 1.84032941489498e-04
2.77500000000000e+00 2.45242086633442e+00 2.45259099854052e+00 1.70132206100515e-04
2.78000000000000e+00 2.48135044874799e+00 2.48151595774496e+00 1.65508996963215e-04
2.78500000000000e+00 2.50880776233654e+00 2.50897861657418e+00 1.70854237637297e-04
2.79000000000000e+00 2.53458358298127e+00 2.53476946319709e+00 1.85880215822110e-04
2.79500000000000e+00 2.55847957638138e+00 2.55868893129538e+00 2.09354914002979e-04
2.80000000000000e+00 2.58030940550607e+00 2.58054864046305e+00 2.39234956978862e-04
2.80500000000000e+00 2.59989968443416e+00 2.60017256772797e+00 2.72883293808590e-04
2.81000000000000e+00 2.61709079419612e+00 2.61739814297001e+00 3.07348773892269e-04
2.81500000000000e+00 2.63173758330266e+00 2.63207726147960e+00 3.39678176940694e-04
2.82000000000000e+00 2.64370997970998e+00 2.64407720741157e+00 3.67227701594697e-04
2.82500000000000e+00 2.65289354165518e+00 2.65328148243819e+00 3.87940783009189e-04
2.83000000000000e+00 2.65918997206162e+00 2.65959053448992e+00 4.00562428299889e-04
2.83500000000000e+00 2.66251761536431e+00 2.66292238208847e+00 4.04766724161565e-04
2.84000000000000e+00 2.66281194725205e+00 2.66321313042021e+00 4.01183168163843e-04
2.84500000000000e+00 2.66002605783401e+00 2.66041737596564e+00 3.91318131631735e-04
2.85000000000000e+00 2.65413111816535e+00 2.65450849718747e+00 3.77379022121538e-04
2.85500000000000e+00 2.64511681005751e+00 2.64547882948272e+00 3.62019425205862e-04
2.86000000000000e+00 2.63299169079390e+00 2.63333972331719e+00 3.48032523287856e-04
2.86500000000000e+00 2.61778345879534e+00 2.61812148518152e+00 3.38026386183188e-04
2.87000000000000e+00 2.59953908421981e+00 2.59987320173000e+00 3.34117510198517e-04
2.87500000000000e+00 2.57832477039340e+00 2.57866244818360e+00 3.37677790196445e-04
2.88000000000000e+00 2.55422571788812e+00 2.55457488279246e+00 3.49164904338561e-04
2.88500000000000e+00 2.52734567256547e+00 2.52771372985530e+00 3.68057289835910e-04
2.89000000000000e+00 2.49780625112780e+00 2.49819915448034e+00 3.92903352536056e-04
2.89500000000000e+00 2.46574605142707e+00 2.46616753293972e+00 4.21481512649091e-04
2.90000000000000e+00 2.43131956850272e+00 2.43177062311339e+00 4.51054610667523e-04
2.90500000000000e+00 2.39469594952178e+00 2.39517464013388e+00 4.78690612101929e-04
2.91000000000000e+00 2.35605763006241e+00 2.35655924292839e+00 5.01612865982271e-04
2.91500000000000e+00 2.31559889940040e+00 2.31611643790350e+00 5.17538503103765e-04
2.92000000000000e+00 2.27352444293667e+00 2.27404940652904e+00 5.24963592361427e-04
2.92500000000000e+00 2.23004790545639e+00 2.23057126404647e+00 5.23358590073020e-04
2.93000000000000e+00 2.18539050987393e+00 2.18590375695213e+00 5.13247078197221e-04
2.93500000000000e+00 2.13977975333081e+00 2.14027590728278e+00 4.96153951964562e-04
2.94000000000000e+00 2.09344818725437e+00 2.09392261205918e+00 4.74424804812745e-04
2.94500000000000e+00 2.04663227190145e+00 2.04708320651984e+00 4.50934618386523e-04
2.95000000000000e+00 1.99957128091024e+00 2.00000000000000e+00 4.28719089765606e-04
2.95500000000000e+00 1.95250621948429e+00 1.95291679348017e+00 4.10573995874852e-04
2.96000000000000e+00 1.90567871295486e+00 1.90607738794082e+00 3.98674985965686e-04
2.96500000000000e+00 1.85932982214445e+00 1.85972409271723e+00 3.94270572779298e-04
2.97000000000000e+00 1.81369874901106e+00 1.81409624304787e+00 3.97494036810997e-04
2.97500000000000e+00 1.76902141029105e+00 1.76942873595354e+00 4.07325662487024e-04
2.98000000000000e+00 1.72552887686976e+00 1.72595059347097e+00 4.21716601216371e-04
2.98500000000000e+00 1.68344569978040e+00 1.68388356209651e+00 4.37862316108539e-04
2.99000000000000e+00 1.64298816653778e+00 1.64344075707161e+00 4.52590533829511e-04
2.99500000000000e+00 1.60436255007272e+00 1.60482535986612e+00 4.62809793398522e-04
3.00000000000000e+00 1.56776342334150e+00 1.56822937688661e+00 4.65953545112585e-04
3.00500000000000e+00 1.53337211337860e+00 1.53383246706028e+00 4.60353681680292e-04
3.01000000000000e+00 1.50135535849546e+00 1.50180084551966e+00 4.45487024201663e-04
3.01500000000000e+00 1.47186421283036e+00 1.47228627014470e+00 4.22057314338309e-04
3.02000000000000e+00 1.44503321663920e+00 1.44542511720755e+00 3.91900568347481e-04
3.02500000000000e+00 1.42097982290904e+00 1.42133755181641e+00 3.57728907367294e-04
3.03000000000000e+00 1.39980404575680e+00 1.40012679827000e+00 3.22752513200797e-04
3.03500000000000e+00 1.38158827776038e+00 1.38187851481848e+00 2.90237058094611e-04
3.04000000000000e+00 1.36639721462849e+00 1.36666027668282e+00 2.63062054328245e-04
3.04500000000000e+00 1.35427782740039e+00 1.35452117051728e+00 2.43343116890227e-04
3.05000000000000e+00 1.34525933373808e+00 1.34549150281253e+00 2.32169074448008e-04
3.05500000000000e+00 1.33935313829994e+00 1.33958262403436e+00 2.29485734421830e-04
3.06000000000000e+00 1.33655273413601e+00 1.33678686957979e+00 2.34135443774264e-04
3.06500000000000e+00 1.33683357870441e+00 1.33707761791153e+00 2.44039207126123e-04
3.07000000000000e+00 1.34015297608091e+00 1.34040946551008e+00 2.56489429173001e-04
3.07500000000000e+00 1.34645000877108e+00 1.34671851756181e+00 2.68508790734590e-04
3.08000000000000e+00 1.35564556704121e+00 1.35592279258843e+00 2.77225547211879e-04
3.08500000000000e+00 1.36764252094586e+00 1.36792273852040e+00 2.80217574534669e-04
3.09000000000000e+00 1.38232607141264e+00 1.38260185702999e+00 2.75785617346092e-04
3.09500000000000e+00 1.39956430375218e+00 1.39982743227203e+00 2.63128519851330e-04
3.10000000000000e+00 1.41920895200697e+00 1.41945135953695e+00 2.42407529983835e-04
3.10500000000000e+00 1.44109636778014e+00 1.44131106870462e+00 2.14700924485500e-04
3.11000000000000e+00 1.46504867435275e+00 1.46523053680290e+00 1.81862450153281e-04
3.11500000000000e+00 1.49087507720919e+00 1.49102138342582e+00 1.46306216628478e-04
3.12000000000000e+00 1.51837329612841e+00 1.51848404225504e+00 1.10746126631645e-04
3.12500000000000e+00 1.54733108178931e+00 1.54740900145948e+00 7.79196701725660e-05
3.13000000000000e+00 1.57752778096122e+00 1.57757810532302e+00 5.03243618024118e-05
3.13500000000000e+00 1.60873591810129e+00 1.60876590907298e+00 2.99909716878766e-05
3.14000000000000e+00 1.64072276672035e+00 1.64074107855382e+00 1.83118334722288e-05
3.14500000000000e+00 1.67325189036806e+00 1.67326782611444e+00 1.59357463735965e-05
3.15000000000000e+00 1.70608463977409e+00 1.70610737385376e+00 2.27340796730147e-05
3.15500000000000e+00 1.73898159896127e+00 1.73901943520098e+00 3.78362397150944e-05
3.16000000000000e+00 1.77170397857884e+00 1.77176370569363e+00 5.97271147841916e-05
3.16500000000000e+00 1.80401495901094e+00 1.80410135376010e+00 8.63947491620554e-05
3.17000000000000e+00 1.83568098885739e+00 1.83579650231313e+00 1.15513455736016e-04
3.17500000000000e+00 1.86647304613579e+00 1.86661769201745e+00 1.44645881665628e-04
3.18000000000000e+00 1.89616787006670e+00 1.89633931720795e+00 1.71447141246617e-04
3.18500000000000e+00 1.92454917069344e+00 1.92474302560309e+00 1.93854909644742e-04
3.19000000000000e+00 1.95140882200103e+00 1.95161907318189e+00 2.10251180864818e-04
3.19500000000000e+00 1.97654804181385e+00 1.97676762586893e+00 2.19584055086708e-04
3.20000000000000e+00 1.99977855876115e+00 2.00000000000000e+00 2.21441238847708e-04
3.20500000000000e+00 2.02092376321466e+00 2.02113983391842e+00 2.16070703765059e-04
3.21000000000000e+00 2.03981983554599e+00 2.04002418347677e+00 2.04347930779392e-04
3.21500000000000e+00 2.05631684155894e+00 2.05650453468774e+00 1.87693128804955e-04
3.22000000000000e+00 2.07027978176178e+00 2.07044772727895e+00 1.67945517171475e-04
3.22500000000000e+00 2.08158957849787e+00 2.08173678345563e+00 1.47204957753999e-04
3.23000000000000e+00 2.09014398306758e+00 2.09027163675968e+00 1.27653692105767e-04
3.23500000000000e+00 2.09585838404338e+00 2.09596975652967e+00 1.11372486293781e-04
3.24000000000000e+00 2.09866649813760e+00 2.09876666410972e+00 1.00165972120259e-04
3.24500000000000e+00 2.09852092630006e+00 2.09861633762302e+00 9.54113229560960e-05
3.25000000000000e+00 2.09539356018286e+00 2.09549150281253e+00 9.79426296643382e-05
3.25500000000000e+00 2.08927582760629e+00 2.08938380815405e+00 1.07980547763287e-04
3.26000000000000e+00 2.08017876999242e+00 2.08030388316029e+00 1.25113167868118e-04
3.26500000000000e+00 2.06813294962355e+00 2.06828127951470e+00 1.48329891158649e-04
3.27000000000000e+00 2.05318818969222e+00 2.05336429539657e+00 1.76105704350782e-04
3.27500000000000e+00 2.03541315507034e+00 2.03561968407860e+00 2.06529008262013e-04
3.28000000000000e+00 2.01489478617086e+00 2.01513224859221e+00 2.37462421355250e-04
3.28500000000000e+00 1.99173760188038e+00 1.99200432495795e+00 2.66723077572806e-04
3.29000000000000e+00 1.96606289004196e+00 1.96635515716554e+00 2.92267123578105e-04
3.29500000000000e+00 1.93800780519287e+00 1.93832016775567e+00 3.12362562800983e-04
3.30000000000000e+00 1.90772439313872e+00 1.90805012849909e+00 3.25735360374280e-04
3.30500000000000e+00 1.87537856050632e+00 1.87571023628479e+00 3.31675778469709e-04
3.31000000000000e+00 1.84114900479316e+00 1.84147909991323e+00 3.30095120065543e-04
3.31500000000000e+00 1.80522611684408e+00 1.80554764404025e+00 3.21527196177840e-04
3.32000000000000e+00 1.76781086343459e+00 1.76811793702778e+00 3.07073593192264e-04
3.32500000000000e+00 1.72911365308845e+00 1.72940194992690e+00 2.88296838451219e-04
3.33000000000000e+00 1.68935318381284e+00 1.68962025424335e+00 2.67070430507443e-04
3.33500000000000e+00 1.64875526753312e+00 1.64900066651302e+00 2.45398979906719e-04
3.34000000000000e+00 1.60755162307652e+00 1.60777684804301e+00 2.25224966485138e-04
3.34500000000000e+00 1.56597862797634e+00 1.56618686845015e+00 2.08240473806853e-04
3.35000000000000e+00 1.52427601943818e+00 1.52447174185243e+00 1.95722414246369e-04
3.35500000000000e+00 1.48268553668289e+00 1.48287394473692e+00 1.88408054029088e-04
3.36000000000000e+00 1.44144950052781e+00 1.44163592464142e+00 1.86424113612693e-04
3.36500000000000e+00 1.40080933124807e+00 1.40099860884315e+00 1.89277595078474e-04
3.37000000000000e+00 1.36100401201817e+00 1.36119992224821e+00 1.95910230041063e-04
3.37500000000000e+00 1.32226851193256e+00 1.32247332361862e+00 2.04811686060680e-04
3.38000000000000e+00 1.28483218898413e+00 1.28504636916086e+00 2.14180176729473e-04
3.38500000000000e+00 1.24891719865666e+00 1.24913931233114e+00 2.22113674480662e-04
3.39000000000000e+00 1.21473693725758e+00 1.21496374848942e+00 2.26811231840207e-04
3.39500000000000e+00 1.18249455026191e+00 1.18272131275752e+00 2.26762495611155e-04
3.40000000000000e+00 1.15238153451039e+00 1.15260243910916e+00 2.20904598773108e-04
3.40500000000000e+00 1.12457645917111e+00 1.12478518834171e+00 2.08729170594113e-04
3.41000000000000e+00 1.09924382432574e+00 1.09943415215529e+00 1.90327829544090e-04
3.41500000000000e+00 1.07653306853593e+00 1.07669944009537e+00 1.66371559431555e-04
3.42000000000000e+00 1.05657772863219e+00 1.05671575560428e+00 1.38026972093419e-04
3.42500000000000e+00 1.03949474716918e+00 1.03960156687779e+00 1.06819708608041e-04
3.43000000000000e+00 1.02538391638480e+00 1.02545837763829e+00 7.44612534837596e-05
3.43500000000000e+00 1.01432744281010e+00 1.01437010232018e+00 4.26595100806448e-05
3.44000000000000e+00 1.00638961438256e+00 1.00640254951957e+00 1.29351370061759e-05
3.44500000000000e+00 1.00161655219899e+00 1.00160301689261e+00 1.35353063861476e-05
3.45000000000000e+00 1.00003603177742e+00 1.00000000000000e+00 3.60317774197316e-05
3.45500000000000e+00 1.00165736345875e+00 1.00160301689261e+00 5.43465661420051e-05
3.46000000000000e+00 1.00647132770911e+00 1.00640254951956e+00 6.87781895443162e-05
3.46500000000000e+00 1.01445016776810e+00 1.01437010232018e+00 8.00654479249374e-05
3.47000000000000e+00 1.02554764844905e+00 1.02545837763829e+00 8.92708107660400e-05
3.47500000000000e+00 1.03969919510289e+00 1.03960156687779e+00 9.76282250941818e-05
3.48000000000000e+00 1.05682213011397e+00 1.05671575560427e+00 1.06374509700746e-04
3.48500000000000e+00 1.07681602533679e+00 1.07669944009536e+00 1.16585241423106e-04
3.49000000000000e+00 1.09956318741631e+00 1.09943415215529e+00 1.29035261025034e-04
3.49500000000000e+00 1.12492928907505e+00 1.12478518834171e+00 1.44100733345587e-04
3.50000000000000e+00 1.15276415358995e+00 1.15260243910915e+00 1.61714480797714e-04
3.50500000000000e+00 1.18290269245457e+00 1.18272131275752e+00 1.81379697052231e-04
3.51000000000000e+00 1.21516598840799e+00 1.21496374848942e+00 2.02239918573266e-04
3.51500000000000e+00 1.24936250846139e+00 1.24913931233114e+00 2.23196130253678e-04
3.52000000000000e+00 1.28528942508213e+00 1.28504636916085e+00 2.43055921277158e-04
3.52500000000000e+00 1.32273401900881e+00 1.32247332361861e+00 2.60695390198462e-04
3.53000000000000e+00 1.36147513479776e+00 1.36119992224821e+00 2.75212549549986e-04
3.53500000000000e+00 1.40128466044369e+00 1.40099860884315e+00 2.86051600540516e-04
3.54000000000000e+00 1.44192900532158e+00 1.44163592464141e+00 2.93080680168867e-04
3.54500000000000e+00 1.48317055602429e+00 1.48287394473691e+00 2.96611287381898e-04
3.55000000000000e+00 1.52476909689411e+00 1.52447174185242e+00 2.97355041688707e-04
3.55500000000000e+00 1.56648319035387e+00 1.56618686845015e+00 2.96321903722419e-04
3.56000000000000e+00 1.60807152048918e+00 1.60777684804300e+00 2.94672446180089e-04
3.56500000000000e+00 1.64929421053181e+00 1.64900066651302e+00 2.93544018789005e-04
3.57000000000000e+00 1.68991412977320e+00 1.68962025424335e+00 2.93875529848053e-04
3.57500000000000e+00 1.72969820703024e+00 1.72940194992690e+00 2.96257103336250e-04
3.58000000000000e+00 1.76841876553856e+00 1.76811793702778e+00 3.00828510774842e-04
3.58500000000000e+00 1.80585488808827e+00 1.80554764404025e+00 3.07244048025845e-04
3.59000000000000e+00 1.84179381203004e+00 1.84147909991322e+00 3.14712116811222e-04
3.59500000000000e+00 1.87603234277095e+00 1.87571023628478e+00 3.22106486166485e-04
3.60000000000000e+00 1.90837826329289e+00 1.90805012849909e+00 3.28134793796453e-04
3.60500000000000e+00 1.93865170795035e+00 1.93832016775567e+00 3.31540194687729e-04
3.61000000000000e+00 1.96668646303223e+00 1.96635515716554e+00 3.31305866684950e-04
3.61500000000000e+00 1.99233115547013e+00 1.99200432495795e+00 3.26830512181076e-04
3.62000000000000e+00 2.01545029505581e+00 2.01513224859221e+00 3.18046463602339e-04
3.62500000000000e+00 2.03592514415832e+00 2.03561968407860e+00 3.05460079726316e-04
3.63000000000000e+00 2.05365440100390e+00 2.05336429539657e+00 2.90105607335001e-04
3.63500000000000e+00 2.06855469633284e+00 2.06828127951470e+00 2.73416818137306e-04
3.64000000000000e+00 2.08056091665798e+00 2.08030388316029e+00 2.57033497694348e-04
3.64500000000000e+00 2.08962637846628e+00 2.08938380815405e+00 2.42570312230406e-04
3.65000000000000e+00 2.09572288493684e+00 2.09549150281253e+00 2.31382124317392e-04
3.65500000000000e+00 2.09884069907929e+00 2.09861633762302e+00 2.24361456272248e-04
3.66000000000000e+00 2.09898846429608e+00 2.09876666410972e+00 2.21800186356980e-04
3.66500000000000e+00 2.09619309562136e+00 2.09596975652967e+00 2.23339091686814e-04
3.67000000000000e+00 2.09049965331496e+00 2.09027163675968e+00 2.28016555277488e-04
3.67500000000000e+00 2.08197119665038e+00 2.08173678345563e+00 2.34413194756478e-04
3.68000000000000e+00 2.07068860155616e+00 2.07044772727895e+00 2.40874277204206e-04
3.68500000000000e+00 2.05675031335355e+00 2.05650453468774e+00 2.45778665806995e-04
3.69000000000000e+00 2.04027199723294e+00 2.04002418347677e+00 2.47813756172999e-04
3.69500000000000e+00 2.02138604607154e+00 2.02113983391842e+00 2.46212153117931e-04
3.70000000000000e+00 2.00024090887208e+00 2.00000000000000e+00 2.40908872080947e-04
3.70500000000000e+00 1.97700021377809e+00 1.97676762586894e+00 2.32587909154036e-04
3.71000000000000e+00 1.95184167647777e+00 1.95161907318189e+00 2.22603295871870e-04
3.71500000000000e+00 1.92495580581905e+00 1.92474302560309e+00 2.12780215959052e-04
3.72000000000000e+00 1.89654444049463e+00 1.89633931720795e+00 2.05123286683317e-04
3.72500000000000e+00 1.86681916985958e+00 1.86661769201745e+00 2.01477842127762e-04
3.73000000000000e+00 1.83599970437953e+00 1.83579650231313e+00 2.03202066401342e-04
3.73500000000000e+00 1.80431226371116e+00 1.80410135376010e+00 2.10909951059435e-04
3.74000000000000e+00 1.77198804146416e+00 1.77176370569363e+00 2.24335770529605e-04
3.74500000000000e+00 1.73926178604665e+00 1.73901943520098e+00 2.42350845671035e-04
3.75000000000000e+00 1.70637050986157e+00 1.70610737385376e+00 2.63136007806475e-04
3.75500000000000e+00 1.67355230970009e+00 1.67326782611444e+00 2.84483585646589e-04
3.76000000000000e+00 1.64104525558917e+00 1.64074107855382e+00 3.04177035350683e-04
3.76500000000000e+00 1.60908628920691e+00 1.60876590907298e+00 3.20380133933540e-04
3.77000000000000e+00 1.57791006997109e+00 1.57757810532303e+00 3.31964648062399e-04
3.77500000000000e+00 1.54774771783844e+00 1.54740900145948e+00 3.38716378954107e-04
3.78000000000000e+00 1.51882542442250e+00 1.51848404225504e+00 3.41382167458937e-04
3.78500000000000e+00 1.49136293343453e+00 1.49102138342582e+00 3.41550008712055e-04
3.79000000000000e+00 1.46557192156449e+00 1.46523053680291e+00 3.41384761580965e-04
3.79500000000000e+00 1.44165433580096e+00 1.44131106870462e+00 3.43267096341027e-04
3.80000000000000e+00 1.41980075834963e+00 1.41945135953695e+00 3.49398812682811e-04
3.80500000000000e+00 1.40018887352559e+00 1.39982743227203e+00 3.61441253565520e-04
3.81000000000000e+00 1.38298210250152e+00 1.38260185702999e+00 3.80245471531149e-04
3.81500000000000e+00 1.36832845392154e+00 1.36792273852040e+00 4.05715401144757e-04
3.82000000000000e+00 1.35635961483255e+00 1.35592279258843e+00 4.36822244128665e-04
3.82500000000000e+00 1.34719028133475e+00 1.34671851756181e+00 4.71763772941225e-04
3.83000000000000e+00 1.34091770572431e+00 1.34040946551008e+00 5.08240214221578e-04
3.83500000000000e+00 1.33762141975924e+00 1.33707761791153e+00 5.43801847706860e-04
3.84000000000000e+00 1.33736308393937e+00 1.33678686957979e+00 5.76214359584659e-04
3.84500000000000e+00 1.34018641104662e+00 1.33958262403436e+00 6.03787012255719e-04
3.85000000000000e+00 1.34611711823503e+00 1.34549150281253e+00 6.25615422506387e-04
3.85500000000000e+00 1.35516287438979e+00 1.35452117051728e+00 6.41703872511057e-04
3.86000000000000e+00 1.36731322635895e+00 1.36666027668282e+00 6.52949676132719e-04
3.86500000000000e+00 1.38253950668880e+00 1.38187851481848e+00 6.60991870320871e-04
3.87000000000000e+00 1.40079474420620e+00 1.40012679826999e+00 6.67945936208447e-04
3.87500000000000e+00 1.42201361479484e+00 1.42133755181640e+00 6.76062978440806e-04
3.88000000000000e+00 1.44611248087713e+00 1.44542511720754e+00 6.87363669588104e-04
3.88500000000000e+00 1.47298957276006e+00 1.47228627014469e+00 7.03302615361556e-04
3.89000000000000e+00 1.50252536209515e+00 1.50180084551966e+00 7.24516575489220e-04
3.89500000000000e+00 1.53458316701859e+00 1.53383246706028e+00 7.50699958307788e-04
3.90000000000000e+00 1.56901001080494e+00 1.56822937688661e+00 7.80633918329610e-04
3.90500000000000e+00 1.60563773282493e+00 1.60482535986612e+00 8.12372958812979e-04
3.91000000000000e+00 1.64428432493518e+00 1.64344075707161e+00 8.43567863566097e-04
3.91500000000000e+00 1.68475544159285e+00 1.68388356209650e+00 8.71879496352923e-04
3.92000000000000e+00 1.72684601181924e+00 1.72595059347097e+00 8.95418348267230e-04
3.92500000000000e+00 1.77034186936009e+00 1.76942873595353e+00 9.13133406561073e-04
3.93000000000000e+00 1.81502131701724e+00 1.81409624304787e+00 9.25073969374690e-04
3.93500000000000e+00 1.86065655383418e+00 1.85972409271722e+00 9.32461116952998e-04
3.94000000000000e+00 1.90701491943634e+00 1.90607738794081e+00 9.37531495523114e-04
3.94500000000000e+00 1.95385994602487e+00 1.95291679348016e+00 9.43152544710113e-04
3.95000000000000e+00 2.00095225083581e+00 2.00000000000000e+00 9.52250835814406e-04
3.95500000000000e+00 2.04805034410648e+00 2.04708320651983e+00 9.67137586650235e-04
3.96000000000000e+00 2.09491146261825e+00 2.09392261205918e+00 9.88850559070720e-04
3.96500000000000e+00 2.14129255979336e+00 2.14027590728278e+00 1.01665251057836e-03
3.97000000000000e+00 2.18695158468807e+00 2.18590375695213e+00 1.04782773594181e-03
3.97500000000000e+00 2.23164916131598e+00 2.23057126404647e+00 1.07789726950447e-03
3.98000000000000e+00 2.27515073737389e+00 2.27404940652903e+00 1.10133084485975e-03
3.98500000000000e+00 2.31722921224365e+00 2.31611643790350e+00 1.11277434015644e-03
3.99000000000000e+00 2.35766798602025e+00 2.35655924292839e+00 1.10874309186615e-03
3.99500000000000e+00 2.39626430424726e+00 2.39517464013388e+00 1.08966411337352e-03
4.00000000000000e+00 2.43283271731229e+00 2.43177062311338e+00 1.06209419890657e-03
