variables = x, value-predict, value-true, error
0.00000000000000e+00 2.42653685329169e+00 2.43177062311339e+00 5.23376982170154e-03
5.00000000000000e-03 2.46090178009437e+00 2.46616753293972e+00 5.26575284534880e-03
1.00000000000000e-02 2.49288696229437e+00 2.49819915448034e+00 5.31219218596490e-03
1.50000000000000e-02 2.52234979415757e+00 2.52771372985530e+00 5.36393569772953e-03
2.00000000000000e-02 2.54915986150770e+00 2.55457488279246e+00 5.41502128475591e-03
2.50000000000000e-02 2.57320031784319e+00 2.57866244818360e+00 5.46213034040788e-03
3.00000000000000e-02 2.59436915055323e+00 2.59987320173000e+00 5.50405117676966e-03
3.50000000000000e-02 2.61258032787494e+00 2.61812148518152e+00 5.54115730658733e-03
4.00000000000000e-02 2.62776481683203e+00 2.63333972331718e+00 5.57490648515380e-03
4.50000000000000e-02 2.63987146100490e+00 2.64547882948272e+00 5.60736847782017e-03
5.00000000000000e-02 2.64886770501726e+00 2.65450849718747e+00 5.64079217021396e-03
5.50000000000000e-02 2.65474015072375e+00 2.66041737596564e+00 5.67722524189129e-03
6.00000000000000e-02 2.65749492903687e+00 2.66321313042021e+00 5.71820138333967e-03
6.50000000000000e-02 2.65715787197329e+00 2.66292238208847e+00 5.76451011517864e-03
7.00000000000000e-02 2.65377447253385e+00 2.65959053448992e+00 5.81606195606277e-03
7.50000000000000e-02 2.64740962585011e+00 2.65328148243819e+00 5.87185658807465e-03
8.00000000000000e-02 2.63814715352063e+00 2.64407720741157e+00 5.93005389094792e-03
8.50000000000000e-02 2.62608912349594e+00 2.63207726147960e+00 5.98813798366038e-03
9.00000000000000e-02 2.61135498890339e+00 2.61739814297001e+00 6.04315406662392e-03
9.50000000000000e-02 2.59408057903227e+00 2.60017256772797e+00 6.09198869570449e-03
1.00000000000000e-01 2.57441698240457e+00 2.58054864046305e+00 6.13165805847249e-03
1.05000000000000e-01 2.55252936384178e+00 2.55868893129538e+00 6.15956745359947e-03
1.10000000000000e-01 2.52859575388844e+00 2.53476946319709e+00 6.17370930865668e-03
1.15000000000000e-01 2.50280584015062e+00 2.50897861657418e+00 6.17277642355862e-03
1.20000000000000e-01 2.47535977748737e+00 2.48151595774496e+00 6.15618025758558e-03
1.25000000000000e-01 2.44646701988769e+00 2.45259099854052e+00 6.12397865283398e-03
1.30000000000000e-01 2.41634516397064e+00 2.42242189467697e+00 6.07673070633430e-03
1.35000000000000e-01 2.38521878477724e+00 2.39123409092702e+00 6.01530614978252e-03
1.40000000000000e-01 2.35331824043172e+00 2.35925892144618e+00 5.94068101446554e-03
1.45000000000000e-01 2.32087842370722e+00 2.32673217388556e+00 5.85375017833734e-03
1.50000000000000e-01 2.28813744472457e+00 2.29389262614624e+00 5.75518142166587e-03
1.55000000000000e-01 2.25533523827195e+00 2.26098056479902e+00 5.64532652706484e-03
1.60000000000000e-01 2.22271209951592e+00 2.22823629430637e+00 5.52419479045518e-03
1.65000000000000e-01 2.19050716128147e+00 2.19589864623990e+00 5.39148495843422e-03
1.70000000000000e-01 2.15895683323638e+00 2.16420349768687e+00 5.24666445048805e-03
1.75000000000000e-01 2.12829322754449e+00 2.13338230798255e+00 5.08908043805922e-03
1.80000000000000e-01 2.09874259685001e+00 2.10366068279205e+00 4.91808594204590e-03
1.85000000000000e-01 2.07052380930809e+00 2.07525697439691e+00 4.73316508882116e-03
1.90000000000000e-01 2.04384688253336e+00 2.04838092681811e+00 4.53404428474879e-03
1.95000000000000e-01 2.01891159458158e+00 2.02323237413107e+00 4.32077954948662e-03
2.00000000000000e-01 1.99590618606999e+00 2.00000000000000e+00 4.09381393000730e-03
2.05000000000000e-01 1.97500616373860e+00 1.97886016608158e+00 3.85400234298094e-03
2.10000000000000e-01 1.95637321240894e+00 1.95997581652323e+00 3.60260411429358e-03
2.15000000000000e-01 1.94015421949176e+00 1.94349546531226e+00 3.34124582049644e-03
2.20000000000000e-01 1.92648041390663e+00 1.92955227272105e+00 3.07185881441496e-03
2.25000000000000e-01 1.91546661943490e+00 1.91826321654437e+00 2.79659710946900e-03
2.30000000000000e-01 1.90721062106245e+00 1.90972836324032e+00 2.51774217786438e-03
2.35000000000000e-01 1.90179264173581e+00 1.90403024347033e+00 2.23760173451537e-03
2.40000000000000e-01 1.89927492614505e+00 1.90123333589028e+00 1.95840974522543e-03
2.45000000000000e-01 1.89970142767603e+00 1.90138366237698e+00 1.68223470095086e-03
2.50000000000000e-01 1.90309759457198e+00 1.90450849718747e+00 1.41090261549626e-03
2.55000000000000e-01 1.90947025163245e+00 1.91061619184595e+00 1.14594021350056e-03
2.60000000000000e-01 1.91880757445368e+00 1.91969611683971e+00 8.88542386028313e-04
2.65000000000000e-01 1.93107915423933e+00 1.93171872048530e+00 6.39566245969725e-04
2.70000000000000e-01 1.94623615250142e+00 1.94663570460343e+00 3.99552102007705e-04
2.75000000000000e-01 1.96421154640232e+00 1.96438031592140e+00 1.68769519084400e-04
2.80000000000000e-01 1.98492046689699e+00 1.98486775140779e+00 5.27154892038251e-05
2.85000000000000e-01 2.00826063303956e+00 2.00799567504205e+00 2.64957997511139e-04
2.90000000000000e-01 2.03411288663173e+00 2.03364484283446e+00 4.68043797274831e-04
2.95000000000000e-01 2.06234183164823e+00 2.06167983224433e+00 6.61999403903657e-04
3.00000000000000e-01 2.09279658245066e+00 2.09194987150091e+00 8.46710949752527e-04
3.05000000000000e-01 2.12531162363214e+00 2.12428976371522e+00 1.02185991692405e-03
3.10000000000000e-01 2.15970778243189e+00 2.15852090008677e+00 1.18688234511266e-03
3.15000000000000e-01 2.19579331211273e+00 2.19445235595975e+00 1.34095615298024e-03
3.20000000000000e-01 2.23336508167380e+00 2.23188206297222e+00 1.48301870158685e-03
3.25000000000000e-01 2.27220986400588e+00 2.27059805007310e+00 1.61181393278564e-03
3.30000000000000e-01 2.31210571135934e+00 2.31037974575665e+00 1.72596560269156e-03
3.35000000000000e-01 2.35282340406574e+00 2.35099933348698e+00 1.82407057875444e-03
3.40000000000000e-01 2.39412795609612e+00 2.39222315195700e+00 1.90480413911898e-03
3.45000000000000e-01 2.43578015946346e+00 2.43381313154985e+00 1.96702791361014e-03
3.50000000000000e-01 2.47753814882352e+00 2.47552825814758e+00 2.00989067594737e-03
3.55000000000000e-01 2.51915896794846e+00 2.51712605526309e+00 2.03291268537376e-03
3.60000000000000e-01 2.56040012100127e+00 2.55836407535859e+00 2.03604564268423e-03
3.65000000000000e-01 2.60102109359967e+00 2.59900139115685e+00 2.01970244281613e-03
3.70000000000000e-01 2.64078483132793e+00 2.63880007775179e+00 1.98475357614480e-03
3.75000000000000e-01 2.67945916638590e+00 2.67752667638138e+00 1.93249000451390e-03
3.80000000000000e-01 2.71681818618072e+00 2.71495363083915e+00 1.86455534156815e-03
3.85000000000000e-01 2.75264354059378e+00 2.75086068766886e+00 1.78285292491909e-03
3.90000000000000e-01 2.78672568713835e+00 2.78503625151058e+00 1.68943562776969e-03
3.95000000000000e-01 2.81886507505563e+00 2.81727868724248e+00 1.58638781315279e-03
4.00000000000000e-01 2.84887327042967e+00 2.84739756089084e+00 1.47570953882736e-03
4.05000000000000e-01 2.87657402456444e+00 2.87521481165829e+00 1.35921290614727e-03
4.10000000000000e-01 2.90180428716866e+00 2.90056584784471e+00 1.23843932395218e-03
4.15000000000000e-01 2.92441516442963e+00 2.92330055990464e+00 1.11460452499790e-03
4.20000000000000e-01 2.94427281999830e+00 2.94328424439572e+00 9.88575602572261e-04
4.25000000000000e-01 2.96125931448864e+00 2.96039843312221e+00 8.60881366430810e-04
4.30000000000000e-01 2.97527337659464e+00 2.97454162236171e+00 7.31754232928150e-04
4.35000000000000e-01 2.98623109664167e+00 2.98562989767982e+00 6.01198961844407e-04
4.40000000000000e-01 2.99406653159778e+00 2.99359745048043e+00 4.69081117343784e-04
4.45000000000000e-01 2.99873220950890e+00 2.99839698310739e+00 3.35226401503519e-04
4.50000000000000e-01 3.00019952115374e+00 3.00000000000000e+00 1.99521153742666e-04
4.55000000000000e-01 2.99845898751129e+00 2.99839698310739e+00 6.20044038921463e-05
4.60000000000000e-01 2.99352039336608e+00 2.99359745048043e+00 7.70571143569043e-05
4.65000000000000e-01 2.98541277991852e+00 2.98562989767982e+00 2.17117761305730e-04
4.70000000000000e-01 2.97418429241082e+00 2.97454162236171e+00 3.57329950890328e-04
4.75000000000000e-01 2.95990188225963e+00 2.96039843312221e+00 4.96550862575607e-04
4.80000000000000e-01 2.94265086671476e+00 2.94328424439572e+00 6.33377680959946e-04
4.85000000000000e-01 2.92253435235768e+00 2.92330055990464e+00 7.66207546957887e-04
4.90000000000000e-01 2.89967253157000e+00 2.90056584784471e+00 8.93316274709566e-04
4.95000000000000e-01 2.87420186325704e+00 2.87521481165829e+00 1.01294840125288e-03
5.00000000000000e-01 2.84627415049603e+00 2.84739756089084e+00 1.12341039481656e-03
5.05000000000000e-01 2.81605552836247e+00 2.81727868724248e+00 1.22315888001356e-03
5.10000000000000e-01 2.78372537501493e+00 2.78503625151058e+00 1.31087649565531e-03
5.15000000000000e-01 2.74947515829382e+00 2.75086068766886e+00 1.38552937503933e-03
5.20000000000000e-01 2.71350722876458e+00 2.71495363083915e+00 1.44640207456836e-03
5.25000000000000e-01 2.67603356848913e+00 2.67752667638138e+00 1.49310789225776e-03
5.30000000000000e-01 2.63727450302888e+00 2.63880007775179e+00 1.52557472290527e-03
5.35000000000000e-01 2.59745738245153e+00 2.59900139115685e+00 1.54400870531823e-03
5.40000000000000e-01 2.55681523559545e+00 2.55836407535859e+00 1.54883976313336e-03
5.45000000000000e-01 2.51558540067692e+00 2.51712605526309e+00 1.54065458617048e-03
5.50000000000000e-01 2.47400813460754e+00 2.47552825814758e+00 1.52012354003972e-03
5.55000000000000e-01 2.43232520318556e+00 2.43381313154985e+00 1.48792836429168e-03
5.60000000000000e-01 2.39077845465530e+00 2.39222315195700e+00 1.44469730169527e-03
5.65000000000000e-01 2.34960837997207e+00 2.35099933348698e+00 1.39095351490814e-03
5.70000000000000e-01 2.30905266439963e+00 2.31037974575665e+00 1.32708135701831e-03
5.75000000000000e-01 2.26934473669785e+00 2.27059805007310e+00 1.25331337524859e-03
5.80000000000000e-01 2.23071232398892e+00 2.23188206297222e+00 1.16973898329631e-03
5.85000000000000e-01 2.19337602225464e+00 2.19445235595975e+00 1.07633370511229e-03
5.90000000000000e-01 2.15754789413434e+00 2.15852090008677e+00 9.73005952435102e-04
5.95000000000000e-01 2.12343010708610e+00 2.12428976371522e+00 8.59656629120131e-04
6.00000000000000e-01 2.09121362588468e+00 2.09194987150091e+00 7.36245616228537e-04
6.05000000000000e-01 2.06107697373864e+00 2.06167983224433e+00 6.02858505692527e-04
6.10000000000000e-01 2.03318507594701e+00 2.03364484283446e+00 4.59766887447977e-04
6.15000000000000e-01 2.00768819897665e+00 2.00799567504205e+00 3.07476065398493e-04
6.20000000000000e-01 1.98472099618027e+00 1.98486775140779e+00 1.46755227515838e-04
6.25000000000000e-01 1.96440166920909e+00 1.96438031592140e+00 2.13532876842670e-05
6.30000000000000e-01 1.94683125166500e+00 1.94663570460343e+00 1.95547061564216e-04
6.35000000000000e-01 1.93209301887724e+00 1.93171872048530e+00 3.74298391940808e-04
6.40000000000000e-01 1.92025202507829e+00 1.91969611683971e+00 5.55908238577985e-04
6.45000000000000e-01 1.91135476688103e+00 1.91061619184595e+00 7.38575035083677e-04
6.50000000000000e-01 1.90542896998093e+00 1.90450849718747e+00 9.20472793457527e-04
6.55000000000000e-01 1.90248349453427e+00 1.90138366237698e+00 1.09983215729104e-03
6.60000000000000e-01 1.90250835375386e+00 1.90123333589028e+00 1.27501786358453e-03
6.65000000000000e-01 1.90547483991947e+00 1.90403024347033e+00 1.44459644914696e-03
6.70000000000000e-01 1.91133575217203e+00 1.90972836324032e+00 1.60738893171053e-03
6.75000000000000e-01 1.92002572105527e+00 1.91826321654437e+00 1.76250451089577e-03
6.80000000000000e-01 1.93146162566376e+00 1.92955227272105e+00 1.90935294270966e-03
6.85000000000000e-01 1.94554310030926e+00 1.94349546531226e+00 2.04763499700089e-03
6.90000000000000e-01 1.96215312868503e+00 1.95997581652323e+00 2.17731216179362e-03
6.95000000000000e-01 1.98115872445194e+00 1.97886016608158e+00 2.29855837035697e-03
7.00000000000000e-01 2.00241169787495e+00 2.00000000000000e+00 2.41169787495377e-03
7.05000000000000e-01 2.02574950851254e+00 2.02323237413106e+00 2.51713438147938e-03
7.10000000000000e-01 2.05099620394727e+00 2.04838092681811e+00 2.61527712916720e-03
7.15000000000000e-01 2.07796344411974e+00 2.07525697439691e+00 2.70646972282895e-03
7.20000000000000e-01 2.10645161000047e+00 2.10366068279205e+00 2.79092720841279e-03
7.25000000000000e-01 2.13625099414836e+00 2.13338230798255e+00 2.86868616581692e-03
7.30000000000000e-01 2.16714306922907e+00 2.16420349768687e+00 2.93957154219759e-03
7.35000000000000e-01 2.19890182889238e+00 2.19589864623990e+00 3.00318265248345e-03
7.40000000000000e-01 2.23129519363872e+00 2.22823629430637e+00 3.05889933234749e-03
7.45000000000000e-01 2.26408647255058e+00 2.26098056479902e+00 3.10590775155983e-03
7.50000000000000e-01 2.29703587013321e+00 2.29389262614624e+00 3.14324398697874e-03
7.55000000000000e-01 2.32990202609831e+00 2.32673217388556e+00 3.16985221275168e-03
7.60000000000000e-01 2.36244357481816e+00 2.35925892144618e+00 3.18465337197971e-03
7.65000000000000e-01 2.39442071043793e+00 2.39123409092702e+00 3.18661951091581e-03
7.70000000000000e-01 2.42559674329900e+00 2.42242189467697e+00 3.17484862202866e-03
7.75000000000000e-01 2.45573963340988e+00 2.45259099854052e+00 3.14863486936057e-03
7.80000000000000e-01 2.48462348719161e+00 2.48151595774496e+00 3.10752944664605e-03
7.85000000000000e-01 2.51203000458546e+00 2.50897861657418e+00 3.05138801127969e-03
7.90000000000000e-01 2.53774986478753e+00 2.53476946319709e+00 2.98040159043955e-03
7.95000000000000e-01 2.56158404029497e+00 2.55868893129538e+00 2.89510899959255e-03
8.00000000000000e-01 2.58334503052965e+00 2.58054864046305e+00 2.79639006660082e-03
8.05000000000000e-01 2.60285800795852e+00 2.60017256772797e+00 2.68544023055073e-03
8.10000000000000e-01 2.61996187126728e+00 2.61739814297001e+00 2.56372829726503e-03
8.15000000000000e-01 2.63451020168208e+00 2.63207726147960e+00 2.43294020247831e-03
8.20000000000000e-01 2.64637211990170e+00 2.64407720741157e+00 2.29491249012348e-03
8.25000000000000e-01 2.65543304224099e+00 2.65328148243819e+00 2.15155980280191e-03
8.30000000000000e-01 2.66159533545916e+00 2.65959053448992e+00 2.00480096924061e-03
8.35000000000000e-01 2.66477887033456e+00 2.66292238208847e+00 1.85648824609741e-03
8.40000000000000e-01 2.66492147435726e+00 2.66321313042021e+00 1.70834393704444e-03
8.45000000000000e-01 2.66197928396614e+00 2.66041737596564e+00 1.56190800050116e-03
8.50000000000000e-01 2.65592699660624e+00 2.65450849718747e+00 1.41849941876737e-03
8.55000000000000e-01 2.64675802258285e+00 2.64547882948272e+00 1.27919310013169e-03
8.60000000000000e-01 2.63448453631490e+00 2.63333972331718e+00 1.14481299771407e-03
8.65000000000000e-01 2.61913742621622e+00 2.61812148518153e+00 1.01594103469571e-03
8.70000000000000e-01 2.60076614213329e+00 2.59987320173000e+00 8.92940403281361e-04
8.75000000000000e-01 2.57943843910845e+00 2.57866244818360e+00 7.75990924850145e-04
8.80000000000000e-01 2.55524001626923e+00 2.55457488279246e+00 6.65133476779545e-04
8.85000000000000e-01 2.52827404990122e+00 2.52771372985530e+00 5.60320045919660e-04
8.90000000000000e-01 2.49866062025720e+00 2.49819915448034e+00 4.61465776866010e-04
8.95000000000000e-01 2.46653603238021e+00 2.46616753293972e+00 3.68499440489778e-04
9.00000000000000e-01 2.43205203214556e+00 2.43177062311339e+00 2.81409032170998e-04
9.05000000000000e-01 2.39537491981487e+00 2.39517464013388e+00 2.00279680985016e-04
9.10000000000000e-01 2.35668456458974e+00 2.35655924292839e+00 1.25321661346600e-04
9.15000000000000e-01 2.31617332489820e+00 2.31611643790350e+00 5.68869947050743e-05
9.20000000000000e-01 2.27404488038800e+00 2.27404940652903e+00 4.52614102997018e-06
9.25000000000000e-01 2.23051298278850e+00 2.23057126404647e+00 5.82812579681402e-05
9.30000000000000e-01 2.18580013390030e+00 2.18590375695213e+00 1.03623051827650e-04
9.35000000000000e-01 2.14013619994965e+00 2.14027590728277e+00 1.39707333119521e-04
9.40000000000000e-01 2.09375697238792e+00 2.09392261205918e+00 1.65639671256379e-04
9.45000000000000e-01 2.04690268591456e+00 2.04708320651983e+00 1.80520605268519e-04
9.50000000000000e-01 1.99981650505072e+00 2.00000000000000e+00 1.83494949282936e-04
9.55000000000000e-01 1.95274299098555e+00 1.95291679348017e+00 1.73802494617403e-04
9.60000000000000e-01 1.90592656065289e+00 1.90607738794082e+00 1.50827287934474e-04
9.65000000000000e-01 1.85960995006219e+00 1.85972409271723e+00 1.14142655039728e-04
9.70000000000000e-01 1.81403269379424e+00 1.81409624304787e+00 6.35492536296134e-05
9.75000000000000e-01 1.76942963226597e+00 1.76942873595353e+00 8.96312440046287e-07
9.80000000000000e-01 1.72602945786179e+00 1.72595059347097e+00 7.88643908193887e-05
9.85000000000000e-01 1.68405331032078e+00 1.68388356209650e+00 1.69748224277066e-04
9.90000000000000e-01 1.64371343087024e+00 1.64344075707161e+00 2.72673798630496e-04
9.95000000000000e-01 1.60521188353091e+00 1.60482535986612e+00 3.86523664795524e-04
1.00000000000000e+00 1.56873935082978e+00 1.56822937688661e+00 5.09973943171094e-04
1.00500000000000e+00 1.53447400989541e+00 1.53383246706028e+00 6.41542835133402e-04
1.01000000000000e+00 1.50258049364436e+00 1.50180084551966e+00 7.79648124692223e-04
1.01500000000000e+00 1.47320894056597e+00 1.47228627014470e+00 9.22670421275695e-04
1.02000000000000e+00 1.44649413554649e+00 1.44542511720755e+00 1.06901833894013e-03
1.02500000000000e+00 1.42255474330337e+00 1.42133755181640e+00 1.21719148696253e-03
1.03000000000000e+00 1.40149263537585e+00 1.40012679827000e+00 1.36583710585914e-03
1.03500000000000e+00 1.38339231126399e+00 1.38187851481848e+00 1.51379644550986e-03
1.04000000000000e+00 1.36832041423123e+00 1.36666027668282e+00 1.66013754841399e-03
1.04500000000000e+00 1.35632534246347e+00 1.35452117051728e+00 1.80417194618254e-03
1.05000000000000e+00 1.34743695666327e+00 1.34549150281253e+00 1.94545385074174e-03
1.05500000000000e+00 1.34166638568638e+00 1.33958262403436e+00 2.08376165202018e-03
1.06000000000000e+00 1.33900593241207e+00 1.33678686957979e+00 2.21906283228579e-03
1.06500000000000e+00 1.33942908258622e+00 1.33707761791153e+00 2.35146467468561e-03
1.07000000000000e+00 1.34289061978968e+00 1.34040946551008e+00 2.48115427959705e-03
1.07500000000000e+00 1.34932684987329e+00 1.34671851756181e+00 2.60833231147384e-03
1.08000000000000e+00 1.35865593808917e+00 1.35592279258843e+00 2.73314550074732e-03
1.08500000000000e+00 1.37077836168127e+00 1.36792273852040e+00 2.85562316086896e-03
1.09000000000000e+00 1.38557747984848e+00 1.38260185702999e+00 2.97562281849095e-03
1.09500000000000e+00 1.40292022176632e+00 1.39982743227203e+00 3.09278949428982e-03
1.10000000000000e+00 1.42265789178334e+00 1.41945135953695e+00 3.20653224638834e-03
1.10500000000000e+00 1.44462708906408e+00 1.44131106870462e+00 3.31602035945622e-03
1.11000000000000e+00 1.46865073692417e+00 1.46523053680291e+00 3.42020012126465e-03
1.11500000000000e+00 1.49453921500899e+00 1.49102138342582e+00 3.51783158317120e-03
1.12000000000000e+00 1.52209158542746e+00 1.51848404225504e+00 3.60754317241807e-03
1.12500000000000e+00 1.55109690209177e+00 1.54740900145948e+00 3.68790063228452e-03
1.13000000000000e+00 1.58133559094581e+00 1.57757810532303e+00 3.75748562277733e-03
1.13500000000000e+00 1.61258088758437e+00 1.60876590907298e+00 3.81497851138635e-03
1.14000000000000e+00 1.64460031803823e+00 1.64074107855382e+00 3.85923948441214e-03
1.14500000000000e+00 1.67715720826191e+00 1.67326782611444e+00 3.88938214746815e-03
1.15000000000000e+00 1.71001220810839e+00 1.70610737385376e+00 3.90483425462240e-03
1.15500000000000e+00 1.74292481627359e+00 1.73901943520098e+00 3.90538107260863e-03
1.16000000000000e+00 1.77565489377462e+00 1.77176370569363e+00 3.89118808099087e-03
1.16500000000000e+00 1.80796415489943e+00 1.80410135376010e+00 3.86280113933091e-03
1.17000000000000e+00 1.83961762612387e+00 1.83579650231313e+00 3.82112381074440e-03
1.17500000000000e+00 1.87038506512077e+00 1.86661769201745e+00 3.76737310331676e-03
1.18000000000000e+00 1.90004233357372e+00 1.89633931720795e+00 3.70301636577652e-03
1.18500000000000e+00 1.92837271895440e+00 1.92474302560309e+00 3.62969335131202e-03
1.19000000000000e+00 1.95516820164300e+00 1.95161907318189e+00 3.54912846110489e-03
1.19500000000000e+00 1.98023066470602e+00 1.97676762586894e+00 3.46303883708421e-03
1.20000000000000e+00 2.00337304425695e+00 2.00000000000000e+00 3.37304425695195e-03
1.20500000000000e+00 2.02442041860146e+00 2.02113983391842e+00 3.28058468303860e-03
1.21000000000000e+00 2.04321103432105e+00 2.04002418347677e+00 3.18685084428205e-03
1.21500000000000e+00 2.05959726710972e+00 2.05650453468774e+00 3.09273242198183e-03
1.22000000000000e+00 2.07344651459510e+00 2.07044772727895e+00 2.99878731615033e-03
1.22500000000000e+00 2.08464201761238e+00 2.08173678345563e+00 2.90523415675059e-03
1.23000000000000e+00 2.09308360552597e+00 2.09027163675968e+00 2.81196876628886e-03
1.23500000000000e+00 2.09868836028973e+00 2.09596975652967e+00 2.71860376005639e-03
1.24000000000000e+00 2.10139119308071e+00 2.09876666410972e+00 2.62452897098919e-03
1.24500000000000e+00 2.10114532661650e+00 2.09861633762302e+00 2.52898899347853e-03
1.25000000000000e+00 2.09792267574893e+00 2.09549150281253e+00 2.43117293639994e-03
1.25500000000000e+00 2.09171411869108e+00 2.08938380815405e+00 2.33031053703137e-03
1.26000000000000e+00 2.08252965134179e+00 2.08030388316029e+00 2.22576818150033e-03
1.26500000000000e+00 2.07039841767322e+00 2.06828127951470e+00 2.11713815851500e-03
1.27000000000000e+00 2.05536861007331e+00 2.05336429539657e+00 2.00431467673612e-03
1.27500000000000e+00 2.03750723489552e+00 2.03561968407860e+00 1.88755081692005e-03
1.28000000000000e+00 2.01689974024704e+00 2.01513224859221e+00 1.76749165483070e-03
1.28500000000000e+00 1.99364950519557e+00 1.99200432495795e+00 1.64518023761784e-03
1.29000000000000e+00 1.96787719201844e+00 1.96635515716554e+00 1.52203485289881e-03
1.29500000000000e+00 1.93971996574842e+00 1.93832016775567e+00 1.39979799275580e-03
1.30000000000000e+00 1.90933058795638e+00 1.90805012849909e+00 1.28045945729394e-03
1.30500000000000e+00 1.87687639430248e+00 1.87571023628478e+00 1.16615801769093e-03
1.31000000000000e+00 1.84253816772522e+00 1.84147909991323e+00 1.05906781199328e-03
1.31500000000000e+00 1.80650892106863e+00 1.80554764404025e+00 9.61277028374008e-04
1.32000000000000e+00 1.76899260433425e+00 1.76811793702778e+00 8.74667306463905e-04
1.32500000000000e+00 1.73020275248436e+00 1.72940194992690e+00 8.00802557457514e-04
1.33000000000000e+00 1.69036108975317e+00 1.68962025424335e+00 7.40835509822624e-04
1.33500000000000e+00 1.64969610573874e+00 1.64900066651302e+00 6.95439225719241e-04
1.34000000000000e+00 1.60844161720024e+00 1.60777684804300e+00 6.64769157233236e-04
1.34500000000000e+00 1.56683532758204e+00 1.56618686845015e+00 6.48459131888046e-04
1.35000000000000e+00 1.52511739398734e+00 1.52447174185242e+00 6.45652134920294e-04
1.35500000000000e+00 1.48352900882864e+00 1.48287394473691e+00 6.55064091730884e-04
1.36000000000000e+00 1.44231100090959e+00 1.44163592464141e+00 6.75076268181085e-04
1.36500000000000e+00 1.40170245846471e+00 1.40099860884315e+00 7.03849621562780e-04
1.37000000000000e+00 1.36193937490152e+00 1.36119992224821e+00 7.39452653307326e-04
1.37500000000000e+00 1.32325331681512e+00 1.32247332361862e+00 7.79993196500683e-04
1.38000000000000e+00 1.28587011338371e+00 1.28504636916085e+00 8.23744222860912e-04
1.38500000000000e+00 1.25000856654079e+00 1.24913931233114e+00 8.69254209649117e-04
1.39000000000000e+00 1.21587918232180e+00 1.21496374848942e+00 9.15433832377133e-04
1.39500000000000e+00 1.18368292539408e+00 1.18272131275752e+00 9.61612636562359e-04
1.40000000000000e+00 1.15361000083693e+00 1.15260243910916e+00 1.00756172777072e-03
1.40500000000000e+00 1.12583866953681e+00 1.12478518834171e+00 1.05348119510684e-03
1.41000000000000e+00 1.10053410587531e+00 1.09943415215529e+00 1.09995372002580e-03
1.41500000000000e+00 1.07784730848505e+00 1.07669944009536e+00 1.14786838969017e-03
1.42000000000000e+00 1.05791407652971e+00 1.05671575560428e+00 1.19832092543315e-03
1.42500000000000e+00 1.04085406506188e+00 1.03960156687779e+00 1.25249818408513e-03
1.43000000000000e+00 1.02676993341864e+00 1.02545837763829e+00 1.31155578035602e-03
1.43500000000000e+00 1.01574660028149e+00 1.01437010232018e+00 1.37649796131334e-03
1.44000000000000e+00 1.00785061796771e+00 1.00640254951957e+00 1.44806844814638e-03
1.44500000000000e+00 1.00312967680823e+00 1.00160301689261e+00 1.52665991561962e-03
1.45000000000000e+00 1.00161224821841e+00 1.00000000000000e+00 1.61224821840689e-03
1.45500000000000e+00 1.00330737243633e+00 1.00160301689261e+00 1.70435554372195e-03
1.46000000000000e+00 1.00820459405468e+00 1.00640254951957e+00 1.80204453511346e-03
1.46500000000000e+00 1.01627404557988e+00 1.01437010232018e+00 1.90394325970100e-03
1.47000000000000e+00 1.02746667647317e+00 1.02545837763829e+00 2.00829883488085e-03
1.47500000000000e+00 1.04171462260119e+00 1.03960156687779e+00 2.11305572340104e-03
1.48000000000000e+00 1.05893170885493e+00 1.05671575560428e+00 2.21595325065271e-03
1.48500000000000e+00 1.07901407595929e+00 1.07669944009536e+00 2.31463586392233e-03
1.49000000000000e+00 1.10184092123098e+00 1.09943415215529e+00 2.40676907568926e-03
1.49500000000000e+00 1.12727534225676e+00 1.12478518834171e+00 2.49015391505236e-03
1.50000000000000e+00 1.15516527213677e+00 1.15260243910916e+00 2.56283302761351e-03
1.50500000000000e+00 1.18534449502611e+00 1.18272131275752e+00 2.62318226859071e-03
1.51000000000000e+00 1.21763373115017e+00 1.21496374848942e+00 2.66998266074614e-03
1.51500000000000e+00 1.25184178119584e+00 1.24913931233114e+00 2.70246886469194e-03
1.52000000000000e+00 1.28776672091257e+00 1.28504636916085e+00 2.72035175171981e-03
1.52500000000000e+00 1.32519713781632e+00 1.32247332361862e+00 2.72381419770129e-03
1.53000000000000e+00 1.36391340299830e+00 1.36119992224821e+00 2.71348075008393e-03
1.53500000000000e+00 1.40368897212734e+00 1.40099860884315e+00 2.69036328419325e-03
1.54000000000000e+00 1.44429171073415e+00 1.44163592464141e+00 2.65578609273764e-03
1.54500000000000e+00 1.48548523971997e+00 1.48287394473691e+00 2.61129498306123e-03
1.55000000000000e+00 1.52703029769473e+00 1.52447174185242e+00 2.55855584230269e-03
1.55500000000000e+00 1.56868611717995e+00 1.56618686845015e+00 2.49924872980500e-03
1.56000000000000e+00 1.61021181188359e+00 1.60777684804300e+00 2.43496384058273e-03
1.56500000000000e+00 1.65136777214834e+00 1.64900066651302e+00 2.36710563532250e-03
1.57000000000000e+00 1.69191706528828e+00 1.68962025424335e+00 2.29681104492818e-03
1.57500000000000e+00 1.73162683686477e+00 1.72940194992690e+00 2.22488693786960e-03
1.58000000000000e+00 1.77026970803492e+00 1.76811793702778e+00 2.15177100713237e-03
1.58500000000000e+00 1.80762516296539e+00 1.80554764404025e+00 2.07751892513564e-03
1.59000000000000e+00 1.84348091899477e+00 1.84147909991323e+00 2.00181908154029e-03
1.59500000000000e+00 1.87763427081174e+00 1.87571023628478e+00 1.92403452695578e-03
1.60000000000000e+00 1.90989339847869e+00 1.90805012849909e+00 1.84326997960116e-03
1.60500000000000e+00 1.94007862776583e+00 1.93832016775567e+00 1.75846001016566e-03
1.61000000000000e+00 1.96802363007917e+00 1.96635515716554e+00 1.66847291362449e-03
1.61500000000000e+00 1.99357654838089e+00 1.99200432495795e+00 1.57222342294139e-03
1.62000000000000e+00 2.01660103502970e+00 2.01513224859221e+00 1.46878643748494e-03
1.62500000000000e+00 2.03697718751592e+00 2.03561968407860e+00 1.35750343732477e-03
1.63000000000000e+00 2.05460236871947e+00 2.05336429539657e+00 1.23807332289916e-03
1.63500000000000e+00 2.06939189963071e+00 2.06828127951470e+00 1.11062011600982e-03
1.64000000000000e+00 2.08127961445634e+00 2.08030388316029e+00 9.75731296046334e-04
1.64500000000000e+00 2.09021827064000e+00 2.08938380815405e+00 8.34462485943543e-04
1.65000000000000e+00 2.09617980945829e+00 2.09549150281253e+00 6.88306645768577e-04
1.65500000000000e+00 2.09915546634156e+00 2.09861633762302e+00 5.39128718540560e-04
1.66000000000000e+00 2.09915573369797e+00 2.09876666410972e+00 3.89069588250024e-04
1.66500000000000e+00 2.09621018252928e+00 2.09596975652967e+00 2.40425999609162e-04
1.67000000000000e+00 2.09036715223851e+00 2.09027163675968e+00 9.55154788271351e-05
1.67500000000000e+00 2.08169332047630e+00 2.08173678345563e+00 4.34629793257812e-05
1.68000000000000e+00 2.07027316642327e+00 2.07044772727895e+00 1.74560855686678e-04
1.68500000000000e+00 2.05620834140367e+00 2.05650453468774e+00 2.96193284074597e-04
1.69000000000000e+00 2.03961696011098e+00 2.04002418347677e+00 4.07223365790799e-04
1.69500000000000e+00 2.02063282405228e+00 2.02113983391842e+00 5.07009866145047e-04
1.70000000000000e+00 1.99940458626092e+00 2.00000000000000e+00 5.95413739077122e-04
1.70500000000000e+00 1.97609486316687e+00 1.97676762586893e+00 6.72762702063290e-04
1.71000000000000e+00 1.95087929611853e+00 1.95161907318189e+00 7.39777063361702e-04
1.71500000000000e+00 1.92394556182845e+00 1.92474302560309e+00 7.97463774641072e-04
1.72000000000000e+00 1.89549232837572e+00 1.89633931720795e+00 8.46988832231110e-04
1.72500000000000e+00 1.86572815169456e+00 1.86661769201745e+00 8.89540322891458e-04
1.73000000000000e+00 1.83487030696588e+00 1.83579650231313e+00 9.26195347246361e-04
1.73500000000000e+00 1.80314355012686e+00 1.80410135376010e+00 9.57803633240495e-04
1.74000000000000e+00 1.77077880678834e+00 1.77176370569363e+00 9.84898905284526e-04
1.74500000000000e+00 1.73801178901385e+00 1.73901943520098e+00 1.00764618713045e-03
1.75000000000000e+00 1.70508154434863e+00 1.70610737385376e+00 1.02582950513352e-03
1.75500000000000e+00 1.67222894577921e+00 1.67326782611444e+00 1.03888033522659e-03
1.76000000000000e+00 1.63969513549938e+00 1.64074107855382e+00 1.04594305443539e-03
1.76500000000000e+00 1.60771993901684e+00 1.60876590907298e+00 1.04597005613716e-03
1.77000000000000e+00 1.57654026888181e+00 1.57757810532303e+00 1.03783644122069e-03
1.77500000000000e+00 1.54638853889120e+00 1.54740900145948e+00 1.02046256828370e-03
1.78000000000000e+00 1.51749110989026e+00 1.51848404225504e+00 9.92932364785704e-04
1.78500000000000e+00 1.49006678727343e+00 1.49102138342582e+00 9.54596152389131e-04
1.79000000000000e+00 1.46432538812508e+00 1.46523053680291e+00 9.05148677826650e-04
1.79500000000000e+00 1.44046639289309e+00 1.44131106870462e+00 8.44675811528139e-04
1.80000000000000e+00 1.41867769288008e+00 1.41945135953695e+00 7.73666656875838e-04
1.80500000000000e+00 1.39913444102261e+00 1.39982743227203e+00 6.92991249418906e-04
1.81000000000000e+00 1.38199800975672e+00 1.38260185702999e+00 6.03847273272118e-04
1.81500000000000e+00 1.36741505654067e+00 1.36792273852040e+00 5.07681979733166e-04
1.82000000000000e+00 1.35551669506173e+00 1.35592279258843e+00 4.06097526695737e-04
1.82500000000000e+00 1.34641776844508e+00 1.34671851756181e+00 3.00749116733945e-04
1.83000000000000e+00 1.34021621997441e+00 1.34040946551008e+00 1.93245535674347e-04
1.83500000000000e+00 1.33699255690226e+00 1.33707761791153e+00 8.50610092730797e-05
1.84000000000000e+00 1.33680940376946e+00 1.33678686957979e+00 2.25341896706865e-05
1.84500000000000e+00 1.33971114310064e+00 1.33958262403436e+00 1.28519066280530e-04
1.85000000000000e+00 1.34572364317830e+00 1.34549150281253e+00 2.32140365772349e-04
1.85500000000000e+00 1.35485407457666e+00 1.35452117051728e+00 3.32904059374917e-04
1.86000000000000e+00 1.36709081900720e+00 1.36666027668282e+00 4.30542324386218e-04
1.86500000000000e+00 1.38240347555308e+00 1.38187851481848e+00 5.24960734605617e-04
1.87000000000000e+00 1.40074297035144e+00 1.40012679827000e+00 6.16172081447708e-04
1.87500000000000e+00 1.42204177607767e+00 1.42133755181640e+00 7.04224261265152e-04
1.88000000000000e+00 1.44621424712119e+00 1.44542511720755e+00 7.89129913641995e-04
1.88500000000000e+00 1.47315707512414e+00 1.47228627014470e+00 8.70804979443696e-04
1.89000000000000e+00 1.50274986766449e+00 1.50180084551967e+00 9.49022144824729e-04
1.89500000000000e+00 1.53485585045518e+00 1.53383246706028e+00 1.02338339489783e-03
1.90000000000000e+00 1.56932269070228e+00 1.56822937688661e+00 1.09331381567102e-03
1.90500000000000e+00 1.60598343644738e+00 1.60482535986612e+00 1.15807658125955e-03
1.91000000000000e+00 1.64465756404323e+00 1.64344075707161e+00 1.21680697161919e-03
1.91500000000000e+00 1.68515212358482e+00 1.68388356209650e+00 1.26856148831722e-03
1.92000000000000e+00 1.72726297030173e+00 1.72595059347097e+00 1.31237683076613e-03
1.92500000000000e+00 1.77077606871741e+00 1.76942873595353e+00 1.34733276387866e-03
1.93000000000000e+00 1.81546885583476e+00 1.81409624304787e+00 1.37261278688539e-03
1.93500000000000e+00 1.86111164969432e+00 1.85972409271723e+00 1.38755697709181e-03
1.94000000000000e+00 1.90746909029486e+00 1.90607738794082e+00 1.39170235404107e-03
1.94500000000000e+00 1.95430160095058e+00 1.95291679348017e+00 1.38480747040948e-03
1.95000000000000e+00 2.00136685954253e+00 2.00000000000000e+00 1.36685954253113e-03
1.95500000000000e+00 2.04842127064985e+00 2.04708320651983e+00 1.33806413001514e-03
1.96000000000000e+00 2.09522143106507e+00 2.09392261205918e+00 1.29881900589046e-03
1.96500000000000e+00 2.14152558256697e+00 2.14027590728277e+00 1.24967528419351e-03
1.97000000000000e+00 2.18709504692114e+00 2.18590375695213e+00 1.19128996901496e-03
1.97500000000000e+00 2.23169563881342e+00 2.23057126404646e+00 1.12437476695160e-03
1.98000000000000e+00 2.27509905273654e+00 2.27404940652903e+00 1.04964620751025e-03
1.98500000000000e+00 2.31708421973308e+00 2.31611643790350e+00 9.67781829576353e-04
1.99000000000000e+00 2.35743862937484e+00 2.35655924292839e+00 8.79386446455577e-04
1.99500000000000e+00 2.39595961150481e+00 2.39517464013388e+00 7.84971370928922e-04
2.00000000000000e+00 2.43245557119167e+00 2.43177062311339e+00 6.84948078279568e-04
2.00500000000000e+00 2.46674716919075e+00 2.46616753293972e+00 5.79636251035076e-04
2.01000000000000e+00 2.49866843912454e+00 2.49819915448034e+00 4.69284644199597e-04
2.01500000000000e+00 2.52806783174706e+00 2.52771372985530e+00 3.54101891759218e-04
2.02000000000000e+00 2.55480917617864e+00 2.55457488279245e+00 2.34293386182749e-04
2.02500000000000e+00 2.57877254799153e+00 2.57866244818359e+00 1.10099807935526e-04
2.03000000000000e+00 2.59985503455079e+00 2.59987320173000e+00 1.81671792116589e-05
2.03500000000000e+00 2.61797138906372e+00 2.61812148518152e+00 1.50096117803145e-04
2.04000000000000e+00 2.63305456630827e+00 2.63333972331718e+00 2.85157008915959e-04
2.04500000000000e+00 2.64505613488337e+00 2.64547882948272e+00 4.22694599346851e-04
2.05000000000000e+00 2.65394656290255e+00 2.65450849718747e+00 5.61934284922128e-04
2.05500000000000e+00 2.65971537616558e+00 2.66041737596564e+00 7.01999800062136e-04
2.06000000000000e+00 2.66237118982000e+00 2.66321313042021e+00 8.41940600212698e-04
2.06500000000000e+00 2.66194161621665e+00 2.66292238208847e+00 9.80765871820832e-04
2.07000000000000e+00 2.65847305295986e+00 2.65959053448992e+00 1.11748153005342e-03
2.07500000000000e+00 2.65203035599932e+00 2.65328148243819e+00 1.25112643886860e-03
2.08000000000000e+00 2.64269640300592e+00 2.64407720741157e+00 1.38080440565203e-03
2.08500000000000e+00 2.63057155227948e+00 2.63207726147960e+00 1.50570920012205e-03
2.09000000000000e+00 2.61577300215335e+00 2.61739814297001e+00 1.62514081665943e-03
2.09500000000000e+00 2.59843405542606e+00 2.60017256772797e+00 1.73851230191646e-03
2.10000000000000e+00 2.57870329290456e+00 2.58054864046305e+00 1.84534755848853e-03
2.10500000000000e+00 2.55674365982064e+00 2.55868893129538e+00 1.94527147474233e-03
2.11000000000000e+00 2.53273146878165e+00 2.53476946319710e+00 2.03799441544517e-03
2.11500000000000e+00 2.50685532309863e+00 2.50897861657418e+00 2.12329347554530e-03
2.12000000000000e+00 2.47931496480585e+00 2.48151595774496e+00 2.20099293910891e-03
2.12500000000000e+00 2.45032005240890e+00 2.45259099854052e+00 2.27094613162571e-03
2.13000000000000e+00 2.42008887429490e+00 2.42242189467697e+00 2.33302038207617e-03
2.13500000000000e+00 2.38884700470896e+00 2.39123409092702e+00 2.38708621805772e-03
2.14000000000000e+00 2.35682591014033e+00 2.35925892144618e+00 2.43301130585216e-03
2.14500000000000e+00 2.32426151477675e+00 2.32673217388556e+00 2.47065910881794e-03
2.15000000000000e+00 2.29139273431104e+00 2.29389262614624e+00 2.49989183519661e-03
2.15500000000000e+00 2.25845998778951e+00 2.26098056479902e+00 2.52057700951358e-03
2.16000000000000e+00 2.22570369738420e+00 2.22823629430637e+00 2.53259692217478e-03
2.16500000000000e+00 2.19336278598983e+00 2.19589864623990e+00 2.53586025007158e-03
2.17000000000000e+00 2.16167318244927e+00 2.16420349768687e+00 2.53031523760106e-03
2.17500000000000e+00 2.13086634406465e+00 2.13338230798255e+00 2.51596391789333e-03
2.18000000000000e+00 2.10116780590956e+00 2.10366068279205e+00 2.49287688249167e-03
2.18500000000000e+00 2.07279576635495e+00 2.07525697439691e+00 2.46120804196215e-03
2.19000000000000e+00 2.04595971816154e+00 2.04838092681811e+00 2.42120865657158e-03
2.19500000000000e+00 2.02085913444568e+00 2.02323237413107e+00 2.37323968538883e-03
2.20000000000000e+00 1.99768221874153e+00 2.00000000000000e+00 2.31778125847515e-03
2.20500000000000e+00 1.97660472818767e+00 1.97886016608158e+00 2.25543789390903e-03
2.21000000000000e+00 1.95778887849097e+00 1.95997581652323e+00 2.18693803226189e-03
2.21500000000000e+00 1.94138233870473e+00 1.94349546531226e+00 2.11312660753116e-03
2.22000000000000e+00 1.92751732297118e+00 1.92955227272105e+00 2.03494974986373e-03
2.22500000000000e+00 1.91630978522466e+00 1.91826321654437e+00 1.95343131970782e-03
2.23000000000000e+00 1.90785872147559e+00 1.90972836324032e+00 1.86964176472415e-03
2.23500000000000e+00 1.90224558277955e+00 1.90403024347033e+00 1.78466069077876e-03
2.24000000000000e+00 1.89953380044852e+00 1.90123333589028e+00 1.69953544176127e-03
2.24500000000000e+00 1.89976842360879e+00 1.90138366237698e+00 1.61523876818959e-03
2.25000000000000e+00 1.90297586797338e+00 1.90450849718747e+00 1.53262921409647e-03
2.25500000000000e+00 1.90916377378052e+00 1.91061619184595e+00 1.45241806542651e-03
2.26000000000000e+00 1.91832097032513e+00 1.91969611683971e+00 1.37514651458148e-03
2.26500000000000e+00 1.93041754440204e+00 1.93171872048530e+00 1.30117608325508e-03
2.27000000000000e+00 1.94540501026761e+00 1.94663570460343e+00 1.23069433582135e-03
2.27500000000000e+00 1.96321657933568e+00 1.96438031592140e+00 1.16373658572222e-03
2.28000000000000e+00 1.98376752864236e+00 1.98486775140779e+00 1.10022276542976e-03
2.28500000000000e+00 2.00695566799437e+00 2.00799567504205e+00 1.04000704767859e-03
2.29000000000000e+00 2.03266190649743e+00 2.03364484283446e+00 9.82936337026175e-04
2.29500000000000e+00 2.06075091968410e+00 2.06167983224433e+00 9.28912560229200e-04
2.30000000000000e+00 2.09107191858508e+00 2.09194987150091e+00 8.77952915826707e-04
2.30500000000000e+00 2.12345952170989e+00 2.12428976371522e+00 8.30242005330106e-04
2.31000000000000e+00 2.15773472996798e+00 2.15852090008677e+00 7.86170118795670e-04
2.31500000000000e+00 2.19370600307216e+00 2.19445235595975e+00 7.46352887581292e-04
2.32000000000000e+00 2.23117043398628e+00 2.23188206297221e+00 7.11628985930357e-04
2.32500000000000e+00 2.26991501562848e+00 2.27059805007310e+00 6.83034444616926e-04
2.33000000000000e+00 2.30971799148776e+00 2.31037974575665e+00 6.61754268889148e-04
2.33500000000000e+00 2.35035027925377e+00 2.35099933348698e+00 6.49054233207380e-04
2.34000000000000e+00 2.39157695421123e+00 2.39222315195699e+00 6.46197745767019e-04
2.34500000000000e+00 2.43315877721605e+00 2.43381313154985e+00 6.54354333796459e-04
2.35000000000000e+00 2.47485375072603e+00 2.47552825814758e+00 6.74507421549286e-04
2.35500000000000e+00 2.51641868573486e+00 2.51712605526309e+00 7.07369528222035e-04
2.36000000000000e+00 2.55761076262324e+00 2.55836407535858e+00 7.53312735345180e-04
2.36500000000000e+00 2.59818906989371e+00 2.59900139115685e+00 8.12321263144344e-04
2.37000000000000e+00 2.63791610642944e+00 2.63880007775179e+00 8.83971322343857e-04
2.37500000000000e+00 2.67655923517624e+00 2.67752667638138e+00 9.67441205145914e-04
2.38000000000000e+00 2.71389207880833e+00 2.71495363083914e+00 1.06155203081393e-03
2.38500000000000e+00 2.74969585078303e+00 2.75086068766886e+00 1.16483688582614e-03
2.39000000000000e+00 2.78376061798043e+00 2.78503625151058e+00 1.27563353015070e-03
2.39500000000000e+00 2.81588649363514e+00 2.81727868724248e+00 1.39219360734000e-03
2.40000000000000e+00 2.84588476128954e+00 2.84739756089084e+00 1.51279960129980e-03
2.40500000000000e+00 2.87357893187036e+00 2.87521481165829e+00 1.63587978793656e-03
2.41000000000000e+00 2.89880573660128e+00 2.90056584784471e+00 1.76011124343578e-03
2.41500000000000e+00 2.92141605826841e+00 2.92330055990463e+00 1.88450163622988e-03
2.42000000000000e+00 2.94127580237309e+00 2.94328424439572e+00 2.00844202263672e-03
2.42500000000000e+00 2.95826670802708e+00 2.96039843312221e+00 2.13172509512827e-03
2.43000000000000e+00 2.97228709622000e+00 2.97454162236171e+00 2.25452614170862e-03
2.43500000000000e+00 2.98325255052438e+00 2.98562989767982e+00 2.37734715544491e-03
2.44000000000000e+00 2.99109652264845e+00 2.99359745048043e+00 2.50092783198363e-03
2.44500000000000e+00 2.99577085277448e+00 2.99839698310739e+00 2.62613033291403e-03
2.45000000000000e+00 2.99724619261127e+00 3.00000000000000e+00 2.75380738873121e-03
2.45500000000000e+00 2.99551231780682e+00 2.99839698310739e+00 2.88466530057718e-03
2.46000000000000e+00 2.99057831603346e+00 2.99359745048044e+00 3.01913444697410e-03
2.46500000000000e+00 2.98247263782922e+00 2.98562989767982e+00 3.15725985060755e-03
2.47000000000000e+00 2.97124299922555e+00 2.97454162236171e+00 3.29862313616225e-03
2.47500000000000e+00 2.95695612827638e+00 2.96039843312221e+00 3.44230484582653e-03
2.48000000000000e+00 2.93969735167619e+00 2.94328424439572e+00 3.58689271953017e-03
2.48500000000000e+00 2.91957002245459e+00 2.92330055990464e+00 3.73053745004359e-03
2.49000000000000e+00 2.89669479490002e+00 2.90056584784471e+00 3.87105294469237e-03
2.49500000000000e+00 2.87120875796810e+00 2.87521481165830e+00 4.00605369019269e-03
2.50000000000000e+00 2.84326444301114e+00 2.84739756089084e+00 4.13311787970549e-03
2.50500000000000e+00 2.81302872528434e+00 2.81727868724248e+00 4.24996195813820e-03
2.51000000000000e+00 2.78068164097327e+00 2.78503625151058e+00 4.35461053730535e-03
2.51500000000000e+00 2.74641514219320e+00 2.75086068766886e+00 4.44554547565579e-03
2.52000000000000e+00 2.71043181144175e+00 2.71495363083915e+00 4.52181939739482e-03
2.52500000000000e+00 2.67294355442201e+00 2.67752667638138e+00 4.58312195937705e-03
2.53000000000000e+00 2.63417028625381e+00 2.63880007775179e+00 4.62979149798270e-03
2.53500000000000e+00 2.59433862126987e+00 2.59900139115685e+00 4.66276988697878e-03
2.54000000000000e+00 2.55368057137448e+00 2.55836407535859e+00 4.68350398410466e-03
2.54500000000000e+00 2.51243225290498e+00 2.51712605526309e+00 4.69380235811201e-03
2.55000000000000e+00 2.47083259764318e+00 2.47552825814758e+00 4.69566050440218e-03
2.55500000000000e+00 2.42912206056091e+00 2.43381313154985e+00 4.69107098894472e-03
2.56000000000000e+00 2.38754131539804e+00 2.39222315195700e+00 4.68183655896270e-03
2.56500000000000e+00 2.34632992943550e+00 2.35099933348698e+00 4.66940405148231e-03
2.57000000000000e+00 2.30572501081399e+00 2.31037974575666e+00 4.65473494266222e-03
2.57500000000000e+00 2.26595982524775e+00 2.27059805007310e+00 4.63822482534892e-03
2.58000000000000e+00 2.22726238361304e+00 2.23188206297222e+00 4.61967935918306e-03
2.58500000000000e+00 2.18985400715701e+00 2.19445235595975e+00 4.59834880274057e-03
2.59000000000000e+00 2.15394788241869e+00 2.15852090008678e+00 4.57301766808227e-03
2.59500000000000e+00 2.11974762282676e+00 2.12428976371522e+00 4.54214088846117e-03
2.60000000000000e+00 2.08744585784683e+00 2.09194987150091e+00 4.50401365408615e-03
2.60500000000000e+00 2.05722287311426e+00 2.06167983224433e+00 4.45695913007160e-03
2.61000000000000e+00 2.02924532597160e+00 2.03364484283446e+00 4.39951686285678e-03
2.61500000000000e+00 2.00366506015889e+00 2.00799567504205e+00 4.33061488316211e-03
2.62000000000000e+00 1.98061804116503e+00 1.98486775140779e+00 4.24971024276277e-03
2.62500000000000e+00 1.96022343016321e+00 1.96438031592140e+00 4.15688575819106e-03
2.63000000000000e+00 1.94258280985471e+00 1.94663570460343e+00 4.05289474871795e-03
2.63500000000000e+00 1.92777957033244e+00 1.93171872048530e+00 3.93915015285784e-03
2.64000000000000e+00 1.91587845767335e+00 1.91969611683971e+00 3.81765916636700e-03
2.64500000000000e+00 1.90692528278694e+00 1.91061619184595e+00 3.69090905900382e-03
2.65000000000000e+00 1.90094678344804e+00 1.90450849718747e+00 3.56171373943281e-03
2.65500000000000e+00 1.89795062871433e+00 1.90138366237698e+00 3.43303366264758e-03
2.66000000000000e+00 1.89792555227463e+00 1.90123333589028e+00 3.30778361564121e-03
2.66500000000000e+00 1.90084159979817e+00 1.90403024347033e+00 3.18864367215643e-03
2.67000000000000e+00 1.90665047507403e+00 1.90972836324032e+00 3.07788816628496e-03
2.67500000000000e+00 1.91528597057373e+00 1.91826321654437e+00 2.97724597064475e-03
2.68000000000000e+00 1.92666446989689e+00 1.92955227272105e+00 2.88780282415568e-03
2.68500000000000e+00 1.94068551217077e+00 1.94349546531226e+00 2.80995314148846e-03
2.69000000000000e+00 1.95723241162487e+00 1.95997581652323e+00 2.74340489835634e-03
2.69500000000000e+00 1.97617292898035e+00 1.97886016608158e+00 2.68723710122143e-03
2.70000000000000e+00 1.99735999469421e+00 2.00000000000000e+00 2.64000530579245e-03
2.70500000000000e+00 2.02063248719623e+00 2.02323237413106e+00 2.59988693483715e-03
2.71000000000000e+00 2.04581607178527e+00 2.04838092681811e+00 2.56485503283788e-03
2.71500000000000e+00 2.07272410757786e+00 2.07525697439691e+00 2.53286681905340e-03
2.72000000000000e+00 2.10115863064461e+00 2.10366068279205e+00 2.50205214744703e-03
2.72500000000000e+00 2.13091142111348e+00 2.13338230798255e+00 2.47088686906638e-03
2.73000000000000e+00 2.16176516053000e+00 2.16420349768687e+00 2.43833715686614e-03
2.73500000000000e+00 2.19349468319912e+00 2.19589864623990e+00 2.40396304078061e-03
2.74000000000000e+00 2.22586832174175e+00 2.22823629430637e+00 2.36797256461818e-03
2.74500000000000e+00 2.25864934291760e+00 2.26098056479902e+00 2.33122188141932e-03
2.75000000000000e+00 2.29159746520389e+00 2.29389262614624e+00 2.29516094234894e-03
2.75500000000000e+00 2.32447044503563e+00 2.32673217388556e+00 2.26172884993225e-03
2.76000000000000e+00 2.35702571438120e+00 2.35925892144618e+00 2.23320706498376e-03
2.76500000000000e+00 2.38902204880504e+00 2.39123409092702e+00 2.21204212198023e-03
2.77000000000000e+00 2.42022124266106e+00 2.42242189467697e+00 2.20065201591080e-03
2.77500000000000e+00 2.45038976678499e+00 2.45259099854052e+00 2.20123175552800e-03
2.78000000000000e+00 2.47930038412564e+00 2.48151595774496e+00 2.21557361931835e-03
2.78500000000000e+00 2.50673370016851e+00 2.50897861657418e+00 2.24491640566882e-03
2.79000000000000e+00 2.53247962764044e+00 2.53476946319709e+00 2.28983555664986e-03
2.79500000000000e+00 2.55633874861778e+00 2.55868893129538e+00 2.35018267760045e-03
2.80000000000000e+00 2.57812356149259e+00 2.58054864046305e+00 2.42507897046274e-03
2.80500000000000e+00 2.59765960493240e+00 2.60017256772797e+00 2.51296279557067e-03
2.81000000000000e+00 2.61478645563777e+00 2.61739814297001e+00 2.61168733223638e-03
2.81500000000000e+00 2.62935860101436e+00 2.63207726147960e+00 2.71866046524449e-03
2.82000000000000e+00 2.64124619153728e+00 2.64407720741157e+00 2.83101587429258e-03
2.82500000000000e+00 2.65033568036631e+00 2.65328148243819e+00 2.94580207187378e-03
2.83000000000000e+00 2.65653035952596e+00 2.65959053448992e+00 3.06017496395228e-03
2.83500000000000e+00 2.65975080263525e+00 2.66292238208847e+00 3.17157945321345e-03
2.84000000000000e+00 2.65993522378440e+00 2.66321313042021e+00 3.27790663581018e-03
2.84500000000000e+00 2.65703976081247e+00 2.66041737596564e+00 3.37761515317059e-03
2.85000000000000e+00 2.65103868910921e+00 2.65450849718747e+00 3.46980807826736e-03
2.85500000000000e+00 2.64192456936286e+00 2.64547882948272e+00 3.55426011986104e-03
2.86000000000000e+00 2.62970832965333e+00 2.63333972331719e+00 3.63139366385834e-03
2.86500000000000e+00 2.61441927921270e+00 2.61812148518152e+00 3.70220596882920e-03
2.87000000000000e+00 2.59610504830570e+00 2.59987320173000e+00 3.76815342429992e-03
2.87500000000000e+00 2.57483144626937e+00 2.57866244818360e+00 3.83100191422736e-03
2.88000000000000e+00 2.55068222800572e+00 2.55457488279246e+00 3.89265478673551e-03
2.88500000000000e+00 2.52375875831326e+00 2.52771372985530e+00 3.95497154204172e-03
2.89000000000000e+00 2.49417956348129e+00 2.49819915448034e+00 4.01959099904303e-03
2.89500000000000e+00 2.46207976060051e+00 2.46616753293972e+00 4.08777233921054e-03
2.90000000000000e+00 2.42761035703759e+00 2.43177062311339e+00 4.16026607579933e-03
2.90500000000000e+00 2.39093741538252e+00 2.39517464013388e+00 4.23722475136623e-03
2.91000000000000e+00 2.35224108274148e+00 2.35655924292839e+00 4.31816018691311e-03
2.91500000000000e+00 2.31171448729423e+00 2.31611643790350e+00 4.40195060926607e-03
2.92000000000000e+00 2.26956250929989e+00 2.27404940652904e+00 4.48689722914430e-03
2.92500000000000e+00 2.22600043793352e+00 2.23057126404647e+00 4.57082611294668e-03
2.93000000000000e+00 2.18125252918086e+00 2.18590375695213e+00 4.65122777127336e-03
2.93500000000000e+00 2.13555048324452e+00 2.14027590728278e+00 4.72542403825305e-03
2.94000000000000e+00 2.08913186230059e+00 2.09392261205918e+00 4.79074975859373e-03
2.94500000000000e+00 2.04223847082897e+00 2.04708320651984e+00 4.84473569086896e-03
2.95000000000000e+00 1.99511472103883e+00 2.00000000000000e+00 4.88527896116886e-03
2.95500000000000e+00 1.94800600511743e+00 1.95291679348017e+00 4.91078836273573e-03
2.96000000000000e+00 1.90115709422362e+00 1.90607738794082e+00 4.92029371720837e-03
2.96500000000000e+00 1.85481058147615e+00 1.85972409271723e+00 4.91351124108119e-03
2.97000000000000e+00 1.80920538286268e+00 1.81409624304787e+00 4.89086018519380e-03
2.97500000000000e+00 1.76457530627013e+00 1.76942873595354e+00 4.85342968340841e-03
2.98000000000000e+00 1.72114769498789e+00 1.72595059347097e+00 4.80289848308058e-03
2.98500000000000e+00 1.67914214833682e+00 1.68388356209651e+00 4.74141375968506e-03
2.99000000000000e+00 1.63876931878907e+00 1.64344075707161e+00 4.67143828254035e-03
2.99500000000000e+00 1.60022978228866e+00 1.60482535986612e+00 4.59557757746132e-03
3.00000000000000e+00 1.56371297663335e+00 1.56822937688661e+00 4.51640025326561e-03
3.00500000000000e+00 1.52939620185029e+00 1.53383246706028e+00 4.43626520999518e-03
3.01000000000000e+00 1.49744367653998e+00 1.50180084551966e+00 4.35716897968352e-03
3.01500000000000e+00 1.46800564515776e+00 1.47228627014470e+00 4.28062498694159e-03
3.02000000000000e+00 1.44121753306534e+00 1.44542511720755e+00 4.20758414220201e-03
3.02500000000000e+00 1.41719914877020e+00 1.42133755181641e+00 4.13840304620638e-03
3.03000000000000e+00 1.39605393587351e+00 1.40012679827000e+00 4.07286239649141e-03
3.03500000000000e+00 1.37786828061890e+00 1.38187851481848e+00 4.01023419957736e-03
3.04000000000000e+00 1.36271088428649e+00 1.36666027668282e+00 3.94939239633096e-03
3.04500000000000e+00 1.35063221270559e+00 1.35452117051728e+00 3.88895781169452e-03
3.05000000000000e+00 1.34166403755875e+00 1.34549150281253e+00 3.82746525377153e-03
3.05500000000000e+00 1.33581908563639e+00 1.33958262403436e+00 3.76353839797461e-03
3.06000000000000e+00 1.33309081254093e+00 1.33678686957979e+00 3.69605703885756e-03
3.06500000000000e+00 1.33345331637295e+00 1.33707761791153e+00 3.62430153858706e-03
3.07000000000000e+00 1.33686140459887e+00 1.34040946551008e+00 3.54806091121573e-03
3.07500000000000e+00 1.34325082366121e+00 1.34671851756181e+00 3.46769390060220e-03
3.08000000000000e+00 1.35253865613731e+00 1.35592279258843e+00 3.38413645111979e-03
3.08500000000000e+00 1.36462388469918e+00 1.36792273852040e+00 3.29885382121775e-03
3.09000000000000e+00 1.37938811620337e+00 1.38260185702999e+00 3.21374082661996e-03
3.09500000000000e+00 1.39669645345078e+00 1.39982743227203e+00 3.13097882124391e-03
3.10000000000000e+00 1.41639849703749e+00 1.41945135953695e+00 3.05286249946124e-03
3.10500000000000e+00 1.43832945577314e+00 1.44131106870462e+00 2.98161293148547e-03
3.11000000000000e+00 1.46231134179116e+00 1.46523053680290e+00 2.91919501174731e-03
3.11500000000000e+00 1.48815422598143e+00 1.49102138342582e+00 2.86715744438748e-03
3.12000000000000e+00 1.51565753082097e+00 1.51848404225504e+00 2.82651143406820e-03
3.12500000000000e+00 1.54461134092533e+00 1.54740900145948e+00 2.79766053414621e-03
3.13000000000000e+00 1.57479771634823e+00 1.57757810532302e+00 2.78038897479371e-03
3.13500000000000e+00 1.60599199929572e+00 1.60876590907298e+00 2.77390977725722e-03
3.14000000000000e+00 1.63796411084764e+00 1.64074107855382e+00 2.77696770617397e-03
3.14500000000000e+00 1.67047983980100e+00 1.67326782611444e+00 2.78798631343369e-03
3.15000000000000e+00 1.70330213021073e+00 1.70610737385376e+00 2.80524364303503e-03
3.15500000000000e+00 1.73619237706781e+00 1.73901943520098e+00 2.82705813317286e-03
3.16000000000000e+00 1.76891174047371e+00 1.77176370569363e+00 2.85196521992015e-03
3.16500000000000e+00 1.80122248752782e+00 1.80410135376010e+00 2.87886623227784e-03
3.17000000000000e+00 1.83288936807205e+00 1.83579650231313e+00 2.90713424107270e-03
3.17500000000000e+00 1.86368102579405e+00 1.86661769201745e+00 2.93666622340760e-03
3.18000000000000e+00 1.89337144052263e+00 1.89633931720795e+00 2.96787668531828e-03
3.18500000000000e+00 1.92174139151138e+00 1.92474302560309e+00 3.00163409170318e-03
3.19000000000000e+00 1.94857992578826e+00 1.95161907318189e+00 3.03914739362554e-03
3.19500000000000e+00 1.97368581088688e+00 1.97676762586893e+00 3.08181498205773e-03
3.20000000000000e+00 1.99686894798039e+00 2.00000000000000e+00 3.13105201961394e-03
3.20500000000000e+00 2.01795171994454e+00 2.02113983391842e+00 3.18811397388430e-03
3.21000000000000e+00 2.03677024930844e+00 2.04002418347677e+00 3.25393416832354e-03
3.21500000000000e+00 2.05317554332723e+00 2.05650453468774e+00 3.32899136051212e-03
3.22000000000000e+00 2.06703450726007e+00 2.07044772727895e+00 3.41322001888900e-03
3.22500000000000e+00 2.07823081194971e+00 2.08173678345563e+00 3.50597150591669e-03
3.23000000000000e+00 2.08666560747362e+00 2.09027163675968e+00 3.60602928606468e-03
3.23500000000000e+00 2.09225808044497e+00 2.09596975652967e+00 3.71167608470557e-03
3.24000000000000e+00 2.09494585798036e+00 2.09876666410972e+00 3.82080612935898e-03
3.24500000000000e+00 2.09468526599266e+00 2.09861633762302e+00 3.93107163036177e-03
3.25000000000000e+00 2.09145145298974e+00 2.09549150281253e+00 4.04004982278394e-03
3.25500000000000e+00 2.08523839276796e+00 2.08938380815405e+00 4.14541538609559e-03
3.26000000000000e+00 2.07605878021690e+00 2.08030388316029e+00 4.24510294338543e-03
3.26500000000000e+00 2.06394383395824e+00 2.06828127951470e+00 4.33744555646287e-03
3.27000000000000e+00 2.04894301788713e+00 2.05336429539657e+00 4.42127750944588e-03
3.27500000000000e+00 2.03112369111657e+00 2.03561968407860e+00 4.49599296203029e-03
3.28000000000000e+00 2.01057069264236e+00 2.01513224859221e+00 4.56155594985042e-03
3.28500000000000e+00 1.98738586357899e+00 1.99200432495795e+00 4.61846137896416e-03
3.29000000000000e+00 1.96168750639721e+00 1.96635515716554e+00 4.66765076833031e-03
3.29500000000000e+00 1.93360977753536e+00 1.93832016775567e+00 4.71039022031472e-03
3.30000000000000e+00 1.90330200733157e+00 1.90805012849909e+00 4.74812116752465e-03
3.30500000000000e+00 1.87092793965264e+00 1.87571023628479e+00 4.78229663214202e-03
3.31000000000000e+00 1.83666488302556e+00 1.84147909991323e+00 4.81421688767103e-03
3.31500000000000e+00 1.80070276558597e+00 1.80554764404025e+00 4.84487845428294e-03
3.32000000000000e+00 1.76324308773586e+00 1.76811793702778e+00 4.87484929191950e-03
3.32500000000000e+00 1.72449776896340e+00 1.72940194992690e+00 4.90418096350242e-03
3.33000000000000e+00 1.68468788865811e+00 1.68962025424335e+00 4.93236558523980e-03
3.33500000000000e+00 1.64404232472559e+00 1.64900066651302e+00 4.95834178743082e-03
3.34000000000000e+00 1.60279629808744e+00 1.60777684804301e+00 4.98054995557040e-03
3.34500000000000e+00 1.56118983543440e+00 1.56618686845015e+00 4.99703301574805e-03
3.35000000000000e+00 1.51946616656527e+00 1.52447174185243e+00 5.00557528715206e-03
3.35500000000000e+00 1.47787007598866e+00 1.48287394473692e+00 5.00386874825143e-03
3.36000000000000e+00 1.43664623093115e+00 1.44163592464142e+00 4.98969371027158e-03
3.36500000000000e+00 1.39603750928526e+00 1.40099860884315e+00 4.96109955788371e-03
3.37000000000000e+00 1.35628335122962e+00 1.36119992224821e+00 4.91657101859233e-03
3.37500000000000e+00 1.31761815723556e+00 1.32247332361862e+00 4.85516638306160e-03
3.38000000000000e+00 1.28026975300914e+00 1.28504636916086e+00 4.77661615171199e-03
3.38500000000000e+00 1.24445793876036e+00 1.24913931233114e+00 4.68137357077958e-03
3.39000000000000e+00 1.21039313627502e+00 1.21496374848942e+00 4.57061221439603e-03
3.39500000000000e+00 1.17827514287702e+00 1.18272131275752e+00 4.44616988050650e-03
3.40000000000000e+00 1.14829199682957e+00 1.15260243910916e+00 4.31044227958877e-03
3.40500000000000e+00 1.12061895436159e+00 1.12478518834171e+00 4.16623398011629e-03
3.41000000000000e+00 1.09541757462988e+00 1.09943415215529e+00 4.01657752540685e-03
3.41500000000000e+00 1.07283490580947e+00 1.07669944009537e+00 3.86453428589184e-03
3.42000000000000e+00 1.05300276335439e+00 1.05671575560428e+00 3.71299224989019e-03
3.42500000000000e+00 1.03603709042821e+00 1.03960156687779e+00 3.56447644958169e-03
3.43000000000000e+00 1.02203739062394e+00 1.02545837763829e+00 3.42098701434534e-03
3.43500000000000e+00 1.01108622434928e+00 1.01437010232018e+00 3.28387797089746e-03
3.44000000000000e+00 1.00324876253258e+00 1.00640254951957e+00 3.15378698698199e-03
3.44500000000000e+00 9.98572394419970e-01 1.00160301689261e+00 3.03062247263552e-03
3.45000000000000e+00 9.97086389927334e-01 1.00000000000000e+00 2.91361007266577e-03
3.45500000000000e+00 9.98801620975971e-01 1.00160301689261e+00 2.80139591663497e-03
3.46000000000000e+00 1.00371035013442e+00 1.00640254951956e+00 2.69219938514809e-03
3.46500000000000e+00 1.01178609835726e+00 1.01437010232018e+00 2.58400396291547e-03
3.47000000000000e+00 1.02298360631342e+00 1.02545837763829e+00 2.47477132487117e-03
3.47500000000000e+00 1.03723890542600e+00 1.03960156687779e+00 2.36266145179109e-03
3.48000000000000e+00 1.05446951506834e+00 1.05671575560427e+00 2.24624053593869e-03
3.48500000000000e+00 1.07457478122668e+00 1.07669944009536e+00 2.12465886868096e-03
3.49000000000000e+00 1.09743636931721e+00 1.09943415215529e+00 1.99778283807772e-03
3.49500000000000e+00 1.12291891982273e+00 1.12478518834171e+00 1.86626851897631e-03
3.50000000000000e+00 1.15087087021540e+00 1.15260243910915e+00 1.73156889375381e-03
3.50500000000000e+00 1.18112544059844e+00 1.18272131275752e+00 1.59587215907631e-03
3.51000000000000e+00 1.21350177407579e+00 1.21496374848942e+00 1.46197441363083e-03
3.51500000000000e+00 1.24780621655252e+00 1.24913931233114e+00 1.33309577861773e-03
3.52000000000000e+00 1.28383371501211e+00 1.28504636916085e+00 1.21265414873628e-03
3.52500000000000e+00 1.32136930880691e+00 1.32247332361861e+00 1.10401481170075e-03
3.53000000000000e+00 1.36018968555430e+00 1.36119992224821e+00 1.01023669391154e-03
3.53500000000000e+00 1.40006477213724e+00 1.40099860884315e+00 9.33836705910407e-04
3.54000000000000e+00 1.44075933218598e+00 1.44163592464141e+00 8.76592455433478e-04
3.54500000000000e+00 1.48203454420063e+00 1.48287394473691e+00 8.39400536274848e-04
3.55000000000000e+00 1.52364953891359e+00 1.52447174185242e+00 8.22202938829397e-04
3.55500000000000e+00 1.56536288016950e+00 1.56618686845015e+00 8.23988280654886e-04
3.56000000000000e+00 1.60693397998276e+00 1.60777684804300e+00 8.42868060244362e-04
3.56500000000000e+00 1.64812444490776e+00 1.64900066651302e+00 8.76221605258465e-04
3.57000000000000e+00 1.68869935681215e+00 1.68962025424335e+00 9.20897431198497e-04
3.57500000000000e+00 1.72842849601931e+00 1.72940194992690e+00 9.73453907591182e-04
3.58000000000000e+00 1.76708751814024e+00 1.76811793702778e+00 1.03041888754030e-03
3.58500000000000e+00 1.80445909746426e+00 1.80554764404025e+00 1.08854657598934e-03
3.59000000000000e+00 1.84033404942468e+00 1.84147909991322e+00 1.14505048854285e-03
3.59500000000000e+00 1.87451244249780e+00 1.87571023628478e+00 1.19779378698714e-03
3.60000000000000e+00 1.90680470620409e+00 1.90805012849909e+00 1.24542229500380e-03
3.60500000000000e+00 1.93703273707933e+00 1.93832016775567e+00 1.28743067633663e-03
3.61000000000000e+00 1.96503099908397e+00 1.96635515716554e+00 1.32415808157016e-03
3.61500000000000e+00 1.99064760947442e+00 1.99200432495795e+00 1.35671548353189e-03
3.62000000000000e+00 2.01374539620183e+00 2.01513224859221e+00 1.38685239037617e-03
3.62500000000000e+00 2.03420290889024e+00 2.03561968407860e+00 1.41677518835381e-03
3.63000000000000e+00 2.05191536271796e+00 2.05336429539657e+00 1.44893267861157e-03
3.63500000000000e+00 2.06679549328322e+00 2.06828127951470e+00 1.48578623148454e-03
3.64000000000000e+00 2.07877430082422e+00 2.08030388316029e+00 1.52958233606437e-03
3.64500000000000e+00 2.08780166389178e+00 2.08938380815405e+00 1.58214426227055e-03
3.65000000000000e+00 2.09384680552621e+00 2.09549150281253e+00 1.64469728631111e-03
3.65500000000000e+00 2.09689859887288e+00 2.09861633762302e+00 1.71773875013681e-03
3.66000000000000e+00 2.09696570364081e+00 2.09876666410972e+00 1.80096046890954e-03
3.66500000000000e+00 2.09407652951689e+00 2.09596975652967e+00 1.89322701278671e-03
3.67000000000000e+00 2.08827902727335e+00 2.09027163675968e+00 1.99260948632940e-03
3.67500000000000e+00 2.07964031257762e+00 2.08173678345563e+00 2.09647087800802e-03
3.68000000000000e+00 2.06824613122900e+00 2.07044772727895e+00 2.20159604995240e-03
3.68500000000000e+00 2.05420017757608e+00 2.05650453468774e+00 2.30435711165722e-03
3.69000000000000e+00 2.03762328014938e+00 2.04002418347677e+00 2.40090332739351e-03
3.69500000000000e+00 2.01865247007556e+00 2.02113983391842e+00 2.48736384286641e-03
3.70000000000000e+00 1.99743994866308e+00 2.00000000000000e+00 2.56005133692194e-03
3.70500000000000e+00 1.97415197073873e+00 1.97676762586894e+00 2.61565513021011e-03
3.71000000000000e+00 1.94896765995786e+00 1.95161907318189e+00 2.65141322403406e-03
3.71500000000000e+00 1.92207777150037e+00 1.92474302560309e+00 2.66525410271456e-03
3.72000000000000e+00 1.89368341638560e+00 1.89633931720795e+00 2.65590082234279e-03
3.72500000000000e+00 1.86399476017102e+00 1.86661769201745e+00 2.62293184643836e-03
3.73000000000000e+00 1.83322970710551e+00 1.83579650231313e+00 2.56679520762138e-03
3.73500000000000e+00 1.80161257894723e+00 1.80410135376010e+00 2.48877481287080e-03
3.74000000000000e+00 1.76937279567717e+00 1.77176370569363e+00 2.39091001645830e-03
3.74500000000000e+00 1.73674356329670e+00 1.73901943520098e+00 2.27587190428702e-03
3.75000000000000e+00 1.70396057184508e+00 1.70610737385376e+00 2.14680200868034e-03
3.75500000000000e+00 1.67126070478085e+00 1.67326782611444e+00 2.00712133359526e-03
3.76000000000000e+00 1.63888075902055e+00 1.64074107855382e+00 1.86031953327181e-03
3.76500000000000e+00 1.60705617331946e+00 1.60876590907298e+00 1.70973575352096e-03
3.77000000000000e+00 1.57601976142482e+00 1.57757810532303e+00 1.55834389820653e-03
3.77500000000000e+00 1.54600044565977e+00 1.54740900145948e+00 1.40855579971166e-03
3.78000000000000e+00 1.51722198643387e+00 1.51848404225504e+00 1.26205582117089e-03
3.78500000000000e+00 1.48990170374670e+00 1.49102138342582e+00 1.11967967912618e-03
3.79000000000000e+00 1.46424918815300e+00 1.46523053680291e+00 9.81348649911506e-04
3.79500000000000e+00 1.44046500095272e+00 1.44131106870462e+00 8.46067751897106e-04
3.80000000000000e+00 1.41873936655699e+00 1.41945135953695e+00 7.11992979966602e-04
3.80500000000000e+00 1.39925086398636e+00 1.39982743227203e+00 5.76568285663548e-04
3.81000000000000e+00 1.38216512911036e+00 1.38260185702999e+00 4.36727919632451e-04
3.81500000000000e+00 1.36763358426171e+00 1.36792273852040e+00 2.89154258693580e-04
3.82000000000000e+00 1.35579221687705e+00 1.35592279258843e+00 1.30575711376757e-04
3.82500000000000e+00 1.34676043335116e+00 1.34671851756181e+00 4.19157893489785e-05
3.83000000000000e+00 1.34064001780486e+00 1.34040946551008e+00 2.30552294776754e-04
3.83500000000000e+00 1.33751422739144e+00 1.33707761791153e+00 4.36609479912642e-04
3.84000000000000e+00 1.33744705557540e+00 1.33678686957979e+00 6.60185995618123e-04
3.84500000000000e+00 1.34048269209013e+00 1.33958262403436e+00 9.00068055764480e-04
3.85000000000000e+00 1.34664520278516e+00 1.34549150281253e+00 1.15369997262937e-03
3.85500000000000e+00 1.35593844433252e+00 1.35452117051728e+00 1.41727381523937e-03
3.86000000000000e+00 1.36834621811401e+00 1.36666027668282e+00 1.68594143119871e-03
3.86500000000000e+00 1.38383265523411e+00 1.38187851481848e+00 1.95414041563824e-03
3.87000000000000e+00 1.40234281149824e+00 1.40012679826999e+00 2.21601322824427e-03
3.87500000000000e+00 1.42380343862424e+00 1.42133755181640e+00 2.46588680784110e-03
3.88000000000000e+00 1.44812388732854e+00 1.44542511720754e+00 2.69877012099573e-03
3.88500000000000e+00 1.47519709065254e+00 1.47228627014469e+00 2.91082050784452e-03
3.89000000000000e+00 1.50490057319138e+00 1.50180084551966e+00 3.09972767172084e-03
3.89500000000000e+00 1.53709743460351e+00 1.53383246706028e+00 3.26496754322902e-03
3.90000000000000e+00 1.57163726422838e+00 1.56822937688661e+00 3.40788734176733e-03
3.90500000000000e+00 1.60835695747810e+00 1.60482535986612e+00 3.53159761198918e-03
3.91000000000000e+00 1.64708142285992e+00 1.64344075707161e+00 3.64066578830879e-03
3.91500000000000e+00 1.68762418934390e+00 1.68388356209650e+00 3.74062724740321e-03
3.92000000000000e+00 1.72978794512711e+00 1.72595059347097e+00 3.83735165614296e-03
3.92500000000000e+00 1.77336505820131e+00 1.76942873595353e+00 3.93632224777996e-03
3.93000000000000e+00 1.81813814407109e+00 1.81409624304787e+00 4.04190102322022e-03
3.93500000000000e+00 1.86388075439916e+00 1.85972409271722e+00 4.15666168193374e-03
3.94000000000000e+00 1.91035826082293e+00 1.90607738794081e+00 4.28087288211465e-03
3.94500000000000e+00 1.95732900010693e+00 1.95291679348016e+00 4.41220662676400e-03
3.95000000000000e+00 2.00454573057582e+00 2.00000000000000e+00 4.54573057582208e-03
3.95500000000000e+00 2.05175742679187e+00 2.04708320651983e+00 4.67422027203224e-03
3.96000000000000e+00 2.09871141190541e+00 2.09392261205918e+00 4.78879984623459e-03
3.96500000000000e+00 2.14515579777915e+00 2.14027590728278e+00 4.87989049637072e-03
3.97000000000000e+00 2.19084217483840e+00 2.18590375695213e+00 4.93841788626392e-03
3.97500000000000e+00 2.23552846944420e+00 2.23057126404647e+00 4.95720539772959e-03
3.98000000000000e+00 2.27898186873666e+00 2.27404940652903e+00 4.93246220763011e-03
3.98500000000000e+00 2.32098170290974e+00 2.31611643790350e+00 4.86526500624507e-03
3.99000000000000e+00 2.36132217341513e+00 2.35655924292839e+00 4.76293048674181e-03
3.99500000000000e+00 2.39981482239483e+00 2.39517464013388e+00 4.64018226094653e-03
4.00000000000000e+00 2.43629065264857e+00 2.43177062311338e+00 4.52002953518171e-03
