variables = x, value-predict, value-true, error
0.00000000000000e+00 2.43178286347736e+00 2.43177062311339e+00 1.22403639686297e-05
5.00000000000000e-03 2.46616225946327e+00 2.46616753293972e+00 5.27347644618814e-06
1.00000000000000e-02 2.49817822111598e+00 2.49819915448034e+00 2.09333643512721e-05
1.50000000000000e-02 2.52768100397798e+00 2.52771372985530e+00 3.27258773249461e-05
2.00000000000000e-02 2.55453465072633e+00 2.55457488279246e+00 4.02320661225808e-05
2.50000000000000e-02 2.57861835327220e+00 2.57866244818360e+00 4.40949113933442e-05
3.00000000000000e-02 2.59982763975547e+00 2.59987320173000e+00 4.55619745327596e-05
3.50000000000000e-02 2.61807537430006e+00 2.61812148518152e+00 4.61108814695521e-05
4.00000000000000e-02 2.63329256240378e+00 2.63333972331718e+00 4.71609134002904e-05
4.50000000000000e-02 2.64542895975794e+00 2.64547882948272e+00 4.98697247790503e-05
5.00000000000000e-02 2.65445348691143e+00 2.65450849718747e+00 5.50102760401572e-05
5.50000000000000e-02 2.66035445631843e+00 2.66041737596564e+00 6.29196472101690e-05
6.00000000000000e-02 2.66313962177147e+00 2.66321313042021e+00 7.35086487448910e-05
6.50000000000000e-02 2.66283606289933e+00 2.66292238208847e+00 8.63191891360415e-05
7.00000000000000e-02 2.65948991921907e+00 2.65959053448992e+00 1.00615270844262e-04
7.50000000000000e-02 2.65316598914644e+00 2.65328148243819e+00 1.15493291744873e-04
8.00000000000000e-02 2.64394720940989e+00 2.64407720741157e+00 1.29998001683784e-04
8.50000000000000e-02 2.63193402955524e+00 2.63207726147960e+00 1.43231924358389e-04
9.00000000000000e-02 2.61724369479173e+00 2.61739814297001e+00 1.54448178280919e-04
9.50000000000000e-02 2.60000944847696e+00 2.60017256772797e+00 1.63119251011423e-04
1.00000000000000e-01 2.58037966325968e+00 2.58054864046305e+00 1.68977203369725e-04
1.05000000000000e-01 2.55851690750426e+00 2.55868893129538e+00 1.72023791119802e-04
1.10000000000000e-01 2.53459695132224e+00 2.53476946319709e+00 1.72511874855008e-04
1.15000000000000e-01 2.50880771453433e+00 2.50897861657418e+00 1.70902039852816e-04
1.20000000000000e-01 2.48134815735640e+00 2.48151595774496e+00 1.67800388557460e-04
1.25000000000000e-01 2.45242711367761e+00 2.45259099854052e+00 1.63884862911967e-04
1.30000000000000e-01 2.42226206656130e+00 2.42242189467697e+00 1.59828115675609e-04
1.35000000000000e-01 2.39107786607244e+00 2.39123409092702e+00 1.56224854577225e-04
1.40000000000000e-01 2.35910539068044e+00 2.35925892144618e+00 1.53530765743426e-04
1.45000000000000e-01 2.32658015520489e+00 2.32673217388556e+00 1.52018680672050e-04
1.50000000000000e-01 2.29374087041433e+00 2.29389262614624e+00 1.51755731907066e-04
1.55000000000000e-01 2.26082796176360e+00 2.26098056479902e+00 1.52603035416199e-04
1.60000000000000e-01 2.22808205715229e+00 2.22823629430637e+00 1.54237154086356e-04
1.65000000000000e-01 2.19574245578718e+00 2.19589864623990e+00 1.56190452718086e-04
1.70000000000000e-01 2.16404559203632e+00 2.16420349768687e+00 1.57905650550294e-04
1.75000000000000e-01 2.13322350940321e+00 2.13338230798255e+00 1.58798579336761e-04
1.80000000000000e-01 2.10350236031395e+00 2.10366068279205e+00 1.58322478097883e-04
1.85000000000000e-01 2.07510094724051e+00 2.07525697439691e+00 1.56027156399396e-04
1.90000000000000e-01 2.04822931979430e+00 2.04838092681811e+00 1.51607023808342e-04
1.95000000000000e-01 2.02308744089133e+00 2.02323237413107e+00 1.44933239734968e-04
2.00000000000000e-01 1.99986393304831e+00 2.00000000000000e+00 1.36066951686997e-04
2.05000000000000e-01 1.97873491349629e+00 1.97886016608158e+00 1.25252585286617e-04
2.10000000000000e-01 1.95986292429996e+00 1.95997581652323e+00 1.12892223267824e-04
2.15000000000000e-01 1.94339596125781e+00 1.94349546531226e+00 9.95040544515824e-05
2.20000000000000e-01 1.92946660322944e+00 1.92955227272105e+00 8.56694916089307e-05
2.25000000000000e-01 1.91819124185673e+00 1.91826321654437e+00 7.19746876449712e-05
2.30000000000000e-01 1.90966941053196e+00 1.90972836324032e+00 5.89527083569852e-05
2.35000000000000e-01 1.90398321097619e+00 1.90403024347033e+00 4.70324941372890e-05
2.40000000000000e-01 1.90119683591606e+00 1.90123333589028e+00 3.64999742132888e-05
2.45000000000000e-01 1.90135618701408e+00 1.90138366237698e+00 2.74753628966007e-05
2.50000000000000e-01 1.90448858828325e+00 1.90450849718747e+00 1.99089042249856e-05
2.55000000000000e-01 1.91060259652409e+00 1.91061619184595e+00 1.35953218565188e-05
2.60000000000000e-01 1.91968791165262e+00 1.91969611683971e+00 8.20518709421236e-06
2.65000000000000e-01 1.93171539092567e+00 1.93171872048530e+00 3.32955962556447e-06
2.70000000000000e-01 1.94663717181498e+00 1.94663570460343e+00 1.46721154625773e-06
2.75000000000000e-01 1.96438690846846e+00 1.96438031592140e+00 6.59254705737133e-06
2.80000000000000e-01 1.98488012622045e+00 1.98486775140779e+00 1.23748126574785e-05
2.85000000000000e-01 2.00801469743687e+00 2.00799567504205e+00 1.90223948219881e-05
2.90000000000000e-01 2.03367144015309e+00 2.03364484283446e+00 2.65973186333035e-05
2.95000000000000e-01 2.06171483860501e+00 2.06167983224433e+00 3.50063606773254e-05
3.00000000000000e-01 2.09199388206284e+00 2.09194987150091e+00 4.40105619263775e-05
3.05000000000000e-01 2.12434301559275e+00 2.12428976371522e+00 5.32518775382407e-05
3.10000000000000e-01 2.15858319375876e+00 2.15852090008677e+00 6.22936719851808e-05
3.15000000000000e-01 2.19452302608825e+00 2.19445235595975e+00 7.06701284989286e-05
3.20000000000000e-01 2.23196000157020e+00 2.23188206297222e+00 7.79385979838843e-05
3.25000000000000e-01 2.27068177867307e+00 2.27059805007310e+00 8.37285999675252e-05
3.30000000000000e-01 2.31046752740748e+00 2.31037974575665e+00 8.77816508322304e-05
3.35000000000000e-01 2.35108931076404e+00 2.35099933348698e+00 8.99772770579510e-05
3.40000000000000e-01 2.39231349428116e+00 2.39222315195700e+00 9.03423241656043e-05
3.45000000000000e-01 2.43390217431920e+00 2.43381313154985e+00 8.90427693494011e-05
3.50000000000000e-01 2.47561461756504e+00 2.47552825814758e+00 8.63594174673743e-05
3.55000000000000e-01 2.51720870608788e+00 2.51712605526309e+00 8.26508247935287e-05
3.60000000000000e-01 2.55844238366146e+00 2.55836407535859e+00 7.83083028688125e-05
3.65000000000000e-01 2.59907509987498e+00 2.59900139115685e+00 7.37087181277296e-05
3.70000000000000e-01 2.63886924867506e+00 2.63880007775179e+00 6.91709232705229e-05
3.75000000000000e-01 2.67759159741685e+00 2.67752667638138e+00 6.49210354648488e-05
3.80000000000000e-01 2.71501470135394e+00 2.71495363083915e+00 6.10705147954249e-05
3.85000000000000e-01 2.75091829694470e+00 2.75086068766886e+00 5.76092758430846e-05
3.90000000000000e-01 2.78509066563366e+00 2.78503625151058e+00 5.44141230758299e-05
3.95000000000000e-01 2.81732995813658e+00 2.81727868724248e+00 5.12708941000639e-05
4.00000000000000e-01 2.84744546795708e+00 2.84739756089084e+00 4.79070662384729e-05
4.05000000000000e-01 2.87525884208533e+00 2.87521481165829e+00 4.40304270341585e-05
4.10000000000000e-01 2.90060521669808e+00 2.90056584784471e+00 3.93688533653069e-05
4.15000000000000e-01 2.92333426623267e+00 2.92330055990464e+00 3.37063280313465e-05
4.20000000000000e-01 2.94331115540050e+00 2.94328424439572e+00 2.69110047725896e-05
4.25000000000000e-01 2.96041738541806e+00 2.96039843312221e+00 1.89522958553567e-05
4.30000000000000e-01 2.97455152779213e+00 2.97454162236171e+00 9.90543041989866e-06
4.35000000000000e-01 2.98562984119681e+00 2.98562989767982e+00 5.64830129334837e-08
4.40000000000000e-01 2.99358676911936e+00 2.99359745048043e+00 1.06813610729617e-05
4.45000000000000e-01 2.99837531784741e+00 2.99839698310739e+00 2.16652599802636e-05
4.50000000000000e-01 2.99996731588461e+00 3.00000000000000e+00 3.26841153914792e-05
4.55000000000000e-01 2.99835355693501e+00 2.99839698310739e+00 4.34261723829543e-05
4.60000000000000e-01 2.99354382917102e+00 2.99359745048043e+00 5.36213094188831e-05
4.65000000000000e-01 2.98556683363683e+00 2.98562989767982e+00 6.30640429952756e-05
4.70000000000000e-01 2.97446999443287e+00 2.97454162236171e+00 7.16279288401900e-05
4.75000000000000e-01 2.96031916290295e+00 2.96039843312221e+00 7.92702192526917e-05
4.80000000000000e-01 2.94319821755064e+00 2.94328424439572e+00 8.60268450821877e-05
4.85000000000000e-01 2.92320856098795e+00 2.92330055990464e+00 9.19989166825452e-05
4.90000000000000e-01 2.90046851499195e+00 2.90056584784471e+00 9.73328527633655e-05
4.95000000000000e-01 2.87511261480499e+00 2.87521481165829e+00 1.02196853303926e-04
5.00000000000000e-01 2.84729080421110e+00 2.84739756089084e+00 1.06756679746578e-04
5.05000000000000e-01 2.81716753365626e+00 2.81727868724248e+00 1.11153586218826e-04
5.10000000000000e-01 2.78492076471320e+00 2.78503625151058e+00 1.15486797380271e-04
5.15000000000000e-01 2.75074088544112e+00 2.75086068766886e+00 1.19802227737331e-04
5.20000000000000e-01 2.71482954255338e+00 2.71495363083915e+00 1.24088285767154e-04
5.25000000000000e-01 2.67739839766402e+00 2.67752667638138e+00 1.28278717364427e-04
5.30000000000000e-01 2.63866781612315e+00 2.63880007775179e+00 1.32261628637220e-04
5.35000000000000e-01 2.59886549797561e+00 2.59900139115685e+00 1.35893181237190e-04
5.40000000000000e-01 2.55822506131766e+00 2.55836407535859e+00 1.39014040925201e-04
5.45000000000000e-01 2.51698458875017e+00 2.51712605526309e+00 1.41466512917798e-04
5.50000000000000e-01 2.47538514773674e+00 2.47552825814758e+00 1.43110410837366e-04
5.55000000000000e-01 2.43366929550830e+00 2.43381313154985e+00 1.43836041549772e-04
5.60000000000000e-01 2.39207957877500e+00 2.39222315195700e+00 1.43573181995649e-04
5.65000000000000e-01 2.35085703798954e+00 2.35099933348698e+00 1.42295497435718e-04
5.70000000000000e-01 2.31023972533364e+00 2.31037974575665e+00 1.40020423015308e-04
5.75000000000000e-01 2.27046124504444e+00 2.27059805007310e+00 1.36805028655207e-04
5.80000000000000e-01 2.23174932421369e+00 2.23188206297222e+00 1.32738758524376e-04
5.85000000000000e-01 2.19432442181043e+00 2.19445235595975e+00 1.27934149323217e-04
5.90000000000000e-01 2.15839838340353e+00 2.15852090008677e+00 1.22516683241702e-04
5.95000000000000e-01 2.12417314887502e+00 2.12428976371522e+00 1.16614840197649e-04
6.00000000000000e-01 2.09183952028431e+00 2.09194987150091e+00 1.10351216600524e-04
6.05000000000000e-01 2.06157599692395e+00 2.06167983224433e+00 1.03835320380607e-04
6.10000000000000e-01 2.03354768445291e+00 2.03364484283446e+00 9.71583815494448e-05
6.15000000000000e-01 2.00790528476807e+00 2.00799567504205e+00 9.03902739781692e-05
6.20000000000000e-01 1.98478417295268e+00 1.98486775140779e+00 8.35784551123098e-05
6.25000000000000e-01 1.96430356721329e+00 1.96438031592140e+00 7.67487081094753e-05
6.30000000000000e-01 1.94656579719153e+00 1.94663570460343e+00 6.99074119052678e-05
6.35000000000000e-01 1.93165567543104e+00 1.93171872048530e+00 6.30450542553618e-05
6.40000000000000e-01 1.91963997612193e+00 1.91969611683971e+00 5.61407177848139e-05
6.45000000000000e-01 1.91056702455977e+00 1.91061619184595e+00 4.91672861728798e-05
6.50000000000000e-01 1.90446640007007e+00 1.90450849718747e+00 4.20971174039941e-05
6.55000000000000e-01 1.90134875447327e+00 1.90138366237698e+00 3.49079037069711e-05
6.60000000000000e-01 1.90120574750607e+00 1.90123333589028e+00 2.75883842062452e-05
6.65000000000000e-01 1.90401009996079e+00 1.90403024347033e+00 2.01435095359415e-05
6.70000000000000e-01 1.90971576464186e+00 1.90972836324032e+00 1.25985984624766e-05
6.75000000000000e-01 1.91825821454307e+00 1.91826321654437e+00 5.00200130604256e-06
6.80000000000000e-01 1.92955484690407e+00 1.92955227272105e+00 2.57418302407331e-06
6.85000000000000e-01 1.94350550099481e+00 1.94349546531226e+00 1.00356825523118e-05
6.90000000000000e-01 1.95999308660362e+00 1.95997581652323e+00 1.72700803868775e-05
6.95000000000000e-01 1.97888431928200e+00 1.97886016608158e+00 2.41532004237044e-05
7.00000000000000e-01 2.00003055745775e+00 2.00000000000000e+00 3.05574577477152e-05
7.05000000000000e-01 2.02326873561049e+00 2.02323237413106e+00 3.63614794234302e-05
7.10000000000000e-01 2.04842238686172e+00 2.04838092681811e+00 4.14600436120516e-05
7.15000000000000e-01 2.07530274761524e+00 2.07525697439691e+00 4.57732183254400e-05
7.20000000000000e-01 2.10370993633817e+00 2.10366068279205e+00 4.92535461211752e-05
7.25000000000000e-01 2.13343419822441e+00 2.13338230798255e+00 5.18902418615852e-05
7.30000000000000e-01 2.16425720733720e+00 2.16420349768687e+00 5.37096503339107e-05
7.35000000000000e-01 2.19595341786686e+00 2.19589864623990e+00 5.47716269649889e-05
7.40000000000000e-01 2.22829145631816e+00 2.22823629430637e+00 5.51620117854590e-05
7.45000000000000e-01 2.26103554669796e+00 2.26098056479902e+00 5.49818989368234e-05
7.50000000000000e-01 2.29394696103166e+00 2.29389262614624e+00 5.43348854273873e-05
7.55000000000000e-01 2.32678548772313e+00 2.32673217388556e+00 5.33138375722331e-05
7.60000000000000e-01 2.35931091032564e+00 2.35925892144618e+00 5.19888794552337e-05
7.65000000000000e-01 2.39128448917234e+00 2.39123409092702e+00 5.03982453259333e-05
7.70000000000000e-01 2.42247043801704e+00 2.42242189467697e+00 4.85433400632118e-05
7.75000000000000e-01 2.45263738738713e+00 2.45259099854052e+00 4.63888466128992e-05
7.80000000000000e-01 2.48155982581281e+00 2.48151595774496e+00 4.38680678453984e-05
7.85000000000000e-01 2.50901950955356e+00 2.50897861657418e+00 4.08929793778157e-05
7.90000000000000e-01 2.53480683099678e+00 2.53476946319709e+00 3.73677996865496e-05
7.95000000000000e-01 2.55872213564884e+00 2.55868893129538e+00 3.32043534601034e-05
8.00000000000000e-01 2.58057697765867e+00 2.58054864046305e+00 2.83371956188994e-05
8.05000000000000e-01 2.60019530415783e+00 2.60017256772797e+00 2.27364298539534e-05
8.10000000000000e-01 2.61741455938030e+00 2.61739814297001e+00 1.64164102893771e-05
8.15000000000000e-01 2.63208670051005e+00 2.63207726147960e+00 9.43903045103056e-06
8.20000000000000e-01 2.64407911842473e+00 2.64407720741157e+00 1.91101315305531e-06
8.25000000000000e-01 2.65327545786096e+00 2.65328148243819e+00 6.02457722420624e-06
8.30000000000000e-01 2.65957633290462e+00 2.65959053448992e+00 1.42015852939714e-05
8.35000000000000e-01 2.66289993499312e+00 2.66292238208847e+00 2.24470953513745e-05
8.40000000000000e-01 2.66318253170725e+00 2.66321313042021e+00 3.05987129598506e-05
8.45000000000000e-01 2.66037885545676e+00 2.66041737596564e+00 3.85205088826446e-05
8.50000000000000e-01 2.65446238169767e+00 2.65450849718747e+00 4.61154898063754e-05
8.55000000000000e-01 2.64542549657340e+00 2.64547882948272e+00 5.33329093110879e-05
8.60000000000000e-01 2.63327955389919e+00 2.63333972331718e+00 6.01694179942491e-05
8.65000000000000e-01 2.61805482129930e+00 2.61812148518153e+00 6.66638822255372e-05
8.70000000000000e-01 2.59980031516662e+00 2.59987320173000e+00 7.28865633816689e-05
8.75000000000000e-01 2.57858352405825e+00 2.57866244818360e+00 7.89241253422723e-05
8.80000000000000e-01 2.55449002027294e+00 2.55457488279246e+00 8.48625195142283e-05
8.85000000000000e-01 2.52762295975401e+00 2.52771372985530e+00 9.07701012891060e-05
8.90000000000000e-01 2.49810247116558e+00 2.49819915448034e+00 9.66833147515445e-05
8.95000000000000e-01 2.46606493599794e+00 2.46616753293972e+00 1.02596941780497e-04
9.00000000000000e-01 2.43166216282156e+00 2.43177062311339e+00 1.08460291826873e-04
9.05000000000000e-01 2.39506046024175e+00 2.39517464013388e+00 1.14179892132693e-04
9.10000000000000e-01 2.35643961459099e+00 2.35655924292839e+00 1.19628337400535e-04
9.15000000000000e-01 2.31599177980491e+00 2.31611643790350e+00 1.24658098587638e-04
9.20000000000000e-01 2.27392028813503e+00 2.27404940652903e+00 1.29118393998873e-04
9.25000000000000e-01 2.23043839125367e+00 2.23057126404647e+00 1.32872792795169e-04
9.30000000000000e-01 2.18576794183666e+00 2.18590375695213e+00 1.35815115471338e-04
9.35000000000000e-01 2.14013802584720e+00 2.14027590728277e+00 1.37881435576581e-04
9.40000000000000e-01 2.09378355551955e+00 2.09392261205918e+00 1.39056539631977e-04
9.45000000000000e-01 2.04694383252927e+00 2.04708320651983e+00 1.39373990557967e-04
9.50000000000000e-01 1.99986109015009e+00 2.00000000000000e+00 1.38909849914937e-04
9.55000000000000e-01 1.95277902246550e+00 1.95291679348017e+00 1.37771014671495e-04
9.60000000000000e-01 1.90594130805789e+00 1.90607738794082e+00 1.36079882933515e-04
9.65000000000000e-01 1.85959013514746e+00 1.85972409271723e+00 1.33957569769860e-04
9.70000000000000e-01 1.81396473497281e+00 1.81409624304787e+00 1.31508075055020e-04
9.75000000000000e-01 1.76929993031854e+00 1.76942873595353e+00 1.28805634988627e-04
9.80000000000000e-01 1.72582470647544e+00 1.72595059347097e+00 1.25886995525182e-04
9.85000000000000e-01 1.68376081249170e+00 1.68388356209650e+00 1.22749604808847e-04
9.90000000000000e-01 1.64332140122651e+00 1.64344075707161e+00 1.19355845105806e-04
9.95000000000000e-01 1.60470971732159e+00 1.60482535986612e+00 1.15642544531003e-04
1.00000000000000e+00 1.56811784263172e+00 1.56822937688661e+00 1.11534254894297e-04
1.00500000000000e+00 1.53372550879560e+00 1.53383246706028e+00 1.06958264682877e-04
1.01000000000000e+00 1.50169898641256e+00 1.50180084551966e+00 1.01859107100033e-04
1.01500000000000e+00 1.47219005969630e+00 1.47228627014470e+00 9.62104484023563e-05
1.02000000000000e+00 1.44533509453240e+00 1.44542511720755e+00 9.00226751483491e-05
1.02500000000000e+00 1.42125420664612e+00 1.42133755181640e+00 8.33451702806354e-05
1.03000000000000e+00 1.40005053519740e+00 1.40012679827000e+00 7.62630725998914e-05
1.03500000000000e+00 1.38180962568902e+00 1.38187851481848e+00 6.88891294589045e-05
1.04000000000000e+00 1.36659892472436e+00 1.36666027668282e+00 6.13519584558020e-05
1.04500000000000e+00 1.35446738799011e+00 1.35452117051728e+00 5.37825271720305e-05
1.05000000000000e+00 1.34544520193899e+00 1.34549150281253e+00 4.63008735318571e-05
1.05500000000000e+00 1.33954361903777e+00 1.33958262403436e+00 3.90049965945938e-05
1.06000000000000e+00 1.33675490611050e+00 1.33678686957979e+00 3.19634692869109e-05
1.06500000000000e+00 1.33705240518875e+00 1.33707761791153e+00 2.52127227808874e-05
1.07000000000000e+00 1.34039070628880e+00 1.34040946551008e+00 1.87592212836929e-05
1.07500000000000e+00 1.34670593156397e+00 1.34671851756181e+00 1.25859978392651e-05
1.08000000000000e+00 1.35591613021872e+00 1.35592279258843e+00 6.66236970237044e-06
1.08500000000000e+00 1.36792178332701e+00 1.36792273852040e+00 9.55193391494191e-07
1.09000000000000e+00 1.38260641720799e+00 1.38260185702999e+00 4.56017799721486e-06
1.09500000000000e+00 1.39983732325384e+00 1.39982743227203e+00 9.89098181514159e-06
1.10000000000000e+00 1.41946638109862e+00 1.41945135953695e+00 1.50215616676608e-05
1.10500000000000e+00 1.44133098082633e+00 1.44131106870462e+00 1.99121217052678e-05
1.11000000000000e+00 1.46525503863648e+00 1.46523053680291e+00 2.45018335709446e-05
1.11500000000000e+00 1.49105009913043e+00 1.49102138342582e+00 2.87157046048314e-05
1.12000000000000e+00 1.51851651626794e+00 1.51848404225504e+00 3.24740128940793e-05
1.12500000000000e+00 1.54744470417031e+00 1.54740900145948e+00 3.57027108333074e-05
1.13000000000000e+00 1.57761644838199e+00 1.57757810532303e+00 3.83430589645517e-05
1.13500000000000e+00 1.60880626797129e+00 1.60876590907298e+00 4.03588983126646e-05
1.14000000000000e+00 1.64078281893192e+00 1.64074107855382e+00 4.17403780961223e-05
1.14500000000000e+00 1.67331032967324e+00 1.67326782611444e+00 4.25035588047518e-05
1.15000000000000e+00 1.70615005986243e+00 1.70610737385376e+00 4.26860086621961e-05
1.15500000000000e+00 1.73906177438865e+00 1.73901943520098e+00 4.23391876689383e-05
1.16000000000000e+00 1.77180522464845e+00 1.77176370569363e+00 4.15189548224060e-05
1.16500000000000e+00 1.80414162960996e+00 1.80410135376010e+00 4.02758498625477e-05
1.17000000000000e+00 1.83583514915012e+00 1.83579650231313e+00 3.86468369917292e-05
1.17500000000000e+00 1.86665434196574e+00 1.86661769201745e+00 3.66499482826743e-05
1.18000000000000e+00 1.89637359997839e+00 1.89633931720795e+00 3.42827704460369e-05
1.18500000000000e+00 1.92477455066555e+00 1.92474302560309e+00 3.15250624651764e-05
1.19000000000000e+00 1.95164741826619e+00 1.95161907318189e+00 2.83450843001631e-05
1.19500000000000e+00 1.97679233444514e+00 1.97676762586894e+00 2.47085762001831e-05
1.20000000000000e+00 2.00002058886277e+00 2.00000000000000e+00 2.05888627717865e-05
1.20500000000000e+00 2.02115581026161e+00 2.02113983391842e+00 1.59763431937243e-05
1.21000000000000e+00 2.04003506918282e+00 2.04002418347677e+00 1.08857060503453e-05
1.21500000000000e+00 2.05650989424970e+00 2.05650453468774e+00 5.35956195601983e-06
1.22000000000000e+00 2.07044719504127e+00 2.07044772727895e+00 5.32237682815406e-07
1.22500000000000e+00 2.08173008583111e+00 2.08173678345563e+00 6.69762452121248e-06
1.23000000000000e+00 2.09025860576668e+00 2.09027163675968e+00 1.30309929997630e-05
1.23500000000000e+00 2.09595033229398e+00 2.09596975652967e+00 1.94242356919005e-05
1.24000000000000e+00 2.09874088568590e+00 2.09876666410972e+00 2.57784238284486e-05
1.24500000000000e+00 2.09858432334083e+00 2.09861633762302e+00 3.20142821887970e-05
1.25000000000000e+00 2.09545342304975e+00 2.09549150281253e+00 3.80797627741458e-05
1.25500000000000e+00 2.08933985470335e+00 2.08938380815405e+00 4.39534507021833e-05
1.26000000000000e+00 2.08025423998595e+00 2.08030388316029e+00 4.96431743388648e-05
1.26500000000000e+00 2.06822609957341e+00 2.06828127951470e+00 5.51799412913390e-05
1.27000000000000e+00 2.05330368732964e+00 2.05336429539657e+00 6.06080669340869e-05
1.27500000000000e+00 2.03555371109380e+00 2.03561968407860e+00 6.59729847964918e-05
1.28000000000000e+00 2.01506093996306e+00 2.01513224859221e+00 7.13086291512788e-05
1.28500000000000e+00 1.99192769856554e+00 1.99200432495795e+00 7.66263924065758e-05
1.29000000000000e+00 1.96627324970544e+00 1.96635515716554e+00 8.19074601028369e-05
1.29500000000000e+00 1.93823306791616e+00 1.93832016775567e+00 8.70998395134936e-05
1.30000000000000e+00 1.90795800780495e+00 1.90805012849909e+00 9.21206941444375e-05
1.30500000000000e+00 1.87561337250354e+00 1.87571023628478e+00 9.68637812399642e-05
1.31000000000000e+00 1.84137788892503e+00 1.84147909991323e+00 1.01210988199485e-04
1.31500000000000e+00 1.80544259773794e+00 1.80554764404025e+00 1.05046302312894e-04
1.32000000000000e+00 1.76800966689481e+00 1.76811793702778e+00 1.08270132975985e-04
1.32500000000000e+00 1.72929113811994e+00 1.72940194992690e+00 1.10811806964373e-04
1.33000000000000e+00 1.68950761594690e+00 1.68962025424335e+00 1.12638296444256e-04
1.33500000000000e+00 1.64888690872754e+00 1.64900066651302e+00 1.13757785477508e-04
1.34000000000000e+00 1.60766263059054e+00 1.60777684804300e+00 1.14217452465981e-04
1.34500000000000e+00 1.56607277272354e+00 1.56618686845015e+00 1.14095726606811e-04
1.35000000000000e+00 1.52435825172383e+00 1.52447174185242e+00 1.13490128590854e-04
1.35500000000000e+00 1.48276144224042e+00 1.48287394473691e+00 1.12502496490752e-04
1.36000000000000e+00 1.44152470082468e+00 1.44163592464141e+00 1.11223816730233e-04
1.36500000000000e+00 1.40088888788310e+00 1.40099860884315e+00 1.09720960045800e-04
1.37000000000000e+00 1.36109189490013e+00 1.36119992224821e+00 1.08027348080908e-04
1.37500000000000e+00 1.32236718462980e+00 1.32247332361862e+00 1.06138988814619e-04
1.38000000000000e+00 1.28494235265284e+00 1.28504636916085e+00 1.04016508012394e-04
1.38500000000000e+00 1.24903771943740e+00 1.24913931233114e+00 1.01592893739566e-04
1.39000000000000e+00 1.21486496268748e+00 1.21496374848942e+00 9.87858019354526e-05
1.39500000000000e+00 1.18262580018179e+00 1.18272131275752e+00 9.55125757347020e-05
1.40000000000000e+00 1.15251073339378e+00 1.15260243910916e+00 9.17057153728695e-05
1.40500000000000e+00 1.12469786187987e+00 1.12478518834171e+00 8.73264618308500e-05
1.41000000000000e+00 1.09935177771987e+00 1.09943415215529e+00 8.23744354192524e-05
1.41500000000000e+00 1.07662254823805e+00 1.07669944009536e+00 7.68918573157418e-05
1.42000000000000e+00 1.05664479391578e+00 1.05671575560428e+00 7.09616884939646e-05
1.42500000000000e+00 1.03953686695265e+00 1.03960156687779e+00 6.46999251416869e-05
1.43000000000000e+00 1.02540013448041e+00 1.02545837763829e+00 5.82431578812770e-05
1.43500000000000e+00 1.01431836911476e+00 1.01437010232018e+00 5.17332054155162e-05
1.44000000000000e+00 1.00635724845132e+00 1.00640254951957e+00 4.53010682430754e-05
1.44500000000000e+00 1.00156396434135e+00 1.00160301689261e+00 3.90525512565798e-05
1.45000000000000e+00 9.99966942339572e-01 1.00000000000000e+00 3.30576604276045e-05
1.45500000000000e+00 1.00157567156873e+00 1.00160301689261e+00 2.73453238792687e-05
1.46000000000000e+00 1.00638064531734e+00 1.00640254951957e+00 2.19042022300275e-05
1.46500000000000e+00 1.01435341286863e+00 1.01437010232018e+00 1.66894515518656e-05
1.47000000000000e+00 1.02544674322160e+00 1.02545837763829e+00 1.16344166916083e-05
1.47500000000000e+00 1.03959490138456e+00 1.03960156687779e+00 6.66549323358190e-06
1.48000000000000e+00 1.05671403769019e+00 1.05671575560428e+00 1.71791408631883e-06
1.48500000000000e+00 1.07670269003022e+00 1.07669944009536e+00 3.24993485389946e-06
1.49000000000000e+00 1.09944239801473e+00 1.09943415215529e+00 8.24585944747547e-06
1.49500000000000e+00 1.12479842685640e+00 1.12478518834171e+00 1.32385146931480e-05
1.50000000000000e+00 1.15262059734358e+00 1.15260243910916e+00 1.81582344176423e-05
1.50500000000000e+00 1.18274421671861e+00 1.18272131275752e+00 2.29039610830650e-05
1.51000000000000e+00 1.21499110376109e+00 1.21496374848942e+00 2.73552716720804e-05
1.51500000000000e+00 1.24917070003704e+00 1.24913931233114e+00 3.13877058994994e-05
1.52000000000000e+00 1.28508125824000e+00 1.28504636916085e+00 3.48890791457279e-05
1.52500000000000e+00 1.32251109790825e+00 1.32247332361862e+00 3.77742896295885e-05
1.53000000000000e+00 1.36123991858774e+00 1.36119992224821e+00 3.99963395263381e-05
1.53500000000000e+00 1.40104016070002e+00 1.40099860884315e+00 4.15518568663842e-05
1.54000000000000e+00 1.44167840488633e+00 1.44163592464141e+00 4.24802449134898e-05
1.54500000000000e+00 1.48291680130821e+00 1.48287394473691e+00 4.28565713008755e-05
1.55000000000000e+00 1.52451452113868e+00 1.52447174185242e+00 4.27792862582876e-05
1.55500000000000e+00 1.56622922312440e+00 1.56618686845015e+00 4.23546742502889e-05
1.56000000000000e+00 1.60781852850797e+00 1.60777684804300e+00 4.16804649689961e-05
1.56500000000000e+00 1.64904149768520e+00 1.64900066651302e+00 4.08311721844523e-05
1.57000000000000e+00 1.68966010171020e+00 1.68962025424335e+00 3.98474668565907e-05
1.57500000000000e+00 1.72944068118870e+00 1.72940194992690e+00 3.87312617979862e-05
1.58000000000000e+00 1.76815538431503e+00 1.76811793702778e+00 3.74472872486376e-05
1.58500000000000e+00 1.80558357495053e+00 1.80554764404025e+00 3.59309102779815e-05
1.59000000000000e+00 1.84151320087233e+00 1.84147909991323e+00 3.41009591036112e-05
1.59500000000000e+00 1.87574211179779e+00 1.87571023628478e+00 3.18755130022108e-05
1.60000000000000e+00 1.90807931663725e+00 1.90805012849909e+00 2.91881381626613e-05
1.60500000000000e+00 1.93834616972198e+00 1.93832016775567e+00 2.60019663089750e-05
1.61000000000000e+00 1.96637747650712e+00 1.96635515716554e+00 2.23193415760381e-05
1.61500000000000e+00 1.99202251040988e+00 1.99200432495795e+00 1.81854519336611e-05
1.62000000000000e+00 2.01514593389920e+00 2.01513224859221e+00 1.36853069832021e-05
1.62500000000000e+00 2.03562861855616e+00 2.03561968407860e+00 8.93447756533661e-06
1.63000000000000e+00 2.05336836040503e+00 2.05336429539657e+00 4.06500845784308e-06
1.63500000000000e+00 2.06828048821198e+00 2.06828127951470e+00 7.91302720681841e-07
1.64000000000000e+00 2.08029836353532e+00 2.08030388316029e+00 5.51962496730951e-06
1.64500000000000e+00 2.08937377200730e+00 2.08938380815405e+00 1.00361467478827e-05
1.65000000000000e+00 2.09547720562145e+00 2.09549150281253e+00 1.42971910741529e-05
1.65500000000000e+00 2.09859803573980e+00 2.09861633762302e+00 1.83018832222714e-05
1.66000000000000e+00 2.09874457623225e+00 2.09876666410972e+00 2.20878774737088e-05
1.66500000000000e+00 2.09594403576598e+00 2.09596975652967e+00 2.57207636913392e-05
1.67000000000000e+00 2.09024235794743e+00 2.09027163675968e+00 2.92788122484566e-05
1.67500000000000e+00 2.08170394794659e+00 2.08173678345563e+00 3.28355090397636e-05
1.68000000000000e+00 2.07041128453218e+00 2.07044772727895e+00 3.64427467727246e-05
1.68500000000000e+00 2.05646441719144e+00 2.05650453468774e+00 4.01174963000628e-05
1.69000000000000e+00 2.03998034920178e+00 2.04002418347677e+00 4.38342749848886e-05
1.69500000000000e+00 2.02109230909231e+00 2.02113983391842e+00 4.75248261140315e-05
1.70000000000000e+00 1.99994891474111e+00 2.00000000000000e+00 5.10852588944122e-05
1.70500000000000e+00 1.97671323621164e+00 1.97676762586893e+00 5.43896572964275e-05
1.71000000000000e+00 1.95156176513048e+00 1.95161907318189e+00 5.73080514143509e-05
1.71500000000000e+00 1.92468329975383e+00 1.92474302560309e+00 5.97258492522901e-05
1.72000000000000e+00 1.89627775571299e+00 1.89633931720795e+00 6.15614949537324e-05
1.72500000000000e+00 1.86655491269343e+00 1.86661769201745e+00 6.27793240230989e-05
1.73000000000000e+00 1.83573310700197e+00 1.83579650231313e+00 6.33953111537355e-05
1.73500000000000e+00 1.80403787921504e+00 1.80410135376010e+00 6.34745450633911e-05
1.74000000000000e+00 1.77170058505721e+00 1.77176370569363e+00 6.31206364205550e-05
1.74500000000000e+00 1.73895697655939e+00 1.73901943520098e+00 6.24586415871597e-05
1.75000000000000e+00 1.70604575962344e+00 1.70610737385376e+00 6.16142303233591e-05
1.75500000000000e+00 1.67320713357720e+00 1.67326782611444e+00 6.06925372348410e-05
1.76000000000000e+00 1.64068131827329e+00 1.64074107855382e+00 5.97602805338937e-05
1.76500000000000e+00 1.60870707480377e+00 1.60876590907298e+00 5.88342692151578e-05
1.77000000000000e+00 1.57752022690725e+00 1.57757810532303e+00 5.78784157758694e-05
1.77500000000000e+00 1.54735219147437e+00 1.54740900145948e+00 5.68099851123716e-05
1.78000000000000e+00 1.51842852798558e+00 1.51848404225504e+00 5.55142694642630e-05
1.78500000000000e+00 1.49096751798456e+00 1.49102138342582e+00 5.38654412627348e-05
1.79000000000000e+00 1.46517878655810e+00 1.46523053680291e+00 5.17502448087459e-05
1.79500000000000e+00 1.44126197807239e+00 1.44131106870462e+00 4.90906322274665e-05
1.80000000000000e+00 1.41940549800675e+00 1.41945135953695e+00 4.58615302030285e-05
1.80500000000000e+00 1.39978533163375e+00 1.39982743227203e+00 4.21006382782529e-05
1.81000000000000e+00 1.38256394863094e+00 1.38260185702999e+00 3.79083990538209e-05
1.81500000000000e+00 1.36788930066935e+00 1.36792273852040e+00 3.34378510491451e-05
1.82000000000000e+00 1.35589391686244e+00 1.35592279258843e+00 2.88757259869765e-05
1.82500000000000e+00 1.34669409994346e+00 1.34671851756181e+00 2.44176183532563e-05
1.83000000000000e+00 1.34038922441325e+00 1.34040946551008e+00 2.02410968384026e-05
1.83500000000000e+00 1.33706113684260e+00 1.33707761791153e+00 1.64810689373684e-05
1.84000000000000e+00 1.33677365811205e+00 1.33678686957979e+00 1.32114677333650e-05
1.84500000000000e+00 1.33957218760935e+00 1.33958262403436e+00 1.04364250086419e-05
1.85000000000000e+00 1.34548341015980e+00 1.34549150281253e+00 8.09265273127302e-06
1.85500000000000e+00 1.35451510752935e+00 1.35452117051728e+00 6.06298793370819e-06
1.86000000000000e+00 1.36665607744865e+00 1.36666027668282e+00 4.19923416639101e-06
1.86500000000000e+00 1.38187616397443e+00 1.38187851481848e+00 2.35084404409669e-06
1.87000000000000e+00 1.40012640337417e+00 1.40012679827000e+00 3.94895830480024e-07
1.87500000000000e+00 1.42133928939673e+00 1.42133755181640e+00 1.73758032517846e-06
1.88000000000000e+00 1.44542916068388e+00 1.44542511720755e+00 4.04347633731206e-06
1.88500000000000e+00 1.47229271121258e+00 1.47228627014470e+00 6.44106788683096e-06
1.89000000000000e+00 1.50180962219060e+00 1.50180084551967e+00 8.77667093002188e-06
1.89500000000000e+00 1.53384331102121e+00 1.53383246706028e+00 1.08439609338706e-05
1.90000000000000e+00 1.56824179014791e+00 1.56822937688661e+00 1.24132612988603e-05
1.90500000000000e+00 1.60483862615256e+00 1.60482535986612e+00 1.32662864407163e-05
1.91000000000000e+00 1.64345398774708e+00 1.64344075707161e+00 1.32306754663247e-05
1.91500000000000e+00 1.68389577051073e+00 1.68388356209650e+00 1.22084142257783e-05
1.92000000000000e+00 1.72596078648777e+00 1.72595059347097e+00 1.01930167981656e-05
1.92500000000000e+00 1.76943600800546e+00 1.76942873595353e+00 7.27205192974090e-06
1.93000000000000e+00 1.81409985706151e+00 1.81409624304787e+00 3.61401364212810e-06
1.93500000000000e+00 1.85972353397994e+00 1.85972409271723e+00 5.58737283107291e-07
1.94000000000000e+00 1.90607238127632e+00 1.90607738794082e+00 5.00666450098386e-06
1.94500000000000e+00 1.95290728033091e+00 1.95291679348017e+00 9.51314925501379e-06
1.95000000000000e+00 1.99998607914787e+00 2.00000000000000e+00 1.39208521299228e-05
1.95500000000000e+00 2.04706504894791e+00 2.04708320651983e+00 1.81575719246929e-05
1.96000000000000e+00 2.09390036559022e+00 2.09392261205918e+00 2.22464689580981e-05
1.96500000000000e+00 2.14024960907601e+00 2.14027590728277e+00 2.62982067624762e-05
1.97000000000000e+00 2.18587327109702e+00 2.18590375695213e+00 3.04858551078979e-05
1.97500000000000e+00 2.23053625735085e+00 2.23057126404646e+00 3.50066956169570e-05
1.98000000000000e+00 2.27400936878503e+00 2.27404940652903e+00 4.00377439966348e-05
1.98500000000000e+00 2.31607074460928e+00 2.31611643790350e+00 4.56932942163313e-05
1.99000000000000e+00 2.35650725018691e+00 2.35655924292839e+00 5.19927414819321e-05
1.99500000000000e+00 2.39511579485697e+00 2.39517464013388e+00 5.88452769139103e-05
2.00000000000000e+00 2.43170456810233e+00 2.43177062311339e+00 6.60550110556102e-05
2.00500000000000e+00 2.46609418672731e+00 2.46616753293972e+00 7.33462124040685e-05
2.01000000000000e+00 2.49811875010129e+00 2.49819915448034e+00 8.04043790418874e-05
2.01500000000000e+00 2.52762680425844e+00 2.52771372985530e+00 8.69255968605209e-05
2.02000000000000e+00 2.55448221801625e+00 2.55457488279245e+00 9.26647762011790e-05
2.02500000000000e+00 2.57856497484070e+00 2.57866244818359e+00 9.74733428940056e-05
2.03000000000000e+00 2.59977188286356e+00 2.59987320173000e+00 1.01318866442046e-04
2.03500000000000e+00 2.61801720257141e+00 2.61812148518152e+00 1.04282610115636e-04
2.04000000000000e+00 2.63323318791327e+00 2.63333972331718e+00 1.06535403911145e-04
2.04500000000000e+00 2.64537053281538e+00 2.64547882948272e+00 1.08296667340024e-04
2.05000000000000e+00 2.65439871227896e+00 2.65450849718747e+00 1.09784908511656e-04
2.05500000000000e+00 2.66030620613033e+00 2.66041737596564e+00 1.11169835313785e-04
2.06000000000000e+00 2.66310059450067e+00 2.66321313042021e+00 1.12535919539525e-04
2.06500000000000e+00 2.66280851719685e+00 2.66292238208847e+00 1.13864891617244e-04
2.07000000000000e+00 2.65947549379046e+00 2.65959053448992e+00 1.15040699451452e-04
2.07500000000000e+00 2.65316560666262e+00 2.65328148243819e+00 1.15875775571705e-04
2.08000000000000e+00 2.64396105438962e+00 2.64407720741157e+00 1.16153021950449e-04
2.08500000000000e+00 2.63196158679512e+00 2.63207726147960e+00 1.15674684480815e-04
2.09000000000000e+00 2.61728383504385e+00 2.61739814297001e+00 1.14307926164070e-04
2.09500000000000e+00 2.60006055004166e+00 2.60017256772797e+00 1.12017686315635e-04
2.10000000000000e+00 2.58043976032589e+00 2.58054864046305e+00 1.08880137156042e-04
2.10500000000000e+00 2.55858385718151e+00 2.55868893129538e+00 1.05074113868842e-04
2.11000000000000e+00 2.53466861077270e+00 2.53476946319710e+00 1.00852424398390e-04
2.11500000000000e+00 2.50888211758355e+00 2.50897861657418e+00 9.64989906271363e-05
2.12000000000000e+00 2.48142367723448e+00 2.48151595774496e+00 9.22805104837110e-05
2.12500000000000e+00 2.45250259630563e+00 2.45259099854052e+00 8.84022348937030e-05
2.13000000000000e+00 2.42233691828177e+00 2.42242189467697e+00 8.49763952062155e-05
2.13500000000000e+00 2.39115208185224e+00 2.39123409092702e+00 8.20090747786217e-05
2.14000000000000e+00 2.35917951393867e+00 2.35925892144618e+00 7.94075075072342e-05
2.14500000000000e+00 2.32665516816997e+00 2.32673217388556e+00 7.70057155907722e-05
2.15000000000000e+00 2.29381802324879e+00 2.29389262614624e+00 7.46028974525359e-05
2.15500000000000e+00 2.26090855807743e+00 2.26098056479902e+00 7.20067215911335e-05
2.16000000000000e+00 2.22816722124063e+00 2.22823629430637e+00 6.90730657391114e-05
2.16500000000000e+00 2.19583291143422e+00 2.19589864623990e+00 6.57348056818385e-05
2.17000000000000e+00 2.16414148298084e+00 2.16420349768687e+00 6.20147060361731e-05
2.17500000000000e+00 2.13332428724414e+00 2.13338230798255e+00 5.80207384084375e-05
2.18000000000000e+00 2.10360675723065e+00 2.10366068279205e+00 5.39255614020462e-05
2.18500000000000e+00 2.07520703962536e+00 2.07525697439691e+00 4.99347715550158e-05
2.19000000000000e+00 2.04833467646340e+00 2.04838092681811e+00 4.62503547051796e-05
2.19500000000000e+00 2.02318933787242e+00 2.02323237413107e+00 4.30362586492095e-05
2.20000000000000e+00 1.99995960782471e+00 2.00000000000000e+00 4.03921752896164e-05
2.20500000000000e+00 1.97882182635871e+00 1.97886016608158e+00 3.83397228671534e-05
2.21000000000000e+00 1.95993899382555e+00 1.95997581652323e+00 3.68226976854569e-05
2.21500000000000e+00 1.94345974487299e+00 1.94349546531226e+00 3.57204392664734e-05
2.22000000000000e+00 1.92951740160698e+00 1.92955227272105e+00 3.48711140714109e-05
2.22500000000000e+00 1.91822911630204e+00 1.91826321654437e+00 3.41002423291936e-05
2.23000000000000e+00 1.90969511397468e+00 1.90972836324032e+00 3.32492656349714e-05
2.23500000000000e+00 1.90399804408842e+00 1.90403024347033e+00 3.21993819047961e-05
2.24000000000000e+00 1.90120244880063e+00 1.90123333589028e+00 3.08870896448266e-05
2.24500000000000e+00 1.90135435278321e+00 1.90138366237698e+00 2.93095937711207e-05
2.25000000000000e+00 1.90448097710246e+00 1.90450849718747e+00 2.75200850177182e-05
2.25500000000000e+00 1.91059057726657e+00 1.91061619184595e+00 2.56145793777751e-05
2.26000000000000e+00 1.91967240361099e+00 1.91969611683971e+00 2.37132287186359e-05
2.26500000000000e+00 1.93169678085614e+00 1.93171872048530e+00 2.19396291567531e-05
2.27000000000000e+00 1.94661530298175e+00 1.94663570460343e+00 2.04016216782676e-05
2.27500000000000e+00 1.96436113944781e+00 1.96438031592140e+00 1.91764735899547e-05
2.28000000000000e+00 1.98484944909609e+00 1.98486775140779e+00 1.83023116975267e-05
2.28500000000000e+00 2.00797789858169e+00 2.00799567504205e+00 1.77764603623842e-05
2.29000000000000e+00 2.03362728269108e+00 2.03364484283446e+00 1.75601433798356e-05
2.29500000000000e+00 2.06166224421086e+00 2.06167983224433e+00 1.75880334718492e-05
2.30000000000000e+00 2.09193209098330e+00 2.09194987150091e+00 1.77805176102552e-05
2.30500000000000e+00 2.12427170735881e+00 2.12428976371522e+00 1.80563564065039e-05
2.31000000000000e+00 2.15850255644598e+00 2.15852090008677e+00 1.83436407930060e-05
2.31500000000000e+00 2.19443376845082e+00 2.19445235595975e+00 1.85875089253607e-05
2.32000000000000e+00 2.23186330912152e+00 2.23188206297221e+00 1.87538506963847e-05
2.32500000000000e+00 2.27057922103100e+00 2.27059805007310e+00 1.88290420997106e-05
2.33000000000000e+00 2.31036092929041e+00 2.31037974575665e+00 1.88164662371371e-05
2.33500000000000e+00 2.35098060241588e+00 2.35099933348698e+00 1.87310710928479e-05
2.34000000000000e+00 2.39220455854350e+00 2.39222315195699e+00 1.85934134964150e-05
2.34500000000000e+00 2.43379470701845e+00 2.43381313154985e+00 1.84245314018838e-05
2.35000000000000e+00 2.47551001553084e+00 2.47552825814758e+00 1.82426167367744e-05
2.35500000000000e+00 2.51710799334178e+00 2.51712605526309e+00 1.80619213074884e-05
2.36000000000000e+00 2.55834618161992e+00 2.55836407535858e+00 1.78937386654532e-05
2.36500000000000e+00 2.59898364236700e+00 2.59900139115685e+00 1.77487898471718e-05
2.37000000000000e+00 2.63878243774582e+00 2.63880007775179e+00 1.76400059634929e-05
2.37500000000000e+00 2.67750909176973e+00 2.67752667638138e+00 1.75846116481360e-05
2.38000000000000e+00 2.71493602625406e+00 2.71495363083914e+00 1.76045850799333e-05
2.38500000000000e+00 2.75084296270366e+00 2.75086068766886e+00 1.77249651986955e-05
2.39000000000000e+00 2.78501828150012e+00 2.78503625151058e+00 1.79700104596670e-05
2.39500000000000e+00 2.81726032946700e+00 2.81727868724248e+00 1.83577754762076e-05
2.40000000000000e+00 2.84737866674880e+00 2.84739756089084e+00 1.88941420433686e-05
2.40500000000000e+00 2.87519524404032e+00 2.87521481165829e+00 1.95676179695070e-05
2.41000000000000e+00 2.90054550161139e+00 2.90056584784471e+00 2.03462333261406e-05
2.41500000000000e+00 2.92327938230273e+00 2.92330055990463e+00 2.11776019063414e-05
2.42000000000000e+00 2.94326225168410e+00 2.94328424439572e+00 2.19927116202889e-05
2.42500000000000e+00 2.96037571977838e+00 2.96039843312221e+00 2.27133438284177e-05
2.43000000000000e+00 2.97451836004663e+00 2.97454162236171e+00 2.32623150835387e-05
2.43500000000000e+00 2.98560632256499e+00 2.98562989767982e+00 2.35751148283114e-05
2.44000000000000e+00 2.99357383938125e+00 2.99359745048043e+00 2.36110991798100e-05
2.44500000000000e+00 2.99837362082462e+00 2.99839698310739e+00 2.33622827767732e-05
2.45000000000000e+00 2.99997714201069e+00 3.00000000000000e+00 2.28579893071235e-05
2.45500000000000e+00 2.99837481894622e+00 2.99839698310739e+00 2.21641611726220e-05
2.46000000000000e+00 2.99357607356149e+00 2.99359745048044e+00 2.13769189438828e-05
2.46500000000000e+00 2.98560928679671e+00 2.98562989767982e+00 2.06108831095619e-05
2.47000000000000e+00 2.97452163868399e+00 2.97454162236171e+00 1.99836777237117e-05
2.47500000000000e+00 2.96037883434872e+00 2.96039843312221e+00 1.95987734845637e-05
2.48000000000000e+00 2.94326471513321e+00 2.94328424439572e+00 1.95292625182475e-05
2.48500000000000e+00 2.92328075470903e+00 2.92330055990464e+00 1.98051956075140e-05
2.49000000000000e+00 2.90054544112275e+00 2.90056584784471e+00 2.04067219677917e-05
2.49500000000000e+00 2.87519354716967e+00 2.87521481165830e+00 2.12644886263824e-05
2.50000000000000e+00 2.84737529320700e+00 2.84739756089084e+00 2.22676838470548e-05
2.50500000000000e+00 2.81725540833568e+00 2.81727868724248e+00 2.32789067977635e-05
2.51000000000000e+00 2.78501209760784e+00 2.78503625151058e+00 2.41539027450166e-05
2.51500000000000e+00 2.75083592435540e+00 2.75086068766886e+00 2.47633134549119e-05
2.52000000000000e+00 2.71492861772126e+00 2.71495363083915e+00 2.50131178889390e-05
2.52500000000000e+00 2.67750181589974e+00 2.67752667638138e+00 2.48604816444065e-05
2.53000000000000e+00 2.63877575543519e+00 2.63880007775179e+00 2.43223165981021e-05
2.53500000000000e+00 2.59897791625068e+00 2.59900139115685e+00 2.34749061687189e-05
2.54000000000000e+00 2.55834163103379e+00 2.55836407535859e+00 2.24443247942574e-05
2.54500000000000e+00 2.51710466640541e+00 2.51712605526309e+00 2.13888576849897e-05
2.55000000000000e+00 2.47550778218178e+00 2.47552825814758e+00 2.04759658002374e-05
2.55500000000000e+00 2.43379327423954e+00 2.43381313154985e+00 1.98573103089572e-05
2.56000000000000e+00 2.39220350618516e+00 2.39222315195700e+00 1.96457718391052e-05
2.56500000000000e+00 2.35097943530557e+00 2.35099933348698e+00 1.98981814145682e-05
2.57000000000000e+00 2.31035913912020e+00 2.31037974575666e+00 2.06066364585311e-05
2.57500000000000e+00 2.27057635014399e+00 2.27059805007310e+00 2.16999291047237e-05
2.58000000000000e+00 2.23185900799308e+00 2.23188206297222e+00 2.30549791404577e-05
2.58500000000000e+00 2.19442783944969e+00 2.19445235595975e+00 2.45165100611899e-05
2.59000000000000e+00 2.15849497827117e+00 2.15852090008678e+00 2.59218156006824e-05
2.59500000000000e+00 2.12426263713520e+00 2.12428976371522e+00 2.71265800186882e-05
2.60000000000000e+00 2.09192184399987e+00 2.09194987150091e+00 2.80275010462461e-05
2.60500000000000e+00 2.06165125427306e+00 2.06167983224433e+00 2.85779712725365e-05
2.61000000000000e+00 2.03361604860586e+00 2.03364484283446e+00 2.87942286045784e-05
2.61500000000000e+00 2.00796692404049e+00 2.00799567504205e+00 2.87510015648529e-05
2.62000000000000e+00 1.98483918393074e+00 1.98486775140779e+00 2.85674770481581e-05
2.62500000000000e+00 1.96435192982836e+00 1.96438031592140e+00 2.83860930434532e-05
2.63000000000000e+00 1.94660735669710e+00 1.94663570460343e+00 2.83479063296621e-05
2.63500000000000e+00 1.93169015161261e+00 1.93171872048530e+00 2.85688726819888e-05
2.64000000000000e+00 1.91966699565566e+00 1.91969611683971e+00 2.91211840492966e-05
2.64500000000000e+00 1.91058616899349e+00 1.91061619184595e+00 3.00228524621193e-05
2.65000000000000e+00 1.90447726001114e+00 1.90450849718747e+00 3.12371763340202e-05
2.65500000000000e+00 1.90135098052200e+00 1.90138366237698e+00 3.26818549860608e-05
2.66000000000000e+00 1.90119909020187e+00 1.90123333589028e+00 3.42456884063758e-05
2.66500000000000e+00 1.90399443409335e+00 1.90403024347033e+00 3.58093769790013e-05
2.67000000000000e+00 1.90969109702162e+00 1.90972836324032e+00 3.72662186933770e-05
2.67500000000000e+00 1.91822467788972e+00 1.91826321654437e+00 3.85386546479793e-05
2.68000000000000e+00 1.92951268509953e+00 1.92955227272105e+00 3.95876215184554e-05
2.68500000000000e+00 1.94345505198629e+00 1.94349546531226e+00 4.04133259659378e-05
2.69000000000000e+00 1.95993476852750e+00 1.95997581652323e+00 4.10479957313470e-05
2.69500000000000e+00 1.97881862314502e+00 1.97886016608158e+00 4.15429365601128e-05
2.70000000000000e+00 1.99995804659486e+00 2.00000000000000e+00 4.19534051412374e-05
2.70500000000000e+00 2.02319004903278e+00 2.02323237413106e+00 4.23250982835022e-05
2.71000000000000e+00 2.04833824144025e+00 2.04838092681811e+00 4.26853778550118e-05
2.71500000000000e+00 2.07521393352224e+00 2.07525697439691e+00 4.30408746718847e-05
2.72000000000000e+00 2.10361730155226e+00 2.10366068279205e+00 4.33812397946376e-05
2.72500000000000e+00 2.13333862092073e+00 2.13338230798255e+00 4.36870618178986e-05
2.73000000000000e+00 2.16415955883967e+00 2.16420349768687e+00 4.39388471988877e-05
2.73500000000000e+00 2.19585452243526e+00 2.19589864623990e+00 4.41238046402503e-05
2.74000000000000e+00 2.22819205626364e+00 2.22823629430637e+00 4.42380427299049e-05
2.74500000000000e+00 2.26093628136617e+00 2.26098056479902e+00 4.42834328495678e-05
2.75000000000000e+00 2.29384836583707e+00 2.29389262614624e+00 4.42603091630467e-05
2.75500000000000e+00 2.32668801511243e+00 2.32673217388556e+00 4.41587731310200e-05
2.76000000000000e+00 2.35921496932739e+00 2.35925892144618e+00 4.39521187880487e-05
2.76500000000000e+00 2.39119049540777e+00 2.39123409092702e+00 4.35955192479298e-05
2.77000000000000e+00 2.42237886299893e+00 2.42242189467697e+00 4.30316780373197e-05
2.77500000000000e+00 2.45254879549651e+00 2.45259099854052e+00 4.22030440017096e-05
2.78000000000000e+00 2.48147488971727e+00 2.48151595774496e+00 4.10680276838882e-05
2.78500000000000e+00 2.50893899948672e+00 2.50897861657418e+00 3.96170874621404e-05
2.79000000000000e+00 2.53473157913240e+00 2.53476946319709e+00 3.78840646955148e-05
2.79500000000000e+00 2.55865298236916e+00 2.55868893129538e+00 3.59489262153900e-05
2.80000000000000e+00 2.58051471051049e+00 2.58054864046305e+00 3.39299525586867e-05
2.80500000000000e+00 2.60014060180602e+00 2.60017256772797e+00 3.19659219569779e-05
2.81000000000000e+00 2.61736795162291e+00 2.61739814297001e+00 3.01913470956983e-05
2.81500000000000e+00 2.63204855178370e+00 2.63207726147960e+00 2.87096959028510e-05
2.82000000000000e+00 2.64404963710297e+00 2.64407720741157e+00 2.75703086067836e-05
2.82500000000000e+00 2.65325472821072e+00 2.65328148243819e+00 2.67542274676735e-05
2.83000000000000e+00 2.65956436199086e+00 2.65959053448992e+00 2.61724990568979e-05
2.83500000000000e+00 2.66289670402189e+00 2.66292238208847e+00 2.56780665748302e-05
2.84000000000000e+00 2.66318804075255e+00 2.66321313042021e+00 2.50896676656787e-05
2.84500000000000e+00 2.66039315221765e+00 2.66041737596564e+00 2.42237479834984e-05
2.85000000000000e+00 2.65448556842564e+00 2.65450849718747e+00 2.29287618345175e-05
2.85500000000000e+00 2.64545771382876e+00 2.64547882948272e+00 2.11156539537960e-05
2.86000000000000e+00 2.63332094443393e+00 2.63333972331719e+00 1.87788832599622e-05
2.86500000000000e+00 2.61810548125107e+00 2.61812148518152e+00 1.60039304595294e-05
2.87000000000000e+00 2.59986024220495e+00 2.59987320173000e+00 1.29595250522030e-05
2.87500000000000e+00 2.57865257275942e+00 2.57866244818360e+00 9.87542417218989e-06
2.88000000000000e+00 2.55456787375924e+00 2.55457488279246e+00 7.00903321160240e-06
2.88500000000000e+00 2.52770912378340e+00 2.52771372985530e+00 4.60607190433393e-06
2.89000000000000e+00 2.49819629292431e+00 2.49819915448034e+00 2.86155602680083e-06
2.89500000000000e+00 2.46616564551942e+00 2.46616753293972e+00 1.88742029916256e-06
2.90000000000000e+00 2.43176893096304e+00 2.43177062311339e+00 1.69215035716874e-06
2.90500000000000e+00 2.39517246415960e+00 2.39517464013388e+00 2.17597428342486e-06
2.91000000000000e+00 2.35655610015762e+00 2.35655924292839e+00 3.14277076940428e-06
2.91500000000000e+00 2.31611211065166e+00 2.31611643790350e+00 4.32725183552307e-06
2.92000000000000e+00 2.27404397295487e+00 2.27404940652904e+00 5.43357416171730e-06
2.92500000000000e+00 2.23056508435057e+00 2.23057126404647e+00 6.17969589233880e-06
2.93000000000000e+00 2.18589741613982e+00 2.18590375695213e+00 6.34081231032368e-06
2.93500000000000e+00 2.14027012205133e+00 2.14027590728278e+00 5.78523144412202e-06
2.94000000000000e+00 2.09391811496516e+00 2.09392261205918e+00 4.49709402694509e-06
2.94500000000000e+00 2.04708062427017e+00 2.04708320651984e+00 2.58224967097931e-06
2.95000000000000e+00 1.99999974391142e+00 2.00000000000000e+00 2.56088585670611e-07
2.95500000000000e+00 1.95291897865953e+00 1.95291679348017e+00 2.18517936323437e-06
2.96000000000000e+00 1.90608179375675e+00 1.90607738794082e+00 4.40581592786593e-06
2.96500000000000e+00 1.85973017124016e+00 1.85972409271723e+00 6.07852292633382e-06
2.97000000000000e+00 1.81410317519978e+00 1.81409624304787e+00 6.93215190494811e-06
2.97500000000000e+00 1.76943552815432e+00 1.76942873595354e+00 6.79220078736442e-06
2.98000000000000e+00 1.72595620162089e+00 1.72595059347097e+00 5.60814991357184e-06
2.98500000000000e+00 1.68388702566434e+00 1.68388356209651e+00 3.46356783587076e-06
2.99000000000000e+00 1.64344132445542e+00 1.64344075707161e+00 5.67383807048571e-07
2.99500000000000e+00 1.60482258727996e+00 1.60482535986612e+00 2.77258615266618e-06
3.00000000000000e+00 1.56822318663384e+00 1.56822937688661e+00 6.19025277681651e-06
3.00500000000000e+00 1.53382315665104e+00 1.53383246706028e+00 9.31040924534443e-06
3.01000000000000e+00 1.50178904587318e+00 1.50180084551966e+00 1.17996464881198e-05
3.01500000000000e+00 1.47227285812598e+00 1.47228627014470e+00 1.34120187225140e-05
3.02000000000000e+00 1.44541109401243e+00 1.44542511720755e+00 1.40231951177849e-05
3.02500000000000e+00 1.42132390338854e+00 1.42133755181641e+00 1.36484278630000e-05
3.03000000000000e+00 1.40011435639524e+00 1.40012679827000e+00 1.24418747586841e-05
3.03500000000000e+00 1.38186783749457e+00 1.38187851481848e+00 1.06773239059166e-05
3.04000000000000e+00 1.36665156384488e+00 1.36666027668282e+00 8.71283793779654e-06
3.04500000000000e+00 1.35451422657634e+00 1.35452117051728e+00 6.94394094691297e-06
3.05000000000000e+00 1.34548575136500e+00 1.34549150281253e+00 5.75144752468226e-06
3.05500000000000e+00 1.33957717333101e+00 1.33958262403436e+00 5.45070334889708e-06
3.06000000000000e+00 1.33678062077669e+00 1.33678686957979e+00 6.24880309474385e-06
3.06500000000000e+00 1.33706940259585e+00 1.33707761791153e+00 8.21531568040434e-06
3.07000000000000e+00 1.34039819518683e+00 1.34040946551008e+00 1.12703232491018e-05
3.07500000000000e+00 1.34670332616986e+00 1.34671851756181e+00 1.51913919557156e-05
3.08000000000000e+00 1.35590315387431e+00 1.35592279258843e+00 1.96387141115917e-05
3.08500000000000e+00 1.36789854313569e+00 1.36792273852040e+00 2.41953847122112e-05
3.09000000000000e+00 1.38257343915375e+00 1.38260185702999e+00 2.84178762428589e-05
3.09500000000000e+00 1.39979554178892e+00 1.39982743227203e+00 3.18904831082545e-05
3.10000000000000e+00 1.41941708256064e+00 1.41945135953695e+00 3.42769763090889e-05
3.10500000000000e+00 1.44127570569900e+00 1.44131106870462e+00 3.53630056255660e-05
3.11000000000000e+00 1.46519545292377e+00 1.46523053680290e+00 3.50838791289831e-05
3.11500000000000e+00 1.49098784931523e+00 1.49102138342582e+00 3.35341105930365e-05
3.12000000000000e+00 1.51845308490858e+00 1.51848404225504e+00 3.09573464567503e-05
3.12500000000000e+00 1.54738128376017e+00 1.54740900145948e+00 2.77176993086492e-05
3.13000000000000e+00 1.57755384949320e+00 1.57757810532302e+00 2.42558298204631e-05
3.13500000000000e+00 1.60874487402573e+00 1.60876590907298e+00 2.10350472495957e-05
3.14000000000000e+00 1.64072259455841e+00 1.64074107855382e+00 1.84839954135985e-05
3.14500000000000e+00 1.67325088312828e+00 1.67326782611444e+00 1.69429861562875e-05
3.15000000000000e+00 1.70609075319144e+00 1.70610737385376e+00 1.66206623211096e-05
3.15500000000000e+00 1.73900186874747e+00 1.73901943520098e+00 1.75664535146947e-05
3.16000000000000e+00 1.77174404331959e+00 1.77176370569363e+00 1.96623740353896e-05
3.16500000000000e+00 1.80407871842271e+00 1.80410135376010e+00 2.26353373868893e-05
3.17000000000000e+00 1.83577041368884e+00 1.83579650231313e+00 2.60886242855474e-05
3.17500000000000e+00 1.86658814325603e+00 1.86661769201745e+00 2.95487614203616e-05
3.18000000000000e+00 1.89630679505642e+00 1.89633931720795e+00 3.25221515209417e-05
3.18500000000000e+00 1.92470847101734e+00 1.92474302560309e+00 3.45545857507457e-05
3.19000000000000e+00 1.95158378676110e+00 1.95161907318189e+00 3.52864207886494e-05
3.19500000000000e+00 1.97673312911364e+00 1.97676762586893e+00 3.44967552938780e-05
3.20000000000000e+00 1.99996786868425e+00 2.00000000000000e+00 3.21313157558567e-05
3.20500000000000e+00 2.02111152314218e+00 2.02113983391842e+00 2.83107762437673e-05
3.21000000000000e+00 2.04000086485156e+00 2.04002418347677e+00 2.33186252089901e-05
3.21500000000000e+00 2.05648696453974e+00 2.05650453468774e+00 1.75701480014112e-05
3.22000000000000e+00 2.07043616097088e+00 2.07044772727895e+00 1.15663080726414e-05
3.22500000000000e+00 2.08173094543981e+00 2.08173678345563e+00 5.83801582143550e-06
3.23000000000000e+00 2.09027074948109e+00 2.09027163675968e+00 8.87278591932272e-07
3.23500000000000e+00 2.09597262459592e+00 2.09596975652967e+00 2.86806624272273e-06
3.24000000000000e+00 2.09877180402320e+00 2.09876666410972e+00 5.13991347839138e-06
3.24500000000000e+00 2.09862213851188e+00 2.09861633762302e+00 5.80088886170671e-06
3.25000000000000e+00 2.09549640050197e+00 2.09549150281253e+00 4.89768944600399e-06
3.25500000000000e+00 2.08938645385759e+00 2.08938380815405e+00 2.64570354158167e-06
3.26000000000000e+00 2.08030328906521e+00 2.08030388316029e+00 5.94095079353707e-07
3.26500000000000e+00 2.06827692637868e+00 2.06828127951470e+00 4.35313602098475e-06
3.27000000000000e+00 2.05335619156601e+00 2.05336429539657e+00 8.10383055727115e-06
3.27500000000000e+00 2.03560837055636e+00 2.03561968407860e+00 1.13135222381544e-05
3.28000000000000e+00 2.01511875033508e+00 2.01513224859221e+00 1.34982571347031e-05
3.28500000000000e+00 1.99199005389192e+00 1.99200432495795e+00 1.42710660311351e-05
3.29000000000000e+00 1.96634177695563e+00 1.96635515716554e+00 1.33802099104852e-05
3.29500000000000e+00 1.93830943375688e+00 1.93832016775567e+00 1.07339987931443e-05
3.30000000000000e+00 1.90804371828836e+00 1.90805012849909e+00 6.41021072556036e-06
3.30500000000000e+00 1.87570958662702e+00 1.87571023628479e+00 6.49657761808697e-07
3.31000000000000e+00 1.84148526499314e+00 1.84147909991323e+00 6.16507990991444e-06
3.31500000000000e+00 1.80556118747355e+00 1.80554764404025e+00 1.35434332952933e-05
3.32000000000000e+00 1.76813886682947e+00 1.76811793702778e+00 2.09298016820014e-05
3.32500000000000e+00 1.72942970161020e+00 1.72940194992690e+00 2.77516833013802e-05
3.33000000000000e+00 1.68965372293188e+00 1.68962025424335e+00 3.34686885310465e-05
3.33500000000000e+00 1.64903828475019e+00 1.64900066651302e+00 3.76182371719658e-05
3.34000000000000e+00 1.60781670222263e+00 1.60777684804301e+00 3.98541796260421e-05
3.34500000000000e+00 1.56622684375780e+00 1.56618686845015e+00 3.99753076463227e-05
3.35000000000000e+00 1.52450968350927e+00 1.52447174185243e+00 3.79416568419000e-05
3.35500000000000e+00 1.48290782229955e+00 1.48287394473692e+00 3.38775626322896e-05
3.36000000000000e+00 1.44166398616539e+00 1.44163592464142e+00 2.80615239709459e-05
3.36500000000000e+00 1.40101951281145e+00 1.40099860884315e+00 2.09039683023438e-05
3.37000000000000e+00 1.36121283716820e+00 1.36119992224821e+00 1.29149199845635e-05
3.37500000000000e+00 1.32247798791058e+00 1.32247332361862e+00 4.66429196599449e-06
3.38000000000000e+00 1.28504310716265e+00 1.28504636916086e+00 3.26199820643858e-06
3.38500000000000e+00 1.24912900566681e+00 1.24913931233114e+00 1.03066643353245e-05
3.39000000000000e+00 1.21494776543245e+00 1.21496374848942e+00 1.59830569739228e-05
3.39500000000000e+00 1.18270140131330e+00 1.18272131275752e+00 1.99114442263060e-05
3.40000000000000e+00 1.15258059213088e+00 1.15260243910916e+00 2.18469782755637e-05
3.40500000000000e+00 1.12476349090935e+00 1.12478518834171e+00 2.16974323554719e-05
3.41000000000000e+00 1.09941462257338e+00 1.09943415215529e+00 1.95295819043206e-05
3.41500000000000e+00 1.07668387614792e+00 1.07669944009537e+00 1.55639474421765e-05
3.42000000000000e+00 1.05670559715065e+00 1.05671575560428e+00 1.01584536260635e-05
3.42500000000000e+00 1.03959778454615e+00 1.03960156687779e+00 3.78233164344266e-06
3.43000000000000e+00 1.02546139538877e+00 1.02545837763829e+00 3.01775048061614e-06
3.43500000000000e+00 1.01437975916361e+00 1.01437010232018e+00 9.65684342868478e-06
3.44000000000000e+00 1.00641810287380e+00 1.00640254951957e+00 1.55533542327557e-05
3.44500000000000e+00 1.00162318713726e+00 1.00160301689261e+00 2.01702446529506e-05
3.45000000000000e+00 1.00002305295155e+00 1.00000000000000e+00 2.30529515476974e-05
3.45500000000000e+00 1.00162687835535e+00 1.00160301689261e+00 2.38614627456890e-05
3.46000000000000e+00 1.00642494393890e+00 1.00640254951956e+00 2.23944193344927e-05
3.46500000000000e+00 1.01438870600530e+00 1.01437010232018e+00 1.86036851210769e-05
3.47000000000000e+00 1.02547097612343e+00 1.02545837763829e+00 1.25984851446770e-05
3.47500000000000e+00 1.03960620580051e+00 1.03960156687779e+00 4.63892271351796e-06
3.48000000000000e+00 1.05671087499572e+00 1.05671575560427e+00 4.88060855841077e-06
3.48500000000000e+00 1.07668398315518e+00 1.07669944009536e+00 1.54569401809024e-05
3.49000000000000e+00 1.09940764133492e+00 1.09943415215529e+00 2.65108203689746e-05
3.49500000000000e+00 1.12474776376271e+00 1.12478518834171e+00 3.74245789938055e-05
3.50000000000000e+00 1.15255485684869e+00 1.15260243910915e+00 4.75822604615317e-05
3.50500000000000e+00 1.18266490317545e+00 1.18272131275752e+00 5.64095820705379e-05
3.51000000000000e+00 1.21490033737964e+00 1.21496374848942e+00 6.34111097828072e-05
3.51500000000000e+00 1.24907111008588e+00 1.24913931233114e+00 6.82022452600517e-05
3.52000000000000e+00 1.28497583518945e+00 1.28504636916085e+00 7.05339714006659e-05
3.52500000000000e+00 1.32240301483338e+00 1.32247332361861e+00 7.03087852358397e-05
3.53000000000000e+00 1.36113233542373e+00 1.36119992224821e+00 6.75868244808253e-05
3.53500000000000e+00 1.40093602701339e+00 1.40099860884315e+00 6.25818297541603e-05
3.54000000000000e+00 1.44158027740318e+00 1.44163592464141e+00 5.56472382244877e-05
3.54500000000000e+00 1.48282669140265e+00 1.48287394473691e+00 4.72533342612547e-05
3.55000000000000e+00 1.52443378490308e+00 1.52447174185242e+00 3.79569493436094e-05
3.55500000000000e+00 1.56615850277826e+00 1.56618686845015e+00 2.83656718900183e-05
3.56000000000000e+00 1.60775774917443e+00 1.60777684804300e+00 1.90988685653259e-05
3.56500000000000e+00 1.64898991850069e+00 1.64900066651302e+00 1.07480123316961e-05
3.57000000000000e+00 1.68961641539648e+00 1.68962025424335e+00 3.83884686327995e-06
3.57500000000000e+00 1.72940315213500e+00 1.72940194992690e+00 1.20220809685101e-06
3.58000000000000e+00 1.76812201231000e+00 1.76811793702778e+00 4.07528221524345e-06
3.58500000000000e+00 1.80555227023182e+00 1.80554764404025e+00 4.62619156982313e-06
3.59000000000000e+00 1.84148195619632e+00 1.84147909991322e+00 2.85628309582009e-06
3.59500000000000e+00 1.87570915865609e+00 1.87571023628478e+00 1.07762868983841e-06
3.60000000000000e+00 1.90804325527631e+00 1.90805012849909e+00 6.87322277959090e-06
3.60500000000000e+00 1.93830606585786e+00 1.93832016775567e+00 1.41018978065954e-05
3.61000000000000e+00 1.96633292111620e+00 1.96635515716554e+00 2.22360493458140e-05
3.61500000000000e+00 1.99197364227794e+00 1.99200432495795e+00 3.06826800082760e-05
3.62000000000000e+00 2.01509342736434e+00 2.01513224859221e+00 3.88212278732425e-05
3.62500000000000e+00 2.03557364084409e+00 2.03561968407860e+00 4.60432345081863e-05
3.63000000000000e+00 2.05331250403880e+00 2.05336429539657e+00 5.17913577713358e-05
3.63500000000000e+00 2.06822568424125e+00 2.06828127951470e+00 5.55952734559995e-05
3.64000000000000e+00 2.08024678095918e+00 2.08030388316029e+00 5.71022011057742e-05
3.64500000000000e+00 2.08932770803275e+00 2.08938380815405e+00 5.61001213030821e-05
3.65000000000000e+00 2.09543897060831e+00 2.09549150281253e+00 5.25322042177478e-05
3.65500000000000e+00 2.09856983610855e+00 2.09861633762302e+00 4.65015144670566e-05
3.66000000000000e+00 2.09872839844711e+00 2.09876666410972e+00 3.82656626118916e-05
3.66500000000000e+00 2.09594153482831e+00 2.09596975652967e+00 2.82217013625186e-05
3.67000000000000e+00 2.09025475458255e+00 2.09027163675968e+00 1.68821771331373e-05
3.67500000000000e+00 2.08173193964941e+00 2.08173678345563e+00 4.84380621568192e-06
3.68000000000000e+00 2.07045497656305e+00 2.07044772727895e+00 7.24928409656656e-06
3.68500000000000e+00 2.05652328014432e+00 2.05650453468774e+00 1.87454565789835e-05
3.69000000000000e+00 2.04005320957908e+00 2.04002418347677e+00 2.90261023065952e-05
3.69500000000000e+00 2.02117737817285e+00 2.02113983391842e+00 3.75442544315874e-05
3.70000000000000e+00 2.00004385881960e+00 2.00000000000000e+00 4.38588195974532e-05
3.70500000000000e+00 1.97681528809749e+00 1.97676762586894e+00 4.76622285512374e-05
3.71000000000000e+00 1.95166787289011e+00 1.95161907318189e+00 4.87997082141423e-05
3.71500000000000e+00 1.92479030449928e+00 1.92474302560309e+00 4.72788961924930e-05
3.72000000000000e+00 1.89638258633164e+00 1.89633931720795e+00 4.32691236909033e-05
3.72500000000000e+00 1.86665478236526e+00 1.86661769201745e+00 3.70903478041917e-05
3.73000000000000e+00 1.83582569469033e+00 1.83579650231313e+00 2.91923771948976e-05
3.73500000000000e+00 1.80412147942540e+00 1.80410135376010e+00 2.01256652978543e-05
3.74000000000000e+00 1.77177421119421e+00 1.77176370569363e+00 1.05055005825694e-05
3.74500000000000e+00 1.73902040706954e+00 1.73901943520098e+00 9.71868556520761e-07
3.75000000000000e+00 1.70609952141740e+00 1.70610737385376e+00 7.85243636292066e-06
3.75500000000000e+00 1.67325242338470e+00 1.67326782611444e+00 1.54027297381010e-05
3.76000000000000e+00 1.64071986885313e+00 1.64074107855382e+00 2.12097006915268e-05
3.76500000000000e+00 1.60874097853035e+00 1.60876590907298e+00 2.49305426345270e-05
3.77000000000000e+00 1.57755173347703e+00 1.57757810532303e+00 2.63718460002949e-05
3.77500000000000e+00 1.54738349879567e+00 1.54740900145948e+00 2.55026638134037e-05
3.78000000000000e+00 1.51846158546669e+00 1.51848404225504e+00 2.24567883551074e-05
3.78500000000000e+00 1.49100385944744e+00 1.49102138342582e+00 1.75239783812842e-05
3.79000000000000e+00 1.46521940619668e+00 1.46523053680291e+00 1.11306062262617e-05
3.79500000000000e+00 1.44130725779841e+00 1.44131106870462e+00 3.81090621659474e-06
3.80000000000000e+00 1.41945518888367e+00 1.41945135953695e+00 3.82934672149560e-06
3.80500000000000e+00 1.39983858663272e+00 1.39982743227203e+00 1.11543606906572e-05
3.81000000000000e+00 1.38261939932233e+00 1.38260185702999e+00 1.75422923376356e-05
3.81500000000000e+00 1.36794516719750e+00 1.36792273852040e+00 2.24286771046689e-05
3.82000000000000e+00 1.35594813891312e+00 1.35592279258843e+00 2.53463246902008e-05
3.82500000000000e+00 1.34674447642118e+00 1.34671851756181e+00 2.59588593647386e-05
3.83000000000000e+00 1.34043355096988e+00 1.34040946551008e+00 2.40854597990392e-05
3.83500000000000e+00 1.33709733281683e+00 1.33707761791153e+00 1.97149052933998e-05
3.84000000000000e+00 1.33679987731371e+00 1.33678686957979e+00 1.30077339284274e-05
3.84500000000000e+00 1.33958691015616e+00 1.33958262403436e+00 4.28612179836918e-06
3.85000000000000e+00 1.34548551476345e+00 1.34549150281253e+00 5.98804907858685e-06
3.85500000000000e+00 1.35450392490810e+00 1.35452117051728e+00 1.72456091880324e-05
3.86000000000000e+00 1.36663142579895e+00 1.36666027668282e+00 2.88508838677259e-05
3.86500000000000e+00 1.38183836678096e+00 1.38187851481848e+00 4.01480375125107e-05
3.87000000000000e+00 1.40007628860146e+00 1.40012679826999e+00 5.05096685348150e-05
3.87500000000000e+00 1.42127816776560e+00 1.42133755181640e+00 5.93840508049670e-05
3.88000000000000e+00 1.44535877983474e+00 1.44542511720754e+00 6.63373727969319e-05
3.88500000000000e+00 1.47221518259710e+00 1.47228627014469e+00 7.10875475993245e-05
3.89000000000000e+00 1.50172731886251e+00 1.50180084551966e+00 7.35266571540993e-05
3.89500000000000e+00 1.53375873722647e+00 1.53383246706028e+00 7.37298338098213e-05
3.90000000000000e+00 1.56815742755007e+00 1.56822937688661e+00 7.19493365350932e-05
3.90500000000000e+00 1.60475676617370e+00 1.60482535986612e+00 6.85936924151864e-05
3.91000000000000e+00 1.64337656409472e+00 1.64344075707161e+00 6.41929768931959e-05
3.91500000000000e+00 1.68382420958053e+00 1.68388356209650e+00 5.93525159675590e-05
3.92000000000000e+00 1.72589589505175e+00 1.72595059347097e+00 5.46984192228983e-05
3.92500000000000e+00 1.76937791665295e+00 1.76942873595353e+00 5.08193005828161e-05
3.93000000000000e+00 1.81404803382375e+00 1.81409624304787e+00 4.82092241174126e-05
3.93500000000000e+00 1.85967687547458e+00 1.85972409271722e+00 4.72172426444484e-05
3.94000000000000e+00 1.90602937912847e+00 1.90607738794081e+00 4.80088123393507e-05
3.94500000000000e+00 1.95286624965917e+00 1.95291679348016e+00 5.05438209981168e-05
3.95000000000000e+00 1.99994542505864e+00 2.00000000000000e+00 5.45749413567442e-05
3.95500000000000e+00 2.04702353799537e+00 2.04708320651983e+00 5.96685244604878e-05
3.96000000000000e+00 2.09385736373679e+00 2.09392261205918e+00 6.52483223837486e-05
3.96500000000000e+00 2.14020524723236e+00 2.14027590728278e+00 7.06600504192245e-05
3.97000000000000e+00 2.18582850467909e+00 2.18590375695213e+00 7.52522730369520e-05
3.97500000000000e+00 2.23049279758062e+00 2.23057126404647e+00 7.84664658466383e-05
3.98000000000000e+00 2.27396947999722e+00 2.27404940652903e+00 7.99265318138787e-05
3.98500000000000e+00 2.31603692217732e+00 2.31611643790350e+00 7.95157261750390e-05
3.99000000000000e+00 2.35648181585451e+00 2.35655924292839e+00 7.74270738728156e-05
3.99500000000000e+00 2.39510046797163e+00 2.39517464013388e+00 7.41721622565805e-05
4.00000000000000e+00 2.43170009024488e+00 2.43177062311338e+00 7.05328685088880e-05
