variables = x, value-predict, value-true, error
0.00000000000000e+00 2.43106023135558e+00 2.43177062311339e+00 7.10391757806850e-04
5.00000000000000e-03 2.46548030267128e+00 2.46616753293972e+00 6.87230268439087e-04
1.00000000000000e-02 2.49754042843631e+00 2.49819915448034e+00 6.58726044023172e-04
1.50000000000000e-02 2.52709377054786e+00 2.52771372985530e+00 6.19959307443185e-04
2.00000000000000e-02 2.55400547728761e+00 2.55457488279246e+00 5.69405504843079e-04
2.50000000000000e-02 2.57815444047212e+00 2.57866244818360e+00 5.08007711479408e-04
3.00000000000000e-02 2.59943488564716e+00 2.59987320173000e+00 4.38316082848278e-04
3.50000000000000e-02 2.61775775899948e+00 2.61812148518152e+00 3.63726182041724e-04
4.00000000000000e-02 2.63305188227732e+00 2.63333972331718e+00 2.87841039863679e-04
4.50000000000000e-02 2.64526485616171e+00 2.64547882948272e+00 2.13973321008254e-04
5.00000000000000e-02 2.65436370258465e+00 2.65450849718747e+00 1.44794602825460e-04
5.50000000000000e-02 2.66033524671066e+00 2.66041737596564e+00 8.21292549799679e-05
6.00000000000000e-02 2.66318624891517e+00 2.66321313042021e+00 2.68815050490367e-05
6.50000000000000e-02 2.66294330538448e+00 2.66292238208847e+00 2.09232960144412e-05
7.00000000000000e-02 2.65965254233738e+00 2.65959053448992e+00 6.20078474655728e-05
7.50000000000000e-02 2.65337913292996e+00 2.65328148243819e+00 9.76504917686860e-05
8.00000000000000e-02 2.64420666749528e+00 2.64407720741157e+00 1.29460083702071e-04
8.50000000000000e-02 2.63223640697253e+00 2.63207726147960e+00 1.59145492926172e-04
9.00000000000000e-02 2.61758644651177e+00 2.61739814297001e+00 1.88303541756696e-04
9.50000000000000e-02 2.60039081178989e+00 2.60017256772797e+00 2.18244061916284e-04
1.00000000000000e-01 2.58079850514501e+00 2.58054864046305e+00 2.49864681960865e-04
1.05000000000000e-01 2.55897251286803e+00 2.55868893129538e+00 2.83581572656288e-04
1.10000000000000e-01 2.53508877948577e+00 2.53476946319709e+00 3.19316288672322e-04
1.15000000000000e-01 2.50933515013512e+00 2.50897861657418e+00 3.56533560942118e-04
1.20000000000000e-01 2.48191027853227e+00 2.48151595774496e+00 3.94320787312719e-04
1.25000000000000e-01 2.45302249579332e+00 2.45259099854052e+00 4.31497252798785e-04
1.30000000000000e-01 2.42288863451571e+00 2.42242189467697e+00 4.66739838735020e-04
1.35000000000000e-01 2.39173280299321e+00 2.39123409092702e+00 4.98712066192120e-04
1.40000000000000e-01 2.35978510601089e+00 2.35925892144618e+00 5.26184564709542e-04
1.45000000000000e-01 2.32728031107433e+00 2.32673217388556e+00 5.48137188766340e-04
1.50000000000000e-01 2.29445646185826e+00 2.29389262614624e+00 5.63835712028116e-04
1.55000000000000e-01 2.26155344379618e+00 2.26098056479902e+00 5.72878997156412e-04
1.60000000000000e-01 2.22881150978779e+00 2.22823629430637e+00 5.75215481418923e-04
1.65000000000000e-01 2.19646977673057e+00 2.19589864623990e+00 5.71130490670146e-04
1.70000000000000e-01 2.16476470580322e+00 2.16420349768687e+00 5.61208116351075e-04
1.75000000000000e-01 2.13392858102491e+00 2.13338230798255e+00 5.46273042361545e-04
1.80000000000000e-01 2.10418800152840e+00 2.10366068279205e+00 5.27318736343929e-04
1.85000000000000e-01 2.07576240322216e+00 2.07525697439691e+00 5.05428825242848e-04
1.90000000000000e-01 2.04886262512575e+00 2.04838092681811e+00 4.81698307639444e-04
1.95000000000000e-01 2.02368953473194e+00 2.02323237413107e+00 4.57160600875195e-04
2.00000000000000e-01 2.00043272538880e+00 2.00000000000000e+00 4.32725388799682e-04
2.05000000000000e-01 1.97926929703042e+00 1.97886016608158e+00 4.09130948843872e-04
2.10000000000000e-01 1.96036272974112e+00 1.95997581652323e+00 3.86913217884421e-04
2.15000000000000e-01 1.94386185773420e+00 1.94349546531226e+00 3.66392421940587e-04
2.20000000000000e-01 1.92989994946934e+00 1.92955227272105e+00 3.47676748291725e-04
2.25000000000000e-01 1.91859389790724e+00 1.91826321654437e+00 3.30681362872953e-04
2.30000000000000e-01 1.91004352337382e+00 1.90972836324032e+00 3.15160133500303e-04
2.35000000000000e-01 1.90433099022046e+00 1.90403024347033e+00 3.00746750131697e-04
2.40000000000000e-01 1.90152033744337e+00 1.90123333589028e+00 2.87001553090915e-04
2.45000000000000e-01 1.90165712266340e+00 1.90138366237698e+00 2.73460286421834e-04
2.50000000000000e-01 1.90476817835170e+00 1.90450849718747e+00 2.59681164223036e-04
2.55000000000000e-01 1.91086147888428e+00 1.91061619184595e+00 2.45287038336262e-04
2.60000000000000e-01 1.91992611687749e+00 1.91969611683971e+00 2.30000037776401e-04
2.65000000000000e-01 1.93193238724819e+00 1.93171872048530e+00 2.13666762893805e-04
2.70000000000000e-01 1.94683197750471e+00 1.94663570460343e+00 1.96272901281436e-04
2.75000000000000e-01 1.96455826285553e+00 1.96438031592140e+00 1.77946934122541e-04
2.80000000000000e-01 1.98502670477415e+00 1.98486775140779e+00 1.58953366357295e-04
2.85000000000000e-01 2.00813535163876e+00 2.00799567504205e+00 1.39676596706995e-04
2.90000000000000e-01 2.03376543993983e+00 2.03364484283446e+00 1.20597105374820e-04
2.95000000000000e-01 2.06178209429437e+00 2.06167983224433e+00 1.02262050043933e-04
3.00000000000000e-01 2.09203512410842e+00 2.09194987150091e+00 8.52526075068027e-05
3.05000000000000e-01 2.12435991418801e+00 2.12428976371522e+00 7.01504727969038e-05
3.10000000000000e-01 2.15857840592198e+00 2.15852090008677e+00 5.75058352114688e-05
3.15000000000000e-01 2.19450016486587e+00 2.19445235595975e+00 4.78089061246578e-05
3.20000000000000e-01 2.23192352967392e+00 2.23188206297222e+00 4.14667017003545e-05
3.25000000000000e-01 2.27063683638842e+00 2.27059805007310e+00 3.87863153168411e-05
3.30000000000000e-01 2.31041971114324e+00 2.31037974575665e+00 3.99653865899019e-05
3.35000000000000e-01 2.35104442341212e+00 2.35099933348698e+00 4.50899251411840e-05
3.40000000000000e-01 2.39227729107294e+00 2.39222315195700e+00 5.41391159454285e-05
3.45000000000000e-01 2.43388012780706e+00 2.43381313154985e+00 6.69962572068528e-05
3.50000000000000e-01 2.47561172273909e+00 2.47552825814758e+00 8.34645915142040e-05
3.55000000000000e-01 2.51722934177523e+00 2.51712605526309e+00 1.03286512139089e-04
3.60000000000000e-01 2.55849023983369e+00 2.55836407535859e+00 1.26164475105828e-04
3.65000000000000e-01 2.59915317308763e+00 2.59900139115685e+00 1.51781930776362e-04
3.70000000000000e-01 2.63897990045474e+00 2.63880007775179e+00 1.79822702951249e-04
3.75000000000000e-01 2.67773666385750e+00 2.67752667638138e+00 2.09987476118112e-04
3.80000000000000e-01 2.71519563721976e+00 2.71495363083915e+00 2.42006380617887e-04
3.85000000000000e-01 2.75113633473029e+00 2.75086068766886e+00 2.75647061433570e-04
3.90000000000000e-01 2.78534696955559e+00 2.78503625151058e+00 3.10718045004599e-04
3.95000000000000e-01 2.81762575488460e+00 2.81727868724248e+00 3.47067642117338e-04
4.00000000000000e-01 2.84778213989736e+00 2.84739756089084e+00 3.84579006515118e-04
4.05000000000000e-01 2.87563797393225e+00 2.87521481165829e+00 4.23162273955224e-04
4.10000000000000e-01 2.90102859275298e+00 2.90056584784471e+00 4.62744908265922e-04
4.15000000000000e-01 2.92380382136322e+00 2.92330055990464e+00 5.03261458586479e-04
4.20000000000000e-01 2.94382888827741e+00 2.94328424439572e+00 5.44643881688511e-04
4.25000000000000e-01 2.96098524652828e+00 2.96039843312221e+00 5.86813406076470e-04
4.30000000000000e-01 2.97517129699621e+00 2.97454162236171e+00 6.29674634494926e-04
4.35000000000000e-01 2.98630300990675e+00 2.98562989767982e+00 6.73112226929895e-04
4.40000000000000e-01 2.99431444060315e+00 2.99359745048043e+00 7.16990122717309e-04
4.45000000000000e-01 2.99915813600405e+00 2.99839698310739e+00 7.61152896658679e-04
4.50000000000000e-01 3.00080542855275e+00 3.00000000000000e+00 8.05428552747234e-04
4.55000000000000e-01 2.99924661499340e+00 2.99839698310739e+00 8.49631886007174e-04
4.60000000000000e-01 2.99449101800390e+00 2.99359745048043e+00 8.93567523466032e-04
4.65000000000000e-01 2.98656692958263e+00 2.98562989767982e+00 9.37031902807917e-04
4.70000000000000e-01 2.97552143611298e+00 2.97454162236171e+00 9.79813751264214e-04
4.75000000000000e-01 2.96142012616980e+00 2.96039843312221e+00 1.02169304759725e-03
4.80000000000000e-01 2.94434668331613e+00 2.94328424439572e+00 1.06243892040636e-03
4.85000000000000e-01 2.92440236727285e+00 2.92330055990464e+00 1.10180736821874e-03
4.90000000000000e-01 2.90170538783340e+00 2.90056584784471e+00 1.13953998868777e-03
4.95000000000000e-01 2.87639017664737e+00 2.87521481165829e+00 1.17536498907711e-03
5.00000000000000e-01 2.84860656245587e+00 2.84739756089084e+00 1.20900156502879e-03
5.05000000000000e-01 2.81851885551228e+00 2.81727868724248e+00 1.24016826980489e-03
5.10000000000000e-01 2.78630484681070e+00 2.78503625151058e+00 1.26859530011592e-03
5.15000000000000e-01 2.75215472747220e+00 2.75086068766886e+00 1.29403980334741e-03
5.20000000000000e-01 2.71626993335040e+00 2.71495363083915e+00 1.31630251125436e-03
5.25000000000000e-01 2.67886191977742e+00 2.67752667638138e+00 1.33524339603941e-03
5.30000000000000e-01 2.64015087152371e+00 2.63880007775179e+00 1.35079377191838e-03
5.35000000000000e-01 2.60036435359090e+00 2.59900139115685e+00 1.36296243404699e-03
5.40000000000000e-01 2.55973590941337e+00 2.55836407535859e+00 1.37183405478147e-03
5.45000000000000e-01 2.51850361434531e+00 2.51712605526309e+00 1.37755908221848e-03
5.50000000000000e-01 2.47690859380618e+00 2.47552825814758e+00 1.38033565860285e-03
5.55000000000000e-01 2.43519351693928e+00 2.43381313154985e+00 1.38038538942897e-03
5.60000000000000e-01 2.39360107788306e+00 2.39222315195700e+00 1.37792592606534e-03
5.65000000000000e-01 2.35237247755468e+00 2.35099933348698e+00 1.37314406770317e-03
5.70000000000000e-01 2.31174591905756e+00 2.31037974575665e+00 1.36617330090738e-03
5.75000000000000e-01 2.27195512938783e+00 2.27059805007310e+00 1.35707931473261e-03
5.80000000000000e-01 2.23322791906250e+00 2.23188206297222e+00 1.34585609028459e-03
5.85000000000000e-01 2.19578478974677e+00 2.19445235595975e+00 1.33243378702064e-03
5.90000000000000e-01 2.15983759810768e+00 2.15852090008677e+00 1.31669802090562e-03
5.95000000000000e-01 2.12558828219610e+00 2.12428976371522e+00 1.29851848088425e-03
6.00000000000000e-01 2.09322765489315e+00 2.09194987150091e+00 1.27778339223994e-03
6.05000000000000e-01 2.06293426756240e+00 2.06167983224433e+00 1.25443531807123e-03
6.10000000000000e-01 2.03487334618602e+00 2.03364484283446e+00 1.22850335155889e-03
6.15000000000000e-01 2.00919580201881e+00 2.00799567504205e+00 1.20012697675742e-03
6.20000000000000e-01 1.98603731917308e+00 1.98486775140779e+00 1.16956776529631e-03
6.25000000000000e-01 1.96551752246421e+00 1.96438031592140e+00 1.13720654280947e-03
6.30000000000000e-01 1.94773923013522e+00 1.94663570460343e+00 1.10352553178839e-03
6.35000000000000e-01 1.93278779750435e+00 1.93171872048530e+00 1.06907701905468e-03
6.40000000000000e-01 1.92073055886932e+00 1.91969611683971e+00 1.03444202960468e-03
6.45000000000000e-01 1.91161637587764e+00 1.91061619184595e+00 1.00018403168978e-03
6.50000000000000e-01 1.90547530079043e+00 1.90450849718747e+00 9.66803602952426e-04
6.55000000000000e-01 1.90231836246366e+00 1.90138366237698e+00 9.34700086678175e-04
6.60000000000000e-01 1.90213748139005e+00 1.90123333589028e+00 9.04145499778242e-04
6.65000000000000e-01 1.90490551786593e+00 1.90403024347033e+00 8.75274395603975e-04
6.70000000000000e-01 1.91057645447605e+00 1.90972836324032e+00 8.48091235728266e-04
6.75000000000000e-01 1.91908571093924e+00 1.91826321654437e+00 8.22494394864259e-04
6.80000000000000e-01 1.93035058629985e+00 1.92955227272105e+00 7.98313578806331e-04
6.85000000000000e-01 1.94427082084976e+00 1.94349546531226e+00 7.75355537505185e-04
6.90000000000000e-01 1.96072926832389e+00 1.95997581652323e+00 7.53451800656890e-04
6.95000000000000e-01 1.97959266800671e+00 1.97886016608158e+00 7.32501925131190e-04
7.00000000000000e-01 2.00071250644443e+00 2.00000000000000e+00 7.12506444426442e-04
7.05000000000000e-01 2.02392595935156e+00 2.02323237413106e+00 6.93585220494786e-04
7.10000000000000e-01 2.04905690578288e+00 2.04838092681811e+00 6.75978964773449e-04
7.15000000000000e-01 2.07591700838495e+00 2.07525697439691e+00 6.60033988042041e-04
7.20000000000000e-01 2.10430685520870e+00 2.10366068279205e+00 6.46172416642887e-04
7.25000000000000e-01 2.13401715985951e+00 2.13338230798255e+00 6.34851876962550e-04
7.30000000000000e-01 2.16483001747405e+00 2.16420349768687e+00 6.26519787177315e-04
7.35000000000000e-01 2.19652021404618e+00 2.19589864623990e+00 6.21567806276868e-04
7.40000000000000e-01 2.22885658599084e+00 2.22823629430637e+00 6.20291684469532e-04
7.45000000000000e-01 2.26160342564172e+00 2.26098056479902e+00 6.22860842696138e-04
7.50000000000000e-01 2.29452192680326e+00 2.29389262614624e+00 6.29300657019272e-04
7.55000000000000e-01 2.32737166272566e+00 2.32673217388556e+00 6.39488840098235e-04
7.60000000000000e-01 2.35991208715225e+00 2.35925892144618e+00 6.53165706071324e-04
7.65000000000000e-01 2.39190404758505e+00 2.39123409092702e+00 6.69956658026827e-04
7.70000000000000e-01 2.42311129876493e+00 2.42242189467697e+00 6.89404087962142e-04
7.75000000000000e-01 2.45330200365611e+00 2.45259099854052e+00 7.11005115593188e-04
7.80000000000000e-01 2.48225020899495e+00 2.48151595774496e+00 7.34251249986606e-04
7.85000000000000e-01 2.50973728269834e+00 2.50897861657418e+00 7.58666124157870e-04
7.90000000000000e-01 2.53555330107569e+00 2.53476946319709e+00 7.83837878600036e-04
7.95000000000000e-01 2.55949837477330e+00 2.55868893129538e+00 8.09443477916449e-04
8.00000000000000e-01 2.58138390360642e+00 2.58054864046305e+00 8.35263143371012e-04
8.05000000000000e-01 2.60103375180365e+00 2.60017256772797e+00 8.61184075675592e-04
8.10000000000000e-01 2.61828533660431e+00 2.61739814297001e+00 8.87193634295347e-04
8.15000000000000e-01 2.63299062452749e+00 2.63207726147960e+00 9.13363047887916e-04
8.20000000000000e-01 2.64501703090104e+00 2.64407720741157e+00 9.39823489464864e-04
8.25000000000000e-01 2.65424821934870e+00 2.65328148243819e+00 9.66736910510413e-04
8.30000000000000e-01 2.66058479885096e+00 2.65959053448992e+00 9.94264361048547e-04
8.35000000000000e-01 2.66394491670772e+00 2.66292238208847e+00 1.02253461925317e-03
8.40000000000000e-01 2.66426474624142e+00 2.66321313042021e+00 1.05161582120639e-03
8.45000000000000e-01 2.66149886841036e+00 2.66041737596564e+00 1.08149244472244e-03
8.50000000000000e-01 2.65562054668231e+00 2.65450849718747e+00 1.11204949483623e-03
8.55000000000000e-01 2.64662189459307e+00 2.64547882948272e+00 1.14306511035744e-03
8.60000000000000e-01 2.63451393542855e+00 2.63333972331718e+00 1.17421211136781e-03
8.65000000000000e-01 2.61932655347164e+00 2.61812148518153e+00 1.20506829011502e-03
8.70000000000000e-01 2.60110833629598e+00 2.59987320173000e+00 1.23513456597202e-03
8.75000000000000e-01 2.57992630771045e+00 2.57866244818360e+00 1.26385952685704e-03
8.80000000000000e-01 2.55586555119786e+00 2.55457488279246e+00 1.29066840540970e-03
8.85000000000000e-01 2.52902872407696e+00 2.52771372985530e+00 1.31499422165859e-03
8.90000000000000e-01 2.49953546316396e+00 2.49819915448034e+00 1.33630868362600e-03
8.95000000000000e-01 2.46752168342260e+00 2.46616753293972e+00 1.35415048288134e-03
9.00000000000000e-01 2.43313877196120e+00 2.43177062311339e+00 1.36814884780723e-03
9.05000000000000e-01 2.39655268074020e+00 2.39517464013388e+00 1.37804060631685e-03
9.10000000000000e-01 2.35794292246023e+00 2.35655924292839e+00 1.38367953183804e-03
9.15000000000000e-01 2.31750147526690e+00 2.31611643790350e+00 1.38503736339857e-03
9.20000000000000e-01 2.27543160308417e+00 2.27404940652903e+00 1.38219655513883e-03
9.25000000000000e-01 2.23194659951787e+00 2.23057126404647e+00 1.37533547140123e-03
9.30000000000000e-01 2.18726846430173e+00 2.18590375695213e+00 1.36470734959993e-03
9.35000000000000e-01 2.14162652213667e+00 2.14027590728277e+00 1.35061485389443e-03
9.40000000000000e-01 2.09525599445837e+00 2.09392261205918e+00 1.33338239919123e-03
9.45000000000000e-01 2.04839653512140e+00 2.04708320651983e+00 1.31332860156563e-03
9.50000000000000e-01 2.00129074119484e+00 2.00000000000000e+00 1.29074119484285e-03
9.55000000000000e-01 1.95418265001727e+00 1.95291679348017e+00 1.26585653710376e-03
9.60000000000000e-01 1.90731623337371e+00 1.90607738794082e+00 1.23884543288866e-03
9.65000000000000e-01 1.86093389916313e+00 1.85972409271723e+00 1.20980644590474e-03
9.70000000000000e-01 1.81527501026619e+00 1.81409624304787e+00 1.17876721832189e-03
9.75000000000000e-01 1.77057442955603e+00 1.76942873595353e+00 1.14569360249939e-03
9.80000000000000e-01 1.72706109918332e+00 1.72595059347097e+00 1.11050571235038e-03
9.85000000000000e-01 1.68495666147252e+00 1.68388356209650e+00 1.07309937601263e-03
9.90000000000000e-01 1.64447412805233e+00 1.64344075707161e+00 1.03337098071976e-03
9.95000000000000e-01 1.60581660325553e+00 1.60482535986612e+00 9.91243389407259e-04
1.00000000000000e+00 1.56917606739705e+00 1.56822937688661e+00 9.46690510438053e-04
1.00500000000000e+00 1.53473222528768e+00 1.53383246706028e+00 8.99758227397518e-04
1.01000000000000e+00 1.50265142525682e+00 1.50180084551966e+00 8.50579737152524e-04
1.01500000000000e+00 1.47308565401171e+00 1.47228627014470e+00 7.99383867010617e-04
1.02000000000000e+00 1.44617161280694e+00 1.44542511720755e+00 7.46495599394326e-04
1.02500000000000e+00 1.42202988057423e+00 1.42133755181640e+00 6.92328757824878e-04
1.03000000000000e+00 1.40076416980088e+00 1.40012679827000e+00 6.37371530882280e-04
1.03500000000000e+00 1.38246068097811e+00 1.38187851481848e+00 5.82166159639019e-04
1.04000000000000e+00 1.36718756130688e+00 1.36666027668282e+00 5.27284624068036e-04
1.04500000000000e+00 1.35499447300423e+00 1.35452117051728e+00 4.73302486942995e-04
1.05000000000000e+00 1.34591227597299e+00 1.34549150281253e+00 4.20773160461962e-04
1.05500000000000e+00 1.33995282877926e+00 1.33958262403436e+00 3.70204744895908e-04
1.06000000000000e+00 1.33710891084921e+00 1.33678686957979e+00 3.22041269424256e-04
1.06500000000000e+00 1.33735426759159e+00 1.33707761791153e+00 2.76649680057250e-04
1.07000000000000e+00 1.34064377883595e+00 1.34040946551008e+00 2.34313325867763e-04
1.07500000000000e+00 1.34691374961851e+00 1.34671851756181e+00 1.95232056694028e-04
1.08000000000000e+00 1.35608232101994e+00 1.35592279258843e+00 1.59528431515454e-04
1.08500000000000e+00 1.36804999752909e+00 1.36792273852040e+00 1.27259008688929e-04
1.09000000000000e+00 1.38270028632779e+00 1.38260185702999e+00 9.84292978030155e-05
1.09500000000000e+00 1.39990044300121e+00 1.39982743227203e+00 7.30107291855298e-05
1.10000000000000e+00 1.41950231749187e+00 1.41945135953695e+00 5.09579549148320e-05
1.10500000000000e+00 1.44134329362787e+00 1.44131106870462e+00 3.22249232487248e-05
1.11000000000000e+00 1.46524731524399e+00 1.46523053680291e+00 1.67784410873839e-05
1.11500000000000e+00 1.49102599173657e+00 1.49102138342582e+00 4.60831074788892e-06
1.12000000000000e+00 1.51847977580324e+00 1.51848404225504e+00 4.26645180517937e-06
1.12500000000000e+00 1.54739920606289e+00 1.54740900145948e+00 9.79539658763073e-06
1.13000000000000e+00 1.57756620718482e+00 1.57757810532303e+00 1.18981382044581e-05
1.13500000000000e+00 1.60875544004018e+00 1.60876590907298e+00 1.04690327999979e-05
1.14000000000000e+00 1.64073569420645e+00 1.64074107855382e+00 5.38434737129556e-06
1.14500000000000e+00 1.67327131490227e+00 1.67326782611444e+00 3.48878783640316e-06
1.15000000000000e+00 1.70612365612635e+00 1.70610737385376e+00 1.62822725844336e-05
1.15500000000000e+00 1.73905255145496e+00 1.73901943520098e+00 3.31162539826124e-05
1.16000000000000e+00 1.77181779366757e+00 1.77176370569363e+00 5.40879739445721e-05
1.16500000000000e+00 1.80418061417192e+00 1.80410135376010e+00 7.92604118218243e-05
1.17000000000000e+00 1.83590515314049e+00 1.83579650231313e+00 1.08650827358669e-04
1.17500000000000e+00 1.86675991138415e+00 1.86661769201745e+00 1.42219366694896e-04
1.18000000000000e+00 1.89651917529005e+00 1.89633931720795e+00 1.79858082098194e-04
1.18500000000000e+00 1.92496440662190e+00 1.92474302560309e+00 2.21381018808309e-04
1.19000000000000e+00 1.95188558957014e+00 1.95161907318189e+00 2.66516388250038e-04
1.19500000000000e+00 1.97708252806579e+00 1.97676762586894e+00 3.14902196856481e-04
1.20000000000000e+00 2.00036608692966e+00 2.00000000000000e+00 3.66086929657117e-04
1.20500000000000e+00 2.02155937080692e+00 2.02113983391842e+00 4.19536888494498e-04
1.21000000000000e+00 2.04049883493897e+00 2.04002418347677e+00 4.74651462203823e-04
1.21500000000000e+00 2.05703532159058e+00 2.05650453468774e+00 5.30786902842362e-04
1.22000000000000e+00 2.07103501538586e+00 2.07044772727895e+00 5.87288106904005e-04
1.22500000000000e+00 2.08238030999504e+00 2.08173678345563e+00 6.43526539409578e-04
1.23000000000000e+00 2.09097057772559e+00 2.09027163675968e+00 6.98940965906392e-04
1.23500000000000e+00 2.09672283285606e+00 2.09596975652967e+00 7.53076326388769e-04
1.24000000000000e+00 2.09957227930287e+00 2.09876666410972e+00 8.05615193148146e-04
1.24500000000000e+00 2.09947273372407e+00 2.09861633762302e+00 8.56396101046375e-04
1.25000000000000e+00 2.09639691666967e+00 2.09549150281253e+00 9.05413857140047e-04
1.25500000000000e+00 2.09033660697891e+00 2.08938380815405e+00 9.52798824859435e-04
1.26000000000000e+00 2.08130265820147e+00 2.08030388316029e+00 9.98775041185507e-04
1.26500000000000e+00 2.06932488005419e+00 2.06828127951470e+00 1.04360053948227e-03
1.27000000000000e+00 2.05445179227165e+00 2.05336429539657e+00 1.08749687508203e-03
1.27500000000000e+00 2.03675026197111e+00 2.03561968407860e+00 1.13057789251636e-03
1.28000000000000e+00 2.01630503809679e+00 2.01513224859221e+00 1.17278950457989e-03
1.28500000000000e+00 1.99321819703428e+00 1.99200432495795e+00 1.21387207632484e-03
1.29000000000000e+00 1.96760851178017e+00 1.96635515716554e+00 1.25335461463272e-03
1.29500000000000e+00 1.93961075323391e+00 1.93832016775567e+00 1.29058547824235e-03
1.30000000000000e+00 1.90937492684375e+00 1.90805012849909e+00 1.32479834466248e-03
1.30500000000000e+00 1.87706544200119e+00 1.87571023628478e+00 1.35520571640391e-03
1.31000000000000e+00 1.84286020649231e+00 1.84147909991323e+00 1.38110657908008e-03
1.31500000000000e+00 1.80694963520689e+00 1.80554764404025e+00 1.40199116663631e-03
1.32000000000000e+00 1.76953556207857e+00 1.76811793702778e+00 1.41762505078913e-03
1.32500000000000e+00 1.73083004722679e+00 1.72940194992690e+00 1.42809729988524e-03
1.33000000000000e+00 1.69105407715299e+00 1.68962025424335e+00 1.43382290964156e-03
1.33500000000000e+00 1.65043616364885e+00 1.64900066651302e+00 1.43549713582880e-03
1.34000000000000e+00 1.60921085541254e+00 1.60777684804300e+00 1.43400736953447e-03
1.34500000000000e+00 1.56761718373772e+00 1.56618686845015e+00 1.43031528757076e-03
1.35000000000000e+00 1.52589706874787e+00 1.52447174185242e+00 1.42532689545027e-03
1.35500000000000e+00 1.48429371467570e+00 1.48287394473691e+00 1.41976993879100e-03
1.36000000000000e+00 1.44305002142492e+00 1.44163592464141e+00 1.41409678350923e-03
1.36500000000000e+00 1.40240703549395e+00 1.40099860884315e+00 1.40842665080188e-03
1.37000000000000e+00 1.36260245715015e+00 1.36119992224821e+00 1.40253490193798e-03
1.37500000000000e+00 1.32386921364396e+00 1.32247332361862e+00 1.39589002534102e-03
1.38000000000000e+00 1.28643410139736e+00 1.28504636916085e+00 1.38773223651212e-03
1.38500000000000e+00 1.25051649447441e+00 1.24913931233114e+00 1.37718214327176e-03
1.39000000000000e+00 1.21632711292115e+00 1.21496374848942e+00 1.36336443173479e-03
1.39500000000000e+00 1.18406684305716e+00 1.18272131275752e+00 1.34553029964279e-03
1.40000000000000e+00 1.15392560246352e+00 1.15260243910916e+00 1.32316335436311e-03
1.40500000000000e+00 1.12608124489628e+00 1.12478518834171e+00 1.29605655457388e-03
1.41000000000000e+00 1.10069850411390e+00 1.09943415215529e+00 1.26435195861108e-03
1.41500000000000e+00 1.07792797999407e+00 1.07669944009536e+00 1.22853989870997e-03
1.42000000000000e+00 1.05790517468417e+00 1.05671575560428e+00 1.18941907989401e-03
1.42500000000000e+00 1.04074959031226e+00 1.03960156687779e+00 1.14802343447096e-03
1.43000000000000e+00 1.02656390255041e+00 1.02545837763829e+00 1.10552491212390e-03
1.43500000000000e+00 1.01543322579920e+00 1.01437010232018e+00 1.06312347902304e-03
1.44000000000000e+00 1.00742448585703e+00 1.00640254951957e+00 1.02193633746639e-03
1.44500000000000e+00 1.00258591470451e+00 1.00160301689261e+00 9.82897811902639e-04
1.45000000000000e+00 1.00094667966155e+00 1.00000000000000e+00 9.46679661551819e-04
1.45500000000000e+00 1.00251665593684e+00 1.00160301689261e+00 9.13639044229697e-04
1.46000000000000e+00 1.00728634781388e+00 1.00640254951957e+00 8.83798294310623e-04
1.46500000000000e+00 1.01522695974517e+00 1.01437010232018e+00 8.56857424995860e-04
1.47000000000000e+00 1.02629061477493e+00 1.02545837763829e+00 8.32237136643599e-04
1.47500000000000e+00 1.04041071425852e+00 1.03960156687779e+00 8.09147380722131e-04
1.48000000000000e+00 1.05750243000438e+00 1.05671575560428e+00 7.86674400103937e-04
1.48500000000000e+00 1.07746331787512e+00 1.07669944009536e+00 7.63877779754285e-04
1.49000000000000e+00 1.10017404061630e+00 1.09943415215529e+00 7.39888461015248e-04
1.49500000000000e+00 1.12549918723442e+00 1.12478518834171e+00 7.13998892717616e-04
1.50000000000000e+00 1.15328817655644e+00 1.15260243910916e+00 6.85737447285728e-04
1.50500000000000e+00 1.18337623356112e+00 1.18272131275752e+00 6.54920803602188e-04
1.51000000000000e+00 1.21558542852381e+00 1.21496374848942e+00 6.21680034388561e-04
1.51500000000000e+00 1.24972577078827e+00 1.24913931233114e+00 5.86458457126238e-04
1.52000000000000e+00 1.28559635088124e+00 1.28504636916085e+00 5.49981720387782e-04
1.52500000000000e+00 1.32298652653304e+00 1.32247332361862e+00 5.13202914423472e-04
1.53000000000000e+00 1.36167714978531e+00 1.36119992224821e+00 4.77227537101665e-04
1.53500000000000e+00 1.40144183360718e+00 1.40099860884315e+00 4.43224764035799e-04
1.54000000000000e+00 1.44204825718624e+00 1.44163592464141e+00 4.12332544829308e-04
1.54500000000000e+00 1.48325950923762e+00 1.48287394473691e+00 3.85564500705371e-04
1.55000000000000e+00 1.52483546825536e+00 1.52447174185242e+00 3.63726402938802e-04
1.55500000000000e+00 1.56653421763565e+00 1.56618686845015e+00 3.47349185503276e-04
1.56000000000000e+00 1.60811349210253e+00 1.60777684804300e+00 3.36644059528934e-04
1.56500000000000e+00 1.64933214997560e+00 1.64900066651302e+00 3.31483462585824e-04
1.57000000000000e+00 1.68995166368571e+00 1.68962025424335e+00 3.31409442356989e-04
1.57500000000000e+00 1.72973761874149e+00 1.72940194992690e+00 3.35668814593237e-04
1.58000000000000e+00 1.76846120926293e+00 1.76811793702778e+00 3.43272235147962e-04
1.58500000000000e+00 1.80590071640469e+00 1.80554764404025e+00 3.53072364436269e-04
1.59000000000000e+00 1.84184295465667e+00 1.84147909991323e+00 3.63854743438585e-04
1.59500000000000e+00 1.87608467025406e+00 1.87571023628478e+00 3.74433969280608e-04
1.60000000000000e+00 1.90843387584046e+00 1.90805012849909e+00 3.83747341374807e-04
1.60500000000000e+00 1.93871110613177e+00 1.93832016775567e+00 3.90938376099159e-04
1.61000000000000e+00 1.96675058060323e+00 1.96635515716554e+00 3.95423437685949e-04
1.61500000000000e+00 1.99240126108630e+00 1.99200432495795e+00 3.96936128347791e-04
1.62000000000000e+00 2.01552779449492e+00 2.01513224859221e+00 3.95545902704075e-04
1.62500000000000e+00 2.03601133354232e+00 2.03561968407860e+00 3.91649463727717e-04
1.63000000000000e+00 2.05375023108179e+00 2.05336429539657e+00 3.85935685217387e-04
1.63500000000000e+00 2.06866060642413e+00 2.06828127951470e+00 3.79326909432098e-04
1.64000000000000e+00 2.08067678447898e+00 2.08030388316029e+00 3.72901318691277e-04
1.64500000000000e+00 2.08975161068635e+00 2.08938380815405e+00 3.67802532293293e-04
1.65000000000000e+00 2.09585664634089e+00 2.09549150281253e+00 3.65143528361145e-04
1.65500000000000e+00 2.09898224999058e+00 2.09861633762302e+00 3.65912367563670e-04
1.66000000000000e+00 2.09913755109855e+00 2.09876666410972e+00 3.70886988823926e-04
1.66500000000000e+00 2.09635032211213e+00 2.09596975652967e+00 3.80565582458026e-04
1.67000000000000e+00 2.09066675455872e+00 2.09027163675968e+00 3.95117799040889e-04
1.67500000000000e+00 2.08215114388386e+00 2.08173678345563e+00 4.14360428232730e-04
1.68000000000000e+00 2.07088548659236e+00 2.07044772727895e+00 4.37759313408836e-04
1.68500000000000e+00 2.05696899199058e+00 2.05650453468774e+00 4.64457302840060e-04
1.69000000000000e+00 2.04051750959901e+00 2.04002418347677e+00 4.93326122246618e-04
1.69500000000000e+00 2.02166287224820e+00 2.02113983391842e+00 5.23038329783621e-04
1.70000000000000e+00 2.00055215410125e+00 2.00000000000000e+00 5.52154101252089e-04
1.70500000000000e+00 1.97734684245511e+00 1.97676762586893e+00 5.79216586172659e-04
1.71000000000000e+00 1.95222192221824e+00 1.95161907318189e+00 6.02849036350328e-04
1.71500000000000e+00 1.92536487246606e+00 1.92474302560309e+00 6.21846862974618e-04
1.72000000000000e+00 1.89697457542591e+00 1.89633931720795e+00 6.35258217964507e-04
1.72500000000000e+00 1.86726013959177e+00 1.86661769201745e+00 6.42447574315419e-04
1.73000000000000e+00 1.83643964034149e+00 1.83579650231313e+00 6.43138028364465e-04
1.73500000000000e+00 1.80473878332425e+00 1.80410135376010e+00 6.37429564147141e-04
1.74000000000000e+00 1.77238949789086e+00 1.77176370569363e+00 6.25792197230357e-04
1.74500000000000e+00 1.73962846983191e+00 1.73901943520098e+00 6.09034630927097e-04
1.75000000000000e+00 1.70669562454857e+00 1.70610737385376e+00 5.88250694802728e-04
1.75500000000000e+00 1.67383257339935e+00 1.67326782611444e+00 5.64747284914180e-04
1.76000000000000e+00 1.64128103724886e+00 1.64074107855382e+00 5.39958695043419e-04
1.76500000000000e+00 1.60928126212282e+00 1.60876590907298e+00 5.15353049840295e-04
1.77000000000000e+00 1.57807044230137e+00 1.57757810532303e+00 4.92336978345165e-04
1.77500000000000e+00 1.54788116614660e+00 1.54740900145948e+00 4.72164687118415e-04
1.78000000000000e+00 1.51893989946934e+00 1.51848404225504e+00 4.55857214296529e-04
1.78500000000000e+00 1.49146552033506e+00 1.49102138342582e+00 4.44136909242943e-04
1.79000000000000e+00 1.46566791794657e+00 1.46523053680291e+00 4.37381143659543e-04
1.79500000000000e+00 1.44174666670031e+00 1.44131106870462e+00 4.35597995684933e-04
1.80000000000000e+00 1.41988978478060e+00 1.41945135953695e+00 4.38425243642460e-04
1.80500000000000e+00 1.40027258482467e+00 1.39982743227203e+00 4.45152552646322e-04
1.81000000000000e+00 1.38305662235457e+00 1.38260185702999e+00 4.54765324575668e-04
1.81500000000000e+00 1.36838874591405e+00 1.36792273852040e+00 4.66007393651768e-04
1.82000000000000e+00 1.35640025124672e+00 1.35592279258843e+00 4.77458658297181e-04
1.82500000000000e+00 1.34720614046411e+00 1.34671851756181e+00 4.87622902294760e-04
1.83000000000000e+00 1.34090448602646e+00 1.34040946551008e+00 4.95020516376066e-04
1.83500000000000e+00 1.33757589851711e+00 1.33707761791153e+00 4.98280605575552e-04
1.84000000000000e+00 1.33728309664315e+00 1.33678686957979e+00 4.96227063359722e-04
1.84500000000000e+00 1.34007057763044e+00 1.33958262403436e+00 4.87953596078894e-04
1.85000000000000e+00 1.34596438617277e+00 1.34549150281253e+00 4.72883360246978e-04
1.85500000000000e+00 1.35497198030548e+00 1.35452117051728e+00 4.50809788194562e-04
1.86000000000000e+00 1.36708219295111e+00 1.36666027668282e+00 4.21916268295242e-04
1.86500000000000e+00 1.38226528837273e+00 1.38187851481848e+00 3.86773554254205e-04
1.87000000000000e+00 1.40047311330488e+00 1.40012679827000e+00 3.46315034880806e-04
1.87500000000000e+00 1.42163934305147e+00 1.42133755181640e+00 3.01791235069349e-04
1.88000000000000e+00 1.44567982328125e+00 1.44542511720755e+00 2.54706073699928e-04
1.88500000000000e+00 1.47249300855904e+00 1.47228627014470e+00 2.06738414339380e-04
1.89000000000000e+00 1.50196049877735e+00 1.50180084551967e+00 1.59653257686854e-04
1.89500000000000e+00 1.53394767455807e+00 1.53383246706028e+00 1.15207497793701e-04
1.90000000000000e+00 1.56830443235420e+00 1.56822937688661e+00 7.50554675863491e-05
1.90500000000000e+00 1.60486601938337e+00 1.60482535986612e+00 4.06595172508517e-05
1.91000000000000e+00 1.64345396767201e+00 1.64344075707161e+00 1.32106004011590e-05
1.91500000000000e+00 1.68387712539732e+00 1.68388356209650e+00 6.43669918765077e-06
1.92000000000000e+00 1.72593278241736e+00 1.72595059347097e+00 1.78110536095399e-05
1.92500000000000e+00 1.76940788542066e+00 1.76942873595353e+00 2.08505328771480e-05
1.93000000000000e+00 1.81408033656263e+00 1.81409624304787e+00 1.59064852360835e-05
1.93500000000000e+00 1.85972036785032e+00 1.85972409271723e+00 3.72486690536356e-06
1.94000000000000e+00 1.90609198196014e+00 1.90607738794082e+00 1.45940193192473e-05
1.94500000000000e+00 1.95295444869553e+00 1.95291679348017e+00 3.76552153598109e-05
1.95000000000000e+00 2.00006384498213e+00 2.00000000000000e+00 6.38449821288578e-05
1.95500000000000e+00 2.04717462522050e+00 2.04708320651983e+00 9.14187006686440e-05
1.96000000000000e+00 2.09404120802286e+00 2.09392261205918e+00 1.18595963687795e-04
1.96500000000000e+00 2.14041956489216e+00 2.14027590728277e+00 1.43657609390058e-04
1.97000000000000e+00 2.18606879628284e+00 2.18590375695213e+00 1.65039330712879e-04
1.97500000000000e+00 2.23075268072183e+00 2.23057126404646e+00 1.81416675365309e-04
1.98000000000000e+00 2.27424118325535e+00 2.27404940652903e+00 1.91776726319759e-04
1.98500000000000e+00 2.31631191039569e+00 2.31611643790350e+00 1.95472492186433e-04
1.99000000000000e+00 2.35675149992877e+00 2.35655924292839e+00 1.92257000382057e-04
1.99500000000000e+00 2.39535693535368e+00 2.39517464013388e+00 1.82295219795403e-04
2.00000000000000e+00 2.43193677629113e+00 2.43177062311339e+00 1.66153177739048e-04
2.00500000000000e+00 2.46631229784912e+00 2.46616753293972e+00 1.44764909400408e-04
2.01000000000000e+00 2.49831853359367e+00 2.49819915448034e+00 1.19379113337814e-04
2.01500000000000e+00 2.52780521836988e+00 2.52771372985530e+00 9.14885145744115e-05
2.02000000000000e+00 2.55463762868536e+00 2.55457488279245e+00 6.27458929112201e-05
2.02500000000000e+00 2.57869731964952e+00 2.57866244818359e+00 3.48714659219596e-05
2.03000000000000e+00 2.59988275851128e+00 2.59987320173000e+00 9.55678127567694e-06
2.03500000000000e+00 2.61810985562985e+00 2.61812148518152e+00 1.16295516736642e-05
2.04000000000000e+00 2.63331239423089e+00 2.63333972331718e+00 2.73290862908837e-05
2.04500000000000e+00 2.64544236055254e+00 2.64547882948272e+00 3.64689301788346e-05
2.05000000000000e+00 2.65447017599001e+00 2.65450849718747e+00 3.83211974686049e-05
2.05500000000000e+00 2.66038483264094e+00 2.66041737596564e+00 3.25433246994855e-05
2.06000000000000e+00 2.66319393328378e+00 2.66321313042021e+00 1.91971364329468e-05
2.06500000000000e+00 2.66292363634570e+00 2.66292238208847e+00 1.25425723584982e-06
2.07000000000000e+00 2.65961850589937e+00 2.65959053448992e+00 2.79714094513217e-05
2.07500000000000e+00 2.65334126623383e+00 2.65328148243819e+00 5.97837956468616e-05
2.08000000000000e+00 2.64417246013956e+00 2.64407720741157e+00 9.52527279887150e-05
2.08500000000000e+00 2.63221000978789e+00 2.63207726147960e+00 1.32748308292463e-04
2.09000000000000e+00 2.61756867902268e+00 2.61739814297001e+00 1.70536052673143e-04
2.09500000000000e+00 2.60037943605148e+00 2.60017256772797e+00 2.06868323506360e-04
2.10000000000000e+00 2.58078871594947e+00 2.58054864046305e+00 2.40075486420910e-04
2.10500000000000e+00 2.55895758307723e+00 2.55868893129538e+00 2.68651781853535e-04
2.11000000000000e+00 2.53506079445362e+00 2.53476946319710e+00 2.91331256527361e-04
2.11500000000000e+00 2.50928576628974e+00 2.50897861657418e+00 3.07149715557564e-04
2.12000000000000e+00 2.48183144723945e+00 2.48151595774496e+00 3.15489494490784e-04
2.12500000000000e+00 2.45290710339999e+00 2.45259099854052e+00 3.16104859464872e-04
2.13000000000000e+00 2.42273102164053e+00 2.42242189467697e+00 3.09126963554007e-04
2.13500000000000e+00 2.39152913937771e+00 2.39123409092702e+00 2.95048450691393e-04
2.14000000000000e+00 2.35953361038308e+00 2.35925892144618e+00 2.74688936901413e-04
2.14500000000000e+00 2.32698131753177e+00 2.32673217388556e+00 2.49143646203542e-04
2.15000000000000e+00 2.29411234452171e+00 2.29389262614624e+00 2.19718375475964e-04
2.15500000000000e+00 2.26116841945843e+00 2.26098056479902e+00 1.87854659413844e-04
2.16000000000000e+00 2.22839134377398e+00 2.22823629430637e+00 1.55049467607693e-04
2.16500000000000e+00 2.19602142020868e+00 2.19589864623990e+00 1.22773968778134e-04
2.17000000000000e+00 2.16429589352441e+00 2.16420349768687e+00 9.23958375360634e-05
2.17500000000000e+00 2.13344741724992e+00 2.13338230798255e+00 6.51092673717990e-05
2.18000000000000e+00 2.10370255910709e+00 2.10366068279205e+00 4.18763150338286e-05
2.18500000000000e+00 2.07528035687187e+00 2.07525697439691e+00 2.33824749544809e-05
2.19000000000000e+00 2.04839093533296e+00 2.04838092681811e+00 1.00085148471152e-05
2.19500000000000e+00 2.02323419378147e+00 2.02323237413107e+00 1.81965040146892e-06
2.20000000000000e+00 1.99999857215530e+00 2.00000000000000e+00 1.42784470180679e-06
2.20500000000000e+00 1.97885990263016e+00 1.97886016608158e+00 2.63451418680560e-07
2.21000000000000e+00 1.95998035215132e+00 1.95997581652323e+00 4.53562808178098e-06
2.21500000000000e+00 1.94350746018338e+00 1.94349546531226e+00 1.19948711232443e-05
2.22000000000000e+00 1.92957327485894e+00 1.92955227272105e+00 2.10021378930225e-05
2.22500000000000e+00 1.91829358975960e+00 1.91826321654437e+00 3.03732152255876e-05
2.23000000000000e+00 1.90976728278089e+00 1.90972836324032e+00 3.89195405741116e-05
2.23500000000000e+00 1.90407575792212e+00 1.90403024347033e+00 4.55144517970130e-05
2.24000000000000e+00 1.90128249039640e+00 1.90123333589028e+00 4.91545061220844e-05
2.24500000000000e+00 1.90143267516115e+00 1.90138366237698e+00 4.90127841661359e-05
2.25000000000000e+00 1.90455297880004e+00 1.90450849718747e+00 4.44816125657610e-05
2.25500000000000e+00 1.91065139461517e+00 1.91061619184595e+00 3.52027692276380e-05
2.26000000000000e+00 1.91971720077914e+00 1.91969611683971e+00 2.10839394321205e-05
2.26500000000000e+00 1.93172102141551e+00 1.93171872048530e+00 2.30093021480471e-06
2.27000000000000e+00 1.94661499048837e+00 1.94663570460343e+00 2.07141150638801e-05
2.27500000000000e+00 1.96433301835481e+00 1.96438031592140e+00 4.72975665908315e-05
2.28000000000000e+00 1.98479116074115e+00 1.98486775140779e+00 7.65906666417848e-05
2.28500000000000e+00 2.00788808972086e+00 2.00799567504205e+00 1.07585321192705e-04
2.29000000000000e+00 2.03350566598587e+00 2.03364484283446e+00 1.39176848585443e-04
2.29500000000000e+00 2.06150961130232e+00 2.06167983224433e+00 1.70220942011134e-04
2.30000000000000e+00 2.09175027952724e+00 2.09194987150091e+00 1.99591973667701e-04
2.30500000000000e+00 2.12406352393858e+00 2.12428976371522e+00 2.26239776633275e-04
2.31000000000000e+00 2.15827165790884e+00 2.15852090008677e+00 2.49242177929432e-04
2.31500000000000e+00 2.19418450514930e+00 2.19445235595975e+00 2.67850810440340e-04
2.32000000000000e+00 2.23160053488760e+00 2.23188206297221e+00 2.81528084611349e-04
2.32500000000000e+00 2.27030807643822e+00 2.27059805007310e+00 2.89973634876706e-04
2.33000000000000e+00 2.31008660670940e+00 2.31037974575665e+00 2.93139047245372e-04
2.33500000000000e+00 2.35070810328203e+00 2.35099933348698e+00 2.91230204945592e-04
2.34000000000000e+00 2.39193845482239e+00 2.39222315195699e+00 2.84697134609324e-04
2.34500000000000e+00 2.43353891976925e+00 2.43381313154985e+00 2.74211780595834e-04
2.35000000000000e+00 2.47526762348875e+00 2.47552825814758e+00 2.60634658822312e-04
2.35500000000000e+00 2.51688108343194e+00 2.51712605526309e+00 2.44971831147911e-04
2.36000000000000e+00 2.55813575127712e+00 2.55836407535858e+00 2.28324081462450e-04
2.36500000000000e+00 2.59878956060462e+00 2.59900139115685e+00 2.11830552232950e-04
2.37000000000000e+00 2.63860346834787e+00 2.63880007775179e+00 1.96609403916526e-04
2.37500000000000e+00 2.67734297810558e+00 2.67752667638138e+00 1.83698275799227e-04
2.38000000000000e+00 2.71477963339504e+00 2.71495363083914e+00 1.73997444102181e-04
2.38500000000000e+00 2.75069246909020e+00 2.75086068766886e+00 1.68218578656010e-04
2.39000000000000e+00 2.78486940962854e+00 2.78503625151058e+00 1.66841882039748e-04
2.39500000000000e+00 2.81710860309719e+00 2.81727868724248e+00 1.70084145289628e-04
2.40000000000000e+00 2.84721968102430e+00 2.84739756089084e+00 1.77879866543051e-04
2.40500000000000e+00 2.87502493460545e+00 2.87521481165829e+00 1.89877052840348e-04
2.41000000000000e+00 2.90036039917480e+00 2.90056584784471e+00 2.05448669914787e-04
2.41500000000000e+00 2.92307683996885e+00 2.92330055990463e+00 2.23719935784850e-04
2.42000000000000e+00 2.94304063359438e+00 2.94328424439572e+00 2.43610801341720e-04
2.42500000000000e+00 2.96013454105902e+00 2.96039843312221e+00 2.63892063191218e-04
2.43000000000000e+00 2.97425836970070e+00 2.97454162236171e+00 2.83252661008149e-04
2.43500000000000e+00 2.98532952279817e+00 2.98562989767982e+00 3.00374881654353e-04
2.44000000000000e+00 2.99328343699349e+00 2.99359745048043e+00 3.14013486943043e-04
2.44500000000000e+00 2.99807390884243e+00 2.99839698310739e+00 3.23074264966916e-04
2.45000000000000e+00 2.99967331276957e+00 3.00000000000000e+00 3.26687230432832e-04
2.45500000000000e+00 2.99807271339125e+00 2.99839698310739e+00 3.24269716143633e-04
2.46000000000000e+00 2.99328187555217e+00 2.99359745048044e+00 3.15574928266393e-04
2.46500000000000e+00 2.98532917548643e+00 2.98562989767982e+00 3.00722193397718e-04
2.47000000000000e+00 2.97426141627996e+00 2.97454162236171e+00 2.80206081751722e-04
2.47500000000000e+00 2.96014355031639e+00 2.96039843312221e+00 2.54882805820866e-04
2.48000000000000e+00 2.94305831069938e+00 2.94328424439572e+00 2.25933696345937e-04
2.48500000000000e+00 2.92310575284821e+00 2.92330055990464e+00 1.94807056425716e-04
2.49000000000000e+00 2.90040270665804e+00 2.90056584784471e+00 1.63141186677596e-04
2.49500000000000e+00 2.87508213891117e+00 2.87521481165830e+00 1.32672747129803e-04
2.50000000000000e+00 2.84729242512456e+00 2.84739756089084e+00 1.05135766288011e-04
2.50500000000000e+00 2.81719652981122e+00 2.81727868724248e+00 8.21574312621642e-05
2.51000000000000e+00 2.78497109429324e+00 2.78503625151058e+00 6.51572173384629e-05
2.51500000000000e+00 2.75080543177153e+00 2.75086068766886e+00 5.52558973239137e-05
2.52000000000000e+00 2.71490043034149e+00 2.71495363083915e+00 5.32004976614431e-05
2.52500000000000e+00 2.67746736602001e+00 2.67752667638138e+00 5.93103613759638e-05
2.53000000000000e+00 2.63872662955551e+00 2.63880007775179e+00 7.34481962747502e-05
2.53500000000000e+00 2.59890637274050e+00 2.59900139115685e+00 9.50184163546197e-05
2.54000000000000e+00 2.55824108202260e+00 2.55836407535859e+00 1.22993335986976e-04
2.54500000000000e+00 2.51697008929001e+00 2.51712605526309e+00 1.55965973075656e-04
2.55000000000000e+00 2.47533603165850e+00 2.47552825814758e+00 1.92226489076130e-04
2.55500000000000e+00 2.43358327379089e+00 2.43381313154985e+00 2.29857758960339e-04
2.56000000000000e+00 2.39195630762499e+00 2.39222315195700e+00 2.66844332009075e-04
2.56500000000000e+00 2.35069814529379e+00 2.35099933348698e+00 3.01188193196911e-04
2.57000000000000e+00 2.31004872143612e+00 2.31037974575666e+00 3.31024320536333e-04
2.57500000000000e+00 2.27024332100066e+00 2.27059805007310e+00 3.54729072439497e-04
2.58000000000000e+00 2.23151104804951e+00 2.23188206297222e+00 3.71014922705193e-04
2.58500000000000e+00 2.19407335001714e+00 2.19445235595975e+00 3.79005942612753e-04
2.59000000000000e+00 2.15814261044208e+00 2.15852090008678e+00 3.78289644699770e-04
2.59500000000000e+00 2.12392082145308e+00 2.12428976371522e+00 3.68942262136240e-04
2.60000000000000e+00 2.09159834535812e+00 2.09194987150091e+00 3.51526142788661e-04
2.60500000000000e+00 2.06135277265971e+00 2.06167983224433e+00 3.27059584621203e-04
2.61000000000000e+00 2.03334788180835e+00 2.03364484283446e+00 2.96961026115206e-04
2.61500000000000e+00 2.00773270409865e+00 2.00799567504205e+00 2.62970943400997e-04
2.62000000000000e+00 1.98464069539487e+00 1.98486775140779e+00 2.27056012923388e-04
2.62500000000000e+00 1.96418901490357e+00 1.96438031592140e+00 1.91301017829826e-04
2.63000000000000e+00 1.94647791003808e+00 1.94663570460343e+00 1.57794565351477e-04
2.63500000000000e+00 1.93159020556088e+00 1.93171872048530e+00 1.28514924420564e-04
2.64000000000000e+00 1.91959089465530e+00 1.91969611683971e+00 1.05222184409115e-04
2.64500000000000e+00 1.91052682934558e+00 1.91061619184595e+00 8.93625003670628e-05
2.65000000000000e+00 1.90442650772883e+00 1.90450849718747e+00 8.19894586447933e-05
2.65500000000000e+00 1.90129995575715e+00 1.90138366237698e+00 8.37066198355885e-05
2.66000000000000e+00 1.90113870176047e+00 1.90123333589028e+00 9.46341298073694e-05
2.66500000000000e+00 1.90391584247180e+00 1.90403024347033e+00 1.14400998521003e-04
2.67000000000000e+00 1.90958619994249e+00 1.90972836324032e+00 1.42163297830233e-04
2.67500000000000e+00 1.91808656935381e+00 1.91826321654437e+00 1.76647190566870e-04
2.68000000000000e+00 1.92933605828325e+00 1.92955227272105e+00 2.16214437799067e-04
2.68500000000000e+00 1.94323651841234e+00 1.94349546531226e+00 2.58946899918566e-04
2.69000000000000e+00 1.95967307092333e+00 1.95997581652323e+00 3.02745599905618e-04
2.69500000000000e+00 1.97851472688369e+00 1.97886016608158e+00 3.45439197883879e-04
2.70000000000000e+00 1.99961510373362e+00 2.00000000000000e+00 3.84896266377943e-04
2.70500000000000e+00 2.02281323855626e+00 2.02323237413106e+00 4.19135574800666e-04
2.71000000000000e+00 2.04793449812002e+00 2.04838092681811e+00 4.46428698084311e-04
2.71500000000000e+00 2.07479158474436e+00 2.07525697439691e+00 4.65389652550385e-04
2.72000000000000e+00 2.10318563587868e+00 2.10366068279205e+00 4.75046913375188e-04
2.72500000000000e+00 2.13290741392955e+00 2.13338230798255e+00 4.74894052993946e-04
2.73000000000000e+00 2.16373858136990e+00 2.16420349768687e+00 4.64916316963215e-04
2.73500000000000e+00 2.19545305456762e+00 2.19589864623990e+00 4.45591672273871e-04
2.74000000000000e+00 2.22781842814221e+00 2.22823629430637e+00 4.17866164163616e-04
2.74500000000000e+00 2.26059746005972e+00 2.26098056479902e+00 3.83104739296591e-04
2.75000000000000e+00 2.29354960617809e+00 2.29389262614624e+00 3.43019968149783e-04
2.75500000000000e+00 2.32643259162201e+00 2.32673217388556e+00 2.99582263544984e-04
2.76000000000000e+00 2.35900400525946e+00 2.35925892144618e+00 2.54916186721577e-04
2.76500000000000e+00 2.39102290272777e+00 2.39123409092702e+00 2.11188199247925e-04
2.77000000000000e+00 2.42225140295602e+00 2.42242189467697e+00 1.70491720949073e-04
2.77500000000000e+00 2.45245626298669e+00 2.45259099854052e+00 1.34735553829035e-04
2.78000000000000e+00 2.48141041612430e+00 2.48151595774496e+00 1.05541620654126e-04
2.78500000000000e+00 2.50889445903608e+00 2.50897861657418e+00 8.41575380938764e-05
2.79000000000000e+00 2.53469807437677e+00 2.53476946319709e+00 7.13888203196511e-05
2.79500000000000e+00 2.55862137677667e+00 2.55868893129538e+00 6.75545187056592e-05
2.80000000000000e+00 2.58047617156663e+00 2.58054864046305e+00 7.24688964188758e-05
2.80500000000000e+00 2.60008711735506e+00 2.60017256772797e+00 8.54503729130762e-05
2.81000000000000e+00 2.61729278544768e+00 2.61739814297001e+00 1.05357522330429e-04
2.81500000000000e+00 2.63194661103171e+00 2.63207726147960e+00 1.30650447891956e-04
2.82000000000000e+00 2.64391773295168e+00 2.64407720741157e+00 1.59474459890063e-04
2.82500000000000e+00 2.65309172070403e+00 2.65328148243819e+00 1.89761734155969e-04
2.83000000000000e+00 2.65937118889923e+00 2.65959053448992e+00 2.19345590685815e-04
2.83500000000000e+00 2.66267630081883e+00 2.66292238208847e+00 2.46081269634324e-04
2.84000000000000e+00 2.66294516378041e+00 2.66321313042021e+00 2.67966639802886e-04
2.84500000000000e+00 2.66013411978145e+00 2.66041737596564e+00 2.83256184186342e-04
2.85000000000000e+00 2.65421793530720e+00 2.65450849718747e+00 2.90561880276652e-04
2.85500000000000e+00 2.64518989426088e+00 2.64547882948272e+00 2.88935221836262e-04
2.86000000000000e+00 2.63306179772990e+00 2.63333972331719e+00 2.77925587286454e-04
2.86500000000000e+00 2.61786387377928e+00 2.61812148518152e+00 2.57611402244784e-04
2.87000000000000e+00 2.59964459972287e+00 2.59987320173000e+00 2.28602007134704e-04
2.87500000000000e+00 2.57847043843453e+00 2.57866244818360e+00 1.92009749065303e-04
2.88000000000000e+00 2.55442548930840e+00 2.55457488279246e+00 1.49393484054627e-04
2.88500000000000e+00 2.52761105354780e+00 2.52771372985530e+00 1.02676307505156e-04
2.89000000000000e+00 2.49814511264529e+00 2.49819915448034e+00 5.40418350487570e-05
2.89500000000000e+00 2.46616171829672e+00 2.46616753293972e+00 5.81464299997947e-06
2.90000000000000e+00 2.43181029164559e+00 2.43177062311339e+00 3.96685322012758e-05
2.90500000000000e+00 2.39525482974130e+00 2.39517464013388e+00 8.01896074116293e-05
2.91000000000000e+00 2.35667301745741e+00 2.35655924292839e+00 1.13774529014066e-04
2.91500000000000e+00 2.31625524387406e+00 2.31611643790350e+00 1.38805970557598e-04
2.92000000000000e+00 2.27420352327488e+00 2.27404940652904e+00 1.54116745847865e-04
2.92500000000000e+00 2.23073032241371e+00 2.23057126404647e+00 1.59058367248388e-04
2.93000000000000e+00 2.18605729751121e+00 2.18590375695213e+00 1.53540559075349e-04
2.93500000000000e+00 2.14041394646924e+00 2.14027590728278e+00 1.38039186464489e-04
2.94000000000000e+00 2.09403618394238e+00 2.09392261205918e+00 1.13571883201935e-04
2.94500000000000e+00 2.04716484907136e+00 2.04708320651984e+00 8.16425515250963e-05
2.95000000000000e+00 2.00004415774696e+00 2.00000000000000e+00 4.41577469603160e-05
2.95500000000000e+00 1.95292011311838e+00 1.95291679348017e+00 3.31963821342818e-06
2.96000000000000e+00 1.90603888958278e+00 1.90607738794082e+00 3.84983580423714e-05
2.96500000000000e+00 1.85964520660181e+00 1.85972409271723e+00 7.88861154206177e-05
2.97000000000000e+00 1.81398070931973e+00 1.81409624304787e+00 1.15533728142658e-04
2.97500000000000e+00 1.76928237306479e+00 1.76942873595354e+00 1.46362888743923e-04
2.98000000000000e+00 1.72578094839120e+00 1.72595059347097e+00 1.69645079771241e-04
2.98500000000000e+00 1.68369946238254e+00 1.68388356209651e+00 1.84099713964159e-04
2.99000000000000e+00 1.64325179053780e+00 1.64344075707161e+00 1.88966533810841e-04
2.99500000000000e+00 1.60464131177345e+00 1.60482535986612e+00 1.84048092672251e-04
3.00000000000000e+00 1.56805965699304e+00 1.56822937688661e+00 1.69719893567510e-04
3.00500000000000e+00 1.53368555941091e+00 1.53383246706028e+00 1.46907649371641e-04
3.01000000000000e+00 1.50168381248201e+00 1.50180084551966e+00 1.17033037656089e-04
3.01500000000000e+00 1.47220433900506e+00 1.47228627014470e+00 8.19311396367262e-05
3.02000000000000e+00 1.44538137283573e+00 1.44542511720755e+00 4.37443718110941e-05
3.02500000000000e+00 1.42133275276938e+00 1.42133755181641e+00 4.79904703087897e-06
3.03000000000000e+00 1.40015932660194e+00 1.40012679827000e+00 3.25283319453362e-05
3.03500000000000e+00 1.38194446221008e+00 1.38187851481848e+00 6.59473916044817e-05
3.04000000000000e+00 1.36675366173488e+00 1.36666027668282e+00 9.33850520625779e-05
3.04500000000000e+00 1.35463427461482e+00 1.35452117051728e+00 1.13104097540173e-04
3.05000000000000e+00 1.34561530527137e+00 1.34549150281253e+00 1.23802458843913e-04
3.05500000000000e+00 1.33970731166456e+00 1.33958262403436e+00 1.24687630199460e-04
3.06000000000000e+00 1.33690239164480e+00 1.33678686957979e+00 1.15522065018414e-04
3.06500000000000e+00 1.33717425495380e+00 1.33707761791153e+00 9.66370422670337e-05
3.07000000000000e+00 1.34047837978605e+00 1.34040946551008e+00 6.89142759653372e-05
3.07500000000000e+00 1.34675225391781e+00 1.34671851756181e+00 3.37363559976822e-05
3.08000000000000e+00 1.35591570144880e+00 1.35592279258843e+00 7.09113962438224e-06
3.08500000000000e+00 1.36787129709188e+00 1.36792273852040e+00 5.14414285128773e-05
3.09000000000000e+00 1.38250487060433e+00 1.38260185702999e+00 9.69864256583630e-05
3.09500000000000e+00 1.39968610431118e+00 1.39982743227203e+00 1.41327960842208e-04
3.10000000000000e+00 1.41926922667342e+00 1.41945135953695e+00 1.82132863533191e-04
3.10500000000000e+00 1.44109380446624e+00 1.44131106870462e+00 2.17264238377535e-04
3.11000000000000e+00 1.46498563534554e+00 1.46523053680290e+00 2.44901457359781e-04
3.11500000000000e+00 1.49075774140306e+00 1.49102138342582e+00 2.63642022758859e-04
3.12000000000000e+00 1.51821146278001e+00 1.51848404225504e+00 2.72579475026902e-04
3.12500000000000e+00 1.54713764858060e+00 1.54740900145948e+00 2.71352878878917e-04
3.13000000000000e+00 1.57731794027882e+00 1.57757810532302e+00 2.60165044201788e-04
3.13500000000000e+00 1.60852614063859e+00 1.60876590907298e+00 2.39768434391330e-04
3.14000000000000e+00 1.64052965897220e+00 1.64074107855382e+00 2.11419581616745e-04
3.14500000000000e+00 1.67309102145722e+00 1.67326782611444e+00 1.76804657211038e-04
3.15000000000000e+00 1.70596943332692e+00 1.70610737385376e+00 1.37940526845126e-04
3.15500000000000e+00 1.73892237814610e+00 1.73901943520098e+00 9.70570548832761e-05
3.16000000000000e+00 1.77170723817260e+00 1.77176370569363e+00 5.64675210288357e-05
3.16500000000000e+00 1.80408291905196e+00 1.80410135376010e+00 1.84347081346736e-05
3.17000000000000e+00 1.83581146184488e+00 1.83579650231313e+00 1.49595317546769e-05
3.17500000000000e+00 1.86665962565934e+00 1.86661769201745e+00 4.19336418884253e-05
3.18000000000000e+00 1.89640042494039e+00 1.89633931720795e+00 6.11077324443876e-05
3.18500000000000e+00 1.92481460671864e+00 1.92474302560309e+00 7.15811155553858e-05
3.19000000000000e+00 1.95169205476726e+00 1.95161907318189e+00 7.29815853701687e-05
3.19500000000000e+00 1.97683310957694e+00 1.97676762586893e+00 6.54837080045212e-05
3.20000000000000e+00 2.00004979522448e+00 2.00000000000000e+00 4.97952244771227e-05
3.20500000000000e+00 2.02116694646831e+00 2.02113983391842e+00 2.71125498869651e-05
3.21000000000000e+00 2.04002323163696e+00 2.04002418347677e+00 9.51839807417088e-07
3.21500000000000e+00 2.05647206897329e+00 2.05650453468774e+00 3.24657144479268e-05
3.22000000000000e+00 2.07038243595841e+00 2.07044772727895e+00 6.52913205394512e-05
3.22500000000000e+00 2.08163957268412e+00 2.08173678345563e+00 9.72107715049297e-05
3.23000000000000e+00 2.09014558151268e+00 2.09027163675968e+00 1.26055246998824e-04
3.23500000000000e+00 2.09581992602467e+00 2.09596975652967e+00 1.49830505006054e-04
3.24000000000000e+00 2.09859983260394e+00 2.09876666410972e+00 1.66831505785670e-04
3.24500000000000e+00 2.09844059796326e+00 2.09861633762302e+00 1.75739659757035e-04
3.25000000000000e+00 2.09531580551980e+00 2.09549150281253e+00 1.75697292727151e-04
3.25500000000000e+00 2.08921745285186e+00 2.08938380815405e+00 1.66355302195775e-04
3.26000000000000e+00 2.08015599158864e+00 2.08030388316029e+00 1.47891571651737e-04
3.26500000000000e+00 2.06816028009573e+00 2.06828127951470e+00 1.20999418970591e-04
3.27000000000000e+00 2.05327744831775e+00 2.05336429539657e+00 8.68470788204512e-05
3.27500000000000e+00 2.03557267322176e+00 2.03561968407860e+00 4.70108568384475e-05
3.28000000000000e+00 2.01512886254034e+00 2.01513224859221e+00 3.38605187133467e-06
3.28500000000000e+00 1.99204624401649e+00 1.99200432495795e+00 4.19190585365659e-05
3.29000000000000e+00 1.96644185716579e+00 1.96635515716554e+00 8.67000002493512e-05
3.29500000000000e+00 1.93844894473203e+00 1.93832016775567e+00 1.28776976360268e-04
3.30000000000000e+00 1.90821624153944e+00 1.90805012849909e+00 1.66113040345195e-04
3.30500000000000e+00 1.87590715933219e+00 1.87571023628479e+00 1.96923047402153e-04
3.31000000000000e+00 1.84169886741118e+00 1.84147909991323e+00 2.19767497951384e-04
3.31500000000000e+00 1.80578127038199e+00 1.80554764404025e+00 2.33626341737514e-04
3.32000000000000e+00 1.76835588605001e+00 1.76811793702778e+00 2.37949022226180e-04
3.32500000000000e+00 1.72963462836079e+00 1.72940194992690e+00 2.32678433881972e-04
3.33000000000000e+00 1.68983850219835e+00 1.68962025424335e+00 2.18247954997253e-04
3.33500000000000e+00 1.64919621873218e+00 1.64900066651302e+00 1.95552219156792e-04
3.34000000000000e+00 1.60794274175640e+00 1.60777684804301e+00 1.65893713394372e-04
3.34500000000000e+00 1.56631777701295e+00 1.56618686845015e+00 1.30908562797183e-04
3.35000000000000e+00 1.52456421776544e+00 1.52447174185243e+00 9.24759130098707e-05
3.35500000000000e+00 1.48292656083849e+00 1.48287394473692e+00 5.26161015743654e-05
3.36000000000000e+00 1.44164930792417e+00 1.44163592464142e+00 1.33832827526881e-05
3.36500000000000e+00 1.40097536716525e+00 1.40099860884315e+00 2.32416778929156e-05
3.37000000000000e+00 1.36114446985867e+00 1.36119992224821e+00 5.54523895475167e-05
3.37500000000000e+00 1.32239161660063e+00 1.32247332361862e+00 8.17070179846002e-05
3.38000000000000e+00 1.28494556635664e+00 1.28504636916086e+00 1.00802804211320e-04
3.38500000000000e+00 1.24902738083171e+00 1.24913931233114e+00 1.11931499438445e-04
3.39000000000000e+00 1.21484903520070e+00 1.21496374848942e+00 1.14713288716928e-04
3.39500000000000e+00 1.18261210479859e+00 1.18272131275752e+00 1.09207958934432e-04
3.40000000000000e+00 1.15250653583323e+00 1.15260243910916e+00 9.59032759326739e-05
3.40500000000000e+00 1.12470950663520e+00 1.12478518834171e+00 7.56817065044046e-05
3.41000000000000e+00 1.09938438445900e+00 1.09943415215529e+00 4.97676962858407e-05
3.41500000000000e+00 1.07667978145239e+00 1.07669944009537e+00 1.96586429730417e-05
3.42000000000000e+00 1.05672871215841e+00 1.05671575560428e+00 1.29565541289178e-05
3.42500000000000e+00 1.03964785384047e+00 1.03960156687779e+00 4.62869626740581e-05
3.43000000000000e+00 1.02553691004634e+00 1.02545837763829e+00 7.85324080507799e-05
3.43500000000000e+00 1.01447807716097e+00 1.01437010232018e+00 1.07974840791947e-04
3.44000000000000e+00 1.00653561323903e+00 1.00640254951957e+00 1.33063719460313e-04
3.44500000000000e+00 1.00175550814381e+00 1.00160301689261e+00 1.52491251205866e-04
3.45000000000000e+00 1.00016525392788e+00 1.00000000000000e+00 1.65253927880471e-04
3.45500000000000e+00 1.00177371444370e+00 1.00160301689261e+00 1.70697551095111e-04
3.46000000000000e+00 1.00657109333425e+00 1.00640254951956e+00 1.68543814688338e-04
3.46500000000000e+00 1.01452899978512e+00 1.01437010232018e+00 1.58897464941798e-04
3.47000000000000e+00 1.02560061167889e+00 1.02545837763829e+00 1.42234040603206e-04
3.47500000000000e+00 1.03972093603822e+00 1.03960156687779e+00 1.19369160423766e-04
3.48000000000000e+00 1.05680716683445e+00 1.05671575560427e+00 9.14112301773073e-05
3.48500000000000e+00 1.07675914033774e+00 1.07669944009536e+00 5.97002423732285e-05
3.49000000000000e+00 1.09945988815738e+00 1.09943415215529e+00 2.57360020929909e-05
3.49500000000000e+00 1.12477628794429e+00 1.12478518834171e+00 8.90039741285875e-06
3.50000000000000e+00 1.15255981137889e+00 1.15260243910915e+00 4.26277302636446e-05
3.50500000000000e+00 1.18264736853963e+00 1.18272131275752e+00 7.39442178900873e-05
3.51000000000000e+00 1.21486224703825e+00 1.21496374848942e+00 1.01501451171160e-04
3.51500000000000e+00 1.24901514342632e+00 1.24913931233114e+00 1.24168904815924e-04
3.52000000000000e+00 1.28490528334382e+00 1.28504636916085e+00 1.41085817026987e-04
3.52500000000000e+00 1.32232162572162e+00 1.32247332361861e+00 1.51697896988434e-04
3.53000000000000e+00 1.36104414510432e+00 1.36119992224821e+00 1.55777143891811e-04
3.53500000000000e+00 1.40084518487022e+00 1.40099860884315e+00 1.53423972926614e-04
3.54000000000000e+00 1.44149087284287e+00 1.44163592464141e+00 1.45051798541740e-04
3.54500000000000e+00 1.48274258956360e+00 1.48287394473691e+00 1.31355173311309e-04
3.55000000000000e+00 1.52435847838268e+00 1.52447174185242e+00 1.13263469738945e-04
3.55500000000000e+00 1.56609498557579e+00 1.56618686845015e+00 9.18828743630140e-05
3.56000000000000e+00 1.60770841795008e+00 1.60777684804300e+00 6.84300929185699e-05
3.56500000000000e+00 1.64895650490700e+00 1.64900066651302e+00 4.41616060138372e-05
3.57000000000000e+00 1.68959995170433e+00 1.68962025424335e+00 2.03025390193012e-05
3.57500000000000e+00 1.72940397072402e+00 1.72940194992690e+00 2.02079712430248e-06
3.58000000000000e+00 1.76813977790553e+00 1.76811793702778e+00 2.18408777457046e-05
3.58500000000000e+00 1.80558604213559e+00 1.80554764404025e+00 3.83980953402308e-05
3.59000000000000e+00 1.84153027626846e+00 1.84147909991322e+00 5.11763552333289e-05
3.59500000000000e+00 1.87577015954630e+00 1.87571023628478e+00 5.99232615174916e-05
3.60000000000000e+00 1.90811478244943e+00 1.90805012849909e+00 6.46539503352805e-05
3.60500000000000e+00 1.93838580637292e+00 1.93832016775567e+00 6.56386172548373e-05
3.61000000000000e+00 1.96641853193739e+00 1.96635515716554e+00 6.33747718443711e-05
3.61500000000000e+00 1.99206287113495e+00 1.99200432495795e+00 5.85461769941897e-05
3.62000000000000e+00 2.01518421982646e+00 2.01513224859221e+00 5.19712342539336e-05
3.62500000000000e+00 2.03566422828788e+00 2.03561968407860e+00 4.45442092829040e-05
3.63000000000000e+00 2.05340146850908e+00 2.05336429539657e+00 3.71731125174968e-05
3.63500000000000e+00 2.06831199774593e+00 2.06828127951470e+00 3.07182312266896e-05
3.64000000000000e+00 2.08032981839739e+00 2.08030388316029e+00 2.59352371019261e-05
3.64500000000000e+00 2.08940723462560e+00 2.08938380815405e+00 2.34264715475163e-05
3.65000000000000e+00 2.09551510626984e+00 2.09549150281253e+00 2.36034573140032e-05
3.65500000000000e+00 2.09864300055791e+00 2.09861633762302e+00 2.66629348946168e-05
3.66000000000000e+00 2.09879924193199e+00 2.09876666410972e+00 3.25778222678430e-05
3.66500000000000e+00 2.09601086003476e+00 2.09596975652967e+00 4.11035050862374e-05
3.67000000000000e+00 2.09032343560596e+00 2.09027163675968e+00 5.17988462735985e-05
3.67500000000000e+00 2.08180084378177e+00 2.08173678345563e+00 6.40603261419237e-05
3.68000000000000e+00 2.07052489413131e+00 2.07044772727895e+00 7.71668523551483e-05
3.68500000000000e+00 2.05659486676009e+00 2.05650453468774e+00 9.03320723519840e-05
3.69000000000000e+00 2.04012694400456e+00 2.04002418347677e+00 1.02760527789680e-04
3.69500000000000e+00 2.02125353766436e+00 2.02113983391842e+00 1.13703745939109e-04
3.70000000000000e+00 2.00012251238451e+00 2.00000000000000e+00 1.22512384509221e-04
3.70500000000000e+00 1.97689630670303e+00 1.97676762586894e+00 1.28680834090122e-04
3.71000000000000e+00 1.95175095439919e+00 1.95161907318189e+00 1.31881217291241e-04
3.71500000000000e+00 1.92487501007310e+00 1.92474302560309e+00 1.31984470006952e-04
3.72000000000000e+00 1.89646838430453e+00 1.89633931720795e+00 1.29067096581004e-04
3.72500000000000e+00 1.86674109521207e+00 1.86661769201745e+00 1.23403194612015e-04
3.73000000000000e+00 1.83591194469007e+00 1.83579650231313e+00 1.15442376935615e-04
3.73500000000000e+00 1.80420712896565e+00 1.80410135376010e+00 1.05775205546221e-04
3.74000000000000e+00 1.77185879432017e+00 1.77176370569363e+00 9.50886265371764e-05
3.74500000000000e+00 1.73910354979562e+00 1.73901943520098e+00 8.41145946344213e-05
3.75000000000000e+00 1.70618094940597e+00 1.70610737385376e+00 7.35755522023318e-05
3.75500000000000e+00 1.67333195676189e+00 1.67326782611444e+00 6.41306474526981e-05
3.76000000000000e+00 1.64079740507885e+00 1.64074107855382e+00 5.63265250290712e-05
3.76500000000000e+00 1.60881646527553e+00 1.60876590907298e+00 5.05562025461259e-05
3.77000000000000e+00 1.57762513430569e+00 1.57757810532303e+00 4.70289826599579e-05
3.77500000000000e+00 1.54745475503947e+00 1.54740900145948e+00 4.57535799904818e-05
3.78000000000000e+00 1.51853057797499e+00 1.51848404225504e+00 4.65357199443961e-05
3.78500000000000e+00 1.49107037388112e+00 1.49102138342582e+00 4.89904552982701e-05
3.79000000000000e+00 1.46528310521872e+00 1.46523053680291e+00 5.25684158161344e-05
3.79500000000000e+00 1.44136766293115e+00 1.44131106870462e+00 5.65942265242647e-05
3.80000000000000e+00 1.41951167400486e+00 1.41945135953695e+00 6.03144679052203e-05
3.80500000000000e+00 1.39989038413780e+00 1.39982743227203e+00 6.29518657737638e-05
3.81000000000000e+00 1.38266561896629e+00 1.38260185702999e+00 6.37619362975350e-05
3.81500000000000e+00 1.36798482662546e+00 1.36792273852040e+00 6.20881050612532e-05
3.82000000000000e+00 1.35598020397289e+00 1.35592279258843e+00 5.74113844651336e-05
3.82500000000000e+00 1.34676790859013e+00 1.34671851756181e+00 4.93910283139165e-05
3.83000000000000e+00 1.34044735867726e+00 1.34040946551008e+00 3.78931671776161e-05
3.83500000000000e+00 1.33710062313854e+00 1.33707761791153e+00 2.30052270127068e-05
3.84000000000000e+00 1.33679190447492e+00 1.33678686957979e+00 5.03489513548061e-06
3.84500000000000e+00 1.33956711749597e+00 1.33958262403436e+00 1.55065383891095e-05
3.85000000000000e+00 1.34545356727142e+00 1.34549150281253e+00 3.79355411048721e-05
3.85500000000000e+00 1.35445973009359e+00 1.35452117051728e+00 6.14404236918276e-05
3.86000000000000e+00 1.36657514144856e+00 1.36666027668282e+00 8.51352342519096e-05
3.86500000000000e+00 1.38177039503274e+00 1.38187851481848e+00 1.08119785736882e-04
3.87000000000000e+00 1.39999725665217e+00 1.40012679826999e+00 1.29541617821083e-04
3.87500000000000e+00 1.42118889636590e+00 1.42133755181640e+00 1.48655450502133e-04
3.88000000000000e+00 1.44526024146182e+00 1.44542511720754e+00 1.64875745716664e-04
3.88500000000000e+00 1.47210845178416e+00 1.47228627014469e+00 1.77818360530324e-04
3.89000000000000e+00 1.50161351758464e+00 1.50180084551966e+00 1.87327935018633e-04
3.89500000000000e+00 1.53363897848642e+00 1.53383246706028e+00 1.93488573865030e-04
3.90000000000000e+00 1.56803276038732e+00 1.56822937688661e+00 1.96616499286151e-04
3.90500000000000e+00 1.60462812526231e+00 1.60482535986612e+00 1.97234603810159e-04
3.91000000000000e+00 1.64324472693512e+00 1.64344075707161e+00 1.96030136492498e-04
3.91500000000000e+00 1.68368976406698e+00 1.68388356209650e+00 1.93798029523240e-04
3.92000000000000e+00 1.72575921993983e+00 1.72595059347097e+00 1.91373531136296e-04
3.92500000000000e+00 1.76923917717649e+00 1.76942873595353e+00 1.89558777038856e-04
3.93000000000000e+00 1.81390719440448e+00 1.81409624304787e+00 1.89048643385314e-04
3.93500000000000e+00 1.85953373108780e+00 1.85972409271722e+00 1.90361629423652e-04
3.94000000000000e+00 1.90588360634862e+00 1.90607738794081e+00 1.93781592199072e-04
3.94500000000000e+00 1.95271747758972e+00 1.95291679348016e+00 1.99315890446305e-04
3.95000000000000e+00 1.99979332509190e+00 2.00000000000000e+00 2.06674908099780e-04
3.95500000000000e+00 2.04686792946518e+00 2.04708320651983e+00 2.15277054656404e-04
3.96000000000000e+00 2.09369832982579e+00 2.09392261205918e+00 2.24282233387996e-04
3.96500000000000e+00 2.14004325178593e+00 2.14027590728278e+00 2.32655496844814e-04
3.97000000000000e+00 2.18566449570624e+00 2.18590375695213e+00 2.39261245891687e-04
3.97500000000000e+00 2.23032827709228e+00 2.23057126404647e+00 2.42986954194446e-04
3.98000000000000e+00 2.27380651244055e+00 2.27404940652903e+00 2.42894088481993e-04
3.98500000000000e+00 2.31587804518343e+00 2.31611643790350e+00 2.38392720064429e-04
3.99000000000000e+00 2.35632980758706e+00 2.35655924292839e+00 2.29435341321249e-04
3.99500000000000e+00 2.39495791547133e+00 2.39517464013388e+00 2.16724662551737e-04
4.00000000000000e+00 2.43156869341435e+00 2.43177062311338e+00 2.01929699033432e-04
