variables = x, value-predict, value-true, error
0.00000000000000e+00 2.43053368648043e+00 2.43177062311339e+00 1.23693663295743e-03
5.00000000000000e-03 2.46494355278675e+00 2.46616753293972e+00 1.22398015296543e-03
1.00000000000000e-02 2.49698986575595e+00 2.49819915448034e+00 1.20928872439041e-03
1.50000000000000e-02 2.52652145038900e+00 2.52771372985530e+00 1.19227946630129e-03
2.00000000000000e-02 2.55340144103660e+00 2.55457488279246e+00 1.17344175585776e-03
2.50000000000000e-02 2.57750873262611e+00 2.57866244818360e+00 1.15371555748611e-03
3.00000000000000e-02 2.59873914258362e+00 2.59987320173000e+00 1.13405914638331e-03
3.50000000000000e-02 2.61700629587342e+00 2.61812148518152e+00 1.11518930810206e-03
4.00000000000000e-02 2.63224225637573e+00 2.63333972331718e+00 1.09746694145052e-03
4.50000000000000e-02 2.64439793488665e+00 2.64547882948272e+00 1.08089459606653e-03
5.00000000000000e-02 2.65344330720709e+00 2.65450849718747e+00 1.06518998038618e-03
5.50000000000000e-02 2.65936747534539e+00 2.66041737596564e+00 1.04990062025179e-03
6.00000000000000e-02 2.66217860137489e+00 2.66321313042021e+00 1.03452904532775e-03
6.50000000000000e-02 2.66190373777616e+00 2.66292238208847e+00 1.01864431230458e-03
7.00000000000000e-02 2.65858857109071e+00 2.65959053448992e+00 1.00196339920178e-03
7.50000000000000e-02 2.65229708837199e+00 2.65328148243819e+00 9.84394066199989e-04
8.00000000000000e-02 2.64311116911810e+00 2.64407720741157e+00 9.66038293475968e-04
8.50000000000000e-02 2.63113009983306e+00 2.63207726147960e+00 9.47161646539296e-04
9.00000000000000e-02 2.61647000460303e+00 2.61739814297001e+00 9.28138366979248e-04
9.50000000000000e-02 2.59926318336226e+00 2.60017256772797e+00 9.09384365711308e-04
1.00000000000000e-01 2.57965734987548e+00 2.58054864046305e+00 8.91290587570648e-04
1.05000000000000e-01 2.55781476365520e+00 2.55868893129538e+00 8.74167640174672e-04
1.10000000000000e-01 2.53391125363598e+00 2.53476946319709e+00 8.58209561112488e-04
1.15000000000000e-01 2.50813513586984e+00 2.50897861657418e+00 8.43480704334265e-04
1.20000000000000e-01 2.48068603214565e+00 2.48151595774496e+00 8.29925599310943e-04
1.25000000000000e-01 2.45177360063915e+00 2.45259099854052e+00 8.17397901373695e-04
1.30000000000000e-01 2.42161619293702e+00 2.42242189467697e+00 8.05701739948539e-04
1.35000000000000e-01 2.39043945367821e+00 2.39123409092702e+00 7.94637248804353e-04
1.40000000000000e-01 2.35847487946356e+00 2.35925892144618e+00 7.84041982619943e-04
1.45000000000000e-01 2.32595835267379e+00 2.32673217388556e+00 7.73821211767167e-04
1.50000000000000e-01 2.29312866368889e+00 2.29389262614624e+00 7.63962457349887e-04
1.55000000000000e-01 2.26022603216111e+00 2.26098056479902e+00 7.54532637909477e-04
1.60000000000000e-01 2.22749063498648e+00 2.22823629430637e+00 7.45659319890457e-04
1.65000000000000e-01 2.19516114596649e+00 2.19589864623990e+00 7.37500273405800e-04
1.70000000000000e-01 2.16347329028803e+00 2.16420349768687e+00 7.30207398838445e-04
1.75000000000000e-01 2.13265841614987e+00 2.13338230798255e+00 7.23891832673296e-04
1.80000000000000e-01 2.10294208620936e+00 2.10366068279205e+00 7.18596582689024e-04
1.85000000000000e-01 2.07454269288800e+00 2.07525697439691e+00 7.14281508910286e-04
1.90000000000000e-01 2.04767010366259e+00 2.04838092681811e+00 7.10823155517293e-04
1.95000000000000e-01 2.02252434486275e+00 2.02323237413107e+00 7.08029268313037e-04
2.00000000000000e-01 1.99929433473536e+00 2.00000000000000e+00 7.05665264637778e-04
2.05000000000000e-01 1.97815667819588e+00 1.97886016608158e+00 7.03487885698184e-04
2.10000000000000e-01 1.95927453644085e+00 1.95997581652323e+00 7.01280082384237e-04
2.15000000000000e-01 1.94279658427351e+00 1.94349546531226e+00 6.98881038748045e-04
2.20000000000000e-01 1.92885606659701e+00 1.92955227272105e+00 6.96206124040311e-04
2.25000000000000e-01 1.91756996322666e+00 1.91826321654437e+00 6.93253317714415e-04
2.30000000000000e-01 1.90903826827007e+00 1.90972836324032e+00 6.90094970246191e-04
2.35000000000000e-01 1.90334338720913e+00 1.90403024347033e+00 6.86856261196800e-04
2.40000000000000e-01 1.90054965190276e+00 1.90123333589028e+00 6.83683987511952e-04
2.45000000000000e-01 1.90070295138235e+00 1.90138366237698e+00 6.80710994636291e-04
2.50000000000000e-01 1.90383047480662e+00 1.90450849718747e+00 6.78022380857568e-04
2.55000000000000e-01 1.90994056241940e+00 1.91061619184595e+00 6.75629426548641e-04
2.60000000000000e-01 1.91902266079647e+00 1.91969611683971e+00 6.73456043239984e-04
2.65000000000000e-01 1.93104737991345e+00 1.93171872048530e+00 6.71340571847923e-04
2.70000000000000e-01 1.94596665132245e+00 1.94663570460343e+00 6.69053280983212e-04
2.75000000000000e-01 1.96371398861614e+00 1.96438031592140e+00 6.66327305266945e-04
2.80000000000000e-01 1.98420485297535e+00 1.98486775140779e+00 6.62898432439940e-04
2.85000000000000e-01 2.00733712756426e+00 2.00799567504205e+00 6.58547477788929e-04
2.90000000000000e-01 2.03299170456508e+00 2.03364484283446e+00 6.53138269375741e-04
2.95000000000000e-01 2.06103318758010e+00 2.06167983224433e+00 6.46644664226148e-04
3.00000000000000e-01 2.09131070998988e+00 2.09194987150091e+00 6.39161511033493e-04
3.05000000000000e-01 2.12365886683548e+00 2.12428976371522e+00 6.30896879735499e-04
3.10000000000000e-01 2.15789875424343e+00 2.15852090008677e+00 6.22145843340416e-04
3.15000000000000e-01 2.19383910679750e+00 2.19445235595975e+00 6.13249162246365e-04
3.20000000000000e-01 2.23127752009254e+00 2.23188206297222e+00 6.04542879675485e-04
3.25000000000000e-01 2.27000174345126e+00 2.27059805007310e+00 5.96306621835296e-04
3.30000000000000e-01 2.30979102679639e+00 2.31037974575665e+00 5.88718960265133e-04
3.35000000000000e-01 2.35041750610861e+00 2.35099933348698e+00 5.81827378369315e-04
3.40000000000000e-01 2.39164761369701e+00 2.39222315195700e+00 5.75538259989461e-04
3.45000000000000e-01 2.43324350236125e+00 2.43381313154985e+00 5.69629188603038e-04
3.50000000000000e-01 2.47496447594309e+00 2.47552825814758e+00 5.63782204482166e-04
3.55000000000000e-01 2.51656842213975e+00 2.51712605526309e+00 5.57633123334789e-04
3.60000000000000e-01 2.55781324616790e+00 2.55836407535859e+00 5.50829190684610e-04
3.65000000000000e-01 2.59845830540890e+00 2.59900139115685e+00 5.43085747954475e-04
3.70000000000000e-01 2.63826584521706e+00 2.63880007775179e+00 5.34232534724843e-04
3.75000000000000e-01 2.67700243458256e+00 2.67752667638138e+00 5.24241798825376e-04
3.80000000000000e-01 2.71444039753920e+00 2.71495363083915e+00 5.13233299949789e-04
3.85000000000000e-01 2.75035923257307e+00 2.75086068766886e+00 5.01455095785808e-04
3.90000000000000e-01 2.78454700846273e+00 2.78503625151058e+00 4.89243047846699e-04
3.95000000000000e-01 2.81680172166000e+00 2.81727868724248e+00 4.76965582482780e-04
4.00000000000000e-01 2.84693259812240e+00 2.84739756089084e+00 4.64962768447208e-04
4.05000000000000e-01 2.87476132186995e+00 2.87521481165829e+00 4.53489788344363e-04
4.10000000000000e-01 2.90012317363436e+00 2.90056584784471e+00 4.42674210352489e-04
4.15000000000000e-01 2.92286806568226e+00 2.92330055990464e+00 4.32494222373681e-04
4.20000000000000e-01 2.94286146284219e+00 2.94328424439572e+00 4.22781553529816e-04
4.25000000000000e-01 2.95998518436627e+00 2.96039843312221e+00 4.13248755938955e-04
4.30000000000000e-01 2.97413808583472e+00 2.97454162236171e+00 4.03536526997428e-04
4.35000000000000e-01 2.98523662420496e+00 2.98562989767982e+00 3.93273474859512e-04
4.40000000000000e-01 2.99321531178204e+00 2.99359745048043e+00 3.82138698395096e-04
4.45000000000000e-01 2.99802706601912e+00 2.99839698310739e+00 3.69917088272054e-04
4.50000000000000e-01 2.99964346157552e+00 3.00000000000000e+00 3.56538424480135e-04
4.55000000000000e-01 2.99805488915645e+00 2.99839698310739e+00 3.42093950949085e-04
4.60000000000000e-01 2.99327062275340e+00 2.99359745048043e+00 3.26827727030743e-04
4.65000000000000e-01 2.98531879357296e+00 2.98562989767982e+00 3.11104106866633e-04
4.70000000000000e-01 2.97424626583041e+00 2.97454162236171e+00 2.95356531300417e-04
4.75000000000000e-01 2.96011840730535e+00 2.96039843312221e+00 2.80025816853602e-04
4.80000000000000e-01 2.94301874658982e+00 2.94328424439572e+00 2.65497805904236e-04
4.85000000000000e-01 2.92304850958222e+00 2.92330055990464e+00 2.52050322418373e-04
4.90000000000000e-01 2.90032603000979e+00 2.90056584784471e+00 2.39817834918998e-04
4.95000000000000e-01 2.87498603235368e+00 2.87521481165829e+00 2.28779304611848e-04
5.00000000000000e-01 2.84717879002680e+00 2.84739756089084e+00 2.18770864038653e-04
5.05000000000000e-01 2.81706916637880e+00 2.81727868724248e+00 2.09520863683199e-04
5.10000000000000e-01 2.78483555038058e+00 2.78503625151058e+00 2.00701129996705e-04
5.15000000000000e-01 2.75066870203981e+00 2.75086068766886e+00 1.91985629043767e-04
5.20000000000000e-01 2.71477052425314e+00 2.71495363083915e+00 1.83106586010062e-04
5.25000000000000e-01 2.67735277770575e+00 2.67752667638138e+00 1.73898675637219e-04
5.30000000000000e-01 2.63863575367369e+00 2.63880007775179e+00 1.64324078102407e-04
5.35000000000000e-01 2.59884691655120e+00 2.59900139115685e+00 1.54474605647437e-04
5.40000000000000e-01 2.55821952421879e+00 2.55836407535859e+00 1.44551139793947e-04
5.45000000000000e-01 2.51699123070770e+00 2.51712605526309e+00 1.34824555388491e-04
5.50000000000000e-01 2.47540267270829e+00 2.47552825814758e+00 1.25585439282982e-04
5.55000000000000e-01 2.43369603986593e+00 2.43381313154985e+00 1.17091683921267e-04
5.60000000000000e-01 2.39211362880776e+00 2.39222315195700e+00 1.09523149239621e-04
5.65000000000000e-01 2.35089638243307e+00 2.35099933348698e+00 1.02951053908562e-04
5.70000000000000e-01 2.31028241885589e+00 2.31037974575665e+00 9.73269007582545e-05
5.75000000000000e-01 2.27050555794744e+00 2.27059805007310e+00 9.24921256584277e-05
5.80000000000000e-01 2.23179385699613e+00 2.23188206297222e+00 8.82059760911602e-05
5.85000000000000e-01 2.19436816990419e+00 2.19445235595975e+00 8.41860555538254e-05
5.90000000000000e-01 2.15844074603809e+00 2.15852090008677e+00 8.01540486814467e-05
5.95000000000000e-01 2.12421388505585e+00 2.12428976371522e+00 7.58786593650917e-05
6.00000000000000e-01 2.09187866275043e+00 2.09194987150091e+00 7.12087504850523e-05
6.05000000000000e-01 2.06161374044790e+00 2.06167983224433e+00 6.60917964308005e-05
6.10000000000000e-01 2.03358426725973e+00 2.03364484283446e+00 6.05755747256076e-05
6.15000000000000e-01 2.00794088107469e+00 2.00799567504205e+00 5.47939673629649e-05
6.20000000000000e-01 1.98481881112905e+00 1.98486775140779e+00 4.89402787353654e-05
6.25000000000000e-01 1.96433708272315e+00 1.96438031592140e+00 4.32331982540557e-05
6.30000000000000e-01 1.94659782337444e+00 1.94663570460343e+00 3.78812289951735e-05
6.35000000000000e-01 1.93168566941901e+00 1.93171872048530e+00 3.30510662833738e-05
6.40000000000000e-01 1.91966727261357e+00 1.91969611683971e+00 2.88442261426880e-05
6.45000000000000e-01 1.91059090734628e+00 1.91061619184595e+00 2.52844996702084e-05
6.50000000000000e-01 1.90448618028377e+00 1.90450849718747e+00 2.23169037014692e-05
6.55000000000000e-01 1.90136384533168e+00 1.90138366237698e+00 1.98170453040714e-05
6.60000000000000e-01 1.90121572741834e+00 1.90123333589028e+00 1.76084719354375e-05
6.65000000000000e-01 1.90401475868307e+00 1.90403024347033e+00 1.54847872528840e-05
6.70000000000000e-01 1.90971513013693e+00 1.90972836324032e+00 1.32331033870781e-05
6.75000000000000e-01 1.91825256083774e+00 1.91826321654437e+00 1.06557066357205e-05
6.80000000000000e-01 1.92954468522110e+00 1.92955227272105e+00 7.58749994522745e-06
6.85000000000000e-01 1.94349155762706e+00 1.94349546531226e+00 3.90768519697993e-06
6.90000000000000e-01 1.95997627142554e+00 1.95997581652323e+00 4.54902307600591e-07
6.95000000000000e-01 1.97886568861482e+00 1.97886016608158e+00 5.52253323959917e-06
7.00000000000000e-01 2.00001127444538e+00 2.00000000000000e+00 1.12744453795166e-05
7.05000000000000e-01 2.02325003055991e+00 2.02323237413106e+00 1.76564288425496e-05
7.10000000000000e-01 2.04840551935183e+00 2.04838092681811e+00 2.45925337201136e-05
7.15000000000000e-01 2.07528897170891e+00 2.07525697439691e+00 3.19973119990991e-05
7.20000000000000e-01 2.10370046998484e+00 2.10366068279205e+00 3.97871927906301e-05
7.25000000000000e-01 2.13343019787976e+00 2.13338230798255e+00 4.78898972144925e-05
7.30000000000000e-01 2.16425974885931e+00 2.16420349768687e+00 5.62511724364612e-05
7.35000000000000e-01 2.19596348475428e+00 2.19589864623990e+00 6.48385143753316e-05
7.40000000000000e-01 2.22830993622119e+00 2.22823629430637e+00 7.36419148186229e-05
7.45000000000000e-01 2.26106323677887e+00 2.26098056479902e+00 8.26719798525666e-05
7.50000000000000e-01 2.29398458214723e+00 2.29389262614624e+00 9.19560009973175e-05
7.55000000000000e-01 2.32683370659050e+00 2.32673217388556e+00 1.01532704936069e-04
7.60000000000000e-01 2.35937036790447e+00 2.35925892144618e+00 1.11446458285869e-04
7.65000000000000e-01 2.39135583259044e+00 2.39123409092702e+00 1.21741663419606e-04
7.70000000000000e-01 2.42255435263901e+00 2.42242189467697e+00 1.32457962039201e-04
7.75000000000000e-01 2.45273462522363e+00 2.45259099854052e+00 1.43626683114295e-04
7.80000000000000e-01 2.48167122650094e+00 2.48151595774496e+00 1.55268755978266e-04
7.85000000000000e-01 2.50914601066036e+00 2.50897861657418e+00 1.67394086180828e-04
7.90000000000000e-01 2.53494946538718e+00 2.53476946319709e+00 1.80002190089290e-04
7.95000000000000e-01 2.55888201502605e+00 2.55868893129538e+00 1.93083730668508e-04
8.00000000000000e-01 2.58075526297388e+00 2.58054864046305e+00 2.06622510833032e-04
8.05000000000000e-01 2.60039316520038e+00 2.60017256772797e+00 2.20597472402329e-04
8.10000000000000e-01 2.61763312728609e+00 2.61739814297001e+00 2.34984316081821e-04
8.15000000000000e-01 2.63232701796806e+00 2.63207726147960e+00 2.49756488457376e-04
8.20000000000000e-01 2.64434209286330e+00 2.64407720741157e+00 2.64885451726649e-04
8.25000000000000e-01 2.65356182276980e+00 2.65328148243819e+00 2.80340331613615e-04
8.30000000000000e-01 2.65988662168606e+00 2.65959053448992e+00 2.96087196139716e-04
8.35000000000000e-01 2.66323447041286e+00 2.66292238208847e+00 3.12088324390558e-04
8.40000000000000e-01 2.66354143227889e+00 2.66321313042021e+00 3.28301858677271e-04
8.45000000000000e-01 2.66076205815241e+00 2.66041737596564e+00 3.44682186774747e-04
8.50000000000000e-01 2.65486967846454e+00 2.65450849718747e+00 3.61181277065636e-04
8.55000000000000e-01 2.64585658048949e+00 2.64547882948272e+00 3.77751006772620e-04
8.60000000000000e-01 2.63373406962732e+00 2.63333972331718e+00 3.94346310140570e-04
8.65000000000000e-01 2.61853241394792e+00 2.61812148518153e+00 4.10928766390040e-04
8.70000000000000e-01 2.60030067181292e+00 2.59987320173000e+00 4.27470082918990e-04
8.75000000000000e-01 2.57910640302532e+00 2.57866244818360e+00 4.43954841720107e-04
8.80000000000000e-01 2.55503526468109e+00 2.55457488279246e+00 4.60381888637063e-04
8.85000000000000e-01 2.52819049372094e+00 2.52771372985530e+00 4.76763865633778e-04
8.90000000000000e-01 2.49869227908779e+00 2.49819915448034e+00 4.93124607455986e-04
8.95000000000000e-01 2.46667702736152e+00 2.46616753293972e+00 5.09494421798262e-04
9.00000000000000e-01 2.43229652672093e+00 2.43177062311339e+00 5.25903607545786e-04
9.05000000000000e-01 2.39571701502456e+00 2.39517464013388e+00 5.42374890674768e-04
9.10000000000000e-01 2.35711815864899e+00 2.35655924292839e+00 5.58915720596964e-04
9.15000000000000e-01 2.31669194942776e+00 2.31611643790350e+00 5.75511524262939e-04
9.20000000000000e-01 2.27464152755515e+00 2.27404940652903e+00 5.92121026123049e-04
9.25000000000000e-01 2.23117993863844e+00 2.23057126404647e+00 6.08674591976666e-04
9.30000000000000e-01 2.18652883320092e+00 2.18590375695213e+00 6.25076248793821e-04
9.35000000000000e-01 2.14091711688231e+00 2.14027590728277e+00 6.41209599533621e-04
9.40000000000000e-01 2.09457955940080e+00 2.09392261205918e+00 6.56947341621361e-04
9.45000000000000e-01 2.04775537009525e+00 2.04708320651983e+00 6.72163575417883e-04
9.50000000000000e-01 2.00068674762868e+00 2.00000000000000e+00 6.86747628678042e-04
9.55000000000000e-01 1.95361741127508e+00 1.95291679348017e+00 7.00617794910707e-04
9.60000000000000e-01 1.90679112118606e+00 1.90607738794082e+00 7.13733245235382e-04
9.65000000000000e-01 1.86045019517756e+00 1.85972409271723e+00 7.26102460330003e-04
9.70000000000000e-01 1.81483402989347e+00 1.81409624304787e+00 7.37786845605104e-04
9.75000000000000e-01 1.77017763466617e+00 1.76942873595353e+00 7.48898712634727e-04
9.80000000000000e-01 1.72671018694558e+00 1.72595059347097e+00 7.59593474607634e-04
9.85000000000000e-01 1.68465361872765e+00 1.68388356209650e+00 7.70056631147265e-04
9.90000000000000e-01 1.64422124388451e+00 1.64344075707161e+00 7.80486812901549e-04
9.95000000000000e-01 1.60561643658835e+00 1.60482535986612e+00 7.91076722230777e-04
1.00000000000000e+00 1.56903137104770e+00 1.56822937688661e+00 8.01994161088393e-04
1.00500000000000e+00 1.53464583248398e+00 1.53383246706028e+00 8.13365423698809e-04
1.01000000000000e+00 1.50262610864787e+00 1.50180084551966e+00 8.25263128203968e-04
1.01500000000000e+00 1.47312397022971e+00 1.47228627014470e+00 8.37700085015047e-04
1.02000000000000e+00 1.44627574731226e+00 1.44542511720755e+00 8.50630104715533e-04
1.02500000000000e+00 1.42220150763629e+00 1.42133755181640e+00 8.63955819881523e-04
1.03000000000000e+00 1.40100434100713e+00 1.40012679827000e+00 8.77542737135473e-04
1.03500000000000e+00 1.38276975277587e+00 1.38187851481848e+00 8.91237957392432e-04
1.04000000000000e+00 1.36756516808635e+00 1.36666027668282e+00 9.04891403529895e-04
1.04500000000000e+00 1.35543954757010e+00 1.35452117051728e+00 9.18377052818942e-04
1.05000000000000e+00 1.34642311444372e+00 1.34549150281253e+00 9.31611631193929e-04
1.05500000000000e+00 1.34052719252947e+00 1.33958262403436e+00 9.44568495113485e-04
1.06000000000000e+00 1.33774415455223e+00 1.33678686957979e+00 9.57284972440409e-04
1.06500000000000e+00 1.33804748010342e+00 1.33707761791153e+00 9.69862191881665e-04
1.07000000000000e+00 1.34139192281974e+00 1.34040946551008e+00 9.82457309660179e-04
1.07500000000000e+00 1.34771378649993e+00 1.34671851756181e+00 9.95268938113414e-04
1.08000000000000e+00 1.35693130997585e+00 1.35592279258843e+00 1.00851738741947e-03
1.08500000000000e+00 1.36894516047422e+00 1.36792273852040e+00 1.02242195382596e-03
1.09000000000000e+00 1.38363903488299e+00 1.38260185702999e+00 1.03717785300295e-03
1.09500000000000e+00 1.40088036773458e+00 1.39982743227203e+00 1.05293546255436e-03
1.10000000000000e+00 1.42052114383283e+00 1.41945135953695e+00 1.06978429587579e-03
1.10500000000000e+00 1.44239881231196e+00 1.44131106870462e+00 1.08774360733666e-03
1.11000000000000e+00 1.46633729758876e+00 1.46523053680291e+00 1.10676078585392e-03
1.11500000000000e+00 1.49214810124015e+00 1.49102138342582e+00 1.12671781432505e-03
1.12000000000000e+00 1.51963148741037e+00 1.51848404225504e+00 1.14744515532927e-03
1.12500000000000e+00 1.54857774303328e+00 1.54740900145948e+00 1.16874157380287e-03
1.13000000000000e+00 1.57876850304317e+00 1.57757810532303e+00 1.19039772014395e-03
1.13500000000000e+00 1.60997812992538e+00 1.60876590907298e+00 1.21222085240191e-03
1.14000000000000e+00 1.64197513647774e+00 1.64074107855382e+00 1.23405792391518e-03
1.14500000000000e+00 1.67452364053772e+00 1.67326782611444e+00 1.25581442328149e-03
1.15000000000000e+00 1.70738484066374e+00 1.70610737385376e+00 1.27746680997620e-03
1.15500000000000e+00 1.74031850229340e+00 1.73901943520098e+00 1.29906709241490e-03
1.16000000000000e+00 1.77308444466170e+00 1.77176370569363e+00 1.32073896807294e-03
1.16500000000000e+00 1.80544401965038e+00 1.80410135376010e+00 1.34266589027887e-03
1.17000000000000e+00 1.83716157465015e+00 1.83579650231313e+00 1.36507233701644e-03
1.17500000000000e+00 1.86800589234705e+00 1.86661769201745e+00 1.38820032959175e-03
1.18000000000000e+00 1.89775160100256e+00 1.89633931720795e+00 1.41228379460978e-03
1.18500000000000e+00 1.92618054921942e+00 1.92474302560309e+00 1.43752361632932e-03
1.19000000000000e+00 1.95308313933890e+00 1.95161907318189e+00 1.46406615700556e-03
1.19500000000000e+00 1.97825961350403e+00 1.97676762586894e+00 1.49198763509739e-03
1.20000000000000e+00 2.00152128608766e+00 2.00000000000000e+00 1.52128608765989e-03
1.20500000000000e+00 2.02269171569789e+00 2.02113983391842e+00 1.55188177946686e-03
1.21000000000000e+00 2.04160780943287e+00 2.04002418347677e+00 1.58362595610217e-03
1.21500000000000e+00 2.05812085157370e+00 2.05650453468774e+00 1.61631688595687e-03
1.22000000000000e+00 2.07209744858642e+00 2.07044772727895e+00 1.64972130746843e-03
1.22500000000000e+00 2.08342038224897e+00 2.08173678345563e+00 1.68359879334545e-03
1.23000000000000e+00 2.09198936299308e+00 2.09027163675968e+00 1.71772623339361e-03
1.23500000000000e+00 2.09772167618923e+00 2.09596975652967e+00 1.75191965955435e-03
1.24000000000000e+00 2.10055271509551e+00 2.09876666410972e+00 1.78605098578544e-03
1.24500000000000e+00 2.10043639549055e+00 2.09861633762302e+00 1.82005786752759e-03
1.25000000000000e+00 2.09734544853411e+00 2.09549150281253e+00 1.85394572158737e-03
1.25500000000000e+00 2.09127159003740e+00 2.08938380815405e+00 1.88778188335137e-03
1.26000000000000e+00 2.08222556595993e+00 2.08030388316029e+00 1.92168279964022e-03
1.26500000000000e+00 2.07023707546484e+00 2.06828127951470e+00 1.95579595013839e-03
1.27000000000000e+00 2.05535457416134e+00 2.05336429539657e+00 1.99027876476876e-03
1.27500000000000e+00 2.03764496117141e+00 2.03561968407860e+00 2.02527709281419e-03
1.28000000000000e+00 2.01719315434707e+00 2.01513224859221e+00 2.06090575485307e-03
1.28500000000000e+00 1.99410155833982e+00 1.99200432495795e+00 2.09723338186962e-03
1.29000000000000e+00 1.96848943033161e+00 1.96635515716554e+00 2.13427316606785e-03
1.29500000000000e+00 1.94049214814998e+00 1.93832016775567e+00 2.17198039430655e-03
1.30000000000000e+00 1.91026038530465e+00 1.90805012849909e+00 2.21025680555709e-03
1.30500000000000e+00 1.87795919729782e+00 1.87571023628478e+00 2.24896101303118e-03
1.31000000000000e+00 1.84376702347048e+00 1.84147909991323e+00 2.28792355725616e-03
1.31500000000000e+00 1.80787460872575e+00 1.80554764404025e+00 2.32696468549753e-03
1.32000000000000e+00 1.77048384976377e+00 1.76811793702778e+00 2.36591273598874e-03
1.32500000000000e+00 1.73180657098280e+00 1.72940194992690e+00 2.40462105589834e-03
1.33000000000000e+00 1.69206323592462e+00 1.68962025424335e+00 2.44298168127344e-03
1.33500000000000e+00 1.65148160101613e+00 1.64900066651302e+00 2.48093450311004e-03
1.34000000000000e+00 1.61029531930518e+00 1.60777684804300e+00 2.51847126217375e-03
1.34500000000000e+00 1.56874250281926e+00 1.56618686845015e+00 2.55563436911221e-03
1.35000000000000e+00 1.52706425300109e+00 1.52447174185242e+00 2.59251114866776e-03
1.35500000000000e+00 1.48550316931824e+00 1.48287394473691e+00 2.62922458132797e-03
1.36000000000000e+00 1.44430184655158e+00 1.44163592464141e+00 2.66592191017145e-03
1.36500000000000e+00 1.40370137141136e+00 1.40099860884315e+00 2.70276256821567e-03
1.37000000000000e+00 1.36393982901755e+00 1.36119992224821e+00 2.73990676934033e-03
1.37500000000000e+00 1.32525082944560e+00 1.32247332361862e+00 2.77750582697789e-03
1.38000000000000e+00 1.28786206403651e+00 1.28504636916085e+00 2.81569487565592e-03
1.38500000000000e+00 1.25199390057066e+00 1.24913931233114e+00 2.85458823951967e-03
1.39000000000000e+00 1.21785802577808e+00 1.21496374848942e+00 2.89427728865643e-03
1.39500000000000e+00 1.18565614306579e+00 1.18272131275752e+00 2.93483030826591e-03
1.40000000000000e+00 1.15557873282780e+00 1.15260243910916e+00 2.97629371864505e-03
1.40500000000000e+00 1.12780388228482e+00 1.12478518834171e+00 3.01869394311383e-03
1.41000000000000e+00 1.10249619147279e+00 1.09943415215529e+00 3.06203931750137e-03
1.41500000000000e+00 1.07980576173384e+00 1.07669944009536e+00 3.10632163847502e-03
1.42000000000000e+00 1.05986727281571e+00 1.05671575560428e+00 3.15151721143780e-03
1.42500000000000e+00 1.04279915440532e+00 1.03960156687779e+00 3.19758752752386e-03
1.43000000000000e+00 1.02870285755933e+00 1.02545837763829e+00 3.24447992104582e-03
1.43500000000000e+00 1.01766223101212e+00 1.01437010232018e+00 3.29212869194340e-03
1.44000000000000e+00 1.00974300671675e+00 1.00640254951957e+00 3.34045719718623e-03
1.44500000000000e+00 1.00499239820945e+00 1.00160301689261e+00 3.38938131683952e-03
1.45000000000000e+00 1.00343881450032e+00 1.00000000000000e+00 3.43881450031769e-03
1.45500000000000e+00 1.00509169122101e+00 1.00160301689261e+00 3.48867432840438e-03
1.46000000000000e+00 1.00994143975134e+00 1.00640254951957e+00 3.53889023176968e-03
1.46500000000000e+00 1.01795951405359e+00 1.01437010232018e+00 3.58941173341565e-03
1.47000000000000e+00 1.02909859401469e+00 1.02545837763829e+00 3.64021637639911e-03
1.47500000000000e+00 1.04329288327076e+00 1.03960156687779e+00 3.69131639296483e-03
1.48000000000000e+00 1.06045851879248e+00 1.05671575560428e+00 3.74276318820077e-03
1.48500000000000e+00 1.08049408894875e+00 1.07669944009536e+00 3.79464885338510e-03
1.49000000000000e+00 1.10328125633415e+00 1.09943415215529e+00 3.84710417886391e-03
1.49500000000000e+00 1.12868548131757e+00 1.12478518834171e+00 3.90029297586225e-03
1.50000000000000e+00 1.15655684201205e+00 1.15260243910916e+00 3.95440290289018e-03
1.50500000000000e+00 1.18673094613913e+00 1.18272131275752e+00 4.00963338160643e-03
1.51000000000000e+00 1.21902993002411e+00 1.21496374848942e+00 4.06618153469540e-03
1.51500000000000e+00 1.25326353967599e+00 1.24913931233114e+00 4.12422734484363e-03
1.52000000000000e+00 1.28923028854926e+00 1.28504636916085e+00 4.18391938841145e-03
1.52500000000000e+00 1.32671868613928e+00 1.32247332361862e+00 4.24536252066465e-03
1.53000000000000e+00 1.36550853102451e+00 1.36119992224821e+00 4.30860877630201e-03
1.53500000000000e+00 1.40537226135047e+00 1.40099860884315e+00 4.37365250732258e-03
1.54000000000000e+00 1.44607635507259e+00 1.44163592464141e+00 4.44043043118003e-03
1.54500000000000e+00 1.48738277157408e+00 1.48287394473691e+00 4.50882683716691e-03
1.55000000000000e+00 1.52905042558805e+00 1.52447174185242e+00 4.57868373563053e-03
1.55500000000000e+00 1.57083668372668e+00 1.56618686845015e+00 4.64981527652886e-03
1.56000000000000e+00 1.61249887339422e+00 1.60777684804300e+00 4.72202535121546e-03
1.56500000000000e+00 1.65379579347654e+00 1.64900066651302e+00 4.79512696352602e-03
1.57000000000000e+00 1.69448921598638e+00 1.68962025424335e+00 4.86896174303308e-03
1.57500000000000e+00 1.73434536782288e+00 1.72940194992690e+00 4.94341789597752e-03
1.58000000000000e+00 1.77313638198520e+00 1.76811793702778e+00 5.01844495741999e-03
1.58500000000000e+00 1.81064170795877e+00 1.80554764404025e+00 5.09406391852152e-03
1.59000000000000e+00 1.84664947155401e+00 1.84147909991323e+00 5.17037164078671e-03
1.59500000000000e+00 1.88095777519398e+00 1.87571023628478e+00 5.24753890919794e-03
1.60000000000000e+00 1.91337593048263e+00 1.90805012849909e+00 5.32580198353583e-03
1.60500000000000e+00 1.94372561579763e+00 1.93832016775567e+00 5.40544804196497e-03
1.61000000000000e+00 1.97184195259539e+00 1.96635515716554e+00 5.48679542984520e-03
1.61500000000000e+00 1.99757449504489e+00 1.99200432495795e+00 5.57017008694283e-03
1.62000000000000e+00 2.02078812848166e+00 2.01513224859221e+00 5.65587988944571e-03
1.62500000000000e+00 2.04136387295655e+00 2.03561968407860e+00 5.74418887795147e-03
1.63000000000000e+00 2.05919958882382e+00 2.05336429539657e+00 5.83529342725253e-03
1.63500000000000e+00 2.07421058185192e+00 2.06828127951470e+00 5.92930233721978e-03
1.64000000000000e+00 2.08633010575021e+00 2.08030388316029e+00 6.02622258991925e-03
1.64500000000000e+00 2.09550976029329e+00 2.08938380815405e+00 6.12595213923939e-03
1.65000000000000e+00 2.10171978341582e+00 2.09549150281253e+00 6.22828060329583e-03
1.65500000000000e+00 2.10494923577455e+00 2.09861633762302e+00 6.33289815153359e-03
1.66000000000000e+00 2.10520607637047e+00 2.09876666410972e+00 6.43941226074274e-03
1.66500000000000e+00 2.10251712793375e+00 2.09596975652967e+00 6.54737140407891e-03
1.67000000000000e+00 2.09692793094012e+00 2.09027163675968e+00 6.65629418043556e-03
1.67500000000000e+00 2.08850248538811e+00 2.08173678345563e+00 6.76570193248649e-03
1.68000000000000e+00 2.07732287985491e+00 2.07044772727895e+00 6.87515257595628e-03
1.68500000000000e+00 2.06348880788545e+00 2.05650453468774e+00 6.98427319770545e-03
1.69000000000000e+00 2.04711697246785e+00 2.04002418347677e+00 7.09278899108456e-03
1.69500000000000e+00 2.02834038020425e+00 2.02113983391842e+00 7.20054628582822e-03
1.70000000000000e+00 2.00730752778687e+00 2.00000000000000e+00 7.30752778686794e-03
1.70500000000000e+00 1.98418148450721e+00 1.97676762586893e+00 7.41385863828037e-03
1.71000000000000e+00 1.95913887572557e+00 1.95161907318189e+00 7.51980254367823e-03
1.71500000000000e+00 1.93236877346464e+00 1.92474302560309e+00 7.62574786154935e-03
1.72000000000000e+00 1.90407150151601e+00 1.89633931720795e+00 7.73218430805667e-03
1.72500000000000e+00 1.87445736361140e+00 1.86661769201745e+00 7.83967159394394e-03
1.73000000000000e+00 1.84374530426227e+00 1.83579650231313e+00 7.94880194914005e-03
1.73500000000000e+00 1.81216151276640e+00 1.80410135376010e+00 8.06015900630208e-03
1.74000000000000e+00 1.77993798157864e+00 1.77176370569363e+00 8.17427588501629e-03
1.74500000000000e+00 1.74731103071274e+00 1.73901943520098e+00 8.29159551175440e-03
1.75000000000000e+00 1.71451981005975e+00 1.70610737385376e+00 8.41243620599097e-03
1.75500000000000e+00 1.68180479146286e+00 1.67326782611444e+00 8.53696534842663e-03
1.76000000000000e+00 1.64940626207712e+00 1.64074107855382e+00 8.66518352330425e-03
1.76500000000000e+00 1.61756282997779e+00 1.60876590907298e+00 8.79692090480466e-03
1.77000000000000e+00 1.58650995218610e+00 1.57757810532303e+00 8.93184686306792e-03
1.77500000000000e+00 1.55647849429566e+00 1.54740900145948e+00 9.06949283617586e-03
1.78000000000000e+00 1.52769332975841e+00 1.51848404225504e+00 9.20928750336558e-03
1.78500000000000e+00 1.50037198569190e+00 1.49102138342582e+00 9.35060226607365e-03
1.79000000000000e+00 1.47472334087551e+00 1.46523053680291e+00 9.49280407260233e-03
1.79500000000000e+00 1.45094638049535e+00 1.44131106870462e+00 9.63531179072752e-03
1.80000000000000e+00 1.42922901126115e+00 1.41945135953695e+00 9.77765172419409e-03
1.80500000000000e+00 1.40974693983246e+00 1.39982743227203e+00 9.91950756043591e-03
1.81000000000000e+00 1.39266261712228e+00 1.38260185702999e+00 1.00607600922940e-02
1.81500000000000e+00 1.37812425103776e+00 1.36792273852040e+00 1.02015125173589e-02
1.82000000000000e+00 1.36626489058413e+00 1.35592279258843e+00 1.03420979957065e-02
1.82500000000000e+00 1.35720158497685e+00 1.34671851756181e+00 1.04830674150380e-02
1.83000000000000e+00 1.35103462241402e+00 1.34040946551008e+00 1.06251569039377e-02
1.83500000000000e+00 1.34784685435333e+00 1.33707761791153e+00 1.07692364418013e-02
1.84000000000000e+00 1.34770311237117e+00 1.33678686957979e+00 1.09162427913885e-02
1.84500000000000e+00 1.35064972578751e+00 1.33958262403436e+00 1.10671017531501e-02
1.85000000000000e+00 1.35671414903278e+00 1.34549150281253e+00 1.12226462202487e-02
1.85500000000000e+00 1.36590470803099e+00 1.35452117051728e+00 1.13835375137097e-02
1.86000000000000e+00 1.37821047451974e+00 1.36666027668282e+00 1.15501978369188e-02
1.86500000000000e+00 1.39360127611104e+00 1.38187851481848e+00 1.17227612925592e-02
1.87000000000000e+00 1.41202784797433e+00 1.40012679827000e+00 1.19010497043359e-02
1.87500000000000e+00 1.43342212933071e+00 1.42133755181640e+00 1.20845775143021e-02
1.88000000000000e+00 1.45769770461727e+00 1.44542511720755e+00 1.22725874097196e-02
1.88500000000000e+00 1.48475038542955e+00 1.47228627014470e+00 1.24641152848490e-02
1.89000000000000e+00 1.51445892547448e+00 1.50180084551967e+00 1.26580799548104e-02
1.89500000000000e+00 1.54668585711309e+00 1.53383246706028e+00 1.28533900528043e-02
1.90000000000000e+00 1.58127843500418e+00 1.56822937688661e+00 1.30490581175720e-02
1.90500000000000e+00 1.61806967021444e+00 1.60482535986612e+00 1.32443103483257e-02
1.91000000000000e+00 1.65687943720193e+00 1.64344075707161e+00 1.34386801303223e-02
1.91500000000000e+00 1.69751563646238e+00 1.68388356209650e+00 1.36320743658729e-02
1.92000000000000e+00 1.73977539735872e+00 1.72595059347097e+00 1.38248038877551e-02
1.92500000000000e+00 1.78344630858471e+00 1.76942873595353e+00 1.40175726311715e-02
1.93000000000000e+00 1.82830766753493e+00 1.81409624304787e+00 1.42114244870586e-02
1.93500000000000e+00 1.87413174413176e+00 1.85972409271723e+00 1.44076514145386e-02
1.94000000000000e+00 1.92068505887087e+00 1.90607738794082e+00 1.46076709300467e-02
1.94500000000000e+00 1.96772967844702e+00 1.95291679348017e+00 1.48128849668572e-02
1.95000000000000e+00 2.01502453480898e+00 2.00000000000000e+00 1.50245348089799e-02
1.95500000000000e+00 2.06232677447616e+00 2.04708320651983e+00 1.52435679563303e-02
1.96000000000000e+00 2.10939314421216e+00 2.09392261205918e+00 1.54705321529849e-02
1.96500000000000e+00 2.15598141667537e+00 2.14027590728277e+00 1.57055093925953e-02
1.97000000000000e+00 2.20185185566229e+00 2.18590375695213e+00 1.59480987101577e-02
1.97500000000000e+00 2.24676871543160e+00 2.23057126404646e+00 1.61974513851404e-02
1.98000000000000e+00 2.29050176291399e+00 2.27404940652903e+00 1.64523563849612e-02
1.98500000000000e+00 2.33282780603359e+00 2.31611643790350e+00 1.67113681300877e-02
1.99000000000000e+00 2.37353220656497e+00 2.35655924292839e+00 1.69729636365830e-02
1.99500000000000e+00 2.41241035252681e+00 2.39517464013388e+00 1.72357123929299e-02
2.00000000000000e+00 2.44926906352986e+00 2.43177062311339e+00 1.74984404164711e-02
2.00500000000000e+00 2.48392790300875e+00 2.46616753293972e+00 1.77603700690288e-02
2.01000000000000e+00 2.51622037389977e+00 2.49819915448034e+00 1.80212194194294e-02
2.01500000000000e+00 2.54599497886865e+00 2.52771372985530e+00 1.82812490133526e-02
2.02000000000000e+00 2.57311613222135e+00 2.55457488279245e+00 1.85412494289010e-02
2.02500000000000e+00 2.59746491756158e+00 2.57866244818359e+00 1.88024693779818e-02
2.03000000000000e+00 2.61893969240948e+00 2.59987320173000e+00 1.90664906794789e-02
2.03500000000000e+00 2.63745654765836e+00 2.61812148518152e+00 1.93350624768343e-02
2.04000000000000e+00 2.65294963526068e+00 2.63333972331718e+00 1.96099119434949e-02
2.04500000000000e+00 2.66537138135414e+00 2.64547882948272e+00 1.98925518714232e-02
2.05000000000000e+00 2.67469260377826e+00 2.65450849718747e+00 2.01841065907824e-02
2.05500000000000e+00 2.68090255240927e+00 2.66041737596564e+00 2.04851764436307e-02
2.06000000000000e+00 2.68400888799033e+00 2.66321313042021e+00 2.07957575701196e-02
2.06500000000000e+00 2.68403761041120e+00 2.66292238208847e+00 2.11152283227314e-02
2.07000000000000e+00 2.68103294115918e+00 2.65959053448992e+00 2.14424066692671e-02
2.07500000000000e+00 2.67505715756173e+00 2.65328148243819e+00 2.17756751235396e-02
2.08000000000000e+00 2.66619036924423e+00 2.64407720741157e+00 2.21131618326518e-02
2.08500000000000e+00 2.65453022078346e+00 2.63207726147960e+00 2.24529593038563e-02
2.09000000000000e+00 2.64019149969727e+00 2.61739814297001e+00 2.27933567272629e-02
2.09500000000000e+00 2.62330562643999e+00 2.60017256772797e+00 2.31330587120162e-02
2.10000000000000e+00 2.60402000355830e+00 2.58054864046305e+00 2.34713630952519e-02
2.10500000000000e+00 2.58249720491840e+00 2.55868893129538e+00 2.38082736230156e-02
2.11000000000000e+00 2.55891399290320e+00 2.53476946319710e+00 2.41445297061009e-02
2.11500000000000e+00 2.53346016124884e+00 2.50897861657418e+00 2.44815446746656e-02
2.12000000000000e+00 2.50633721286964e+00 2.48151595774496e+00 2.48212551246749e-02
2.12500000000000e+00 2.47775689435666e+00 2.45259099854052e+00 2.51658958161403e-02
2.13000000000000e+00 2.44793962030152e+00 2.42242189467697e+00 2.55177256245509e-02
2.13500000000000e+00 2.41711282956542e+00 2.39123409092702e+00 2.58787386384043e-02
2.14000000000000e+00 2.38550932058105e+00 2.35925892144618e+00 2.62503991348719e-02
2.14500000000000e+00 2.35336561260765e+00 2.32673217388556e+00 2.66334387220906e-02
2.15000000000000e+00 2.32092037403584e+00 2.29389262614624e+00 2.70277478896053e-02
2.15500000000000e+00 2.28841294763256e+00 2.26098056479902e+00 2.74323828335383e-02
2.16000000000000e+00 2.25608198718108e+00 2.22823629430637e+00 2.78456928747017e-02
2.16500000000000e+00 2.22416420229153e+00 2.19589864623990e+00 2.82655560516338e-02
2.17000000000000e+00 2.19289319083991e+00 2.16420349768687e+00 2.86896931530403e-02
2.17500000000000e+00 2.16249832440677e+00 2.13338230798255e+00 2.91160164242199e-02
2.18000000000000e+00 2.13320364388696e+00 2.10366068279205e+00 2.95429610949123e-02
2.18500000000000e+00 2.10522672204830e+00 2.07525697439691e+00 2.99697476513816e-02
2.19000000000000e+00 2.07877745795281e+00 2.04838092681811e+00 3.03965311347008e-02
2.19500000000000e+00 2.05405678404596e+00 2.02323237413107e+00 3.08244099148896e-02
2.20000000000000e+00 2.03125528807123e+00 2.00000000000000e+00 3.12552880712254e-02
2.20500000000000e+00 2.01055177526411e+00 1.97886016608158e+00 3.16916091825272e-02
2.21000000000000e+00 1.99211181738352e+00 1.95997581652323e+00 3.21360008602840e-02
2.21500000000000e+00 1.97608635010289e+00 1.94349546531226e+00 3.25908847906320e-02
2.22000000000000e+00 1.96261038617397e+00 1.92955227272105e+00 3.30581134529204e-02
2.22500000000000e+00 1.95180190732474e+00 1.91826321654437e+00 3.35386907803683e-02
2.23000000000000e+00 1.94376098374540e+00 1.90972836324032e+00 3.40326205050854e-02
2.23500000000000e+00 1.93856914874926e+00 1.90403024347033e+00 3.45389052789369e-02
2.24000000000000e+00 1.93628903153128e+00 1.90123333589028e+00 3.50556956410026e-02
2.24500000000000e+00 1.93696422710813e+00 1.90138366237698e+00 3.55805647311536e-02
2.25000000000000e+00 1.94061936334704e+00 1.90450849718747e+00 3.61108661595619e-02
2.25500000000000e+00 1.94726031322865e+00 1.91061619184595e+00 3.66441213827033e-02
2.26000000000000e+00 1.95687449741435e+00 1.91969611683971e+00 3.71783805746408e-02
2.26500000000000e+00 1.96943122752857e+00 1.93171872048530e+00 3.77125070432724e-02
2.27000000000000e+00 1.98488205275124e+00 1.94663570460343e+00 3.82463481478144e-02
2.27500000000000e+00 2.00316108890013e+00 1.96438031592140e+00 3.87807729787337e-02
2.28000000000000e+00 2.02418532735906e+00 1.98486775140779e+00 3.93175759512676e-02
2.28500000000000e+00 2.04785493826881e+00 2.00799567504205e+00 3.98592632267647e-02
2.29000000000000e+00 2.07405359609954e+00 2.03364484283446e+00 4.04087532650794e-02
2.29500000000000e+00 2.10264886451541e+00 2.06167983224433e+00 4.09690322710836e-02
2.30000000000000e+00 2.13349268055932e+00 2.09194987150091e+00 4.15428090584085e-02
2.30500000000000e+00 2.16642197562722e+00 2.12428976371522e+00 4.21322119120080e-02
2.31000000000000e+00 2.20125946314029e+00 2.15852090008677e+00 4.27385630535215e-02
2.31500000000000e+00 2.23781461143970e+00 2.19445235595975e+00 4.33622554799533e-02
2.32000000000000e+00 2.27588480674129e+00 2.23188206297221e+00 4.40027437690800e-02
2.32500000000000e+00 2.31525669664922e+00 2.27059805007310e+00 4.46586465761207e-02
2.33000000000000e+00 2.35570769134906e+00 2.31037974575665e+00 4.53279455924074e-02
2.33500000000000e+00 2.39700758858386e+00 2.35099933348698e+00 4.60082550968806e-02
2.34000000000000e+00 2.43892028092281e+00 2.39222315195699e+00 4.66971289658118e-02
2.34500000000000e+00 2.48120550030171e+00 2.43381313154985e+00 4.73923687518587e-02
2.35000000000000e+00 2.52362055552176e+00 2.47552825814758e+00 4.80922973741844e-02
2.35500000000000e+00 2.56592202306402e+00 2.51712605526309e+00 4.87959678009298e-02
2.36000000000000e+00 2.60786735953890e+00 2.55836407535858e+00 4.95032841803202e-02
2.36500000000000e+00 2.64921641436814e+00 2.59900139115685e+00 5.02150232112855e-02
2.37000000000000e+00 2.68973283271983e+00 2.63880007775179e+00 5.09327549680383e-02
2.37500000000000e+00 2.72918535005125e+00 2.67752667638138e+00 5.16586736698721e-02
2.38000000000000e+00 2.76734898966994e+00 2.71495363083914e+00 5.23953588307959e-02
2.38500000000000e+00 2.80400618247932e+00 2.75086068766886e+00 5.31454948104653e-02
2.39000000000000e+00 2.83894783275453e+00 2.78503625151058e+00 5.39115812439537e-02
2.39500000000000e+00 2.87197435493906e+00 2.81727868724248e+00 5.46956676965773e-02
2.40000000000000e+00 2.90289670396330e+00 2.84739756089084e+00 5.54991430724630e-02
2.40500000000000e+00 2.93153741573154e+00 2.87521481165829e+00 5.63226040732507e-02
2.41000000000000e+00 2.95773166582925e+00 2.90056584784471e+00 5.71658179845391e-02
2.41500000000000e+00 2.98132834410375e+00 2.92330055990463e+00 5.80277841991190e-02
2.42000000000000e+00 3.00219113173464e+00 2.94328424439572e+00 5.89068873389174e-02
2.42500000000000e+00 3.02019955703009e+00 2.96039843312221e+00 5.98011239078828e-02
2.43000000000000e+00 3.03524999774796e+00 2.97454162236171e+00 6.07083753862478e-02
2.43500000000000e+00 3.04725659237919e+00 2.98562989767982e+00 6.16266946993629e-02
2.44000000000000e+00 3.05615202137715e+00 2.99359745048043e+00 6.25545708967121e-02
2.44500000000000e+00 3.06188812217372e+00 2.99839698310739e+00 6.34911390663269e-02
2.45000000000000e+00 3.06443630887791e+00 3.00000000000000e+00 6.44363088779150e-02
2.45500000000000e+00 3.06378777815442e+00 2.99839698310739e+00 6.53907950470289e-02
2.46000000000000e+00 3.05995349578082e+00 2.99359745048044e+00 6.63560453003900e-02
2.46500000000000e+00 3.05296397226546e+00 2.98562989767982e+00 6.73340745856326e-02
2.47000000000000e+00 3.04286884896651e+00 2.97454162236171e+00 6.83272266048007e-02
2.47500000000000e+00 3.02973632671712e+00 2.96039843312221e+00 6.93378935949109e-02
2.48000000000000e+00 3.01365247562735e+00 2.94328424439572e+00 7.03682312316243e-02
2.48500000000000e+00 2.99472046657533e+00 2.92330055990464e+00 7.14199066706973e-02
2.49000000000000e+00 2.97305976160923e+00 2.90056584784471e+00 7.24939137645149e-02
2.49500000000000e+00 2.94880529244498e+00 2.87521481165830e+00 7.35904807866854e-02
2.50000000000000e+00 2.92210664451304e+00 2.84739756089084e+00 7.47090836221904e-02
2.50500000000000e+00 2.89312725018288e+00 2.81727868724248e+00 7.58485629403975e-02
2.51000000000000e+00 2.86204358083685e+00 2.78503625151058e+00 7.70073293262721e-02
2.51500000000000e+00 2.82904431543521e+00 2.75086068766886e+00 7.81836277663492e-02
2.52000000000000e+00 2.79432945499122e+00 2.71495363083915e+00 7.93758241520703e-02
2.52500000000000e+00 2.75810934936959e+00 2.67752667638138e+00 8.05826729882018e-02
2.53000000000000e+00 2.72060360573318e+00 2.63880007775179e+00 8.18035279813905e-02
2.53500000000000e+00 2.68203985661673e+00 2.59900139115685e+00 8.30384654598744e-02
2.54000000000000e+00 2.64265237890449e+00 2.55836407535859e+00 8.42883035459017e-02
2.54500000000000e+00 2.60268057101579e+00 2.51712605526309e+00 8.55545157527029e-02
2.55000000000000e+00 2.56236731188105e+00 2.47552825814758e+00 8.68390537334722e-02
2.55500000000000e+00 2.52195723917794e+00 2.43381313154985e+00 8.81441076280902e-02
2.56000000000000e+00 2.48169499345360e+00 2.39222315195700e+00 8.94718414966014e-02
2.56500000000000e+00 2.44182347761070e+00 2.35099933348698e+00 9.08241441237130e-02
2.57000000000000e+00 2.40258217731871e+00 2.31037974575666e+00 9.22024315620549e-02
2.57500000000000e+00 2.36420557800854e+00 2.27059805007310e+00 9.36075279354442e-02
2.58000000000000e+00 2.32692170011944e+00 2.23188206297222e+00 9.50396371472264e-02
2.58500000000000e+00 2.29095075883529e+00 2.19445235595975e+00 9.64984028755418e-02
2.59000000000000e+00 2.25650394050544e+00 2.15852090008678e+00 9.79830404186663e-02
2.59500000000000e+00 2.22378227772329e+00 2.12428976371522e+00 9.94925140080718e-02
2.60000000000000e+00 2.19297560016605e+00 2.09194987150091e+00 1.01025728665138e-01
2.60500000000000e+00 2.16426153914734e+00 2.06167983224433e+00 1.02581706903006e-01
2.61000000000000e+00 2.13780456960484e+00 2.03364484283446e+00 1.04159726770381e-01
2.61500000000000e+00 2.11375508225166e+00 2.00799567504205e+00 1.05759407209610e-01
2.62000000000000e+00 2.09224848872407e+00 1.98486775140779e+00 1.07380737316277e-01
2.62500000000000e+00 2.07340437166612e+00 1.96438031592140e+00 1.09024055744718e-01
2.63000000000000e+00 2.05732569817378e+00 1.94663570460343e+00 1.10689993570352e-01
2.63500000000000e+00 2.04409811797700e+00 1.93171872048530e+00 1.12379397491706e-01
2.64000000000000e+00 2.03378936706613e+00 1.91969611683971e+00 1.14093250226416e-01
2.64500000000000e+00 2.02644879375511e+00 1.91061619184595e+00 1.15832601909159e-01
2.65000000000000e+00 2.02210701846691e+00 1.90450849718747e+00 1.17598521279436e-01
2.65500000000000e+00 2.02077573205763e+00 1.90138366237698e+00 1.19392069680647e-01
2.66000000000000e+00 2.02244763142100e+00 1.90123333589028e+00 1.21214295530728e-01
2.66500000000000e+00 2.02709648632425e+00 1.90403024347033e+00 1.23066242853926e-01
2.67000000000000e+00 2.03467732843982e+00 1.90972836324032e+00 1.24948965199499e-01
2.67500000000000e+00 2.04512675249044e+00 1.91826321654437e+00 1.26863535946070e-01
2.68000000000000e+00 2.05836332011928e+00 1.92955227272105e+00 1.28811047398232e-01
2.68500000000000e+00 2.07428805909584e+00 1.94349546531226e+00 1.30792593783585e-01
2.69000000000000e+00 2.09278505320721e+00 1.95997581652323e+00 1.32809236683980e-01
2.69500000000000e+00 2.11372212107160e+00 1.97886016608158e+00 1.34861954990019e-01
2.70000000000000e+00 2.13695158461883e+00 2.00000000000000e+00 1.36951584618834e-01
2.70500000000000e+00 2.16231112969660e+00 2.02323237413106e+00 1.39078755565539e-01
2.71000000000000e+00 2.18962476192166e+00 2.04838092681811e+00 1.41243835103554e-01
2.71500000000000e+00 2.21870386039806e+00 2.07525697439691e+00 1.43446886001152e-01
2.72000000000000e+00 2.24934833031464e+00 2.10366068279205e+00 1.45687647522587e-01
2.72500000000000e+00 2.28134785288152e+00 2.13338230798255e+00 1.47965544898979e-01
2.73000000000000e+00 2.31448322783322e+00 2.16420349768687e+00 1.50279730146356e-01
2.73500000000000e+00 2.34852780013563e+00 2.19589864623990e+00 1.52629153895732e-01
2.74000000000000e+00 2.38324895893061e+00 2.22823629430637e+00 1.55012664624234e-01
2.74500000000000e+00 2.41840969346820e+00 2.26098056479902e+00 1.57429128669180e-01
2.75000000000000e+00 2.45377018810774e+00 2.29389262614624e+00 1.59877561961506e-01
2.75500000000000e+00 2.48908943664722e+00 2.32673217388556e+00 1.62357262761665e-01
2.76000000000000e+00 2.52412685541773e+00 2.35925892144618e+00 1.64867933971554e-01
2.76500000000000e+00 2.55864387482322e+00 2.39123409092702e+00 1.67409783896197e-01
2.77000000000000e+00 2.59240549029104e+00 2.42242189467697e+00 1.69983595614066e-01
2.77500000000000e+00 2.62518175582140e+00 2.45259099854052e+00 1.72590757280888e-01
2.78000000000000e+00 2.65674920630640e+00 2.48151595774496e+00 1.75233248561443e-01
2.78500000000000e+00 2.68689219830324e+00 2.50897861657418e+00 1.77913581729060e-01
2.79000000000000e+00 2.71540416272657e+00 2.53476946319709e+00 1.80634699529481e-01
2.79500000000000e+00 2.74208876669452e+00 2.55868893129538e+00 1.83399835399144e-01
2.80000000000000e+00 2.76676098525293e+00 2.58054864046305e+00 1.86212344789878e-01
2.80500000000000e+00 2.78924808666809e+00 2.60017256772797e+00 1.89075518940120e-01
2.81000000000000e+00 2.80939053721814e+00 2.61739814297001e+00 1.91992394248129e-01
2.81500000000000e+00 2.82704283277780e+00 2.63207726147960e+00 1.94965571298200e-01
2.82000000000000e+00 2.84207426489482e+00 2.64407720741157e+00 1.97997057483248e-01
2.82500000000000e+00 2.85436962847608e+00 2.65328148243819e+00 2.01088146037894e-01
2.83000000000000e+00 2.86382987668456e+00 2.65959053448992e+00 2.04239342194644e-01
2.83500000000000e+00 2.87037272630332e+00 2.66292238208847e+00 2.07450344214854e-01
2.84000000000000e+00 2.87393321381851e+00 2.66321313042021e+00 2.10720083398293e-01
2.84500000000000e+00 2.87446419902858e+00 2.66041737596564e+00 2.14046823062945e-01
2.85000000000000e+00 2.87193680936039e+00 2.65450849718747e+00 2.17428312172914e-01
2.85500000000000e+00 2.86634081454906e+00 2.64547882948272e+00 2.20861985066341e-01
2.86000000000000e+00 2.85768491821454e+00 2.63333972331719e+00 2.24345194897349e-01
2.86500000000000e+00 2.84599695043130e+00 2.61812148518152e+00 2.27875465249771e-01
2.87000000000000e+00 2.83132394390275e+00 2.59987320173000e+00 2.31450742172743e-01
2.87500000000000e+00 2.81373207603351e+00 2.57866244818360e+00 2.35069627849914e-01
2.88000000000000e+00 2.79330646019086e+00 2.55457488279246e+00 2.38731577398399e-01
2.88500000000000e+00 2.77015077182656e+00 2.52771372985530e+00 2.42437041971259e-01
2.89000000000000e+00 2.74438669886115e+00 2.49819915448034e+00 2.46187544380811e-01
2.89500000000000e+00 2.71615321067634e+00 2.46616753293972e+00 2.49985677736613e-01
2.90000000000000e+00 2.68560564597980e+00 2.43177062311339e+00 2.53835022866412e-01
2.90500000000000e+00 2.65291462636238e+00 2.39517464013388e+00 2.57739986228494e-01
2.91000000000000e+00 2.61826480915188e+00 2.35655924292839e+00 2.61705566223493e-01
2.91500000000000e+00 2.58185349971890e+00 2.31611643790350e+00 2.65737061815401e-01
2.92000000000000e+00 2.54388914923183e+00 2.27404940652904e+00 2.69839742702798e-01
2.92500000000000e+00 2.50458976853663e+00 2.23057126404647e+00 2.74018504490164e-01
2.93000000000000e+00 2.46418129195226e+00 2.18590375695213e+00 2.78277535000134e-01
2.93500000000000e+00 2.42289592602009e+00 2.14027590728278e+00 2.82620018737317e-01
2.94000000000000e+00 2.38097051743525e+00 2.09392261205918e+00 2.87047905376070e-01
2.94500000000000e+00 2.33864497146785e+00 2.04708320651984e+00 2.91561764948010e-01
2.95000000000000e+00 2.29616074724314e+00 2.00000000000000e+00 2.96160747243135e-01
2.95500000000000e+00 2.25375944952728e+00 1.95291679348017e+00 3.00842656047109e-01
2.96000000000000e+00 2.21168152852561e+00 1.90607738794082e+00 3.05604140584788e-01
2.96500000000000e+00 2.17016509012854e+00 1.85972409271723e+00 3.10440997411310e-01
2.97000000000000e+00 2.12944480961667e+00 1.81409624304787e+00 3.15348566568801e-01
2.97500000000000e+00 2.08975093271686e+00 1.76942873595354e+00 3.20322196763321e-01
2.98000000000000e+00 2.05130833978709e+00 1.72595059347097e+00 3.25357746316112e-01
2.98500000000000e+00 2.01433564252460e+00 1.68388356209651e+00 3.30452080428094e-01
2.99000000000000e+00 1.97904427864451e+00 1.64344075707161e+00 3.35603521572902e-01
2.99500000000000e+00 1.94563756911395e+00 1.60482535986612e+00 3.40812209247828e-01
3.00000000000000e+00 1.91430970527817e+00 1.56822937688661e+00 3.46080328391558e-01
3.00500000000000e+00 1.88524463991798e+00 1.53383246706028e+00 3.51412172857696e-01
3.01000000000000e+00 1.85861486699183e+00 1.50180084551966e+00 3.56814021472163e-01
3.01500000000000e+00 1.83458008923274e+00 1.47228627014470e+00 3.62293819088042e-01
3.02000000000000e+00 1.81328579012449e+00 1.44542511720755e+00 3.67860672916944e-01
3.02500000000000e+00 1.79486174580618e+00 1.42133755181641e+00 3.73524193989774e-01
3.03000000000000e+00 1.77942053137239e+00 1.40012679827000e+00 3.79293733102397e-01
3.03500000000000e+00 1.76705609265402e+00 1.38187851481848e+00 3.85177577835547e-01
3.04000000000000e+00 1.75784246645068e+00 1.36666027668282e+00 3.91182189767864e-01
3.04500000000000e+00 1.75183273696210e+00 1.35452117051728e+00 3.97311566444820e-01
3.05000000000000e+00 1.74905831188342e+00 1.34549150281253e+00 4.03566809070893e-01
3.05500000000000e+00 1.74952858717680e+00 1.33958262403436e+00 4.09945963142437e-01
3.06000000000000e+00 1.75323104501548e+00 1.33678686957979e+00 4.16444175435697e-01
3.06500000000000e+00 1.76013179638989e+00 1.33707761791153e+00 4.23054178478357e-01
3.07000000000000e+00 1.77017654146348e+00 1.34040946551008e+00 4.29767075953399e-01
3.07500000000000e+00 1.78329188135962e+00 1.34671851756181e+00 4.36573363797807e-01
3.08000000000000e+00 1.79938687984871e+00 1.35592279258843e+00 4.43464087260282e-01
3.08500000000000e+00 1.81835474766363e+00 1.36792273852040e+00 4.50432009143233e-01
3.09000000000000e+00 1.84007451040450e+00 1.38260185702999e+00 4.57472653374515e-01
3.09500000000000e+00 1.86441252610067e+00 1.39982743227203e+00 4.64585093828640e-01
3.10000000000000e+00 1.89122374112707e+00 1.41945135953695e+00 4.71772381590122e-01
3.10500000000000e+00 1.92035261139641e+00 1.44131106870462e+00 4.79041542691791e-01
3.11000000000000e+00 1.95163366516078e+00 1.46523053680290e+00 4.86403128357876e-01
3.11500000000000e+00 1.98489173799574e+00 1.49102138342582e+00 4.93870354569916e-01
3.12000000000000e+00 2.01994196218681e+00 1.51848404225504e+00 5.01457919931766e-01
3.12500000000000e+00 2.05658963444769e+00 1.54740900145948e+00 5.09180632988210e-01
3.13000000000000e+00 2.09463011156543e+00 1.57757810532302e+00 5.17052006242403e-01
3.13500000000000e+00 2.13384888933179e+00 1.60876590907298e+00 5.25082980258813e-01
3.14000000000000e+00 2.17402200501433e+00 1.64074107855382e+00 5.33280926460514e-01
3.14500000000000e+00 2.21491686973479e+00 1.67326782611444e+00 5.41649043620354e-01
3.15000000000000e+00 2.25629358924442e+00 1.70610737385376e+00 5.50186215390660e-01
3.15500000000000e+00 2.29790677639051e+00 1.73901943520098e+00 5.58887341189533e-01
3.16000000000000e+00 2.33950780350852e+00 1.77176370569363e+00 5.67744097814890e-01
3.16500000000000e+00 2.38084739509505e+00 1.80410135376010e+00 5.76746041334955e-01
3.17000000000000e+00 2.42167842601477e+00 1.83579650231313e+00 5.85881923701641e-01
3.17500000000000e+00 2.46175877160979e+00 1.86661769201745e+00 5.95141079592341e-01
3.18000000000000e+00 2.50085405441681e+00 1.89633931720795e+00 6.04514737208862e-01
3.18500000000000e+00 2.53874014647079e+00 1.92474302560309e+00 6.13997120867701e-01
3.19000000000000e+00 2.57520531330921e+00 1.95161907318189e+00 6.23586240127322e-01
3.19500000000000e+00 2.61005192161307e+00 1.97676762586893e+00 6.33284295744132e-01
3.20000000000000e+00 2.64309767239706e+00 2.00000000000000e+00 6.43097672397055e-01
3.20500000000000e+00 2.67417636154489e+00 2.02113983391842e+00 6.53036527626465e-01
3.21000000000000e+00 2.70313820577447e+00 2.04002418347677e+00 6.63114022297704e-01
3.21500000000000e+00 2.72984980229711e+00 2.05650453468774e+00 6.73345267609367e-01
3.22000000000000e+00 2.75419381299958e+00 2.07044772727895e+00 6.83746085720621e-01
3.22500000000000e+00 2.77606847830366e+00 2.08173678345563e+00 6.94331694848030e-01
3.23000000000000e+00 2.79538707195937e+00 2.09027163675968e+00 7.05115435199687e-01
3.23500000000000e+00 2.81207740629462e+00 2.09596975652967e+00 7.16107649764950e-01
3.24000000000000e+00 2.82608148839370e+00 2.09876666410972e+00 7.27314824283981e-01
3.24500000000000e+00 2.83735541178224e+00 2.09861633762302e+00 7.38739074159226e-01
3.25000000000000e+00 2.84586954581720e+00 2.09549150281253e+00 7.50378043004676e-01
3.25500000000000e+00 2.85160905641157e+00 2.08938380815405e+00 7.62225248257516e-01
3.26000000000000e+00 2.85457475737358e+00 2.08030388316029e+00 7.74270874213293e-01
3.26500000000000e+00 2.85478425232104e+00 2.06828127951470e+00 7.86502972806331e-01
3.27000000000000e+00 2.85227328442585e+00 2.05336429539657e+00 7.98908989029281e-01
3.27500000000000e+00 2.84709716788827e+00 2.03561968407860e+00 8.11477483809672e-01
3.28000000000000e+00 2.83933213521213e+00 2.01513224859221e+00 8.24199886619920e-01
3.28500000000000e+00 2.82907640373870e+00 1.99200432495795e+00 8.37072078780749e-01
3.29000000000000e+00 2.81645075038411e+00 1.96635515716554e+00 8.50095593218572e-01
3.29500000000000e+00 2.80159839240489e+00 1.93832016775567e+00 8.63278224649222e-01
3.30000000000000e+00 2.78468401065700e+00 1.90805012849909e+00 8.76633882157911e-01
3.30500000000000e+00 2.76589182392360e+00 1.87571023628479e+00 8.90181587638813e-01
3.31000000000000e+00 2.74542272762732e+00 1.84147909991323e+00 9.03943627714090e-01
3.31500000000000e+00 2.72349064063048e+00 1.80554764404025e+00 9.17942996590229e-01
3.32000000000000e+00 2.70031834585572e+00 1.76811793702778e+00 9.32200408827940e-01
3.32500000000000e+00 2.67613324330378e+00 1.72940194992690e+00 9.46731293376880e-01
3.33000000000000e+00 2.65116353143077e+00 1.68962025424335e+00 9.61543277187420e-01
3.33500000000000e+00 2.62563536552868e+00 1.64900066651302e+00 9.76634699015661e-01
3.34000000000000e+00 2.59977148108965e+00 1.60777684804301e+00 9.91994633046642e-01
3.34500000000000e+00 2.57379159325623e+00 1.56618686845015e+00 1.00760472480608e+00
3.35000000000000e+00 2.54791458125659e+00 1.52447174185243e+00 1.02344283940416e+00
3.35500000000000e+00 2.52236205596541e+00 1.48287394473692e+00 1.03948811122850e+00
3.36000000000000e+00 2.49736244765879e+00 1.44163592464142e+00 1.05572652301737e+00
3.36500000000000e+00 2.47315435222813e+00 1.40099860884315e+00 1.07215574338499e+00
3.37000000000000e+00 2.44998770051547e+00 1.36119992224821e+00 1.08878777826726e+00
3.37500000000000e+00 2.42812154081892e+00 1.32247332361862e+00 1.10564821720030e+00
3.38000000000000e+00 2.40781795032810e+00 1.28504636916086e+00 1.12277158116724e+00
3.38500000000000e+00 2.38933274321919e+00 1.24913931233114e+00 1.14019343088805e+00
3.39000000000000e+00 2.37290491494004e+00 1.21496374848942e+00 1.15794116645062e+00
3.39500000000000e+00 2.35874767832349e+00 1.18272131275752e+00 1.17602636556597e+00
3.40000000000000e+00 2.34704405676810e+00 1.15260243910916e+00 1.19444161765894e+00
3.40500000000000e+00 2.33794909829984e+00 1.12478518834171e+00 1.21316390995813e+00
3.41000000000000e+00 2.33159899096594e+00 1.09943415215529e+00 1.23216483881065e+00
3.41500000000000e+00 2.32812503238809e+00 1.07669944009537e+00 1.25142559229273e+00
3.42000000000000e+00 2.32766785633012e+00 1.05671575560428e+00 1.27095210072585e+00
3.42500000000000e+00 2.33038481443819e+00 1.03960156687779e+00 1.29078324756040e+00
3.43000000000000e+00 2.33644166979033e+00 1.02545837763829e+00 1.31098329215205e+00
3.43500000000000e+00 2.34598118182228e+00 1.01437010232018e+00 1.33161107950210e+00
3.44000000000000e+00 2.35907086901205e+00 1.00640254951957e+00 1.35266831949249e+00
3.44500000000000e+00 2.37565493565037e+00 1.00160301689261e+00 1.37405191875777e+00
3.45000000000000e+00 2.39556247870759e+00 1.00000000000000e+00 1.39556247870759e+00
3.45500000000000e+00 2.41862026589490e+00 1.00160301689261e+00 1.41701724900230e+00
3.46000000000000e+00 2.44484823196674e+00 1.00640254951956e+00 1.43844568244718e+00
3.46500000000000e+00 2.47462107024122e+00 1.01437010232018e+00 1.46025096792105e+00
3.47000000000000e+00 2.50867371374023e+00 1.02545837763829e+00 1.48321533610194e+00
3.47500000000000e+00 2.54789450909795e+00 1.03960156687779e+00 1.50829294222016e+00
3.48000000000000e+00 2.59259184993912e+00 1.05671575560427e+00 1.53587609433485e+00
3.48500000000000e+00 2.63964087042050e+00 1.07669944009536e+00 1.56294143032513e+00
3.49000000000000e+00 2.67313971450684e+00 1.09943415215529e+00 1.57370556235156e+00
3.49500000000000e+00 2.64580328141613e+00 1.12478518834171e+00 1.52101809307442e+00
3.50000000000000e+00 2.51263452691998e+00 1.15260243910915e+00 1.36003208781082e+00
3.50500000000000e+00 2.37779075784870e+00 1.18272131275752e+00 1.19506944509118e+00
3.51000000000000e+00 2.31955068386989e+00 1.21496374848942e+00 1.10458693538047e+00
3.51500000000000e+00 2.26123211013416e+00 1.24913931233114e+00 1.01209279780302e+00
3.52000000000000e+00 2.23993628934941e+00 1.28504636916085e+00 9.54889920188563e-01
3.52500000000000e+00 2.23991788813843e+00 1.32247332361861e+00 9.17444564519819e-01
3.53000000000000e+00 2.23991831910492e+00 1.36119992224821e+00 8.78718396856712e-01
3.53500000000000e+00 2.23991851532295e+00 1.40099860884315e+00 8.38919906479803e-01
3.54000000000000e+00 2.23991866614137e+00 1.44163592464141e+00 7.98282741499957e-01
3.54500000000000e+00 2.23991879180131e+00 1.48287394473691e+00 7.57044847064396e-01
3.55000000000000e+00 2.23991889805154e+00 1.52447174185242e+00 7.15447156199115e-01
3.55500000000000e+00 2.23991898852566e+00 1.56618686845015e+00 6.73732120075513e-01
3.56000000000000e+00 2.23991906600965e+00 1.60777684804300e+00 6.32142217966645e-01
3.56500000000000e+00 2.23991913274126e+00 1.64900066651302e+00 5.90918466228240e-01
3.57000000000000e+00 2.23991919054975e+00 1.68962025424335e+00 5.50298936306401e-01
3.57500000000000e+00 2.23991924094225e+00 1.72940194992690e+00 5.10517291015348e-01
3.58000000000000e+00 2.23991928516490e+00 1.76811793702778e+00 4.71801348137117e-01
3.58500000000000e+00 2.23991932424966e+00 1.80554764404025e+00 4.34371680209415e-01
3.59000000000000e+00 2.23991935905163e+00 1.84147909991322e+00 3.98440259138402e-01
3.59500000000000e+00 2.23991939027946e+00 1.87571023628478e+00 3.64209153994676e-01
3.60000000000000e+00 2.23991941852054e+00 1.90805012849909e+00 3.31869290021445e-01
3.60500000000000e+00 2.23991944426174e+00 1.93832016775567e+00 3.01599276506074e-01
3.61000000000000e+00 2.23991946790673e+00 1.96635515716554e+00 2.73564310741187e-01
3.61500000000000e+00 2.23991948979022e+00 1.99200432495795e+00 2.47915164832272e-01
3.62000000000000e+00 2.23991951018989e+00 2.01513224859221e+00 2.24787261597675e-01
3.62500000000000e+00 2.23991952933615e+00 2.03561968407860e+00 2.04299845257553e-01
3.63000000000000e+00 2.23991954742033e+00 2.05336429539657e+00 1.86555252023758e-01
3.63500000000000e+00 2.23991956460135e+00 2.06828127951470e+00 1.71638285086646e-01
3.64000000000000e+00 2.23991958101131e+00 2.08030388316029e+00 1.59615697851018e-01
3.64500000000000e+00 2.23991959676004e+00 2.08938380815405e+00 1.50535788605994e-01
3.65000000000000e+00 2.23991961193898e+00 2.09549150281253e+00 1.44428109126449e-01
3.65500000000000e+00 2.23991962662419e+00 2.09861633762302e+00 1.41303289001169e-01
3.66000000000000e+00 2.23991964087906e+00 2.09876666410972e+00 1.41152976769335e-01
3.66500000000000e+00 2.23991965475641e+00 2.09596975652967e+00 1.43949898226731e-01
3.67000000000000e+00 2.23991966830024e+00 2.09027163675968e+00 1.49648031540553e-01
3.67500000000000e+00 2.23991968154723e+00 2.08173678345563e+00 1.58182898091605e-01
3.68000000000000e+00 2.23991969452800e+00 2.07044772727895e+00 1.69471967249047e-01
3.68500000000000e+00 2.23991970726803e+00 2.05650453468774e+00 1.83415172580292e-01
3.69000000000000e+00 2.23991971978858e+00 2.04002418347677e+00 1.99895536311808e-01
3.69500000000000e+00 2.23991973210733e+00 2.02113983391842e+00 2.18779898188908e-01
3.70000000000000e+00 2.23991974423902e+00 2.00000000000000e+00 2.39919744239016e-01
3.70500000000000e+00 2.23991975619589e+00 1.97676762586894e+00 2.63152130326951e-01
3.71000000000000e+00 2.23991976798810e+00 1.95161907318189e+00 2.88300694806207e-01
3.71500000000000e+00 2.23991977962408e+00 1.92474302560309e+00 3.15176754020994e-01
3.72000000000000e+00 2.23991979111079e+00 1.89633931720795e+00 3.43580473902840e-01
3.72500000000000e+00 2.23991980245396e+00 1.86661769201745e+00 3.73302110436504e-01
3.73000000000000e+00 2.23991981365831e+00 1.83579650231313e+00 4.04123311345180e-01
3.73500000000000e+00 2.23991982472770e+00 1.80410135376010e+00 4.35818470967602e-01
3.74000000000000e+00 2.23991983566529e+00 1.77176370569363e+00 4.68156129971661e-01
3.74500000000000e+00 2.23991984647360e+00 1.73901943520098e+00 5.00900411272618e-01
3.75000000000000e+00 2.23991985715470e+00 1.70610737385376e+00 5.33812483300935e-01
3.75500000000000e+00 2.23991986771022e+00 1.67326782611444e+00 5.66652041595777e-01
3.76000000000000e+00 2.23991987814145e+00 1.64074107855382e+00 5.99178799587630e-01
3.76500000000000e+00 2.23991988844942e+00 1.60876590907298e+00 6.31153979376440e-01
3.77000000000000e+00 2.23991989863491e+00 1.57757810532303e+00 6.62341793311883e-01
3.77500000000000e+00 2.23991990869853e+00 1.54740900145948e+00 6.92510907239045e-01
3.78000000000000e+00 2.23991991864073e+00 1.51848404225504e+00 7.21435876385686e-01
3.78500000000000e+00 2.23991992846185e+00 1.49102138342582e+00 7.48898545036024e-01
3.79000000000000e+00 2.23991993816213e+00 1.46523053680291e+00 7.74689401359226e-01
3.79500000000000e+00 2.23991994774178e+00 1.44131106870462e+00 7.98608879037154e-01
3.80000000000000e+00 2.23991995720091e+00 1.41945135953695e+00 8.20468597663959e-01
3.80500000000000e+00 2.23991996653965e+00 1.39982743227203e+00 8.40092534267619e-01
3.81000000000000e+00 2.23991997575807e+00 1.38260185702999e+00 8.57318118728079e-01
3.81500000000000e+00 2.23991998485627e+00 1.36792273852040e+00 8.71997246335871e-01
3.82000000000000e+00 2.23991999383434e+00 1.35592279258843e+00 8.83997201245918e-01
3.82500000000000e+00 2.23992000269239e+00 1.34671851756181e+00 8.93201485130583e-01
3.83000000000000e+00 2.23992001143055e+00 1.34040946551008e+00 8.99510545920466e-01
3.83500000000000e+00 2.23992002004897e+00 1.33707761791153e+00 9.02842402137437e-01
3.84000000000000e+00 2.23992002854784e+00 1.33678686957979e+00 9.03133158968052e-01
3.84500000000000e+00 2.23992003692738e+00 1.33958262403436e+00 9.00337412893019e-01
3.85000000000000e+00 2.23992004518786e+00 1.34549150281253e+00 8.94428542375331e-01
3.85500000000000e+00 2.23992005332958e+00 1.35452117051728e+00 8.85398882812297e-01
3.86000000000000e+00 2.23992006135289e+00 1.36666027668282e+00 8.73259784670074e-01
3.86500000000000e+00 2.23992006925818e+00 1.38187851481848e+00 8.58041554439708e-01
3.87000000000000e+00 2.23992007704590e+00 1.40012679826999e+00 8.39793278775906e-01
3.87500000000000e+00 2.23992008471652e+00 1.42133755181640e+00 8.18582532900116e-01
3.88000000000000e+00 2.23992009227057e+00 1.44542511720754e+00 7.94494975063033e-01
3.88500000000000e+00 2.23992009970864e+00 1.47228627014469e+00 7.67633829563948e-01
3.89000000000000e+00 2.23992010703135e+00 1.50180084551966e+00 7.38119261511683e-01
3.89500000000000e+00 2.23992011423935e+00 1.53383246706028e+00 7.06087647179071e-01
3.90000000000000e+00 2.23992012133337e+00 1.56822937688661e+00 6.71690744446761e-01
3.90500000000000e+00 2.23992012831415e+00 1.60482535986612e+00 6.35094768448039e-01
3.91000000000000e+00 2.23992013518251e+00 1.64344075707161e+00 5.96479378110897e-01
3.91500000000000e+00 2.23992014193925e+00 1.68388356209650e+00 5.56036579842755e-01
3.92000000000000e+00 2.23992014858528e+00 1.72595059347097e+00 5.13969555114309e-01
3.92500000000000e+00 2.23992015512149e+00 1.76942873595353e+00 4.70491419167954e-01
3.93000000000000e+00 2.23992016154883e+00 1.81409624304787e+00 4.25823918500964e-01
3.93500000000000e+00 2.23992016786829e+00 1.85972409271722e+00 3.80196075151070e-01
3.94000000000000e+00 2.23992017408089e+00 1.90607738794081e+00 3.33842786140072e-01
3.94500000000000e+00 2.23992018018766e+00 1.95291679348016e+00 2.87003386707495e-01
3.95000000000000e+00 2.23992018618968e+00 2.00000000000000e+00 2.39920186189683e-01
3.95500000000000e+00 2.23992019208806e+00 2.04708320651983e+00 1.92836985568225e-01
3.96000000000000e+00 2.23992019788391e+00 2.09392261205918e+00 1.45997585824738e-01
3.96500000000000e+00 2.23992020357840e+00 2.14027590728278e+00 9.96442962956205e-02
3.97000000000000e+00 2.23992020917269e+00 2.18590375695213e+00 5.40164522205617e-02
3.97500000000000e+00 2.23992021466798e+00 2.23057126404647e+00 9.34895062150698e-03
3.98000000000000e+00 2.23992022006547e+00 2.27404940652903e+00 3.41291864635593e-02
3.98500000000000e+00 2.23992022536639e+00 2.31611643790350e+00 7.61962125371034e-02
3.99000000000000e+00 2.23992023057200e+00 2.35655924292839e+00 1.16639012356390e-01
3.99500000000000e+00 2.23992023568353e+00 2.39517464013388e+00 1.55254404450354e-01
4.00000000000000e+00 2.23992024070226e+00 2.43177062311338e+00 1.91850382411123e-01
