variables = x, value-predict, value-true, error
0.00000000000000e+00 2.42808799078615e+00 2.43177062311339e+00 3.68263232723498e-03
5.00000000000000e-03 2.46239030699698e+00 2.46616753293972e+00 3.77722594273733e-03
1.00000000000000e-02 2.49431609329531e+00 2.49819915448034e+00 3.88306118502912e-03
1.50000000000000e-02 2.52372565780809e+00 2.52771372985530e+00 3.98807204721585e-03
2.00000000000000e-02 2.55049024822760e+00 2.55457488279246e+00 4.08463456485864e-03
2.50000000000000e-02 2.57449379273701e+00 2.57866244818360e+00 4.16865544658940e-03
3.00000000000000e-02 2.59563447480604e+00 2.59987320173000e+00 4.23872692396143e-03
3.50000000000000e-02 2.61382611456384e+00 2.61812148518152e+00 4.29537061768759e-03
4.00000000000000e-02 2.62899933809560e+00 2.63333972331718e+00 4.34038522158664e-03
4.50000000000000e-02 2.64110252459406e+00 2.64547882948272e+00 4.37630488865359e-03
5.00000000000000e-02 2.65010252917619e+00 2.65450849718747e+00 4.40596801128246e-03
5.50000000000000e-02 2.65598518584025e+00 2.66041737596564e+00 4.43219012539320e-03
6.00000000000000e-02 2.65875560015884e+00 2.66321313042021e+00 4.45753026137874e-03
6.50000000000000e-02 2.65843824475061e+00 2.66292238208847e+00 4.48413733786079e-03
7.00000000000000e-02 2.65507687240677e+00 2.65959053448992e+00 4.51366208314408e-03
7.50000000000000e-02 2.64873426218464e+00 2.65328148243819e+00 4.54722025354792e-03
8.00000000000000e-02 2.63949181314379e+00 2.64407720741157e+00 4.58539426778337e-03
8.50000000000000e-02 2.62744899907101e+00 2.63207726147960e+00 4.62826240859249e-03
9.00000000000000e-02 2.61272269590047e+00 2.61739814297001e+00 4.67544706953982e-03
9.50000000000000e-02 2.59544639192700e+00 2.60017256772797e+00 4.72617580097490e-03
1.00000000000000e-01 2.57576928959793e+00 2.58054864046305e+00 4.77935086511749e-03
1.05000000000000e-01 2.55385530682865e+00 2.55868893129538e+00 4.83362446672775e-03
1.10000000000000e-01 2.52988198549011e+00 2.53476946319709e+00 4.88747770698117e-03
1.15000000000000e-01 2.50403931494688e+00 2.50897861657418e+00 4.93930162729583e-03
1.20000000000000e-01 2.47652847918206e+00 2.48151595774496e+00 4.98747856290160e-03
1.25000000000000e-01 2.44756053697706e+00 2.45259099854052e+00 5.03046156346088e-03
1.30000000000000e-01 2.41735504563090e+00 2.42242189467697e+00 5.06684904607235e-03
1.35000000000000e-01 2.38613863961051e+00 2.39123409092702e+00 5.09545131651024e-03
1.40000000000000e-01 2.35414357614406e+00 2.35925892144618e+00 5.11534530211843e-03
1.45000000000000e-01 2.32160625996516e+00 2.32673217388556e+00 5.12591392040340e-03
1.50000000000000e-01 2.28876575910839e+00 2.29389262614624e+00 5.12686703784393e-03
1.55000000000000e-01 2.25586232283259e+00 2.26098056479902e+00 5.11824196642996e-03
1.60000000000000e-01 2.22313591146807e+00 2.22823629430637e+00 5.10038283829806e-03
1.65000000000000e-01 2.19082474637201e+00 2.19589864623990e+00 5.07389986789120e-03
1.70000000000000e-01 2.15916388641003e+00 2.16420349768687e+00 5.03961127683805e-03
1.75000000000000e-01 2.12838383566912e+00 2.13338230798255e+00 4.99847231342310e-03
1.80000000000000e-01 2.09870918565769e+00 2.10366068279205e+00 4.95149713435872e-03
1.85000000000000e-01 2.07035729424936e+00 2.07525697439691e+00 4.89968014755471e-03
1.90000000000000e-01 2.04353700320850e+00 2.04838092681811e+00 4.84392360960761e-03
1.95000000000000e-01 2.01844739635762e+00 2.02323237413107e+00 4.78497777344922e-03
2.00000000000000e-01 1.99527660128048e+00 2.00000000000000e+00 4.72339871952410e-03
2.05000000000000e-01 1.97420063879020e+00 1.97886016608158e+00 4.65952729137697e-03
2.10000000000000e-01 1.95538232604349e+00 1.95997581652323e+00 4.59349047974600e-03
2.15000000000000e-01 1.93897024092080e+00 1.94349546531226e+00 4.52522439145442e-03
2.20000000000000e-01 1.92509775687097e+00 1.92955227272105e+00 4.45451585008017e-03
2.25000000000000e-01 1.91388215860699e+00 1.91826321654437e+00 4.38105793737931e-03
2.30000000000000e-01 1.90542384965893e+00 1.90972836324032e+00 4.30451358139194e-03
2.35000000000000e-01 1.89980566272694e+00 1.90403024347033e+00 4.22458074338361e-03
2.40000000000000e-01 1.89709228300823e+00 1.90123333589028e+00 4.14105288204958e-03
2.45000000000000e-01 1.89732979324765e+00 1.90138366237698e+00 4.05386912933592e-03
2.50000000000000e-01 1.90054534731013e+00 1.90450849718747e+00 3.96314987734558e-03
2.55000000000000e-01 1.90674697676504e+00 1.91061619184595e+00 3.86921508091054e-03
2.60000000000000e-01 1.91592353250794e+00 1.91969611683971e+00 3.77258433177019e-03
2.65000000000000e-01 1.92804476101766e+00 1.93171872048530e+00 3.67395946763804e-03
2.70000000000000e-01 1.94306151262833e+00 1.94663570460343e+00 3.57419197510178e-03
2.75000000000000e-01 1.96090607731635e+00 1.96438031592140e+00 3.47423860505458e-03
2.80000000000000e-01 1.98149264204040e+00 1.98486775140779e+00 3.37510936739061e-03
2.85000000000000e-01 2.00471786265696e+00 2.00799567504205e+00 3.27781238508962e-03
2.90000000000000e-01 2.03046154284447e+00 2.03364484283446e+00 3.18329998998879e-03
2.95000000000000e-01 2.05858741224994e+00 2.06167983224433e+00 3.09241999439402e-03
3.00000000000000e-01 2.08894399614120e+00 2.09194987150091e+00 3.00587535971220e-03
3.05000000000000e-01 2.12136556911316e+00 2.12428976371522e+00 2.92419460205684e-03
3.10000000000000e-01 2.15567318576407e+00 2.15852090008677e+00 2.84771432270725e-03
3.15000000000000e-01 2.19167578164614e+00 2.19445235595975e+00 2.77657431360812e-03
3.20000000000000e-01 2.22917133813754e+00 2.23188206297222e+00 2.71072483467449e-03
3.25000000000000e-01 2.26794810513512e+00 2.27059805007310e+00 2.64994493798065e-03
3.30000000000000e-01 2.30778587560534e+00 2.31037974575665e+00 2.59387015131018e-03
3.35000000000000e-01 2.34845730605028e+00 2.35099933348698e+00 2.54202743670584e-03
3.40000000000000e-01 2.38972927685633e+00 2.39222315195700e+00 2.49387510066645e-03
3.45000000000000e-01 2.43136428631773e+00 2.43381313154985e+00 2.44884523211697e-03
3.50000000000000e-01 2.47312187188986e+00 2.47552825814758e+00 2.40638625771750e-03
3.55000000000000e-01 2.51476005195604e+00 2.51712605526309e+00 2.36600330704562e-03
3.60000000000000e-01 2.55603678110664e+00 2.55836407535859e+00 2.32729425194744e-03
3.65000000000000e-01 2.59671141164713e+00 2.59900139115685e+00 2.28997950971710e-03
3.70000000000000e-01 2.63654615377762e+00 2.63880007775179e+00 2.25392397416746e-03
3.75000000000000e-01 2.67530752662068e+00 2.67752667638138e+00 2.21914976070270e-03
3.80000000000000e-01 2.71276779200979e+00 2.71495363083915e+00 2.18583882935652e-03
3.85000000000000e-01 2.74870636267933e+00 2.75086068766886e+00 2.15432498952284e-03
3.90000000000000e-01 2.78291117621251e+00 2.78503625151058e+00 2.12507529806816e-03
3.95000000000000e-01 2.81518002580670e+00 2.81727868724248e+00 2.09866143577697e-03
4.00000000000000e-01 2.84532183861755e+00 2.84739756089084e+00 2.07572227329544e-03
4.05000000000000e-01 2.87315789216934e+00 2.87521481165829e+00 2.05691948895836e-03
4.10000000000000e-01 2.89852295911015e+00 2.90056584784471e+00 2.04288873456049e-03
4.15000000000000e-01 2.92126637049979e+00 2.92330055990464e+00 2.03418940485012e-03
4.20000000000000e-01 2.94125298790999e+00 2.94328424439572e+00 2.03125648573499e-03
4.25000000000000e-01 2.95836407495711e+00 2.96039843312221e+00 2.03435816509678e-03
4.30000000000000e-01 2.97249805953649e+00 2.97454162236171e+00 2.04356282522555e-03
4.35000000000000e-01 2.98357117902998e+00 2.98562989767982e+00 2.05871864984175e-03
4.40000000000000e-01 2.99151800212927e+00 2.99359745048043e+00 2.07944835116081e-03
4.45000000000000e-01 2.99629182263862e+00 2.99839698310739e+00 2.10516046877007e-03
4.50000000000000e-01 2.99786492262999e+00 3.00000000000000e+00 2.13507737000551e-03
4.55000000000000e-01 2.99622870451732e+00 2.99839698310739e+00 2.16827859007473e-03
4.60000000000000e-01 2.99139369385374e+00 2.99359745048043e+00 2.20375662669170e-03
4.65000000000000e-01 2.98338941676962e+00 2.98562989767982e+00 2.24048091019835e-03
4.70000000000000e-01 2.97226415778538e+00 2.97454162236171e+00 2.27746457633415e-03
4.75000000000000e-01 2.95808460509090e+00 2.96039843312221e+00 2.31382803130975e-03
4.80000000000000e-01 2.94093539115823e+00 2.94328424439572e+00 2.34885323749312e-03
4.85000000000000e-01 2.92091853667884e+00 2.92330055990464e+00 2.38202322579317e-03
4.90000000000000e-01 2.89815280529628e+00 2.90056584784471e+00 2.41304254843078e-03
4.95000000000000e-01 2.87277297552326e+00 2.87521481165829e+00 2.44183613503424e-03
5.00000000000000e-01 2.84492903474714e+00 2.84739756089084e+00 2.46852614370141e-03
5.05000000000000e-01 2.81478529855728e+00 2.81727868724248e+00 2.49338868520033e-03
5.10000000000000e-01 2.78251945702464e+00 2.78503625151058e+00 2.51679448593700e-03
5.15000000000000e-01 2.74832154828409e+00 2.75086068766886e+00 2.53913938477046e-03
5.20000000000000e-01 2.71239285903850e+00 2.71495363083915e+00 2.56077180064729e-03
5.25000000000000e-01 2.67494475158575e+00 2.67752667638138e+00 2.58192479563135e-03
5.30000000000000e-01 2.63619741774156e+00 2.63880007775179e+00 2.60266001022558e-03
5.35000000000000e-01 2.59637856157265e+00 2.59900139115685e+00 2.62282958420146e-03
5.40000000000000e-01 2.55572201504275e+00 2.55836407535859e+00 2.64206031583747e-03
5.45000000000000e-01 2.51446629330129e+00 2.51712605526309e+00 2.65976196179896e-03
5.50000000000000e-01 2.47285309914001e+00 2.47552825814758e+00 2.67515900756310e-03
5.55000000000000e-01 2.43112578880764e+00 2.43381313154985e+00 2.68734274220694e-03
5.60000000000000e-01 2.38952781361811e+00 2.39222315195700e+00 2.69533833888724e-03
5.65000000000000e-01 2.34830115336919e+00 2.35099933348698e+00 2.69818011778655e-03
5.70000000000000e-01 2.30768475833869e+00 2.31037974575665e+00 2.69498741796204e-03
5.75000000000000e-01 2.26791301647241e+00 2.27059805007310e+00 2.68503360068717e-03
5.80000000000000e-01 2.22921426135417e+00 2.23188206297222e+00 2.66780161805080e-03
5.85000000000000e-01 2.19180933478237e+00 2.19445235595975e+00 2.64302117738202e-03
5.90000000000000e-01 2.15591021547778e+00 2.15852090008677e+00 2.61068460899683e-03
5.95000000000000e-01 2.12171872287091e+00 2.12428976371522e+00 2.57104084430759e-03
6.00000000000000e-01 2.08942530233906e+00 2.09194987150091e+00 2.52456916184629e-03
6.05000000000000e-01 2.05920789593859e+00 2.06167983224433e+00 2.47193630573905e-03
6.10000000000000e-01 2.03123090081212e+00 2.03364484283446e+00 2.41394202233813e-03
6.15000000000000e-01 2.00564421617852e+00 2.00799567504205e+00 2.35145886352983e-03
6.20000000000000e-01 1.98258237918252e+00 1.98486775140779e+00 2.28537222526493e-03
6.25000000000000e-01 1.96216378985586e+00 1.96438031592140e+00 2.21652606554001e-03
6.30000000000000e-01 1.94449002591171e+00 1.94663570460343e+00 2.14567869171955e-03
6.35000000000000e-01 1.92964524889478e+00 1.93171872048530e+00 2.07347159051552e-03
6.40000000000000e-01 1.91769570414862e+00 1.91969611683971e+00 2.00041269109619e-03
6.45000000000000e-01 1.90868931794732e+00 1.91061619184595e+00 1.92687389862689e-03
6.50000000000000e-01 1.90265539580344e+00 1.90450849718747e+00 1.85310138403771e-03
6.55000000000000e-01 1.89960442628574e+00 1.90138366237698e+00 1.77923609124520e-03
6.60000000000000e-01 1.89952799459306e+00 1.90123333589028e+00 1.70534129722077e-03
6.65000000000000e-01 1.90239880962536e+00 1.90403024347033e+00 1.63143384496411e-03
6.70000000000000e-01 1.90817084741559e+00 1.90972836324032e+00 1.55751582472741e-03
6.75000000000000e-01 1.91677961261794e+00 1.91826321654437e+00 1.48360392643010e-03
6.80000000000000e-01 1.92814251839748e+00 1.92955227272105e+00 1.40975432356405e-03
6.85000000000000e-01 1.94215938364279e+00 1.94349546531226e+00 1.33608166946497e-03
6.90000000000000e-01 1.95871304502973e+00 1.95997581652323e+00 1.26277149349985e-03
6.95000000000000e-01 1.97767008017930e+00 1.97886016608158e+00 1.19008590228353e-03
7.00000000000000e-01 1.99888163702729e+00 2.00000000000000e+00 1.11836297271073e-03
7.05000000000000e-01 2.02218436357939e+00 2.02323237413106e+00 1.04801055167503e-03
7.10000000000000e-01 2.04740143145766e+00 2.04838092681811e+00 9.79495360450500e-04
7.15000000000000e-01 2.07434364603006e+00 2.07525697439691e+00 9.13328366850763e-04
7.20000000000000e-01 2.10281063541696e+00 2.10366068279205e+00 8.50047375092533e-04
7.25000000000000e-01 2.13259211025219e+00 2.13338230798255e+00 7.90197730360820e-04
7.30000000000000e-01 2.16346918570704e+00 2.16420349768687e+00 7.34311979832647e-04
7.35000000000000e-01 2.19521575694374e+00 2.19589864623990e+00 6.82889296163669e-04
7.40000000000000e-01 2.22759991883998e+00 2.22823629430637e+00 6.36375466388284e-04
7.45000000000000e-01 2.26038542052581e+00 2.26098056479902e+00 5.95144273207726e-04
7.50000000000000e-01 2.29333314501283e+00 2.29389262614624e+00 5.59481133404205e-04
7.55000000000000e-01 2.32620260400022e+00 2.32673217388556e+00 5.29569885346692e-04
7.60000000000000e-01 2.35875343783843e+00 2.35925892144618e+00 5.05483607749824e-04
7.65000000000000e-01 2.39074691064728e+00 2.39123409092702e+00 4.87180279741928e-04
7.70000000000000e-01 2.42194739073789e+00 2.42242189467697e+00 4.74503939083437e-04
7.75000000000000e-01 2.45212380678938e+00 2.45259099854052e+00 4.67191751136298e-04
7.80000000000000e-01 2.48105107067566e+00 2.48151595774496e+00 4.64887069298037e-04
7.85000000000000e-01 2.50851145841096e+00 2.50897861657418e+00 4.67158163216297e-04
7.90000000000000e-01 2.53429594135504e+00 2.53476946319709e+00 4.73521842052627e-04
7.95000000000000e-01 2.55820546055176e+00 2.55868893129538e+00 4.83470743616987e-04
8.00000000000000e-01 2.58005213782221e+00 2.58054864046305e+00 4.96502640839669e-04
8.05000000000000e-01 2.59966041794743e+00 2.60017256772797e+00 5.12149780539151e-04
8.10000000000000e-01 2.61686813691017e+00 2.61739814297001e+00 5.30006059836552e-04
8.15000000000000e-01 2.63152751167990e+00 2.63207726147960e+00 5.49749799699129e-04
8.20000000000000e-01 2.64350604739373e+00 2.64407720741157e+00 5.71160017846406e-04
8.25000000000000e-01 2.65268735799349e+00 2.65328148243819e+00 5.94124444700750e-04
8.30000000000000e-01 2.65897189643148e+00 2.65959053448992e+00 6.18638058440091e-04
8.35000000000000e-01 2.66227759047692e+00 2.66292238208847e+00 6.44791611546403e-04
8.40000000000000e-01 2.66254037998397e+00 2.66321313042021e+00 6.72750436246705e-04
8.45000000000000e-01 2.65971465127764e+00 2.66041737596564e+00 7.02724687999368e-04
8.50000000000000e-01 2.65377356414734e+00 2.65450849718747e+00 7.34933040138497e-04
8.55000000000000e-01 2.64470926688545e+00 2.64547882948272e+00 7.69562597262574e-04
8.60000000000000e-01 2.63253299494830e+00 2.63333972331718e+00 8.06728368881515e-04
8.65000000000000e-01 2.61727504921783e+00 2.61812148518153e+00 8.46435963699044e-04
8.70000000000000e-01 2.59898465055738e+00 2.59987320173000e+00 8.88551172623764e-04
8.75000000000000e-01 2.57772966841237e+00 2.57866244818360e+00 9.32779771228631e-04
8.80000000000000e-01 2.55359622260404e+00 2.55457488279246e+00 9.78660188419855e-04
8.85000000000000e-01 2.52668815916442e+00 2.52771372985530e+00 1.02557069088194e-03
8.90000000000000e-01 2.49712640298940e+00 2.49819915448034e+00 1.07275149093988e-03
8.95000000000000e-01 2.46504819213766e+00 2.46616753293972e+00 1.11934080205600e-03
9.00000000000000e-01 2.43060620064482e+00 2.43177062311339e+00 1.16442246856874e-03
9.05000000000000e-01 2.39396755860600e+00 2.39517464013388e+00 1.20708152787996e-03
9.10000000000000e-01 2.35531277986242e+00 2.35655924292839e+00 1.24646306596699e-03
9.15000000000000e-01 2.31483460877619e+00 2.31611643790350e+00 1.28182912730868e-03
9.20000000000000e-01 2.27273679819796e+00 2.27404940652903e+00 1.31260833106639e-03
9.25000000000000e-01 2.22923283077329e+00 2.23057126404647e+00 1.33843327318095e-03
9.30000000000000e-01 2.18454459520360e+00 2.18590375695213e+00 1.35916174852735e-03
9.35000000000000e-01 2.13890102804352e+00 2.14027590728277e+00 1.37487923924784e-03
9.40000000000000e-01 2.09253673020132e+00 2.09392261205918e+00 1.38588185785515e-03
9.45000000000000e-01 2.04569056568244e+00 2.04708320651983e+00 1.39264083739521e-03
9.50000000000000e-01 1.99860424847293e+00 2.00000000000000e+00 1.39575152706928e-03
9.55000000000000e-01 1.95152092200165e+00 1.95291679348017e+00 1.39587147852160e-03
9.60000000000000e-01 1.90468373453009e+00 1.90607738794082e+00 1.39365341073217e-03
9.65000000000000e-01 1.85833441323924e+00 1.85972409271723e+00 1.38967947798485e-03
9.70000000000000e-01 1.81271183979573e+00 1.81409624304787e+00 1.38440325214084e-03
9.75000000000000e-01 1.76805063079961e+00 1.76942873595353e+00 1.37810515391923e-03
9.80000000000000e-01 1.72457972768178e+00 1.72595059347097e+00 1.37086578919221e-03
9.85000000000000e-01 1.68252100220344e+00 1.68388356209650e+00 1.36255989306311e-03
9.90000000000000e-01 1.64208788553281e+00 1.64344075707161e+00 1.35287153880603e-03
9.95000000000000e-01 1.60348403072004e+00 1.60482535986612e+00 1.34132914607643e-03
1.00000000000000e+00 1.56690202003882e+00 1.56822937688661e+00 1.32735684778940e-03
1.00500000000000e+00 1.53252212990384e+00 1.53383246706028e+00 1.31033715643425e-03
1.01000000000000e+00 1.50051116674223e+00 1.50180084551966e+00 1.28967877743369e-03
1.01500000000000e+00 1.47102138718466e+00 1.47228627014470e+00 1.26488296003635e-03
1.02000000000000e+00 1.44418951521242e+00 1.44542511720755e+00 1.23560199512718e-03
1.02500000000000e+00 1.42013586748623e+00 1.42133755181640e+00 1.20168433017520e-03
1.03000000000000e+00 1.39896359609909e+00 1.40012679827000e+00 1.16320217090937e-03
1.03500000000000e+00 1.38075805560018e+00 1.38187851481848e+00 1.12045921829362e-03
1.04000000000000e+00 1.36558629853027e+00 1.36666027668282e+00 1.07397815255106e-03
1.04500000000000e+00 1.35349670110143e+00 1.35452117051728e+00 1.02446941585077e-03
1.05000000000000e+00 1.34451871824789e+00 1.34549150281253e+00 9.72784564634788e-04
1.05500000000000e+00 1.33866276523628e+00 1.33958262403436e+00 9.19858798085871e-04
1.06000000000000e+00 1.33592022147464e+00 1.33678686957979e+00 8.66648105147583e-04
1.06500000000000e+00 1.33626355115869e+00 1.33707761791153e+00 8.14066752842457e-04
1.07000000000000e+00 1.33964653494420e+00 1.34040946551008e+00 7.62930565881170e-04
1.07500000000000e+00 1.34600460688069e+00 1.34671851756181e+00 7.13910681119811e-04
1.08000000000000e+00 1.35525529128594e+00 1.35592279258843e+00 6.67501302484164e-04
1.08500000000000e+00 1.36729873495412e+00 1.36792273852040e+00 6.24003566274567e-04
1.09000000000000e+00 1.38201833092983e+00 1.38260185702999e+00 5.83526100157661e-04
1.09500000000000e+00 1.39928143090369e+00 1.39982743227203e+00 5.46001368334270e-04
1.10000000000000e+00 1.41894014396584e+00 1.41945135953695e+00 5.11215571115775e-04
1.10500000000000e+00 1.44083221988913e+00 1.44131106870462e+00 4.78848815490984e-04
1.11000000000000e+00 1.46478201523486e+00 1.46523053680291e+00 4.48521568045868e-04
1.11500000000000e+00 1.49060154034648e+00 1.49102138342582e+00 4.19843079336957e-04
1.12000000000000e+00 1.51809158472268e+00 1.51848404225504e+00 3.92457532362389e-04
1.12500000000000e+00 1.54704291737421e+00 1.54740900145948e+00 3.66084085273943e-04
1.13000000000000e+00 1.57723755763079e+00 1.57757810532303e+00 3.40547692233573e-04
1.13500000000000e+00 1.60845011055550e+00 1.60876590907298e+00 3.15798517480870e-04
1.14000000000000e+00 1.64044915973781e+00 1.64074107855382e+00 2.91918816014647e-04
1.14500000000000e+00 1.67299870886968e+00 1.67326782611444e+00 2.69117244762196e-04
1.15000000000000e+00 1.70585966225284e+00 1.70610737385376e+00 2.47711600928291e-04
1.15500000000000e+00 1.73879133332197e+00 1.73901943520098e+00 2.28101879010678e-04
1.16000000000000e+00 1.77155296946133e+00 1.77176370569363e+00 2.10736232292952e-04
1.16500000000000e+00 1.80390528088483e+00 1.80410135376010e+00 1.96072875270348e-04
1.17000000000000e+00 1.83561196116354e+00 1.83579650231313e+00 1.84541149583994e-04
1.17500000000000e+00 1.86644118711814e+00 1.86661769201745e+00 1.76504899315866e-04
1.18000000000000e+00 1.89616708622421e+00 1.89633931720795e+00 1.72230983739752e-04
1.18500000000000e+00 1.92457116036769e+00 1.92474302560309e+00 1.71865235401691e-04
1.19000000000000e+00 1.95144365567998e+00 1.95161907318189e+00 1.75417501907749e-04
1.19500000000000e+00 1.97658486921917e+00 1.97676762586894e+00 1.82756649766080e-04
1.20000000000000e+00 1.99980638437789e+00 2.00000000000000e+00 1.93615622108290e-04
1.20500000000000e+00 2.02093222802911e+00 2.02113983391842e+00 2.07605889315676e-04
1.21000000000000e+00 2.03979994351009e+00 2.04002418347677e+00 2.24239966680084e-04
1.21500000000000e+00 2.05626157454716e+00 2.05650453468774e+00 2.42960140584003e-04
1.22000000000000e+00 2.07018455610422e+00 2.07044772727895e+00 2.63171174734733e-04
1.22500000000000e+00 2.08145250887711e+00 2.08173678345563e+00 2.84274578513877e-04
1.23000000000000e+00 2.08996593474760e+00 2.09027163675968e+00 3.05702012082687e-04
1.23500000000000e+00 2.09564281096272e+00 2.09596975652967e+00 3.26945566955228e-04
1.24000000000000e+00 2.09841908113664e+00 2.09876666410972e+00 3.47582973080574e-04
1.24500000000000e+00 2.09824904141126e+00 2.09861633762302e+00 3.67296211761126e-04
1.25000000000000e+00 2.09510562029208e+00 2.09549150281253e+00 3.85882520442582e-04
1.25500000000000e+00 2.08898055083515e+00 2.08938380815405e+00 4.03257318903893e-04
1.26000000000000e+00 2.07988443403237e+00 2.08030388316029e+00 4.19449127914806e-04
1.26500000000000e+00 2.06784669246055e+00 2.06828127951470e+00 4.34587054147784e-04
1.27000000000000e+00 2.05291541354681e+00 2.05336429539657e+00 4.48881849761218e-04
1.27500000000000e+00 2.03515708217837e+00 2.03561968407860e+00 4.62601900224513e-04
1.28000000000000e+00 2.01465620285593e+00 2.01513224859221e+00 4.76045736284458e-04
1.28500000000000e+00 1.99151481215604e+00 1.99200432495795e+00 4.89512801915781e-04
1.29000000000000e+00 1.96585188292307e+00 1.96635515716554e+00 5.03274242468432e-04
1.29500000000000e+00 1.93780262233976e+00 1.93832016775567e+00 5.17545415910980e-04
1.30000000000000e+00 1.90751766681103e+00 1.90805012849909e+00 5.32461688062646e-04
1.30500000000000e+00 1.87516217741939e+00 1.87571023628478e+00 5.48058865391887e-04
1.31000000000000e+00 1.84091484055167e+00 1.84147909991323e+00 5.64259361558461e-04
1.31500000000000e+00 1.80496677914027e+00 1.80554764404025e+00 5.80864899984102e-04
1.32000000000000e+00 1.76752038079098e+00 1.76811793702778e+00 5.97556236806795e-04
1.32500000000000e+00 1.72878804987106e+00 1.72940194992690e+00 6.13900055836947e-04
1.33000000000000e+00 1.68899089139517e+00 1.68962025424335e+00 6.29362848181270e-04
1.33500000000000e+00 1.64835733526090e+00 1.64900066651302e+00 6.43331252124346e-04
1.34000000000000e+00 1.60712171004108e+00 1.60777684804300e+00 6.55138001921962e-04
1.34500000000000e+00 1.56552277612238e+00 1.56618686845015e+00 6.64092327772536e-04
1.35000000000000e+00 1.52380222847636e+00 1.52447174185242e+00 6.69513376064135e-04
1.35500000000000e+00 1.48220317974360e+00 1.48287394473691e+00 6.70764993308870e-04
1.36000000000000e+00 1.44096863458545e+00 1.44163592464141e+00 6.67290055959446e-04
1.36500000000000e+00 1.40033996639524e+00 1.40099860884315e+00 6.58642447913582e-04
1.37000000000000e+00 1.36055540744557e+00 1.36119992224821e+00 6.44514802640606e-04
1.37500000000000e+00 1.32184856336884e+00 1.32247332361862e+00 6.24760249781087e-04
1.38000000000000e+00 1.28444696251894e+00 1.28504636916085e+00 5.99406641912603e-04
1.38500000000000e+00 1.24857065024698e+00 1.24913931233114e+00 5.68662084159177e-04
1.39000000000000e+00 1.21443083745214e+00 1.21496374848942e+00 5.32911037273820e-04
1.39500000000000e+00 1.18222861196381e+00 1.18272131275752e+00 4.92700793711220e-04
1.40000000000000e+00 1.15215372040137e+00 1.15260243910916e+00 4.48718707781959e-04
1.40500000000000e+00 1.12438342718230e+00 1.12478518834171e+00 4.01761159407599e-04
1.41000000000000e+00 1.09908145634949e+00 1.09943415215529e+00 3.52695805797332e-04
1.41500000000000e+00 1.07639702091165e+00 1.07669944009536e+00 3.02419183709324e-04
1.42000000000000e+00 1.05646394347860e+00 1.05671575560428e+00 2.51812125674933e-04
1.42500000000000e+00 1.03939987116734e+00 1.03960156687779e+00 2.01695710450256e-04
1.43000000000000e+00 1.02530558708549e+00 1.02545837763829e+00 1.52790552793824e-04
1.43500000000000e+00 1.01426442018639e+00 1.01437010232018e+00 1.05682133785479e-04
1.44000000000000e+00 1.00634175494304e+00 1.00640254951957e+00 6.07945765278561e-05
1.44500000000000e+00 1.00158464209945e+00 1.00160301689261e+00 1.83747931596923e-05
1.45000000000000e+00 1.00002151170695e+00 1.00000000000000e+00 2.15117069493065e-05
1.45500000000000e+00 1.00166198970722e+00 1.00160301689261e+00 5.89728146171975e-05
1.46000000000000e+00 1.00649681943812e+00 1.00640254951957e+00 9.42699185531026e-05
1.46500000000000e+00 1.01449788956124e+00 1.01437010232018e+00 1.27787241059218e-04
1.47000000000000e+00 1.02561836998571e+00 1.02545837763829e+00 1.59992347423810e-04
1.47500000000000e+00 1.03979295733402e+00 1.03960156687779e+00 1.91390456222740e-04
1.48000000000000e+00 1.05693823131230e+00 1.05671575560428e+00 2.22475708022252e-04
1.48500000000000e+00 1.07695312296586e+00 1.07669944009536e+00 2.53682870497318e-04
1.49000000000000e+00 1.09971949519153e+00 1.09943415215529e+00 2.85343036246832e-04
1.49500000000000e+00 1.12510283502772e+00 1.12478518834171e+00 3.17646686014861e-04
1.50000000000000e+00 1.15295305615668e+00 1.15260243910916e+00 3.50617047519597e-04
1.50500000000000e+00 1.18310540875565e+00 1.18272131275752e+00 3.84095998126721e-04
1.51000000000000e+00 1.21538149237010e+00 1.21496374848942e+00 4.17743880685162e-04
1.51500000000000e+00 1.24959036591538e+00 1.24913931233114e+00 4.51053584235472e-04
1.52000000000000e+00 1.28552974732026e+00 1.28504636916085e+00 4.83378159404246e-04
1.52500000000000e+00 1.32298729379465e+00 1.32247332361862e+00 5.13970176032608e-04
1.53000000000000e+00 1.36174195232264e+00 1.36119992224821e+00 5.42030074433653e-04
1.53500000000000e+00 1.40156536883935e+00 1.40099860884315e+00 5.66759996201593e-04
1.54000000000000e+00 1.44222334371773e+00 1.44163592464141e+00 5.87419076314655e-04
1.54500000000000e+00 1.48347732072680e+00 1.48287394473691e+00 6.03375989884913e-04
1.55000000000000e+00 1.52508589655304e+00 1.52447174185242e+00 6.14154700613545e-04
1.55500000000000e+00 1.56680633830373e+00 1.56618686845015e+00 6.19469853576637e-04
1.56000000000000e+00 1.60839609709977e+00 1.60777684804300e+00 6.19249056765803e-04
1.56500000000000e+00 1.64961430685290e+00 1.64900066651302e+00 6.13640339880428e-04
1.57000000000000e+00 1.69022325851733e+00 1.68962025424335e+00 6.03004273983077e-04
1.57500000000000e+00 1.72998984139809e+00 1.72940194992690e+00 5.87891471194091e-04
1.58000000000000e+00 1.76868694437075e+00 1.76811793702778e+00 5.69007342970052e-04
1.58500000000000e+00 1.80609481100685e+00 1.80554764404025e+00 5.47166966593515e-04
1.59000000000000e+00 1.84200234351385e+00 1.84147909991323e+00 5.23243600619505e-04
1.59500000000000e+00 1.87620835102577e+00 1.87571023628478e+00 4.98114740988376e-04
1.60000000000000e+00 1.90852273810288e+00 1.90805012849909e+00 4.72609603793694e-04
1.60500000000000e+00 1.93876762934137e+00 1.93832016775567e+00 4.47461585706632e-04
1.61000000000000e+00 1.96677842582708e+00 1.96635515716554e+00 4.23268661540410e-04
1.61500000000000e+00 1.99240478889055e+00 1.99200432495795e+00 4.00463932601847e-04
1.62000000000000e+00 2.01551154634805e+00 2.01513224859221e+00 3.79297755841890e-04
1.62500000000000e+00 2.03597951624514e+00 2.03561968407860e+00 3.59832166547669e-04
1.63000000000000e+00 2.05370624312221e+00 2.05336429539657e+00 3.41947725641667e-04
1.63500000000000e+00 2.06860664200508e+00 2.06828127951470e+00 3.25362490380510e-04
1.64000000000000e+00 2.08061354563623e+00 2.08030388316029e+00 3.09662475941774e-04
1.64500000000000e+00 2.08967815079823e+00 2.08938380815405e+00 2.94342644176382e-04
1.65000000000000e+00 2.09577035981121e+00 2.09549150281253e+00 2.78856998687349e-04
1.65500000000000e+00 2.09887901329697e+00 2.09861633762302e+00 2.62675673948110e-04
1.66000000000000e+00 2.09901201004858e+00 2.09876666410972e+00 2.45345938852282e-04
1.66500000000000e+00 2.09619630938757e+00 2.09596975652967e+00 2.26552857894191e-04
1.67000000000000e+00 2.09047781091737e+00 2.09027163675968e+00 2.06174157683314e-04
1.67500000000000e+00 2.08192110638845e+00 2.08173678345563e+00 1.84322932819114e-04
1.68000000000000e+00 2.07060909882796e+00 2.07044772727895e+00 1.61371549008749e-04
1.68500000000000e+00 2.05664248547273e+00 2.05650453468774e+00 1.37950784991681e-04
1.69000000000000e+00 2.04013910356938e+00 2.04002418347677e+00 1.14920092613158e-04
1.69500000000000e+00 2.02123314174427e+00 2.02113983391842e+00 9.33078258489317e-05
1.70000000000000e+00 2.00007422411734e+00 2.00000000000000e+00 7.42241173421476e-05
1.70500000000000e+00 1.97682637911611e+00 1.97676762586893e+00 5.87532471736374e-05
1.71000000000000e+00 1.95166690935173e+00 1.95161907318189e+00 4.78361698361685e-05
1.71500000000000e+00 1.92478518222632e+00 1.92474302560309e+00 4.21566232355897e-05
1.72000000000000e+00 1.89638136253871e+00 1.89633931720795e+00 4.20453307596880e-05
1.72500000000000e+00 1.86666510787801e+00 1.86661769201745e+00 4.74158605583419e-05
1.73000000000000e+00 1.83585424501194e+00 1.83579650231313e+00 5.77426988102037e-05
1.73500000000000e+00 1.80417344111186e+00 1.80410135376010e+00 7.20873517594534e-05
1.74000000000000e+00 1.77185287814296e+00 1.77176370569363e+00 8.91724493328194e-05
1.74500000000000e+00 1.73912693291214e+00 1.73901943520098e+00 1.07497711163695e-04
1.75000000000000e+00 1.70623285999139e+00 1.70610737385376e+00 1.25486137626529e-04
1.75500000000000e+00 1.67340947080759e+00 1.67326782611444e+00 1.41644693152587e-04
1.76000000000000e+00 1.64089580017875e+00 1.64074107855382e+00 1.54721624925802e-04
1.76500000000000e+00 1.60892975175003e+00 1.60876590907298e+00 1.63842677046278e-04
1.77000000000000e+00 1.57774671608457e+00 1.57757810532303e+00 1.68610761543730e-04
1.77500000000000e+00 1.54757815924102e+00 1.54740900145948e+00 1.69157781542584e-04
1.78000000000000e+00 1.51865018494409e+00 1.51848404225504e+00 1.66142689052684e-04
1.78500000000000e+00 1.49118207921870e+00 1.49102138342582e+00 1.60695792881471e-04
1.79000000000000e+00 1.46538485188658e+00 1.46523053680291e+00 1.54315083672252e-04
1.79500000000000e+00 1.44145979395966e+00 1.44131106870462e+00 1.48725255039617e-04
1.80000000000000e+00 1.41959707320939e+00 1.41945135953695e+00 1.45713672432768e-04
1.80500000000000e+00 1.39997439173583e+00 1.39982743227203e+00 1.46959463803054e-04
1.81000000000000e+00 1.38275572911825e+00 1.38260185702999e+00 1.53872088256790e-04
1.81500000000000e+00 1.36809019280383e+00 1.36792273852040e+00 1.67454283428459e-04
1.82000000000000e+00 1.35611099405990e+00 1.35592279258843e+00 1.88201471471583e-04
1.82500000000000e+00 1.34693456346221e+00 1.34671851756181e+00 2.16045900399475e-04
1.83000000000000e+00 1.34065981496710e+00 1.34040946551008e+00 2.50349457016519e-04
1.83500000000000e+00 1.33736756256867e+00 1.33707761791153e+00 2.89944657135832e-04
1.84000000000000e+00 1.33712008878861e+00 1.33678686957979e+00 3.33219208825675e-04
1.84500000000000e+00 1.33996086012233e+00 1.33958262403436e+00 3.78236087973605e-04
1.85000000000000e+00 1.34591438131478e+00 1.34549150281253e+00 4.22878502255974e-04
1.85500000000000e+00 1.35498617810242e+00 1.35452117051728e+00 4.65007585136679e-04
1.86000000000000e+00 1.36716289687399e+00 1.36666027668282e+00 5.02620191173531e-04
1.86500000000000e+00 1.38241250952188e+00 1.38187851481848e+00 5.33994703402874e-04
1.87000000000000e+00 1.40068461245759e+00 1.40012679827000e+00 5.57814187596373e-04
1.87500000000000e+00 1.42191081017500e+00 1.42133755181640e+00 5.73258358595785e-04
1.88000000000000e+00 1.44600517565768e+00 1.44542511720755e+00 5.80058450132981e-04
1.88500000000000e+00 1.47286478212410e+00 1.47228627014470e+00 5.78511979400398e-04
1.89000000000000e+00 1.50237030286981e+00 1.50180084551967e+00 5.69457350139579e-04
1.89500000000000e+00 1.53438667810191e+00 1.53383246706028e+00 5.54211041631225e-04
1.90000000000000e+00 1.56876384949563e+00 1.56822937688661e+00 5.34472609014625e-04
1.90500000000000e+00 1.60533756459846e+00 1.60482535986612e+00 5.12204732341592e-04
1.91000000000000e+00 1.64393025406724e+00 1.64344075707161e+00 4.89496995629279e-04
1.91500000000000e+00 1.68435198498774e+00 1.68388356209650e+00 4.68422891237275e-04
1.92000000000000e+00 1.72640149318174e+00 1.72595059347097e+00 4.50899710768837e-04
1.92500000000000e+00 1.76986729647385e+00 1.76942873595353e+00 4.38560520315878e-04
1.93000000000000e+00 1.81452888942859e+00 1.81409624304787e+00 4.32646380720714e-04
1.93500000000000e+00 1.86015801816886e+00 1.85972409271723e+00 4.33925451637229e-04
1.94000000000000e+00 1.90652003166247e+00 1.90607738794082e+00 4.42643721648706e-04
1.94500000000000e+00 1.95337530344827e+00 1.95291679348017e+00 4.58509968098486e-04
1.95000000000000e+00 2.00048071530902e+00 2.00000000000000e+00 4.80715309015833e-04
1.95500000000000e+00 2.04759119202858e+00 2.04708320651983e+00 5.07985508746867e-04
1.96000000000000e+00 2.09446127423295e+00 2.09392261205918e+00 5.38662173776849e-04
1.96500000000000e+00 2.14084671452973e+00 2.14027590728277e+00 5.70807246953464e-04
1.97000000000000e+00 2.18650608082812e+00 2.18590375695213e+00 6.02323875988020e-04
1.97500000000000e+00 2.23120234991339e+00 2.23057126404646e+00 6.31085866927616e-04
1.98000000000000e+00 2.27470447410455e+00 2.27404940652903e+00 6.55067575521695e-04
1.98500000000000e+00 2.31678890415016e+00 2.31611643790350e+00 6.72466246657066e-04
1.99000000000000e+00 2.35724105238624e+00 2.35655924292839e+00 6.81809457852456e-04
1.99500000000000e+00 2.39585668153721e+00 2.39517464013388e+00 6.82041403327283e-04
2.00000000000000e+00 2.43244320630186e+00 2.43177062311339e+00 6.72583188467080e-04
2.00500000000000e+00 2.46682089693213e+00 2.46616753293972e+00 6.53363992406675e-04
2.01000000000000e+00 2.49882397626700e+00 2.49819915448034e+00 6.24821786660235e-04
2.01500000000000e+00 2.52830160400990e+00 2.52771372985530e+00 5.87874154601042e-04
2.02000000000000e+00 2.55511874432063e+00 2.55457488279245e+00 5.43861528181200e-04
2.02500000000000e+00 2.57915691492448e+00 2.57866244818359e+00 4.94466740884825e-04
2.03000000000000e+00 2.60031481783333e+00 2.59987320173000e+00 4.41616103329157e-04
2.03500000000000e+00 2.61850885335437e+00 2.61812148518152e+00 3.87368172850344e-04
2.04000000000000e+00 2.63367352028348e+00 2.63333972331718e+00 3.33796966296873e-04
2.04500000000000e+00 2.64576170601899e+00 2.64547882948272e+00 2.82876536276344e-04
2.05000000000000e+00 2.65474487078583e+00 2.65450849718747e+00 2.36373598352824e-04
2.05500000000000e+00 2.66061313025188e+00 2.66041737596564e+00 1.95754286243854e-04
2.06000000000000e+00 2.66337524058931e+00 2.66321313042021e+00 1.62110169097840e-04
2.06500000000000e+00 2.66305848953981e+00 2.66292238208847e+00 1.36107451341516e-04
2.07000000000000e+00 2.65970849635509e+00 2.65959053448992e+00 1.17961865169214e-04
2.07500000000000e+00 2.65338892267982e+00 2.65328148243819e+00 1.07440241631007e-04
2.08000000000000e+00 2.64418109560486e+00 2.64407720741157e+00 1.03888193285329e-04
2.08500000000000e+00 2.63218354332585e+00 2.63207726147960e+00 1.06281846248280e-04
2.09000000000000e+00 2.61751144317312e+00 2.61739814297001e+00 1.13300203111510e-04
2.09500000000000e+00 2.60029598130048e+00 2.60017256772797e+00 1.23413572505449e-04
2.10000000000000e+00 2.58068362309138e+00 2.58054864046305e+00 1.34982628334335e-04
2.10500000000000e+00 2.55883529340228e+00 2.55868893129538e+00 1.46362106898223e-04
2.11000000000000e+00 2.53492546614042e+00 2.53476946319710e+00 1.56002943319855e-04
2.11500000000000e+00 2.50914116337397e+00 2.50897861657418e+00 1.62546799794328e-04
2.12000000000000e+00 2.48168086518396e+00 2.48151595774496e+00 1.64907439001105e-04
2.12500000000000e+00 2.45275333275784e+00 2.45259099854052e+00 1.62334217317817e-04
2.13000000000000e+00 2.42257634874570e+00 2.42242189467697e+00 1.54454068726828e-04
2.13500000000000e+00 2.39137538058478e+00 2.39123409092702e+00 1.41289657760613e-04
2.14000000000000e+00 2.35938217426968e+00 2.35925892144618e+00 1.23252823503339e-04
2.14500000000000e+00 2.32683328781685e+00 2.32673217388556e+00 1.01113931286978e-04
2.15000000000000e+00 2.29396857535141e+00 2.29389262614624e+00 7.59492051733979e-05
2.15500000000000e+00 2.26102963424420e+00 2.26098056479902e+00 4.90694451769080e-05
2.16000000000000e+00 2.22825822896264e+00 2.22823629430637e+00 2.19346562713163e-05
2.16500000000000e+00 2.19589470620214e+00 2.19589864623990e+00 3.94003776404972e-06
2.17000000000000e+00 2.16417641637979e+00 2.16420349768687e+00 2.70813070817333e-05
2.17500000000000e+00 2.13333615666811e+00 2.13338230798255e+00 4.61513144403014e-05
2.18000000000000e+00 2.10360065041046e+00 2.10366068279205e+00 6.00323815969084e-05
2.18500000000000e+00 2.07518907700883e+00 2.07525697439691e+00 6.78973880874345e-05
2.19000000000000e+00 2.04831166524290e+00 2.04838092681811e+00 6.92615752133641e-05
2.19500000000000e+00 2.02316836152671e+00 2.02323237413107e+00 6.40126043611744e-05
2.20000000000000e+00 1.99994758291131e+00 2.00000000000000e+00 5.24170886953002e-05
2.20500000000000e+00 1.97882506278546e+00 1.97886016608158e+00 3.51032961187769e-05
2.21000000000000e+00 1.95996279530902e+00 1.95997581652323e+00 1.30212142162023e-05
2.21500000000000e+00 1.94350808272874e+00 1.94349546531226e+00 1.26174164831738e-05
2.22000000000000e+00 1.92959268796743e+00 1.92955227272105e+00 4.04152463846508e-05
2.22500000000000e+00 1.91833209332265e+00 1.91826321654437e+00 6.88767782761612e-05
2.23000000000000e+00 1.90982486482773e+00 1.90972836324032e+00 9.65015874161423e-05
2.23500000000000e+00 1.90415212086037e+00 1.90403024347033e+00 1.21877390040215e-04
2.24000000000000e+00 1.90137710295768e+00 1.90123333589028e+00 1.43767067404710e-04
2.24500000000000e+00 1.90154484651419e+00 1.90138366237698e+00 1.61184137204007e-04
2.25000000000000e+00 1.90468194907968e+00 1.90450849718747e+00 1.73451892204746e-04
2.25500000000000e+00 1.91079643429820e+00 1.91061619184595e+00 1.80242452250789e-04
2.26000000000000e+00 1.91987771007805e+00 1.91969611683971e+00 1.81593238339106e-04
2.26500000000000e+00 1.93189662028435e+00 1.93171872048530e+00 1.77899799054915e-04
2.27000000000000e+00 1.94680559001693e+00 1.94663570460343e+00 1.69885413499049e-04
2.27500000000000e+00 1.96453886529096e+00 1.96438031592140e+00 1.58549369558614e-04
2.28000000000000e+00 1.98501284858832e+00 1.98486775140779e+00 1.45097180530573e-04
2.28500000000000e+00 2.00812653221367e+00 2.00799567504205e+00 1.30857171622978e-04
2.29000000000000e+00 2.03376203159978e+00 2.03364484283446e+00 1.17188765327292e-04
2.29500000000000e+00 2.06178522060716e+00 2.06167983224433e+00 1.05388362828140e-04
2.30000000000000e+00 2.09204647041806e+00 2.09194987150091e+00 9.65989171493042e-05
2.30500000000000e+00 2.12438149282015e+00 2.12428976371522e+00 9.17291049313818e-05
2.31000000000000e+00 2.15861228752233e+00 2.15852090008677e+00 9.13874355537025e-05
2.31500000000000e+00 2.19454819167750e+00 2.19445235595975e+00 9.58357177505142e-05
2.32000000000000e+00 2.23198702806330e+00 2.23188206297221e+00 1.04965091083375e-04
2.32500000000000e+00 2.27071634646814e+00 2.27059805007310e+00 1.18296395047235e-04
2.33000000000000e+00 2.31051475084035e+00 2.31037974575665e+00 1.35005083698569e-04
2.33500000000000e+00 2.35115330278539e+00 2.35099933348698e+00 1.53969298410495e-04
2.34000000000000e+00 2.39239699014651e+00 2.39222315195699e+00 1.73838189517106e-04
2.34500000000000e+00 2.43400624778134e+00 2.43381313154985e+00 1.93116231493651e-04
2.35000000000000e+00 2.47573851634203e+00 2.47552825814758e+00 2.10258194452084e-04
2.35500000000000e+00 2.51734982395664e+00 2.51712605526309e+00 2.23768693559112e-04
2.36000000000000e+00 2.55859637524560e+00 2.55836407535858e+00 2.32299887013898e-04
2.36500000000000e+00 2.59923613211722e+00 2.59900139115685e+00 2.34740960371571e-04
2.37000000000000e+00 2.63903037126917e+00 2.63880007775179e+00 2.30293517386126e-04
2.37500000000000e+00 2.67774520424779e+00 2.67752667638138e+00 2.18527866411744e-04
2.38000000000000e+00 2.71515304723017e+00 2.71495363083914e+00 1.99416391023277e-04
2.38500000000000e+00 2.75103402931673e+00 2.75086068766886e+00 1.73341647877745e-04
2.39000000000000e+00 2.78517732995948e+00 2.78503625151058e+00 1.41078448899545e-04
2.39500000000000e+00 2.81738243809925e+00 2.81727868724248e+00 1.03750856772056e-04
2.40000000000000e+00 2.84746032753400e+00 2.84739756089084e+00 6.27666431602947e-05
2.40500000000000e+00 2.87523454488392e+00 2.87521481165829e+00 1.97332256308691e-05
2.41000000000000e+00 2.90054220816193e+00 2.90056584784471e+00 2.36396827819618e-05
2.41500000000000e+00 2.92323491531819e+00 2.92330055990463e+00 6.56445864408717e-05
2.42000000000000e+00 2.94317956314378e+00 2.94328424439572e+00 1.04681251940075e-04
2.42500000000000e+00 2.96025907755348e+00 2.96039843312221e+00 1.39355568728128e-04
2.43000000000000e+00 2.97437305650888e+00 2.97454162236171e+00 1.68565852832092e-04
2.43500000000000e+00 2.98543832670315e+00 2.98562989767982e+00 1.91570976674438e-04
2.44000000000000e+00 2.99338941464808e+00 2.99359745048043e+00 2.08035832352405e-04
2.44500000000000e+00 2.99817893204481e+00 2.99839698310739e+00 2.18051062581992e-04
2.45000000000000e+00 2.99977787436415e+00 3.00000000000000e+00 2.22125635845227e-04
2.45500000000000e+00 2.99817583050979e+00 2.99839698310739e+00 2.21152597608132e-04
2.46000000000000e+00 2.99338110039617e+00 2.99359745048044e+00 2.16350084261574e-04
2.46500000000000e+00 2.98542071635386e+00 2.98562989767982e+00 2.09181325968810e-04
2.47000000000000e+00 2.97434036358613e+00 2.97454162236171e+00 2.01258775580193e-04
2.47500000000000e+00 2.96020419453819e+00 2.96039843312221e+00 1.94238584020123e-04
2.48000000000000e+00 2.94309453207837e+00 2.94328424439572e+00 1.89712317353319e-04
2.48500000000000e+00 2.92311145688235e+00 2.92330055990464e+00 1.89103022286918e-04
2.49000000000000e+00 2.90037227537096e+00 2.90056584784471e+00 1.93572473755843e-04
2.49500000000000e+00 2.87501086596701e+00 2.87521481165830e+00 2.03945691283014e-04
2.50000000000000e+00 2.84717690325089e+00 2.84739756089084e+00 2.20657639950605e-04
2.50500000000000e+00 2.81703496172623e+00 2.81727868724248e+00 2.43725516255733e-04
2.51000000000000e+00 2.78476350324154e+00 2.78503625151058e+00 2.72748269044776e-04
2.51500000000000e+00 2.75055375451979e+00 2.75086068766886e+00 3.06933149070598e-04
2.52000000000000e+00 2.71460848358477e+00 2.71495363083915e+00 3.45147254375622e-04
2.52500000000000e+00 2.67714068600250e+00 2.67752667638138e+00 3.85990378880763e-04
2.53000000000000e+00 2.63837219365347e+00 2.63880007775179e+00 4.27884098316067e-04
2.53500000000000e+00 2.59853222011821e+00 2.59900139115685e+00 4.69171038646632e-04
2.54000000000000e+00 2.55785585762697e+00 2.55836407535859e+00 5.08217731614469e-04
2.54500000000000e+00 2.51658254086566e+00 2.51712605526309e+00 5.43514397431721e-04
2.55000000000000e+00 2.47495449275331e+00 2.47552825814758e+00 5.73765394263681e-04
2.55500000000000e+00 2.43321516665978e+00 2.43381313154985e+00 5.97964890070468e-04
2.56000000000000e+00 2.39160769849021e+00 2.39222315195700e+00 6.15453466791482e-04
2.56500000000000e+00 2.35037338072968e+00 2.35099933348698e+00 6.25952757300929e-04
2.57000000000000e+00 2.30975016902664e+00 2.31037974575666e+00 6.29576730020176e-04
2.57500000000000e+00 2.26997123031536e+00 2.27059805007310e+00 6.26819757736374e-04
2.58000000000000e+00 2.23126353994371e+00 2.23188206297222e+00 6.18523028511397e-04
2.58500000000000e+00 2.19384653387379e+00 2.19445235595975e+00 6.05822085962604e-04
2.59000000000000e+00 2.15793082083235e+00 2.15852090008678e+00 5.90079254429554e-04
2.59500000000000e+00 2.12371695834743e+00 2.12428976371522e+00 5.72805367784035e-04
2.60000000000000e+00 2.09139429593679e+00 2.09194987150091e+00 5.55575564123334e-04
2.60500000000000e+00 2.06113988830440e+00 2.06167983224433e+00 5.39943939932730e-04
2.61000000000000e+00 2.03311748122598e+00 2.03364484283446e+00 5.27361608485322e-04
2.61500000000000e+00 2.00747657281648e+00 2.00799567504205e+00 5.19102225567725e-04
2.62000000000000e+00 1.98435155301971e+00 1.98486775140779e+00 5.16198388079703e-04
2.62500000000000e+00 1.96386092438127e+00 1.96438031592140e+00 5.19391540134473e-04
2.63000000000000e+00 1.94610660740666e+00 1.94663570460343e+00 5.29097196776407e-04
2.63500000000000e+00 1.93117333401485e+00 1.93171872048530e+00 5.45386470441445e-04
2.64000000000000e+00 1.91912813273560e+00 1.91969611683971e+00 5.67984104113295e-04
2.64500000000000e+00 1.91001990933747e+00 1.91061619184595e+00 5.96282508476875e-04
2.65000000000000e+00 1.90387912649931e+00 1.90450849718747e+00 6.29370688159714e-04
2.65500000000000e+00 1.90071758594469e+00 1.90138366237698e+00 6.66076432291440e-04
2.66000000000000e+00 1.90052831615403e+00 1.90123333589028e+00 7.05019736244150e-04
2.66500000000000e+00 1.90328556836342e+00 1.90403024347033e+00 7.44675106901793e-04
2.67000000000000e+00 1.90894492306647e+00 1.90972836324032e+00 7.83440173847350e-04
2.67500000000000e+00 1.91744350867238e+00 1.91826321654437e+00 8.19707871993369e-04
2.68000000000000e+00 1.92870033335021e+00 1.92955227272105e+00 8.51939370833277e-04
2.68500000000000e+00 1.94261673041580e+00 1.94349546531226e+00 8.78734896456512e-04
2.69000000000000e+00 1.95907691689531e+00 1.95997581652323e+00 8.98899627916228e-04
2.69500000000000e+00 1.97794866412892e+00 1.97886016608158e+00 9.11501952653104e-04
2.70000000000000e+00 1.99908407845247e+00 2.00000000000000e+00 9.15921547532950e-04
2.70500000000000e+00 2.02232048911000e+00 2.02323237413106e+00 9.11885021067427e-04
2.71000000000000e+00 2.04748143959972e+00 2.04838092681811e+00 8.99487218381179e-04
2.71500000000000e+00 2.07437777763912e+00 2.07525697439691e+00 8.79196757787248e-04
2.72000000000000e+00 2.10280883785715e+00 2.10366068279205e+00 8.51844934900647e-04
2.72500000000000e+00 2.13256371019438e+00 2.13338230798255e+00 8.18597788162290e-04
2.73000000000000e+00 2.16342258583850e+00 2.16420349768687e+00 7.80911848370369e-04
2.73500000000000e+00 2.19515817137284e+00 2.19589864623990e+00 7.40474867056751e-04
2.74000000000000e+00 2.22753716070928e+00 2.22823629430637e+00 6.99133597095170e-04
2.74500000000000e+00 2.26032175335874e+00 2.26098056479902e+00 6.58811440277685e-04
2.75000000000000e+00 2.29327120671152e+00 2.29389262614624e+00 6.21419434717829e-04
2.75500000000000e+00 2.32614340930355e+00 2.32673217388556e+00 5.88764582007517e-04
2.76000000000000e+00 2.35869646157820e+00 2.35925892144618e+00 5.62459867982756e-04
2.76500000000000e+00 2.39069025045254e+00 2.39123409092702e+00 5.43840474475310e-04
2.77000000000000e+00 2.42188800408678e+00 2.42242189467697e+00 5.33890590187269e-04
2.77500000000000e+00 2.45205781364711e+00 2.45259099854052e+00 5.33184893411143e-04
2.78000000000000e+00 2.48097410954105e+00 2.48151595774496e+00 5.41848203903683e-04
2.78500000000000e+00 2.50841908056883e+00 2.50897861657418e+00 5.59536005347638e-04
2.79000000000000e+00 2.53418402563791e+00 2.53476946319709e+00 5.85437559187163e-04
2.79500000000000e+00 2.55807062908087e+00 2.55868893129538e+00 6.18302214503874e-04
2.80000000000000e+00 2.57989215213704e+00 2.58054864046305e+00 6.56488326006066e-04
2.80500000000000e+00 2.59947453473847e+00 2.60017256772797e+00 6.98032989501218e-04
2.81000000000000e+00 2.61665740330930e+00 2.61739814297001e+00 7.40739660704204e-04
2.81500000000000e+00 2.63129498177544e+00 2.63207726147960e+00 7.82279704157229e-04
2.82000000000000e+00 2.64325690432457e+00 2.64407720741157e+00 8.20303087000873e-04
2.82500000000000e+00 2.65242892960158e+00 2.65328148243819e+00 8.52552836609011e-04
2.83000000000000e+00 2.65871355692964e+00 2.65959053448992e+00 8.76977560280157e-04
2.83500000000000e+00 2.66203054578746e+00 2.66292238208847e+00 8.91836301007309e-04
2.84000000000000e+00 2.66231734013713e+00 2.66321313042021e+00 8.95790283087727e-04
2.84500000000000e+00 2.65952939929268e+00 2.66041737596564e+00 8.87976672961699e-04
2.85000000000000e+00 2.65364043686952e+00 2.65450849718747e+00 8.68060317951169e-04
2.85500000000000e+00 2.64464256899489e+00 2.64547882948272e+00 8.36260487831808e-04
2.86000000000000e+00 2.63254637244073e+00 2.63333972331719e+00 7.93350876459709e-04
2.86500000000000e+00 2.61738085272047e+00 2.61812148518152e+00 7.40632461054602e-04
2.87000000000000e+00 2.59919332153400e+00 2.59987320173000e+00 6.79880196003957e-04
2.87500000000000e+00 2.57804918232005e+00 2.57866244818360e+00 6.13265863546264e-04
2.88000000000000e+00 2.55403162214634e+00 2.55457488279246e+00 5.43260646121535e-04
2.88500000000000e+00 2.52724120779813e+00 2.52771372985530e+00 4.72522057176405e-04
2.89000000000000e+00 2.49779538376867e+00 2.49819915448034e+00 4.03770711663309e-04
2.89500000000000e+00 2.46582786995217e+00 2.46616753293972e+00 3.39662987553169e-04
2.90000000000000e+00 2.43148795722156e+00 2.43177062311339e+00 2.82665891837119e-04
2.90500000000000e+00 2.39493969975195e+00 2.39517464013388e+00 2.34940381936610e-04
2.91000000000000e+00 2.35636100392293e+00 2.35655924292839e+00 1.98239005464007e-04
2.91500000000000e+00 2.31594261487798e+00 2.31611643790350e+00 1.73823025516828e-04
2.92000000000000e+00 2.27388700330125e+00 2.27404940652904e+00 1.62403227781382e-04
2.92500000000000e+00 2.23040715663642e+00 2.23057126404647e+00 1.64107410042025e-04
2.93000000000000e+00 2.18572528075596e+00 2.18590375695213e+00 1.78476196174504e-04
2.93500000000000e+00 2.14007141991674e+00 2.14027590728278e+00 2.04487366039174e-04
2.94000000000000e+00 2.09368200462956e+00 2.09392261205918e+00 2.40607429620177e-04
2.94500000000000e+00 2.04679833874424e+00 2.04708320651984e+00 2.84867775599551e-04
2.95000000000000e+00 1.99966503853177e+00 2.00000000000000e+00 3.34961468226647e-04
2.95500000000000e+00 1.95252843775964e+00 1.95291679348017e+00 3.88355720525979e-04
2.96000000000000e+00 1.90563497364843e+00 1.90607738794082e+00 4.42414292396220e-04
2.96500000000000e+00 1.85922956912565e+00 1.85972409271723e+00 4.94523591577645e-04
2.97000000000000e+00 1.81355402693093e+00 1.81409624304787e+00 5.42216116942607e-04
2.97500000000000e+00 1.76884545087049e+00 1.76942873595354e+00 5.83285083044061e-04
2.98000000000000e+00 1.72533470888382e+00 1.72595059347097e+00 6.15884587149118e-04
2.98500000000000e+00 1.68324495160251e+00 1.68388356209651e+00 6.38610493996383e-04
2.99000000000000e+00 1.64279019880139e+00 1.64344075707161e+00 6.50558270221646e-04
2.99500000000000e+00 1.60417400462630e+00 1.60482535986612e+00 6.51355239813967e-04
3.00000000000000e+00 1.56758821080348e+00 1.56822937688661e+00 6.41166083136691e-04
3.00500000000000e+00 1.53321179526831e+00 1.53383246706028e+00 6.20671791976557e-04
3.01000000000000e+00 1.50120982187446e+00 1.50180084551966e+00 5.91023645203359e-04
3.01500000000000e+00 1.47173249512996e+00 1.47228627014470e+00 5.53775014742852e-04
3.02000000000000e+00 1.44491432232229e+00 1.44542511720755e+00 5.10794885259847e-04
3.02500000000000e+00 1.42087338399456e+00 1.42133755181641e+00 4.64167821844441e-04
3.03000000000000e+00 1.39971071256147e+00 1.40012679827000e+00 4.16085708531577e-04
3.03500000000000e+00 1.38150977793541e+00 1.38187851481848e+00 3.68736883063381e-04
3.04000000000000e+00 1.36633607838146e+00 1.36666027668282e+00 3.24198301359324e-04
3.04500000000000e+00 1.35423683443258e+00 1.35452117051728e+00 2.84336084708459e-04
3.05000000000000e+00 1.34524078355613e+00 1.34549150281253e+00 2.50719256396525e-04
3.05500000000000e+00 1.33935807333992e+00 1.33958262403436e+00 2.24550694446490e-04
3.06000000000000e+00 1.33658025121944e+00 1.33678686957979e+00 2.06618360342192e-04
3.06500000000000e+00 1.33688034915089e+00 1.33707761791153e+00 1.97268760638858e-04
3.07000000000000e+00 1.34021306209059e+00 1.34040946551008e+00 1.96403419497893e-04
3.07500000000000e+00 1.34651501961593e+00 1.34671851756181e+00 2.03497945882036e-04
3.08000000000000e+00 1.35570515045917e+00 1.35592279258843e+00 2.17642129252793e-04
3.08500000000000e+00 1.36768514006952e+00 1.36792273852040e+00 2.37598450877119e-04
3.09000000000000e+00 1.38233998152469e+00 1.38260185702999e+00 2.61875505299880e-04
3.09500000000000e+00 1.39953862014110e+00 1.39982743227203e+00 2.88812130926352e-04
3.10000000000000e+00 1.41913469195235e+00 1.41945135953695e+00 3.16667584597363e-04
3.10500000000000e+00 1.44096735582280e+00 1.44131106870462e+00 3.43712881821334e-04
3.11000000000000e+00 1.46486221833063e+00 1.46523053680290e+00 3.68318472278029e-04
3.11500000000000e+00 1.49063234970404e+00 1.49102138342582e+00 3.89033721776899e-04
3.12000000000000e+00 1.51807938804405e+00 1.51848404225504e+00 4.04654210989674e-04
3.12500000000000e+00 1.54699472785492e+00 1.54740900145948e+00 4.14273604560922e-04
3.13000000000000e+00 1.57716078757100e+00 1.57757810532302e+00 4.17317752022361e-04
3.13500000000000e+00 1.60835234937188e+00 1.60876590907298e+00 4.13559701098354e-04
3.14000000000000e+00 1.64033796317376e+00 1.64074107855382e+00 4.03115380061214e-04
3.14500000000000e+00 1.67288140533801e+00 1.67326782611444e+00 3.86420776428364e-04
3.15000000000000e+00 1.70574318140711e+00 1.70610737385376e+00 3.64192446655975e-04
3.15500000000000e+00 1.73868206112218e+00 1.73901943520098e+00 3.37374078796859e-04
3.16000000000000e+00 1.77145663314500e+00 1.77176370569363e+00 3.07072548630050e-04
3.16500000000000e+00 1.80382686633933e+00 1.80410135376010e+00 2.74487420764746e-04
3.17000000000000e+00 1.83555566418983e+00 1.83579650231313e+00 2.40838123301890e-04
3.17500000000000e+00 1.86641039896339e+00 1.86661769201745e+00 2.07293054059754e-04
3.18000000000000e+00 1.89616441254632e+00 1.89633931720795e+00 1.74904661622177e-04
3.18500000000000e+00 1.92459847150367e+00 1.92474302560309e+00 1.44554099416938e-04
3.19000000000000e+00 1.95150216477431e+00 1.95161907318189e+00 1.16908407577387e-04
3.19500000000000e+00 1.97667523349453e+00 1.97676762586893e+00 9.23923744033939e-05
3.20000000000000e+00 1.99992882368277e+00 2.00000000000000e+00 7.11763172347446e-05
3.20500000000000e+00 2.02108665386195e+00 2.02113983391842e+00 5.31800564722573e-05
3.21000000000000e+00 2.03998609108331e+00 2.04002418347677e+00 3.80923934586441e-05
3.21500000000000e+00 2.05647913018820e+00 2.05650453468774e+00 2.54044995391389e-05
3.22000000000000e+00 2.07043327244828e+00 2.07044772727895e+00 1.44548306750814e-05
3.22500000000000e+00 2.08173230091126e+00 2.08173678345563e+00 4.48254437079854e-06
3.23000000000000e+00 2.09027695081288e+00 2.09027163675968e+00 5.31405319481593e-06
3.23500000000000e+00 2.09598547426841e+00 2.09596975652967e+00 1.57177387412055e-05
3.24000000000000e+00 2.09879409911586e+00 2.09876666410972e+00 2.74350061366668e-05
3.24500000000000e+00 2.09865738224676e+00 2.09861633762302e+00 4.10446237397721e-05
3.25000000000000e+00 2.09554845803996e+00 2.09549150281253e+00 5.69552274352070e-05
3.25500000000000e+00 2.08945918263191e+00 2.08938380815405e+00 7.53744778569931e-05
3.26000000000000e+00 2.08040017474448e+00 2.08030388316029e+00 9.62915841964396e-05
3.26500000000000e+00 2.06840075368910e+00 2.06828127951470e+00 1.19474174394174e-04
3.27000000000000e+00 2.05350877501609e+00 2.05336429539657e+00 1.44479619522908e-04
3.27500000000000e+00 2.03579036412865e+00 2.03561968407860e+00 1.70680050046723e-04
3.28000000000000e+00 2.01532954807578e+00 2.01513224859221e+00 1.97299483572166e-04
3.28500000000000e+00 1.99222778572266e+00 1.99200432495795e+00 2.23460764710026e-04
3.29000000000000e+00 1.96660339660370e+00 1.96635515716554e+00 2.48239438152886e-04
3.29500000000000e+00 1.93859088902559e+00 1.93832016775567e+00 2.70721269918006e-04
3.30000000000000e+00 1.90834018842050e+00 1.90805012849909e+00 2.90059921405295e-04
3.30500000000000e+00 1.87601576756261e+00 1.87571023628479e+00 3.05531277820403e-04
3.31000000000000e+00 1.84179568105128e+00 1.84147909991323e+00 3.16581138049887e-04
3.31500000000000e+00 1.80587050741288e+00 1.80554764404025e+00 3.22863372624216e-04
3.32000000000000e+00 1.76844220325643e+00 1.76811793702778e+00 3.24266228651116e-04
3.32500000000000e+00 1.72972287509627e+00 1.72940194992690e+00 3.20925169364328e-04
3.33000000000000e+00 1.68993347568463e+00 1.68962025424335e+00 3.13221441275990e-04
3.33500000000000e+00 1.64930243292588e+00 1.64900066651302e+00 3.01766412852400e-04
3.34000000000000e+00 1.60806422062018e+00 1.60777684804301e+00 2.87372577170597e-04
3.34500000000000e+00 1.56645788135266e+00 1.56618686845015e+00 2.71012902514078e-04
3.35000000000000e+00 1.52472551275713e+00 1.52447174185243e+00 2.53770904705686e-04
3.35500000000000e+00 1.48311072909525e+00 1.48287394473692e+00 2.36784358332631e-04
3.36000000000000e+00 1.44185711057187e+00 1.44163592464142e+00 2.21185930453505e-04
3.36500000000000e+00 1.40120665302902e+00 1.40099860884315e+00 2.08044185872724e-04
3.37000000000000e+00 1.36139823061830e+00 1.36119992224821e+00 1.98308370084277e-04
3.37500000000000e+00 1.32266608374504e+00 1.32247332361862e+00 1.92760126422442e-04
3.38000000000000e+00 1.28523834402589e+00 1.28504636916086e+00 1.91974865029421e-04
3.38500000000000e+00 1.24933560723319e+00 1.24913931233114e+00 1.96294902048644e-04
3.39000000000000e+00 1.21516956425325e+00 1.21496374848942e+00 2.05815763827832e-04
3.39500000000000e+00 1.18294169900944e+00 1.18272131275752e+00 2.20386251920779e-04
3.40000000000000e+00 1.15284206114653e+00 1.15260243910916e+00 2.39622037375486e-04
3.40500000000000e+00 1.12504812009334e+00 1.12478518834171e+00 2.62931751630724e-04
3.41000000000000e+00 1.09972370596910e+00 1.09943415215529e+00 2.89553813810350e-04
3.41500000000000e+00 1.07701804172203e+00 1.07669944009537e+00 3.18601626661641e-04
3.42000000000000e+00 1.05706486992601e+00 1.05671575560428e+00 3.49114321734012e-04
3.42500000000000e+00 1.03998167684261e+00 1.03960156687779e+00 3.80109964820852e-04
3.43000000000000e+00 1.02586901569992e+00 1.02545837763829e+00 4.10638061630886e-04
3.43500000000000e+00 1.01480993065134e+00 1.01437010232018e+00 4.39828331167069e-04
3.44000000000000e+00 1.00686948255121e+00 1.00640254951957e+00 4.66933031642913e-04
3.44500000000000e+00 1.00209437749917e+00 1.00160301689261e+00 4.91360606567071e-04
3.45000000000000e+00 1.00051269903521e+00 1.00000000000000e+00 5.12699035210229e-04
3.45500000000000e+00 1.00213374487032e+00 1.00160301689261e+00 5.30727977715362e-04
3.46000000000000e+00 1.00694796907477e+00 1.00640254951956e+00 5.45419555202153e-04
3.46500000000000e+00 1.01492703066631e+00 1.01437010232018e+00 5.56928346133079e-04
3.47000000000000e+00 1.02602394950157e+00 1.02545837763829e+00 5.65571863284875e-04
3.47500000000000e+00 1.04017337023106e+00 1.03960156687779e+00 5.71803353270672e-04
3.48000000000000e+00 1.05729193479817e+00 1.05671575560427e+00 5.76179193894522e-04
3.48500000000000e+00 1.07727876351933e+00 1.07669944009536e+00 5.79323423967049e-04
3.49000000000000e+00 1.10001604416365e+00 1.09943415215529e+00 5.81892008367779e-04
3.49500000000000e+00 1.12536972765697e+00 1.12478518834171e+00 5.84539315259924e-04
3.50000000000000e+00 1.15319032808172e+00 1.15260243910915e+00 5.87888972566564e-04
3.50500000000000e+00 1.18331382356136e+00 1.18272131275752e+00 5.92510803843149e-04
3.51000000000000e+00 1.21556265344397e+00 1.21496374848942e+00 5.98904954545842e-04
3.51500000000000e+00 1.24974680598953e+00 1.24913931233114e+00 6.07493658385971e-04
3.52000000000000e+00 1.28566498957199e+00 1.28504636916085e+00 6.18620411142023e-04
3.52500000000000e+00 1.32310587929244e+00 1.32247332361861e+00 6.32555673823587e-04
3.53000000000000e+00 1.36184942991825e+00 1.36119992224821e+00 6.49507670038352e-04
3.53500000000000e+00 1.40166824526597e+00 1.40099860884315e+00 6.69636422827136e-04
3.54000000000000e+00 1.44232899356986e+00 1.44163592464141e+00 6.93068928452556e-04
3.54500000000000e+00 1.48359385804878e+00 1.48287394473691e+00 7.19913311868048e-04
3.55000000000000e+00 1.52522201180953e+00 1.52447174185242e+00 7.50269957111582e-04
3.55500000000000e+00 1.56697110639443e+00 1.56618686845015e+00 7.84237944281507e-04
3.56000000000000e+00 1.60859876367017e+00 1.60777684804300e+00 8.21915627171821e-04
3.56500000000000e+00 1.64986406132255e+00 1.64900066651302e+00 8.63394809534901e-04
3.57000000000000e+00 1.69052900291652e+00 1.68962025424335e+00 9.08748673167592e-04
3.57500000000000e+00 1.73035996424288e+00 1.72940194992690e+00 9.58014315981082e-04
3.58000000000000e+00 1.76912910844228e+00 1.76811793702778e+00 1.01117141449980e-03
3.58500000000000e+00 1.80661576311301e+00 1.80554764404025e+00 1.06811907276017e-03
3.59000000000000e+00 1.84260775322133e+00 1.84147909991322e+00 1.12865330810630e-03
3.59500000000000e+00 1.87690268410063e+00 1.87571023628478e+00 1.19244781584782e-03
3.60000000000000e+00 1.90930916912169e+00 1.90805012849909e+00 1.25904062260140e-03
3.60500000000000e+00 1.93964799673300e+00 1.93832016775567e+00 1.32782897733041e-03
3.61000000000000e+00 1.96775323151283e+00 1.96635515716554e+00 1.39807434728523e-03
3.61500000000000e+00 1.99347324366970e+00 1.99200432495795e+00 1.46891871174448e-03
3.62000000000000e+00 2.01667166111322e+00 2.01513224859221e+00 1.53941252100909e-03
3.62500000000000e+00 2.03722823784632e+00 2.03561968407860e+00 1.60855376772329e-03
3.63000000000000e+00 2.05503963206267e+00 2.05336429539657e+00 1.67533666610664e-03
3.63500000000000e+00 2.07002008703698e+00 2.06828127951470e+00 1.73880752227351e-03
3.64000000000000e+00 2.08210200773747e+00 2.08030388316029e+00 1.79812457717921e-03
3.64500000000000e+00 2.09123642613233e+00 2.08938380815405e+00 1.85261797827829e-03
3.65000000000000e+00 2.09739334846061e+00 2.09549150281253e+00 1.90184564808327e-03
3.65500000000000e+00 2.10056197833484e+00 2.09861633762302e+00 1.94564071181835e-03
3.66000000000000e+00 2.10075081046304e+00 2.09876666410972e+00 1.98414635331501e-03
3.66500000000000e+00 2.09798759102749e+00 2.09596975652967e+00 2.01783449781301e-03
3.67000000000000e+00 2.09231914232017e+00 2.09027163675968e+00 2.04750556048561e-03
3.67500000000000e+00 2.08381105106881e+00 2.08173678345563e+00 2.07426761318352e-03
3.68000000000000e+00 2.07254722192964e+00 2.07044772727895e+00 2.09949465068071e-03
3.68500000000000e+00 2.05862929978646e+00 2.05650453468774e+00 2.12476509872328e-03
3.69000000000000e+00 2.04217596667639e+00 2.04002418347677e+00 2.15178319962472e-03
3.69500000000000e+00 2.02332212124273e+00 2.02113983391842e+00 2.18228732430514e-03
3.70000000000000e+00 2.00221795047426e+00 2.00000000000000e+00 2.21795047425477e-03
3.70500000000000e+00 1.97902790500907e+00 1.97676762586894e+00 2.26027914013627e-03
3.71000000000000e+00 1.95392959035848e+00 1.95161907318189e+00 2.31051717658359e-03
3.71500000000000e+00 1.92711258696703e+00 1.92474302560309e+00 2.36956136394140e-03
3.72000000000000e+00 1.89877721202852e+00 1.89633931720795e+00 2.43789482057655e-03
3.72500000000000e+00 1.86913323543157e+00 1.86661769201745e+00 2.51554341411397e-03
3.73000000000000e+00 1.83839856116678e+00 1.83579650231313e+00 2.60205885364706e-03
3.73500000000000e+00 1.80679788409742e+00 1.80410135376010e+00 2.69653033732054e-03
3.74000000000000e+00 1.77456133032474e+00 1.77176370569363e+00 2.79762463111188e-03
3.74500000000000e+00 1.74192308765137e+00 1.73901943520098e+00 2.90365245038759e-03
3.75000000000000e+00 1.70912003105504e+00 1.70610737385376e+00 3.01265720127053e-03
3.75500000000000e+00 1.67639034681579e+00 1.67326782611444e+00 3.12252070134944e-03
3.76000000000000e+00 1.64397215814097e+00 1.64074107855382e+00 3.23107958715041e-03
3.76500000000000e+00 1.61210215488486e+00 1.60876590907298e+00 3.33624581188086e-03
3.77000000000000e+00 1.58101423026374e+00 1.57757810532303e+00 3.43612494070911e-03
3.77500000000000e+00 1.55093812821736e+00 1.54740900145948e+00 3.52912675787609e-03
3.78000000000000e+00 1.52209810606878e+00 1.51848404225504e+00 3.61406381374030e-03
3.78500000000000e+00 1.49471161811472e+00 1.49102138342582e+00 3.69023468889940e-03
3.79000000000000e+00 1.46898802643753e+00 1.46523053680291e+00 3.75748963462064e-03
3.79500000000000e+00 1.44512734530402e+00 1.44131106870462e+00 3.81627659939454e-03
3.80000000000000e+00 1.42331902484727e+00 1.41945135953695e+00 3.86766531031491e-03
3.80500000000000e+00 1.40374077834249e+00 1.39982743227203e+00 3.91334607046101e-03
3.81000000000000e+00 1.38655745554372e+00 1.38260185702999e+00 3.95559851372784e-03
3.81500000000000e+00 1.37191996274475e+00 1.36792273852040e+00 3.99722422434667e-03
3.82000000000000e+00 1.35996422915703e+00 1.35592279258843e+00 4.04143656860234e-03
3.82500000000000e+00 1.35081021962378e+00 1.34671851756181e+00 4.09170206197174e-03
3.83000000000000e+00 1.34456099627758e+00 1.34040946551008e+00 4.15153076749553e-03
3.83500000000000e+00 1.34130183684729e+00 1.33707761791153e+00 4.22421893575731e-03
3.84000000000000e+00 1.34109942477196e+00 1.33678686957979e+00 4.31255519217499e-03
3.84500000000000e+00 1.34400113528425e+00 1.33958262403436e+00 4.41851124989068e-03
3.85000000000000e+00 1.35003445073896e+00 1.34549150281253e+00 4.54294792643162e-03
3.85500000000000e+00 1.35920654573018e+00 1.35452117051728e+00 4.68537521289725e-03
3.86000000000000e+00 1.37150408580803e+00 1.36666027668282e+00 4.84380912521765e-03
3.86500000000000e+00 1.38689328092729e+00 1.38187851481848e+00 5.01476610881446e-03
3.87000000000000e+00 1.40532022486043e+00 1.40012679826999e+00 5.19342659043720e-03
3.87500000000000e+00 1.42671153448049e+00 1.42133755181640e+00 5.37398266408329e-03
3.88000000000000e+00 1.45097527918498e+00 1.44542511720754e+00 5.55016197743496e-03
3.88500000000000e+00 1.47800216326025e+00 1.47228627014469e+00 5.71589311555343e-03
3.89000000000000e+00 1.50766689627928e+00 1.50180084551966e+00 5.86605075962132e-03
3.89500000000000e+00 1.53982966296648e+00 1.53383246706028e+00 5.99719590620218e-03
3.90000000000000e+00 1.57433758869073e+00 1.56822937688661e+00 6.10821180412313e-03
3.90500000000000e+00 1.61102609357284e+00 1.60482535986612e+00 6.20073370672203e-03
3.91000000000000e+00 1.64972003951802e+00 1.64344075707161e+00 6.27928244640374e-03
3.91500000000000e+00 1.69023460087559e+00 1.68388356209650e+00 6.35103877909082e-03
3.92000000000000e+00 1.73237582927373e+00 1.72595059347097e+00 6.42523580276655e-03
3.92500000000000e+00 1.77594093263519e+00 1.76942873595353e+00 6.51219668165526e-03
3.93000000000000e+00 1.82071834163106e+00 1.81409624304787e+00 6.62209858319374e-03
3.93500000000000e+00 1.86648768667309e+00 1.85972409271722e+00 6.76359395586057e-03
3.94000000000000e+00 1.91301984728881e+00 1.90607738794081e+00 6.94245934799365e-03
3.94500000000000e+00 1.96007725632765e+00 1.95291679348016e+00 7.16046284748995e-03
3.95000000000000e+00 2.00741463872851e+00 2.00000000000000e+00 7.41463872851233e-03
3.95500000000000e+00 2.05478033633396e+00 2.04708320651983e+00 7.69712981412818e-03
3.96000000000000e+00 2.10191831796891e+00 2.09392261205918e+00 7.99570590973087e-03
3.96500000000000e+00 2.14857090310237e+00 2.14027590728278e+00 8.29499581959414e-03
3.97000000000000e+00 2.19448214658884e+00 2.18590375695213e+00 8.57838963670776e-03
3.97500000000000e+00 2.23940175201512e+00 2.23057126404647e+00 8.83048796865049e-03
3.98000000000000e+00 2.28308931312343e+00 2.27404940652903e+00 9.03990659440534e-03
3.98500000000000e+00 2.32531863607535e+00 2.31611643790350e+00 9.20219817185108e-03
3.99000000000000e+00 2.36588187611276e+00 2.35655924292839e+00 9.32263318437787e-03
3.99500000000000e+00 2.40459323232405e+00 2.39517464013388e+00 9.41859219016683e-03
4.00000000000000e+00 2.44129198117160e+00 2.43177062311338e+00 9.52135805821763e-03
