variables = x, value-predict, value-true, error
0.00000000000000e+00 2.43197353444669e+00 2.43177062311339e+00 2.02911333303746e-04
5.00000000000000e-03 2.46636227646523e+00 2.46616753293972e+00 1.94743525508301e-04
1.00000000000000e-02 2.49838767178326e+00 2.49819915448034e+00 1.88517302927238e-04
1.50000000000000e-02 2.52789868475550e+00 2.52771372985530e+00 1.84954900196654e-04
2.00000000000000e-02 2.55475868504125e+00 2.55457488279246e+00 1.83802248795661e-04
2.50000000000000e-02 2.57884670398151e+00 2.57866244818360e+00 1.84255797909927e-04
3.00000000000000e-02 2.60005849939128e+00 2.59987320173000e+00 1.85297661274841e-04
3.50000000000000e-02 2.61830742699765e+00 2.61812148518152e+00 1.85941816126967e-04
4.00000000000000e-02 2.63352512136941e+00 2.63333972331718e+00 1.85398052222840e-04
4.50000000000000e-02 2.64566199290813e+00 2.64547882948272e+00 1.83163425414357e-04
5.00000000000000e-02 2.65468755024054e+00 2.65450849718747e+00 1.79053053070533e-04
5.50000000000000e-02 2.66059055917867e+00 2.66041737596564e+00 1.73183213034722e-04
6.00000000000000e-02 2.66337905037192e+00 2.66321313042021e+00 1.65919951709892e-04
6.50000000000000e-02 2.66308018798201e+00 2.66292238208847e+00 1.57805893545415e-04
7.00000000000000e-02 2.65974001131360e+00 2.65959053448992e+00 1.49476823688932e-04
7.50000000000000e-02 2.65342306048658e+00 2.65328148243819e+00 1.41578048391988e-04
8.00000000000000e-02 2.64421189609147e+00 2.64407720741157e+00 1.34688679900297e-04
8.50000000000000e-02 2.63220652146526e+00 2.63207726147960e+00 1.29259985655494e-04
9.00000000000000e-02 2.61752371487559e+00 2.61739814297001e+00 1.25571905584820e-04
9.50000000000000e-02 2.60029627760238e+00 2.60017256772797e+00 1.23709874402245e-04
1.00000000000000e-01 2.58067220272596e+00 2.58054864046305e+00 1.23562262915211e-04
1.05000000000000e-01 2.55881376842779e+00 2.55868893129538e+00 1.24837132412736e-04
1.10000000000000e-01 2.53489655882021e+00 2.53476946319709e+00 1.27095623116968e-04
1.15000000000000e-01 2.50910841478132e+00 2.50897861657418e+00 1.29798207144649e-04
1.20000000000000e-01 2.48164831700195e+00 2.48151595774496e+00 1.32359256986625e-04
1.25000000000000e-01 2.45272520347664e+00 2.45259099854052e+00 1.34204936115712e-04
1.30000000000000e-01 2.42255672399986e+00 2.42242189467697e+00 1.34829322891328e-04
1.35000000000000e-01 2.39136793486574e+00 2.39123409092702e+00 1.33843938725509e-04
1.40000000000000e-01 2.35938993789948e+00 2.35925892144618e+00 1.31016453301491e-04
1.45000000000000e-01 2.32685846913851e+00 2.32673217388556e+00 1.26295252945052e-04
1.50000000000000e-01 2.29401244387463e+00 2.29389262614624e+00 1.19817728390093e-04
1.55000000000000e-01 2.26109246628541e+00 2.26098056479902e+00 1.11901486390842e-04
1.60000000000000e-01 2.22833931342488e+00 2.22823629430637e+00 1.03019118502523e-04
1.65000000000000e-01 2.19599240479693e+00 2.19589864623990e+00 9.37585570337518e-05
1.70000000000000e-01 2.16428826998341e+00 2.16420349768687e+00 8.47722965393594e-05
1.75000000000000e-01 2.13345902773177e+00 2.13338230798255e+00 7.67197492281824e-05
1.80000000000000e-01 2.10373089043548e+00 2.10366068279205e+00 7.02076434260235e-05
1.85000000000000e-01 2.07532270800011e+00 2.07525697439691e+00 6.57336031952838e-05
1.90000000000000e-01 2.04844456465620e+00 2.04838092681811e+00 6.36378380964864e-05
1.95000000000000e-01 2.02329644136984e+00 2.02323237413107e+00 6.40672387763885e-05
2.00000000000000e-01 2.00006695516888e+00 2.00000000000000e+00 6.69551688843306e-05
2.05000000000000e-01 1.97893218503487e+00 1.97886016608158e+00 7.20189532892324e-05
2.10000000000000e-01 1.96005459212145e+00 1.95997581652323e+00 7.87755982145644e-05
2.15000000000000e-01 1.94358204007854e+00 1.94349546531226e+00 8.65747662841532e-05
2.20000000000000e-01 1.92964691931750e+00 1.92955227272105e+00 9.46465964584142e-05
2.25000000000000e-01 1.91836537726780e+00 1.91826321654437e+00 1.02160723424616e-04
2.30000000000000e-01 1.90983665515210e+00 1.90972836324032e+00 1.08291911781411e-04
2.35000000000000e-01 1.90414253061972e+00 1.90403024347033e+00 1.12287149393708e-04
2.40000000000000e-01 1.90134686477127e+00 1.90123333589028e+00 1.13528880991920e-04
2.45000000000000e-01 1.90149525169139e+00 1.90138366237698e+00 1.11589314407912e-04
2.50000000000000e-01 1.90461476856110e+00 1.90450849718747e+00 1.06271373621958e-04
2.55000000000000e-01 1.91071382469610e+00 1.91061619184595e+00 9.76328501560708e-05
2.60000000000000e-01 1.91978210838259e+00 1.91969611683971e+00 8.59915428781388e-05
2.65000000000000e-01 1.93179063106719e+00 1.93171872048530e+00 7.19105818882682e-05
2.70000000000000e-01 1.94669186920705e+00 1.94663570460343e+00 5.61646036181251e-05
2.75000000000000e-01 1.96442000479801e+00 1.96438031592140e+00 3.96888766101000e-05
2.80000000000000e-01 1.98489126617806e+00 1.98486775140779e+00 2.35147702674077e-05
2.85000000000000e-01 2.00800437106482e+00 2.00799567504205e+00 8.69602277431269e-06
2.90000000000000e-01 2.03364107385912e+00 2.03364484283446e+00 3.76897534160037e-06
2.95000000000000e-01 2.06166681898088e+00 2.06167983224433e+00 1.30132634543756e-05
3.00000000000000e-01 2.09193150137341e+00 2.09194987150091e+00 1.83701274956150e-05
3.05000000000000e-01 2.12427033431241e+00 2.12428976371522e+00 1.94294028075248e-05
3.10000000000000e-01 2.15850482331081e+00 2.15852090008677e+00 1.60767759664893e-05
3.15000000000000e-01 2.19444384326719e+00 2.19445235595975e+00 8.51269255575104e-06
3.20000000000000e-01 2.23188481413195e+00 2.23188206297222e+00 2.75115973735751e-06
3.25000000000000e-01 2.27061496835166e+00 2.27059805007310e+00 1.69182785572097e-05
3.30000000000000e-01 2.31041270129959e+00 2.31037974575665e+00 3.29555429408046e-05
3.35000000000000e-01 2.35104899392045e+00 2.35099933348698e+00 4.96604334667694e-05
3.40000000000000e-01 2.39228889502223e+00 2.39222315195700e+00 6.57430652362123e-05
3.45000000000000e-01 2.43389304914702e+00 2.43381313154985e+00 7.99175971728516e-05
3.50000000000000e-01 2.47561925483892e+00 2.47552825814758e+00 9.09966913411608e-05
3.55000000000000e-01 2.51722403748083e+00 2.51712605526309e+00 9.79822177398226e-05
3.60000000000000e-01 2.55846422074315e+00 2.55836407535859e+00 1.00145384560157e-04
3.65000000000000e-01 2.59909848110194e+00 2.59900139115685e+00 9.70899450849494e-05
3.70000000000000e-01 2.63888887083320e+00 2.63880007775179e+00 8.87930814088556e-05
3.75000000000000e-01 2.67760229633230e+00 2.67752667638138e+00 7.56199509188704e-05
3.80000000000000e-01 2.71501194047101e+00 2.71495363083915e+00 5.83096318669263e-05
3.85000000000000e-01 2.75089861988468e+00 2.75086068766886e+00 3.79322158270412e-05
3.90000000000000e-01 2.78505207045315e+00 2.78503625151058e+00 1.58189425727429e-05
3.95000000000000e-01 2.81727215665320e+00 2.81727868724248e+00 6.53058927868599e-06
4.00000000000000e-01 2.84737000276290e+00 2.84739756089084e+00 2.75581279449710e-05
4.05000000000000e-01 2.87516904592988e+00 2.87521481165829e+00 4.57657284185231e-05
4.10000000000000e-01 2.90050601272837e+00 2.90056584784471e+00 5.98351163403343e-05
4.15000000000000e-01 2.92323182189337e+00 2.92330055990464e+00 6.87380112647240e-05
4.20000000000000e-01 2.94321241633306e+00 2.94328424439572e+00 7.18280626648138e-05
4.25000000000000e-01 2.96032952722454e+00 2.96039843312221e+00 6.89058976659496e-05
4.30000000000000e-01 2.97448137197976e+00 2.97454162236171e+00 6.02503819524536e-05
4.35000000000000e-01 2.98558328617644e+00 2.98562989767982e+00 4.66115033832537e-05
4.40000000000000e-01 2.99356828729121e+00 2.99359745048043e+00 2.91631892248567e-05
4.45000000000000e-01 2.99838756542369e+00 2.99839698310739e+00 9.41768369999707e-06
4.50000000000000e-01 3.00001089339546e+00 3.00000000000000e+00 1.08933954634516e-05
4.55000000000000e-01 2.99842694593471e+00 2.99839698310739e+00 2.99628273157104e-05
4.60000000000000e-01 2.99364351543644e+00 2.99359745048043e+00 4.60649560092286e-05
4.65000000000000e-01 2.98568761035102e+00 2.98562989767982e+00 5.77126711971410e-05
4.70000000000000e-01 2.97460542190570e+00 2.97454162236171e+00 6.37995439873862e-05
4.75000000000000e-01 2.96046214584887e+00 2.96039843312221e+00 6.37127266611692e-05
4.80000000000000e-01 2.94334164836208e+00 2.94328424439572e+00 5.74039663563397e-05
4.85000000000000e-01 2.92334596920759e+00 2.92330055990464e+00 4.54093029560454e-05
4.90000000000000e-01 2.90059466039366e+00 2.90056584784471e+00 2.88125489489310e-05
4.95000000000000e-01 2.87522396479212e+00 2.87521481165829e+00 9.15313382332528e-06
5.00000000000000e-01 2.84738584571061e+00 2.84739756089084e+00 1.17151802334625e-05
5.05000000000000e-01 2.81724688475792e+00 2.81727868724248e+00 3.18024845564757e-05
5.10000000000000e-01 2.78498707073732e+00 2.78503625151058e+00 4.91807732565519e-05
5.15000000000000e-01 2.75079850608485e+00 2.75086068766886e+00 6.21815840071704e-05
5.20000000000000e-01 2.71488405898688e+00 2.71495363083915e+00 6.95718522654154e-05
5.25000000000000e-01 2.67745598843950e+00 2.67752667638138e+00 7.06879418834738e-05
5.30000000000000e-01 2.63873456611839e+00 2.63880007775179e+00 6.55116334011829e-05
5.35000000000000e-01 2.59894671331249e+00 2.59900139115685e+00 5.46778443650808e-05
5.40000000000000e-01 2.55832466395517e+00 2.55836407535859e+00 3.94114034163451e-05
5.45000000000000e-01 2.51710465684112e+00 2.51712605526309e+00 2.13984219636920e-05
5.50000000000000e-01 2.47552565247295e+00 2.47552825814758e+00 2.60567463072903e-06
5.55000000000000e-01 2.43382806367876e+00 2.43381313154985e+00 1.49321289120152e-05
5.60000000000000e-01 2.39225248508041e+00 2.39222315195700e+00 2.93331234124672e-05
5.65000000000000e-01 2.35103840529161e+00 2.35099933348698e+00 3.90718046294758e-05
5.70000000000000e-01 2.31042288762093e+00 2.31037974575665e+00 4.31418642787840e-05
5.75000000000000e-01 2.27063920984849e+00 2.27059805007310e+00 4.11597753884330e-05
5.80000000000000e-01 2.23191546072055e+00 2.23188206297222e+00 3.33977483326642e-05
5.85000000000000e-01 2.19447309921457e+00 2.19445235595975e+00 2.07432548213760e-05
5.90000000000000e-01 2.15852549122421e+00 2.15852090008677e+00 4.59113743334072e-06
5.95000000000000e-01 2.12427644593135e+00 2.12428976371522e+00 1.33177838632648e-05
6.00000000000000e-01 2.09191877975565e+00 2.09194987150091e+00 3.10917452637227e-05
6.05000000000000e-01 2.06163293868354e+00 2.06167983224433e+00 4.68935607913501e-05
6.10000000000000e-01 2.03358570966197e+00 2.03364484283446e+00 5.91331724906219e-05
6.15000000000000e-01 2.00792904870098e+00 2.00799567504205e+00 6.66263410700196e-05
6.20000000000000e-01 1.98479904786253e+00 1.98486775140779e+00 6.87035452557883e-05
6.25000000000000e-01 1.96431505620236e+00 1.96438031592140e+00 6.52597190442528e-05
6.30000000000000e-01 1.94657896191960e+00 1.94663570460343e+00 5.67426838298246e-05
6.35000000000000e-01 1.93167463540363e+00 1.93171872048530e+00 4.40850816623151e-05
6.40000000000000e-01 1.91966752637421e+00 1.91969611683971e+00 2.85904655024094e-05
6.45000000000000e-01 1.91060440349143e+00 1.91061619184595e+00 1.17883545174280e-05
6.50000000000000e-01 1.90451322198996e+00 1.90450849718747e+00 4.72480248903118e-06
6.55000000000000e-01 1.90140310410424e+00 1.90138366237698e+00 1.94417272596503e-05
6.60000000000000e-01 1.90126441808659e+00 1.90123333589028e+00 3.10821963114272e-05
6.65000000000000e-01 1.90406894407585e+00 1.90403024347033e+00 3.87006055240224e-05
6.70000000000000e-01 1.90977011843976e+00 1.90972836324032e+00 4.17551994402743e-05
6.75000000000000e-01 1.91830335194956e+00 1.91826321654437e+00 4.01354051835501e-05
6.80000000000000e-01 1.92958642075014e+00 1.92955227272105e+00 3.41480290917406e-05
6.85000000000000e-01 1.94351993215054e+00 1.94349546531226e+00 2.44668382842761e-05
6.90000000000000e-01 1.95998786949195e+00 1.95997581652323e+00 1.20529687221982e-05
6.95000000000000e-01 1.97885822159151e+00 1.97886016608158e+00 1.94449006785113e-06
7.00000000000000e-01 1.99998370247785e+00 2.00000000000000e+00 1.62975221531525e-05
7.05000000000000e-01 2.02320256639527e+00 2.02323237413106e+00 2.98077357938631e-05
7.10000000000000e-01 2.04833952150461e+00 2.04838092681811e+00 4.14053134991654e-05
7.15000000000000e-01 2.07520674354614e+00 2.07525697439691e+00 5.02308507726035e-05
7.20000000000000e-01 2.10360498816993e+00 2.10366068279205e+00 5.56946221239585e-05
7.25000000000000e-01 2.13332479790083e+00 2.13338230798255e+00 5.75100817159502e-05
7.30000000000000e-01 2.16414779698887e+00 2.16420349768687e+00 5.57006980042019e-05
7.35000000000000e-01 2.19584806487497e+00 2.19589864623990e+00 5.05813649347431e-05
7.40000000000000e-01 2.22819357681351e+00 2.22823629430637e+00 4.27174928590013e-05
7.45000000000000e-01 2.26094769843889e+00 2.26098056479902e+00 3.28663601263379e-05
7.50000000000000e-01 2.29387071980717e+00 2.29389262614624e+00 2.19063390614060e-05
7.55000000000000e-01 2.32672141371644e+00 2.32673217388556e+00 1.07601691183845e-05
7.60000000000000e-01 2.35925860290946e+00 2.35925892144618e+00 3.18536725885110e-07
7.65000000000000e-01 2.39124272106296e+00 2.39123409092702e+00 8.63013594587514e-06
7.70000000000000e-01 2.42243735321904e+00 2.42242189467697e+00 1.54585420686359e-05
7.75000000000000e-01 2.45261074244548e+00 2.45259099854052e+00 1.97439049607340e-05
7.80000000000000e-01 2.48153725094213e+00 2.48151595774496e+00 2.12931971703689e-05
7.85000000000000e-01 2.50899876544209e+00 2.50897861657418e+00 2.01488679101303e-05
7.90000000000000e-01 2.53478603849214e+00 2.53476946319709e+00 1.65752950431752e-05
7.95000000000000e-01 2.55869995893305e+00 2.55868893129538e+00 1.10276376674712e-05
8.00000000000000e-01 2.58055274653804e+00 2.58054864046305e+00 4.10607499601312e-06
8.05000000000000e-01 2.60016906721861e+00 2.60017256772797e+00 3.50050936015478e-06
8.10000000000000e-01 2.61738706639269e+00 2.61739814297001e+00 1.10765773175814e-05
8.15000000000000e-01 2.63205931897279e+00 2.63207726147960e+00 1.79425068123074e-05
8.20000000000000e-01 2.64405369493669e+00 2.64407720741157e+00 2.35124748844129e-05
8.25000000000000e-01 2.65325413957892e+00 2.65328148243819e+00 2.73428592652003e-05
8.30000000000000e-01 2.65956136732822e+00 2.65959053448992e+00 2.91671616965417e-05
8.35000000000000e-01 2.66289346750068e+00 2.66292238208847e+00 2.89145877845343e-05
8.40000000000000e-01 2.66318641961705e+00 2.66321313042021e+00 2.67108031684060e-05
8.45000000000000e-01 2.66039451504431e+00 2.66041737596564e+00 2.28609213288600e-05
8.50000000000000e-01 2.65449068084618e+00 2.65450849718747e+00 1.78163412956067e-05
8.55000000000000e-01 2.64546670097140e+00 2.64547882948272e+00 1.21285113197089e-05
8.60000000000000e-01 2.63333332940340e+00 2.63333972331718e+00 6.39391378554066e-06
8.65000000000000e-01 2.61812028975516e+00 2.61812148518153e+00 1.19542636589642e-06
8.70000000000000e-01 2.59987615611217e+00 2.59987320173000e+00 2.95438216291188e-06
8.75000000000000e-01 2.57866811076019e+00 2.57866244818360e+00 5.66257658984881e-06
8.80000000000000e-01 2.55458157579155e+00 2.55457488279246e+00 6.69299909761278e-06
8.85000000000000e-01 2.52771971742157e+00 2.52771372985530e+00 5.98756626546404e-06
8.90000000000000e-01 2.49820282406761e+00 2.49819915448034e+00 3.66958727049393e-06
8.95000000000000e-01 2.46616756170116e+00 2.46616753293972e+00 2.87614385641177e-08
9.00000000000000e-01 2.43176611249577e+00 2.43177062311339e+00 4.51061762030136e-06
9.05000000000000e-01 2.39516520515783e+00 2.39517464013388e+00 9.43497605598864e-06
9.10000000000000e-01 2.35654504734412e+00 2.35655924292839e+00 1.41955842667407e-05
9.15000000000000e-01 2.31609817206783e+00 2.31611643790350e+00 1.82658356662202e-05
9.20000000000000e-01 2.27402821085017e+00 2.27404940652903e+00 2.11956788569445e-05
9.25000000000000e-01 2.23054860653426e+00 2.23057126404647e+00 2.26575122099781e-05
9.30000000000000e-01 2.18588127816259e+00 2.18590375695213e+00 2.24787895444223e-05
9.35000000000000e-01 2.14025524923000e+00 2.14027590728277e+00 2.06580527706279e-05
9.40000000000000e-01 2.09390524912605e+00 2.09392261205918e+00 1.73629331343683e-05
9.45000000000000e-01 2.04707029588466e+00 2.04708320651983e+00 1.29106351693942e-05
9.50000000000000e-01 1.99999226669611e+00 2.00000000000000e+00 7.73330389014504e-06
9.55000000000000e-01 1.95291446122254e+00 1.95291679348017e+00 2.33225762924505e-06
9.60000000000000e-01 1.90608016177229e+00 1.90607738794082e+00 2.77383147184729e-06
9.65000000000000e-01 1.85973119394371e+00 1.85972409271723e+00 7.10122647973321e-06
9.70000000000000e-01 1.81410649148353e+00 1.81409624304787e+00 1.02484356616639e-05
9.75000000000000e-01 1.76944066978052e+00 1.76942873595353e+00 1.19338269837233e-05
9.80000000000000e-01 1.72596261351806e+00 1.72595059347097e+00 1.20200470898890e-05
9.85000000000000e-01 1.68389408538174e+00 1.68388356209650e+00 1.05232852378734e-05
9.90000000000000e-01 1.64344836416645e+00 1.64344075707161e+00 7.60709483937916e-06
9.95000000000000e-01 1.60482892196030e+00 1.60482535986612e+00 3.56209417673448e-06
1.00000000000000e+00 1.56822815112756e+00 1.56822937688661e+00 1.22575904848432e-06
1.00500000000000e+00 1.53382615243968e+00 1.53383246706028e+00 6.31462059952348e-06
1.01000000000000e+00 1.50178959583177e+00 1.50180084551966e+00 1.12496878987844e-05
1.01500000000000e+00 1.47227066487419e+00 1.47228627014470e+00 1.56052705031495e-05
1.02000000000000e+00 1.44540609517460e+00 1.44542511720755e+00 1.90220329452373e-05
1.02500000000000e+00 1.42131631564459e+00 1.42133755181640e+00 2.12361718128218e-05
1.03000000000000e+00 1.40010469998748e+00 1.40012679827000e+00 2.20982825129834e-05
1.03500000000000e+00 1.38185693401295e+00 1.38187851481848e+00 2.15808055212818e-05
1.04000000000000e+00 1.36664050259097e+00 1.36666027668282e+00 1.97740918423950e-05
1.04500000000000e+00 1.35450429833571e+00 1.35452117051728e+00 1.68721815736461e-05
1.05000000000000e+00 1.34547835255688e+00 1.34549150281253e+00 1.31502556506291e-05
1.05500000000000e+00 1.33957368769707e+00 1.33958262403436e+00 8.93633728882293e-06
1.06000000000000e+00 1.33678228942890e+00 1.33678686957979e+00 4.58015089010999e-06
1.06500000000000e+00 1.33707719582228e+00 1.33707761791153e+00 4.22089258211855e-07
1.07000000000000e+00 1.34041270049301e+00 1.34040946551008e+00 3.23498292109647e-06
1.07500000000000e+00 1.34672466637057e+00 1.34671851756181e+00 6.14880875726698e-06
1.08000000000000e+00 1.35593094662249e+00 1.35592279258843e+00 8.15403406395632e-06
1.08500000000000e+00 1.36793190928230e+00 1.36792273852040e+00 9.17076189943522e-06
1.09000000000000e+00 1.38261106218499e+00 1.38260185702999e+00 9.20515499780450e-06
1.09500000000000e+00 1.39983577485604e+00 1.39982743227203e+00 8.34258400872478e-06
1.10000000000000e+00 1.41945809397457e+00 1.41945135953695e+00 6.73443761556314e-06
1.10500000000000e+00 1.44131564889660e+00 1.44131106870462e+00 4.58019198079640e-06
1.11000000000000e+00 1.46523264345211e+00 1.46523053680291e+00 2.10664920463621e-06
1.11500000000000e+00 1.49102092980724e+00 1.49102138342582e+00 4.53618581586213e-07
1.12000000000000e+00 1.51848115961309e+00 1.51848404225504e+00 2.88264195091870e-06
1.12500000000000e+00 1.54740400696332e+00 1.54740900145948e+00 4.99449615665171e-06
1.13000000000000e+00 1.57757145688377e+00 1.57757810532303e+00 6.64843925823888e-06
1.13500000000000e+00 1.60875815222205e+00 1.60876590907298e+00 7.75685092935241e-06
1.14000000000000e+00 1.64073279094045e+00 1.64074107855382e+00 8.28761337356987e-06
1.14500000000000e+00 1.67325956499537e+00 1.67326782611444e+00 8.26111906571114e-06
1.15000000000000e+00 1.70609963126169e+00 1.70610737385376e+00 7.74259206925976e-06
1.15500000000000e+00 1.73901260437798e+00 1.73901943520098e+00 6.83082300589888e-06
1.16000000000000e+00 1.77175806098572e+00 1.77176370569363e+00 5.64470790287430e-06
1.16500000000000e+00 1.80409704463762e+00 1.80410135376010e+00 4.30912247928461e-06
1.17000000000000e+00 1.83579356066722e+00 1.83579650231313e+00 2.94164591263524e-06
1.17500000000000e+00 1.86661605053984e+00 1.86661769201745e+00 1.64147761472222e-06
1.18000000000000e+00 1.89633883562102e+00 1.89633931720795e+00 4.81586929668154e-07
1.18500000000000e+00 1.92474352087110e+00 1.92474302560309e+00 4.95268009270688e-07
1.19000000000000e+00 1.95162034965742e+00 1.95161907318189e+00 1.27647552949917e-06
1.19500000000000e+00 1.97676950161904e+00 1.97676762586894e+00 1.87575010612839e-06
1.20000000000000e+00 2.00000232627150e+00 2.00000000000000e+00 2.32627150498210e-06
1.20500000000000e+00 2.02114250575278e+00 2.02113983391842e+00 2.67183436086782e-06
1.21000000000000e+00 2.04002714074748e+00 2.04002418347677e+00 2.95727071719654e-06
1.21500000000000e+00 2.05650775415842e+00 2.05650453468774e+00 3.21947067583039e-06
1.22000000000000e+00 2.07045120751115e+00 2.07044772727895e+00 3.48023219443050e-06
1.22500000000000e+00 2.08174052538480e+00 2.08173678345563e+00 3.74192917673710e-06
1.23000000000000e+00 2.09027562338174e+00 2.09027163675968e+00 3.98662205736144e-06
1.23500000000000e+00 2.09597393531708e+00 2.09596975652967e+00 4.17878740943678e-06
1.24000000000000e+00 2.09877093547144e+00 2.09876666410972e+00 4.27136171676779e-06
1.24500000000000e+00 2.09862055195977e+00 2.09861633762302e+00 4.21433675024119e-06
1.25000000000000e+00 2.09549546757606e+00 2.09549150281253e+00 3.96476353659025e-06
1.25500000000000e+00 2.08938730492439e+00 2.08938380815405e+00 3.49677033728568e-06
1.26000000000000e+00 2.08030669327241e+00 2.08030388316029e+00 2.81011212477367e-06
1.26500000000000e+00 2.06828321538166e+00 2.06828127951470e+00 1.93586696095593e-06
1.27000000000000e+00 2.05336523357298e+00 2.05336429539657e+00 9.38176412557112e-07
1.27500000000000e+00 2.03561959544855e+00 2.03561968407860e+00 8.86300468572188e-08
1.28000000000000e+00 2.01513122096749e+00 2.01513224859221e+00 1.02762472264928e-06
1.28500000000000e+00 1.99200257389207e+00 1.99200432495795e+00 1.75106588207186e-06
1.29000000000000e+00 1.96635302191049e+00 1.96635515716554e+00 2.13525505032841e-06
1.29500000000000e+00 1.93831809091866e+00 1.93832016775567e+00 2.07683701214378e-06
1.30000000000000e+00 1.90804861993072e+00 1.90805012849909e+00 1.50856836556024e-06
1.30500000000000e+00 1.87570982382685e+00 1.87571023628478e+00 4.12457933363086e-07
1.31000000000000e+00 1.84148027159671e+00 1.84147909991323e+00 1.17168347868457e-06
1.31500000000000e+00 1.80555078789148e+00 1.80554764404025e+00 3.14385123090233e-06
1.32000000000000e+00 1.76812328557953e+00 1.76811793702778e+00 5.34855175104987e-06
1.32500000000000e+00 1.72940953666646e+00 1.72940194992690e+00 7.58673955880695e-06
1.33000000000000e+00 1.68962988847487e+00 1.68962025424335e+00 9.63423152211540e-06
1.33500000000000e+00 1.64901193148351e+00 1.64900066651302e+00 1.12649704879786e-05
1.34000000000000e+00 1.60778912480970e+00 1.60777684804300e+00 1.22767666934642e-05
1.34500000000000e+00 1.56619938508503e+00 1.56618686845015e+00 1.25166348818873e-05
1.35000000000000e+00 1.52448364450371e+00 1.52447174185242e+00 1.19026512861442e-05
1.35500000000000e+00 1.48288438416210e+00 1.48287394473691e+00 1.04394251880802e-05
1.36000000000000e+00 1.44164414946378e+00 1.44163592464141e+00 8.22482237006206e-06
1.36500000000000e+00 1.40100405529346e+00 1.40099860884315e+00 5.44645031608226e-06
1.37000000000000e+00 1.36120228978214e+00 1.36119992224821e+00 2.36753392535149e-06
1.37500000000000e+00 1.32247262667097e+00 1.32247332361862e+00 6.96947648037849e-07
1.38000000000000e+00 1.28504295738896e+00 1.28504636916085e+00 3.41177189167041e-06
1.38500000000000e+00 1.24913385483893e+00 1.24913931233114e+00 5.45749221725345e-06
1.39000000000000e+00 1.21495718139875e+00 1.21496374848942e+00 6.56709066815253e-06
1.39500000000000e+00 1.18271475368610e+00 1.18272131275752e+00 6.55907142532719e-06
1.40000000000000e+00 1.15259707614310e+00 1.15260243910916e+00 5.36296605213593e-06
1.40500000000000e+00 1.12478215446995e+00 1.12478518834171e+00 3.03387175826231e-06
1.41000000000000e+00 1.09943439842801e+00 1.09943415215529e+00 2.46272722215224e-07
1.41500000000000e+00 1.07670362165512e+00 1.07669944009536e+00 4.18155975578927e-06
1.42000000000000e+00 1.05672414404024e+00 1.05671575560428e+00 8.38843596362437e-06
1.42500000000000e+00 1.03961400007665e+00 1.03960156687779e+00 1.24331988602400e-05
1.43000000000000e+00 1.02547425463741e+00 1.02545837763829e+00 1.58769991216445e-05
1.43500000000000e+00 1.01438842596940e+00 1.01437010232018e+00 1.83236492230510e-05
1.44000000000000e+00 1.00642201452105e+00 1.00640254951957e+00 1.94650014813114e-05
1.44500000000000e+00 1.00162213558967e+00 1.00160301689261e+00 1.91186970681656e-05
1.45000000000000e+00 1.00001725372031e+00 1.00000000000000e+00 1.72537203109169e-05
1.45500000000000e+00 1.00161701726537e+00 1.00160301689261e+00 1.40003727626681e-05
1.46000000000000e+00 1.00641219241386e+00 1.00640254951957e+00 9.64289429949972e-06
1.46500000000000e+00 1.01437469715787e+00 1.01437010232018e+00 4.59483769721380e-06
1.47000000000000e+00 1.02545773688369e+00 1.02545837763829e+00 6.40754601821669e-07
1.47500000000000e+00 1.03959604434051e+00 1.03960156687779e+00 5.52253728614005e-06
1.48000000000000e+00 1.05670622744581e+00 1.05671575560428e+00 9.52815846888555e-06
1.48500000000000e+00 1.07668722856225e+00 1.07669944009536e+00 1.22115331171457e-05
1.49000000000000e+00 1.09942089840942e+00 1.09943415215529e+00 1.32537458656934e-05
1.49500000000000e+00 1.12477268661112e+00 1.12478518834171e+00 1.25017305911967e-05
1.50000000000000e+00 1.15259244905965e+00 1.15260243910916e+00 9.99004950918980e-06
1.50500000000000e+00 1.18271536992011e+00 1.18272131275752e+00 5.94283741062185e-06
1.51000000000000e+00 1.21496299338371e+00 1.21496374848942e+00 7.55105711736093e-07
1.51500000000000e+00 1.24914435744812e+00 1.24913931233114e+00 5.04511697596577e-06
1.52000000000000e+00 1.28505721931465e+00 1.28504636916085e+00 1.08501537947614e-05
1.52500000000000e+00 1.32248935970449e+00 1.32247332361862e+00 1.60360858676434e-05
1.53000000000000e+00 1.36121995172829e+00 1.36119992224821e+00 2.00294800816181e-05
1.53500000000000e+00 1.40102097905411e+00 1.40099860884315e+00 2.23702109611867e-05
1.54000000000000e+00 1.44165868808053e+00 1.44163592464141e+00 2.27634391190001e-05
1.54500000000000e+00 1.48289505961868e+00 1.48287394473691e+00 2.11148817648166e-05
1.55000000000000e+00 1.52448928710599e+00 1.52447174185242e+00 1.75452535695619e-05
1.55500000000000e+00 1.56619925042816e+00 1.56618686845015e+00 1.23819780073475e-05
1.56000000000000e+00 1.60778297676703e+00 1.60777684804300e+00 6.12872402672160e-06
1.56500000000000e+00 1.64900008224684e+00 1.64900066651302e+00 5.84266182324100e-07
1.57000000000000e+00 1.68961319025066e+00 1.68962025424335e+00 7.06399269034819e-06
1.57500000000000e+00 1.72938932389015e+00 1.72940194992690e+00 1.26260367512288e-05
1.58000000000000e+00 1.76810127106362e+00 1.76811793702778e+00 1.66659641591682e-05
1.58500000000000e+00 1.80552892074126e+00 1.80554764404025e+00 1.87232989961039e-05
1.59000000000000e+00 1.84146056857409e+00 1.84147909991323e+00 1.85313391420916e-05
1.59500000000000e+00 1.87569418872202e+00 1.87571023628478e+00 1.60475627650758e-05
1.60000000000000e+00 1.90803866710204e+00 1.90805012849909e+00 1.14613970501054e-05
1.60500000000000e+00 1.93831498929134e+00 1.93832016775567e+00 5.17846433090163e-06
1.61000000000000e+00 1.96635737432970e+00 1.96635515716554e+00 2.21716416204387e-06
1.61500000000000e+00 1.99201434390351e+00 1.99200432495795e+00 1.00189455636279e-05
1.62000000000000e+00 2.01514971508325e+00 2.01513224859221e+00 1.74664910348454e-05
1.62500000000000e+00 2.03564350410199e+00 2.03561968407860e+00 2.38200233888541e-05
1.63000000000000e+00 2.05339272871344e+00 2.05336429539657e+00 2.84333168658613e-05
1.63500000000000e+00 2.06831209748472e+00 2.06828127951470e+00 3.08179700168054e-05
1.64000000000000e+00 2.08033457592207e+00 2.08030388316029e+00 3.06927617783614e-05
1.64500000000000e+00 2.08941182148368e+00 2.08938380815405e+00 2.80133296279850e-05
1.65000000000000e+00 2.09551448214177e+00 2.09549150281253e+00 2.29793292456648e-05
1.65500000000000e+00 2.09863235601535e+00 2.09861633762302e+00 1.60183923263446e-05
1.66000000000000e+00 2.09877441249480e+00 2.09876666410972e+00 7.74838507977549e-06
1.66500000000000e+00 2.09596867801231e+00 2.09596975652967e+00 1.07851736164122e-06
1.67000000000000e+00 2.09026199199521e+00 2.09027163675968e+00 9.64476447018470e-06
1.67500000000000e+00 2.08171964043094e+00 2.08173678345563e+00 1.71430246895810e-05
1.68000000000000e+00 2.07042487577397e+00 2.07044772727895e+00 2.28515049824907e-05
1.68500000000000e+00 2.05647833259626e+00 2.05650453468774e+00 2.62020914783001e-05
1.69000000000000e+00 2.03999734843144e+00 2.04002418347677e+00 2.68350453267452e-05
1.69500000000000e+00 2.02111519874917e+00 2.02113983391842e+00 2.46351692534397e-05
1.70000000000000e+00 1.99998025401890e+00 2.00000000000000e+00 1.97459810964418e-05
1.70500000000000e+00 1.97675506551531e+00 1.97676762586893e+00 1.25603536238472e-05
1.71000000000000e+00 1.95161538503453e+00 1.95161907318189e+00 3.68814736528833e-06
1.71500000000000e+00 1.92474912219639e+00 1.92474302560309e+00 6.09659329819934e-06
1.72000000000000e+00 1.89635524166542e+00 1.89633931720795e+00 1.59244574666761e-05
1.72500000000000e+00 1.86664260158470e+00 1.86661769201745e+00 2.49095672524291e-05
1.73000000000000e+00 1.83582873390865e+00 1.83579650231313e+00 3.22315955232355e-05
1.73500000000000e+00 1.80413856723958e+00 1.80410135376010e+00 3.72134794823786e-05
1.74000000000000e+00 1.77180309327396e+00 1.77176370569363e+00 3.93875803306187e-05
1.74500000000000e+00 1.73905797905410e+00 1.73901943520098e+00 3.85438531218529e-05
1.75000000000000e+00 1.70614212885990e+00 1.70610737385376e+00 3.47550061312596e-05
1.75500000000000e+00 1.67329620166652e+00 1.67326782611444e+00 2.83755520857909e-05
1.76000000000000e+00 1.64076109250003e+00 1.64074107855382e+00 2.00139462129822e-05
1.76500000000000e+00 1.60877638855796e+00 1.60876590907298e+00 1.04794849817846e-05
1.77000000000000e+00 1.57757881341891e+00 1.57757810532303e+00 7.08095877488546e-07
1.77500000000000e+00 1.54740067481645e+00 1.54740900145948e+00 8.32664303240804e-06
1.78000000000000e+00 1.51846833308097e+00 1.51848404225504e+00 1.57091740682347e-05
1.78500000000000e+00 1.49100070826178e+00 1.49102138342582e+00 2.06751640461356e-05
1.79000000000000e+00 1.46520784398169e+00 1.46523053680291e+00 2.26928212190280e-05
1.79500000000000e+00 1.44128954516004e+00 1.44131106870462e+00 2.15235445866213e-05
1.80000000000000e+00 1.41943410485556e+00 1.41945135953695e+00 1.72546813883567e-05
1.80500000000000e+00 1.39981713270592e+00 1.39982743227203e+00 1.02995661059868e-05
1.81000000000000e+00 1.38260049393653e+00 1.38260185702999e+00 1.36309345943886e-06
1.81500000000000e+00 1.36793136392858e+00 1.36792273852040e+00 8.62540817747615e-06
1.82000000000000e+00 1.35594139919178e+00 1.35592279258843e+00 1.86066033514010e-05
1.82500000000000e+00 1.34674602165532e+00 1.34671851756181e+00 2.75040935036053e-05
1.83000000000000e+00 1.34044380986598e+00 1.34040946551008e+00 3.43443558965539e-05
1.83500000000000e+00 1.33711598835104e+00 1.33707761791153e+00 3.83704395066076e-05
1.84000000000000e+00 1.33682600539685e+00 1.33678686957979e+00 3.91358170688250e-05
1.84500000000000e+00 1.33961919003917e+00 1.33958262403436e+00 3.65660048120553e-05
1.85000000000000e+00 1.34552248123278e+00 1.34549150281253e+00 3.09784202543462e-05
1.85500000000000e+00 1.35454422584002e+00 1.35452117051728e+00 2.30553227371644e-05
1.86000000000000e+00 1.36667404689615e+00 1.36666027668282e+00 1.37702133278239e-05
1.86500000000000e+00 1.38188278898799e+00 1.38187851481848e+00 4.27416951698234e-06
1.87000000000000e+00 1.40012255274448e+00 1.40012679827000e+00 4.24552551314683e-06
1.87500000000000e+00 1.42132683449705e+00 1.42133755181640e+00 1.07173193515386e-05
1.88000000000000e+00 1.44541078926474e+00 1.44542511720755e+00 1.43279428028720e-05
1.88500000000000e+00 1.47227163467270e+00 1.47228627014470e+00 1.46354719936514e-05
1.89000000000000e+00 1.50178920988967e+00 1.50180084551967e+00 1.16356299921794e-05
1.89500000000000e+00 1.53382669730089e+00 1.53383246706028e+00 5.76975939381441e-06
1.90000000000000e+00 1.56823150606547e+00 1.56822937688661e+00 2.12917885811237e-06
1.90500000000000e+00 1.60483630705242e+00 1.60482535986612e+00 1.09471862996813e-05
1.91000000000000e+00 1.64346019931956e+00 1.64344075707161e+00 1.94422479515843e-05
1.91500000000000e+00 1.68390998076990e+00 1.68388356209650e+00 2.64186733940353e-05
1.92000000000000e+00 1.72598149114292e+00 1.72595059347097e+00 3.08976719487486e-05
1.92500000000000e+00 1.76946099486400e+00 1.76942873595353e+00 3.22589104673199e-05
1.93000000000000e+00 1.81412657462991e+00 1.81409624304787e+00 3.03315820389116e-05
1.93500000000000e+00 1.85974951343695e+00 1.85972409271723e+00 2.54207197223355e-05
1.94000000000000e+00 1.90609565195336e+00 1.90607738794082e+00 1.82640125387934e-05
1.94500000000000e+00 1.95292671822320e+00 1.95291679348017e+00 9.92474303251889e-06
1.95000000000000e+00 2.00000163606574e+00 2.00000000000000e+00 1.63606574132835e-06
1.95500000000000e+00 2.04707782575223e+00 2.04708320651983e+00 5.38076760081552e-06
1.96000000000000e+00 2.09391251451369e+00 2.09392261205918e+00 1.00975454819796e-05
1.96500000000000e+00 2.14026407457484e+00 2.14027590728277e+00 1.18327079379199e-05
1.97000000000000e+00 2.18589340269050e+00 2.18590375695213e+00 1.03542616307628e-05
1.97500000000000e+00 2.23056534808604e+00 2.23057126404646e+00 5.91596042465170e-06
1.98000000000000e+00 2.27405018622141e+00 2.27404940652903e+00 7.79692386654318e-07
1.98500000000000e+00 2.31612512519404e+00 2.31611643790350e+00 8.68729053848938e-06
1.99000000000000e+00 2.35657582133701e+00 2.35655924292839e+00 1.65784086179066e-05
1.99500000000000e+00 2.39519787215984e+00 2.39517464013388e+00 2.32320259536678e-05
2.00000000000000e+00 2.43179824957813e+00 2.43177062311339e+00 2.76264647376401e-05
2.00500000000000e+00 2.46619663542103e+00 2.46616753293972e+00 2.91024813123819e-05
2.01000000000000e+00 2.49822662501530e+00 2.49819915448034e+00 2.74705349636584e-05
2.01500000000000e+00 2.52773677307252e+00 2.52771372985530e+00 2.30432172161343e-05
2.02000000000000e+00 2.55459146823782e+00 2.55457488279245e+00 1.65854453713088e-05
2.02500000000000e+00 2.57867163682819e+00 2.57866244818359e+00 9.18864460031088e-06
2.03000000000000e+00 2.59987529025500e+00 2.59987320173000e+00 2.08852499783418e-06
2.03500000000000e+00 2.61811794190763e+00 2.61812148518152e+00 3.54327389384679e-06
2.04000000000000e+00 2.63333292562944e+00 2.63333972331718e+00 6.79768774292100e-06
2.04500000000000e+00 2.64547164785563e+00 2.64547882948272e+00 7.18162708679415e-06
2.05000000000000e+00 2.65450379871482e+00 2.65450849718747e+00 4.69847265005541e-06
2.05500000000000e+00 2.66041753504182e+00 2.66041737596564e+00 1.59076185557439e-07
2.06000000000000e+00 2.66321963272396e+00 2.66321313042021e+00 6.50230374654726e-06
2.06500000000000e+00 2.66293559035755e+00 2.66292238208847e+00 1.32082690860180e-05
2.07000000000000e+00 2.65960965418113e+00 2.65959053448992e+00 1.91196912120439e-05
2.07500000000000e+00 2.65330472833746e+00 2.65328148243819e+00 2.32458992743823e-05
2.08000000000000e+00 2.64410213600653e+00 2.64407720741157e+00 2.49285949567302e-05
2.08500000000000e+00 2.63210120548713e+00 2.63207726147960e+00 2.39440075309183e-05
2.09000000000000e+00 2.61741866898569e+00 2.61739814297001e+00 2.05260156813658e-05
2.09500000000000e+00 2.60018787776823e+00 2.60017256772797e+00 1.53100402520145e-05
2.10000000000000e+00 2.58055785223312e+00 2.58054864046305e+00 9.21177007295881e-06
2.10500000000000e+00 2.55869219663615e+00 2.55868893129538e+00 3.26534077021989e-06
2.11000000000000e+00 2.53476791394792e+00 2.53476946319710e+00 1.54924917294963e-06
2.11500000000000e+00 2.50897415623872e+00 2.50897861657418e+00 4.46033546142033e-06
2.12000000000000e+00 2.48151094085268e+00 2.48151595774496e+00 5.01689228071811e-06
2.12500000000000e+00 2.45258785409087e+00 2.45259099854052e+00 3.14444964821803e-06
2.13000000000000e+00 2.42242275418876e+00 2.42242189467697e+00 8.59511791073686e-07
2.13500000000000e+00 2.39124047598586e+00 2.39123409092702e+00 6.38505884209550e-06
2.14000000000000e+00 2.35927153235177e+00 2.35925892144618e+00 1.26109055917922e-05
2.14500000000000e+00 2.32675080304376e+00 2.32673217388556e+00 1.86291581969478e-05
2.15000000000000e+00 2.29391620047025e+00 2.29389262614624e+00 2.35743240062369e-05
2.15500000000000e+00 2.26100730351726e+00 2.26098056479902e+00 2.67387182382173e-05
2.16000000000000e+00 2.22826395447326e+00 2.22823629430637e+00 2.76601668907084e-05
2.16500000000000e+00 2.19592481928029e+00 2.19589864623990e+00 2.61730403927629e-05
2.17000000000000e+00 2.16422591694576e+00 2.16420349768687e+00 2.24192588831329e-05
2.17500000000000e+00 2.13339912917539e+00 2.13338230798255e+00 1.68211928430750e-05
2.18000000000000e+00 2.10367070553201e+00 2.10366068279205e+00 1.00227399579822e-05
2.18500000000000e+00 2.07525978231175e+00 2.07525697439691e+00 2.80791483842080e-06
2.19000000000000e+00 2.04837693470645e+00 2.04838092681811e+00 3.99211166213220e-06
2.19500000000000e+00 2.02322278172809e+00 2.02323237413107e+00 9.59240297992991e-06
2.20000000000000e+00 1.99998666200191e+00 2.00000000000000e+00 1.33379980891135e-05
2.20500000000000e+00 1.97884539617586e+00 1.97886016608158e+00 1.47699057191364e-05
2.21000000000000e+00 1.95996214868738e+00 1.95997581652323e+00 1.36678358577669e-05
2.21500000000000e+00 1.94348539831828e+00 1.94349546531226e+00 1.00669939808729e-05
2.22000000000000e+00 1.92954802367270e+00 1.92955227272105e+00 4.24904834761541e-06
2.22500000000000e+00 1.91826650669408e+00 1.91826321654437e+00 3.29014970823494e-06
2.23000000000000e+00 1.90974025479192e+00 1.90972836324032e+00 1.18915516009732e-05
2.23500000000000e+00 1.90405104019624e+00 1.90403024347033e+00 2.07967259131525e-05
2.24000000000000e+00 1.90126255384635e+00 1.90123333589028e+00 2.92179560772432e-05
2.24500000000000e+00 1.90142007043236e+00 1.90138366237698e+00 3.64080553756363e-05
2.25000000000000e+00 1.90455022107274e+00 1.90450849718747e+00 4.17238852667978e-05
2.25500000000000e+00 1.91066087041964e+00 1.91061619184595e+00 4.46785736891719e-05
2.26000000000000e+00 1.91974109560090e+00 1.91969611683971e+00 4.49787611924712e-05
2.26500000000000e+00 1.93176126519479e+00 1.93171872048530e+00 4.25447094922760e-05
2.27000000000000e+00 1.94667321724889e+00 1.94663570460343e+00 3.75126454630337e-05
2.27500000000000e+00 1.96441053607946e+00 1.96438031592140e+00 3.02201580628658e-05
2.28000000000000e+00 1.98488892812044e+00 1.98486775140779e+00 2.11767126501172e-05
2.28500000000000e+00 2.00800669736269e+00 2.00799567504205e+00 1.10223206362114e-05
2.29000000000000e+00 2.03364532089300e+00 2.03364484283446e+00 4.78058542530135e-07
2.29500000000000e+00 2.06167012469976e+00 2.06167983224433e+00 9.70754457130241e-06
2.30000000000000e+00 2.09193105927239e+00 2.09194987150091e+00 1.88122285194048e-05
2.30500000000000e+00 2.12426357362678e+00 2.12428976371522e+00 2.61900884361843e-05
2.31000000000000e+00 2.15848958529063e+00 2.15852090008677e+00 3.13147961441551e-05
2.31500000000000e+00 2.19441854254944e+00 2.19445235595975e+00 3.38134103041732e-05
2.32000000000000e+00 2.23184857395377e+00 2.23188206297221e+00 3.34890184441328e-05
2.32500000000000e+00 2.27056771878731e+00 2.27059805007310e+00 3.03312857821147e-05
2.33000000000000e+00 2.31035523095853e+00 2.31037974575665e+00 2.45147981146054e-05
2.33500000000000e+00 2.35098294765068e+00 2.35099933348698e+00 1.63858362989266e-05
2.34000000000000e+00 2.39221671309226e+00 2.39222315195699e+00 6.43886473250532e-06
2.34500000000000e+00 2.43381784701339e+00 2.43381313154985e+00 4.71546353519869e-06
2.35000000000000e+00 2.47554464675275e+00 2.47552825814758e+00 1.63886051733897e-05
2.35500000000000e+00 2.51715391157690e+00 2.51712605526309e+00 2.78563138138566e-05
2.36000000000000e+00 2.55840247756732e+00 2.55836407535858e+00 3.84022087351887e-05
2.36500000000000e+00 2.59904875141060e+00 2.59900139115685e+00 4.73602537494067e-05
2.37000000000000e+00 2.63885423158006e+00 2.63880007775179e+00 5.41538282723408e-05
2.37500000000000e+00 2.67758500570838e+00 2.67752667638138e+00 5.83293269986740e-05
2.38000000000000e+00 2.71501321340106e+00 2.71495363083914e+00 5.95825619185142e-05
2.38500000000000e+00 2.75091846431443e+00 2.75086068766886e+00 5.77766455731599e-05
2.39000000000000e+00 2.78508920199862e+00 2.78503625151058e+00 5.29504880444343e-05
2.39500000000000e+00 2.81732400476765e+00 2.81727868724248e+00 4.53175251751148e-05
2.40000000000000e+00 2.84743281568382e+00 2.84739756089084e+00 3.52547929836078e-05
2.40500000000000e+00 2.87523809461160e+00 2.87521481165829e+00 2.32829533088896e-05
2.41000000000000e+00 2.90057588618322e+00 2.90056584784471e+00 1.00383385124303e-05
2.41500000000000e+00 2.92329679840147e+00 2.92330055990463e+00 3.76150316849788e-06
2.42000000000000e+00 2.94326688746202e+00 2.94328424439572e+00 1.73569336991974e-05
2.42500000000000e+00 2.96036844518517e+00 2.96039843312221e+00 2.99879370366796e-05
2.43000000000000e+00 2.97450068618684e+00 2.97454162236171e+00 4.09361748725523e-05
2.43500000000000e+00 2.98558033257552e+00 2.98562989767982e+00 4.95651043048717e-05
2.44000000000000e+00 2.99354209452632e+00 2.99359745048043e+00 5.53559541169868e-05
2.44500000000000e+00 2.99833904555039e+00 2.99839698310739e+00 5.79375570008978e-05
2.45000000000000e+00 2.99994289165296e+00 3.00000000000000e+00 5.71083470406464e-05
2.45500000000000e+00 2.99834413386451e+00 2.99839698310739e+00 5.28492428824023e-05
2.46000000000000e+00 2.99355212385415e+00 2.99359745048044e+00 4.53266262834262e-05
2.46500000000000e+00 2.98559501251300e+00 2.98562989767982e+00 3.48851668290351e-05
2.47000000000000e+00 2.97451959155710e+00 2.97454162236171e+00 2.20308046112727e-05
2.47500000000000e+00 2.96039102836576e+00 2.96039843312221e+00 7.40475645200078e-06
2.48000000000000e+00 2.94329249447686e+00 2.94328424439572e+00 8.25008113114478e-06
2.48500000000000e+00 2.92332468842699e+00 2.92330055990464e+00 2.41285223547827e-05
2.49000000000000e+00 2.90060525397450e+00 2.90056584784471e+00 3.94061297899206e-05
2.49500000000000e+00 2.87526809519482e+00 2.87521481165830e+00 5.32835365247841e-05
2.50000000000000e+00 2.84746259049869e+00 2.84739756089084e+00 6.50296078430479e-05
2.50500000000000e+00 2.81735270829635e+00 2.81727868724248e+00 7.40210538716646e-05
2.51000000000000e+00 2.78511602780889e+00 2.78503625151058e+00 7.97762983069106e-05
2.51500000000000e+00 2.75094266939605e+00 2.75086068766886e+00 8.19817271962009e-05
2.52000000000000e+00 2.71503413970753e+00 2.71495363083915e+00 8.05088683804023e-05
2.52500000000000e+00 2.67760209794051e+00 2.67752667638138e+00 7.54215591252105e-05
2.53000000000000e+00 2.63886705047392e+00 2.63880007775179e+00 6.69727221289662e-05
2.53500000000000e+00 2.59905698210513e+00 2.59900139115685e+00 5.55909482780059e-05
2.54000000000000e+00 2.55840593301025e+00 2.55836407535859e+00 4.18576516647562e-05
2.54500000000000e+00 2.51715253134504e+00 2.51712605526309e+00 2.64760819481680e-05
2.55000000000000e+00 2.47553849206916e+00 2.47552825814758e+00 1.02339215795055e-05
2.55500000000000e+00 2.43380709308839e+00 2.43381313154985e+00 6.03846146329801e-06
2.56000000000000e+00 2.39220164014471e+00 2.39222315195700e+00 2.15118122901536e-05
2.56500000000000e+00 2.35096393203446e+00 2.35099933348698e+00 3.54014525205670e-05
2.57000000000000e+00 2.31033273769170e+00 2.31037974575666e+00 4.70080649517257e-05
2.57500000000000e+00 2.27054229644728e+00 2.27059805007310e+00 5.57536258218860e-05
2.58000000000000e+00 2.23182085237060e+00 2.23188206297222e+00 6.12106016135705e-05
2.58500000000000e+00 2.19438923304347e+00 2.19445235595975e+00 6.31229162801894e-05
2.59000000000000e+00 2.15845948242545e+00 2.15852090008678e+00 6.14176613260575e-05
2.59500000000000e+00 2.12423355667891e+00 2.12428976371522e+00 5.62070363065992e-05
2.60000000000000e+00 2.09190209095861e+00 2.09194987150091e+00 4.77805423004796e-05
2.60500000000000e+00 2.06164324426860e+00 2.06167983224433e+00 3.65879757313614e-05
2.61000000000000e+00 2.03362162857874e+00 2.03364484283446e+00 2.32142557221593e-05
2.61500000000000e+00 2.00798732750245e+00 2.00799567504205e+00 8.34753960177181e-06
2.62000000000000e+00 1.98487500899358e+00 1.98486775140779e+00 7.25758579456226e-06
2.62500000000000e+00 1.96440313573733e+00 1.96438031592140e+00 2.28198159253346e-05
2.63000000000000e+00 1.94667327620988e+00 1.94663570460343e+00 3.75716064464626e-05
2.63500000000000e+00 1.93176951876243e+00 1.93171872048530e+00 5.07982771318360e-05
2.64000000000000e+00 1.91975799055676e+00 1.91969611683971e+00 6.18737170490213e-05
2.64500000000000e+00 1.91068648272975e+00 1.91061619184595e+00 7.02908837983962e-05
2.65000000000000e+00 1.90458418278862e+00 1.90450849718747e+00 7.56856011425722e-05
2.65500000000000e+00 1.90146151491817e+00 1.90138366237698e+00 7.78525411879727e-05
2.66000000000000e+00 1.90131008860085e+00 1.90123333589028e+00 7.67527105731691e-05
2.66500000000000e+00 1.90410275568861e+00 1.90403024347033e+00 7.25122182863025e-05
2.67000000000000e+00 1.90979377580245e+00 1.90972836324032e+00 6.54125621291080e-05
2.67500000000000e+00 1.91831908965104e+00 1.91826321654437e+00 5.58731066646612e-05
2.68000000000000e+00 1.92959669953723e+00 1.92955227272105e+00 4.44268161889916e-05
2.68500000000000e+00 1.94352715594466e+00 1.94349546531226e+00 3.16906323973853e-05
2.69000000000000e+00 1.95999414865651e+00 1.95997581652323e+00 1.83321332782871e-05
2.69500000000000e+00 1.97886520034873e+00 1.97886016608158e+00 5.03426715270372e-06
2.70000000000000e+00 1.99999246001828e+00 2.00000000000000e+00 7.53998171942882e-06
2.70500000000000e+00 2.02321359295835e+00 2.02323237413106e+00 1.87811727174747e-05
2.71000000000000e+00 2.04835276328354e+00 2.04838092681811e+00 2.81635345671383e-05
2.71500000000000e+00 2.07522170425116e+00 2.07525697439691e+00 3.52701457555504e-05
2.72000000000000e+00 2.10362087083565e+00 2.10366068279205e+00 3.98119564075650e-05
2.72500000000000e+00 2.13334066820934e+00 2.13338230798255e+00 4.16397732063700e-05
2.73000000000000e+00 2.16416274898393e+00 2.16420349768687e+00 4.07487029336906e-05
2.73500000000000e+00 2.19586137129424e+00 2.19589864623990e+00 3.72749456554189e-05
2.74000000000000e+00 2.22820480908124e+00 2.22823629430637e+00 3.14852251306341e-05
2.74500000000000e+00 2.26095680527399e+00 2.26098056479902e+00 2.37595250300870e-05
2.75000000000000e+00 2.29387805800262e+00 2.29389262614624e+00 1.45681436207745e-05
2.75500000000000e+00 2.32672772951316e+00 2.32673217388556e+00 4.44437240387785e-06
2.76000000000000e+00 2.35926496711676e+00 2.35925892144618e+00 6.04567058504202e-06
2.76500000000000e+00 2.39125042530447e+00 2.39123409092702e+00 1.63343774546298e-05
2.77000000000000e+00 2.42244777810175e+00 2.42242189467697e+00 2.58834247754969e-05
2.77500000000000e+00 2.45262521083123e+00 2.45259099854052e+00 3.42122907133202e-05
2.78000000000000e+00 2.48155688069646e+00 2.48151595774496e+00 4.09229514986009e-05
2.78500000000000e+00 2.50902433598785e+00 2.50897861657418e+00 4.57194136740391e-05
2.79000000000000e+00 2.53481788423505e+00 2.53476946319709e+00 4.84210379623207e-05
2.79500000000000e+00 2.55873790026943e+00 2.55868893129538e+00 4.89689740543753e-05
2.80000000000000e+00 2.58059606589504e+00 2.58054864046305e+00 4.74254319966505e-05
2.80500000000000e+00 2.60021653367158e+00 2.60017256772797e+00 4.39659436115569e-05
2.81000000000000e+00 2.61743700815940e+00 2.61739814297001e+00 3.88651893876713e-05
2.81500000000000e+00 2.63210973883541e+00 2.63207726147960e+00 3.24773558126878e-05
2.82000000000000e+00 2.64410241973173e+00 2.64407720741157e+00 2.52123201618382e-05
2.82500000000000e+00 2.65329899164932e+00 2.65328148243819e+00 1.75092111338593e-05
2.83000000000000e+00 2.65960034353643e+00 2.65959053448992e+00 9.80904651592951e-06
2.83500000000000e+00 2.66292491027939e+00 2.66292238208847e+00 2.52819092283474e-06
2.84000000000000e+00 2.66320916472500e+00 2.66321313042021e+00 3.96569521088352e-06
2.84500000000000e+00 2.66040800223616e+00 2.66041737596564e+00 9.37372947751314e-06
2.85000000000000e+00 2.65449501648562e+00 2.65450849718747e+00 1.34807018499217e-05
2.85500000000000e+00 2.64546266552954e+00 2.64547882948272e+00 1.61639531817137e-05
2.86000000000000e+00 2.63332232749356e+00 2.63333972331719e+00 1.73958236304728e-05
2.86500000000000e+00 2.61810424547592e+00 2.61812148518152e+00 1.72397056044105e-05
2.87000000000000e+00 2.59985736155001e+00 2.59987320173000e+00 1.58401799947860e-05
2.87500000000000e+00 2.57864904006221e+00 2.57866244818360e+00 1.34081213882808e-05
2.88000000000000e+00 2.55456468079417e+00 2.55457488279246e+00 1.02019982910484e-05
2.88500000000000e+00 2.52770722301230e+00 2.52771372985530e+00 6.50684299996485e-06
2.89000000000000e+00 2.49819654197687e+00 2.49819915448034e+00 2.61250346733632e-06
2.89500000000000e+00 2.46616874013330e+00 2.46616753293972e+00 1.20719357621368e-06
2.90000000000000e+00 2.43177533595843e+00 2.43177062311339e+00 4.71284503689162e-06
2.90500000000000e+00 2.39518235427104e+00 2.39517464013388e+00 7.71413715350278e-06
2.91000000000000e+00 2.35656932272015e+00 2.35655924292839e+00 1.00797917634843e-05
2.91500000000000e+00 2.31612818010723e+00 2.31611643790350e+00 1.17422037333448e-05
2.92000000000000e+00 2.27406210314576e+00 2.27404940652904e+00 1.26966167255382e-05
2.92500000000000e+00 2.23058425917716e+00 2.23057126404647e+00 1.29951306950815e-05
2.93000000000000e+00 2.18591649320539e+00 2.18590375695213e+00 1.27362532609254e-05
2.93500000000000e+00 2.14028795834873e+00 2.14027590728278e+00 1.20510659558093e-05
2.94000000000000e+00 2.09393369940360e+00 2.09392261205918e+00 1.10873444216786e-05
2.94500000000000e+00 2.04709319964626e+00 2.04708320651984e+00 9.99312642546712e-06
2.95000000000000e+00 2.00000890124914e+00 2.00000000000000e+00 8.90124914176837e-06
2.95500000000000e+00 1.95292470975320e+00 1.95291679348017e+00 7.91627303553533e-06
2.96000000000000e+00 1.90608449292239e+00 1.90607738794082e+00 7.10498156886175e-06
2.96500000000000e+00 1.85973058402782e+00 1.85972409271723e+00 6.49131059327068e-06
2.97000000000000e+00 1.81410229919470e+00 1.81409624304787e+00 6.05614682980260e-06
2.97500000000000e+00 1.76943447792795e+00 1.76942873595354e+00 5.74197441549629e-06
2.98000000000000e+00 1.72595605535464e+00 1.72595059347097e+00 5.46188367045453e-06
2.98500000000000e+00 1.68388867412236e+00 1.68388356209651e+00 5.11202585196102e-06
2.99000000000000e+00 1.64344534331655e+00 1.64344075707161e+00 4.58624494203974e-06
2.99500000000000e+00 1.60482915123915e+00 1.60482535986612e+00 3.79137303307964e-06
3.00000000000000e+00 1.56823203845620e+00 1.56822937688661e+00 2.66156958739217e-06
3.00500000000000e+00 1.53383363719006e+00 1.53383246706028e+00 1.17012977662867e-06
3.01000000000000e+00 1.50180018290509e+00 1.50180084551966e+00 6.62614575430709e-07
3.01500000000000e+00 1.47228350380863e+00 1.47228627014470e+00 2.76633607132482e-06
3.02000000000000e+00 1.44542009393447e+00 1.44542511720755e+00 5.02327307616568e-06
3.02500000000000e+00 1.42133027546360e+00 1.42133755181641e+00 7.27635280517447e-06
3.03000000000000e+00 1.40011745591868e+00 1.40012679827000e+00 9.34235132166172e-06
3.03500000000000e+00 1.38186748579739e+00 1.38187851481848e+00 1.10290210892927e-05
3.04000000000000e+00 1.36664812203370e+00 1.36666027668282e+00 1.21546491189672e-05
3.04500000000000e+00 1.35450860234766e+00 1.35452117051728e+00 1.25681696232505e-05
3.05000000000000e+00 1.34547933502846e+00 1.34549150281253e+00 1.21677840696499e-05
3.05500000000000e+00 1.33957170796664e+00 1.33958262403436e+00 1.09160677217446e-05
3.06000000000000e+00 1.33677801980622e+00 1.33678686957979e+00 8.84977356485628e-06
3.06500000000000e+00 1.33707153493950e+00 1.33707761791153e+00 6.08297203208430e-06
3.07000000000000e+00 1.34040666275389e+00 1.34040946551008e+00 2.80275619468640e-06
3.07500000000000e+00 1.34671926011457e+00 1.34671851756181e+00 7.42552759724902e-07
3.08000000000000e+00 1.35592705459965e+00 1.35592279258843e+00 4.26201122594172e-06
3.08500000000000e+00 1.36793018457510e+00 1.36792273852040e+00 7.44605470104354e-06
3.09000000000000e+00 1.38261185088571e+00 1.38260185702999e+00 9.99385571920364e-06
3.09500000000000e+00 1.39983907382074e+00 1.39982743227203e+00 1.16415487128041e-05
3.10000000000000e+00 1.41946354814918e+00 1.41945135953695e+00 1.21886122270709e-05
3.10500000000000e+00 1.44132258844837e+00 1.44131106870462e+00 1.15197437535741e-05
3.11000000000000e+00 1.46524015668411e+00 1.46523053680290e+00 9.61988120229407e-06
3.11500000000000e+00 1.49102796402206e+00 1.49102138342582e+00 6.58059623903640e-06
3.12000000000000e+00 1.51848663911646e+00 1.51848404225504e+00 2.59686142056736e-06
3.12500000000000e+00 1.54740695556016e+00 1.54740900145948e+00 2.04589931906973e-06
3.13000000000000e+00 1.57757111170624e+00 1.57757810532302e+00 6.99361678657695e-06
3.13500000000000e+00 1.60875405658858e+00 1.60876590907298e+00 1.18524844028300e-05
3.14000000000000e+00 1.64072485608563e+00 1.64074107855382e+00 1.62224681883316e-05
3.14500000000000e+00 1.67324809370949e+00 1.67326782611444e+00 1.97324049489023e-05
3.15000000000000e+00 1.70608530040355e+00 1.70610737385376e+00 2.20734502149877e-05
3.15500000000000e+00 1.73899640747175e+00 1.73901943520098e+00 2.30277292310177e-05
3.16000000000000e+00 1.77174121624384e+00 1.77176370569363e+00 2.24894497820038e-05
3.16500000000000e+00 1.80408087734653e+00 1.80410135376010e+00 2.04764135647295e-05
3.17000000000000e+00 1.83577937156412e+00 1.83579650231313e+00 1.71307490086647e-05
3.17500000000000e+00 1.86660498332574e+00 1.86661769201745e+00 1.27086917165453e-05
3.18000000000000e+00 1.89633175694858e+00 1.89633931720795e+00 7.56025936787807e-06
3.18500000000000e+00 1.92474092499817e+00 1.92474302560309e+00 2.10060491623310e-06
3.19000000000000e+00 1.95162229759028e+00 1.95161907318189e+00 3.22440838740334e-06
3.19500000000000e+00 1.97677560122169e+00 1.97676762586893e+00 7.97535275642858e-06
3.20000000000000e+00 2.00001175582654e+00 2.00000000000000e+00 1.17558265420037e-05
3.20500000000000e+00 2.02115407922009e+00 2.02113983391842e+00 1.42453016671595e-05
3.21000000000000e+00 2.04003940889730e+00 2.04002418347677e+00 1.52254205323388e-05
3.21500000000000e+00 2.05651913225134e+00 2.05650453468774e+00 1.45975635952311e-05
3.22000000000000e+00 2.07046011759750e+00 2.07044772727895e+00 1.23903185422769e-05
3.22500000000000e+00 2.08174553984758e+00 2.08173678345563e+00 8.75639195685451e-06
3.23000000000000e+00 2.09027559618748e+00 2.09027163675968e+00 3.95942779762848e-06
3.23500000000000e+00 2.09596810857822e+00 2.09596975652967e+00 1.64795145218832e-06
3.24000000000000e+00 2.09875901125187e+00 2.09876666410972e+00 7.65285785231384e-06
3.24500000000000e+00 2.09860272254576e+00 2.09861633762302e+00 1.36150772624966e-05
3.25000000000000e+00 2.09547240137455e+00 2.09549150281253e+00 1.91014379784527e-05
3.25500000000000e+00 2.08936008936056e+00 2.08938380815405e+00 2.37187934901684e-05
3.26000000000000e+00 2.08027674013641e+00 2.08030388316029e+00 2.71430238738546e-05
3.26500000000000e+00 2.06825213762651e+00 2.06828127951470e+00 2.91418881950278e-05
3.27000000000000e+00 2.05333470524707e+00 2.05336429539657e+00 2.95901495057649e-05
3.27500000000000e+00 2.03559120799372e+00 2.03561968407860e+00 2.84760848772159e-05
3.28000000000000e+00 2.01510634936946e+00 2.01513224859221e+00 2.58992227517574e-05
3.28500000000000e+00 1.99198226510293e+00 1.99200432495795e+00 2.20598550251250e-05
3.29000000000000e+00 1.96633791567215e+00 1.96635515716554e+00 1.72414933969911e-05
3.29500000000000e+00 1.93830837982309e+00 1.93832016775567e+00 1.17879325842729e-05
3.30000000000000e+00 1.90804405158609e+00 1.90805012849909e+00 6.07691300302804e-06
3.30500000000000e+00 1.87570974375970e+00 1.87571023628479e+00 4.92525088047202e-07
3.31000000000000e+00 1.84148370144738e+00 1.84147909991323e+00 4.60153415460240e-06
3.31500000000000e+00 1.80555652997997e+00 1.80554764404025e+00 8.88593971981599e-06
3.32000000000000e+00 1.76813004240431e+00 1.76811793702778e+00 1.21053765258505e-05
3.32500000000000e+00 1.72941603262469e+00 1.72940194992690e+00 1.40826977901298e-05
3.33000000000000e+00 1.68963498120158e+00 1.68962025424335e+00 1.47269582315701e-05
3.33500000000000e+00 1.64901470169315e+00 1.64900066651302e+00 1.40351801314331e-05
3.34000000000000e+00 1.60778893622431e+00 1.60777684804301e+00 1.20881813026052e-05
3.34500000000000e+00 1.56619590964587e+00 1.56618686845015e+00 9.04119571676354e-06
3.35000000000000e+00 1.52447685217577e+00 1.52447174185243e+00 5.11032334093997e-06
3.35500000000000e+00 1.48287450077653e+00 1.48287394473692e+00 5.56039615906556e-07
3.36000000000000e+00 1.44163158971497e+00 1.44163592464142e+00 4.33492644713596e-06
3.36500000000000e+00 1.40098934077739e+00 1.40099860884315e+00 9.26806575307637e-06
3.37000000000000e+00 1.36118596349375e+00 1.36119992224821e+00 1.39587544620845e-05
3.37500000000000e+00 1.32245517547933e+00 1.32247332361862e+00 1.81481392889093e-05
3.38000000000000e+00 1.28502475266152e+00 1.28504636916086e+00 2.16164993394052e-05
3.38500000000000e+00 1.24911511874718e+00 1.24913931233114e+00 2.41935839682128e-05
3.39000000000000e+00 1.21493798282945e+00 1.21496374848942e+00 2.57656599664813e-05
3.39500000000000e+00 1.18269503354975e+00 1.18272131275752e+00 2.62792077705409e-05
3.40000000000000e+00 1.15257669773434e+00 1.15260243910916e+00 2.57413748148139e-05
3.40500000000000e+00 1.12476097092208e+00 1.12478518834171e+00 2.42174196238842e-05
3.41000000000000e+00 1.09941232668910e+00 1.09943415215529e+00 2.18254661839001e-05
3.41500000000000e+00 1.07668071115416e+00 1.07669944009537e+00 1.87289412016955e-05
3.42000000000000e+00 1.05670062850622e+00 1.05671575560428e+00 1.51270980544016e-05
3.42500000000000e+00 1.03959032282662e+00 1.03960156687779e+00 1.12440511697010e-05
3.43000000000000e+00 1.02545106087526e+00 1.02545837763829e+00 7.31676302345718e-06
3.43500000000000e+00 1.01436651987113e+00 1.01437010232018e+00 3.58244904674621e-06
3.44000000000000e+00 1.00640228362398e+00 1.00640254951957e+00 2.65895586659681e-07
3.44500000000000e+00 1.00160544967313e+00 1.00160301689261e+00 2.43278052547424e-06
3.45000000000000e+00 1.00000434937137e+00 1.00000000000000e+00 4.34937136772895e-06
3.45500000000000e+00 1.00160838213203e+00 1.00160301689261e+00 5.36523941985223e-06
3.46000000000000e+00 1.00640796434969e+00 1.00640254951956e+00 5.41483012694854e-06
3.46500000000000e+00 1.01437459282627e+00 1.01437010232018e+00 4.49050609430124e-06
3.47000000000000e+00 1.02546102189461e+00 1.02545837763829e+00 2.64425631923970e-06
3.47500000000000e+00 1.03960155284277e+00 1.03960156687779e+00 1.40350255861676e-08
3.48000000000000e+00 1.05671243370375e+00 1.05671575560427e+00 3.32190052043657e-06
3.48500000000000e+00 1.07669236698760e+00 1.07669944009536e+00 7.07310776082437e-06
3.49000000000000e+00 1.09942312248585e+00 1.09943415215529e+00 1.10296694393330e-05
3.49500000000000e+00 1.12477025185974e+00 1.12478518834171e+00 1.49364819630460e-05
3.50000000000000e+00 1.15258390131698e+00 1.15260243910915e+00 1.85377921737562e-05
3.50500000000000e+00 1.18269971826828e+00 1.18272131275752e+00 2.15944892432152e-05
3.51000000000000e+00 1.21493984741795e+00 1.21496374848942e+00 2.39010714726540e-05
3.51500000000000e+00 1.24911401126578e+00 1.24913931233114e+00 2.53010653632479e-05
3.52000000000000e+00 1.28502066947035e+00 1.28504636916085e+00 2.56996904979268e-05
3.52500000000000e+00 1.32244825094243e+00 1.32247332361861e+00 2.50726761785725e-05
3.53000000000000e+00 1.36117645190277e+00 1.36119992224821e+00 2.34703454371488e-05
3.53500000000000e+00 1.40097759246417e+00 1.40099860884315e+00 2.10163789784445e-05
3.54000000000000e+00 1.44161802360034e+00 1.44163592464141e+00 1.79010410668035e-05
3.54500000000000e+00 1.48285957567090e+00 1.48287394473691e+00 1.43690660054929e-05
3.55000000000000e+00 1.52446103901524e+00 1.52447174185242e+00 1.07028371816309e-05
3.55500000000000e+00 1.56617966654332e+00 1.56618686845015e+00 7.20190683201061e-06
3.56000000000000e+00 1.60777268777649e+00 1.60777684804300e+00 4.16026650840173e-06
3.56500000000000e+00 1.64899882346118e+00 1.64900066651302e+00 1.84305183470457e-06
3.57000000000000e+00 1.68961978972365e+00 1.68962025424335e+00 4.64519695597687e-07
3.57500000000000e+00 1.72940178077718e+00 1.72940194992690e+00 1.69149716455763e-07
3.58000000000000e+00 1.76811691944605e+00 1.76811793702778e+00 1.01758173243205e-06
3.58500000000000e+00 1.80554466523228e+00 1.80554764404025e+00 2.97880796651384e-06
3.59000000000000e+00 1.84147317030817e+00 1.84147909991322e+00 5.92960505385598e-06
3.59500000000000e+00 1.87570057464068e+00 1.87571023628478e+00 9.66164410320935e-06
3.60000000000000e+00 1.90803623240472e+00 1.90805012849909e+00 1.38960943676381e-05
3.60500000000000e+00 1.93830186286993e+00 1.93832016775567e+00 1.83048857391732e-05
3.61000000000000e+00 1.96633261999482e+00 1.96635515716554e+00 2.25371707196498e-05
3.61500000000000e+00 1.99197807597501e+00 1.99200432495795e+00 2.62489829452317e-05
3.62000000000000e+00 2.01510311491200e+00 2.01513224859221e+00 2.91336802127340e-05
3.62500000000000e+00 2.03558873354910e+00 2.03561968407860e+00 3.09505295015278e-05
3.63000000000000e+00 2.05333274662186e+00 2.05336429539657e+00 3.15487747055698e-05
3.63500000000000e+00 2.06825039477179e+00 2.06828127951470e+00 3.08847429124626e-05
3.64000000000000e+00 2.08027485316783e+00 2.08030388316029e+00 2.90299924619042e-05
3.64500000000000e+00 2.08935763898514e+00 2.08938380815405e+00 2.61691689100729e-05
3.65000000000000e+00 2.09546891573769e+00 2.09549150281253e+00 2.25870748380430e-05
3.65500000000000e+00 2.09859769220241e+00 2.09861633762302e+00 1.86454206083653e-05
3.66000000000000e+00 2.09875191337444e+00 2.09876666410972e+00 1.47507352883380e-05
3.66500000000000e+00 2.09595844063464e+00 2.09596975652967e+00 1.13158950356684e-05
3.67000000000000e+00 2.09026291817914e+00 2.09027163675968e+00 8.71858054551922e-06
3.67500000000000e+00 2.08172952284462e+00 2.08173678345563e+00 7.26061100442266e-06
3.68000000000000e+00 2.07044059484667e+00 2.07044772727895e+00 7.13243228167570e-06
3.68500000000000e+00 2.05649614770404e+00 2.05650453468774e+00 8.38698370486668e-06
3.69000000000000e+00 2.04001325680211e+00 2.04002418347677e+00 1.09266746566306e-05
3.69500000000000e+00 2.02112532767554e+00 2.02113983391842e+00 1.45062428802412e-05
3.70000000000000e+00 1.99998124714742e+00 2.00000000000000e+00 1.87528525841252e-05
3.70500000000000e+00 1.97674442288246e+00 1.97676762586894e+00 2.32029864735139e-05
3.71000000000000e+00 1.95159171956835e+00 1.95161907318189e+00 2.73536135444452e-05
3.71500000000000e+00 1.92471230263988e+00 1.92474302560309e+00 3.07229632090511e-05
3.72000000000000e+00 1.89630640294696e+00 1.89633931720795e+00 3.29142609833966e-05
3.72500000000000e+00 1.86658401772600e+00 1.86661769201745e+00 3.36742914577304e-05
3.73000000000000e+00 1.83576356432327e+00 1.83579650231313e+00 3.29379898671434e-05
3.73500000000000e+00 1.80407050301299e+00 1.80410135376010e+00 3.08507471109554e-05
3.74000000000000e+00 1.77173594370739e+00 1.77176370569363e+00 2.77619862343315e-05
3.74500000000000e+00 1.73899524829246e+00 1.73901943520098e+00 2.41869085200186e-05
3.75000000000000e+00 1.70608663590664e+00 1.70610737385376e+00 2.07379471217628e-05
3.75500000000000e+00 1.67324979319372e+00 1.67326782611444e+00 1.80329207231100e-05
3.76000000000000e+00 1.64072448622447e+00 1.64074107855382e+00 1.65923293504733e-05
3.76500000000000e+00 1.60874916649391e+00 1.60876590907298e+00 1.67425790755793e-05
3.77000000000000e+00 1.57755956138863e+00 1.57757810532303e+00 1.85439343975968e-05
3.77500000000000e+00 1.54738724087347e+00 1.54740900145948e+00 2.17605860135528e-05
3.78000000000000e+00 1.51845815748783e+00 1.51848404225504e+00 2.58847672125473e-05
3.78500000000000e+00 1.49099116588218e+00 1.49102138342582e+00 3.02175436464047e-05
3.79000000000000e+00 1.46519653982500e+00 1.46523053680291e+00 3.39969779090676e-05
3.79500000000000e+00 1.44127451657713e+00 1.44131106870462e+00 3.65521274876546e-05
3.80000000000000e+00 1.41941390772618e+00 1.41945135953695e+00 3.74518107737476e-05
3.80500000000000e+00 1.39979081888500e+00 1.39982743227203e+00 3.66133870268737e-05
3.81000000000000e+00 1.38256751580373e+00 1.38260185702999e+00 3.43412262595599e-05
3.81500000000000e+00 1.36789146091055e+00 1.36792273852040e+00 3.12776098476686e-05
3.82000000000000e+00 1.35589452396072e+00 1.35592279258843e+00 2.82686277026656e-05
3.82500000000000e+00 1.34669234761441e+00 1.34671851756181e+00 2.61699474060073e-05
3.83000000000000e+00 1.34038382927035e+00 1.34040946551008e+00 2.56362397339505e-05
3.83500000000000e+00 1.33705067033905e+00 1.33707761791153e+00 2.69475724858914e-05
3.84000000000000e+00 1.33675694756583e+00 1.33678686957979e+00 2.99220139532430e-05
3.84500000000000e+00 1.33954867881913e+00 1.33958262403436e+00 3.39452152346986e-05
3.85000000000000e+00 1.34545338452993e+00 1.34549150281253e+00 3.81182826014737e-05
3.85500000000000e+00 1.35447967848953e+00 1.35452117051728e+00 4.14920277522768e-05
3.86000000000000e+00 1.36661694865023e+00 1.36666027668282e+00 4.33280325891072e-05
3.86500000000000e+00 1.38183520104907e+00 1.38187851481848e+00 4.33137694069163e-05
3.87000000000000e+00 1.40008513232052e+00 1.40012679826999e+00 4.16659494739680e-05
3.87500000000000e+00 1.42129846817005e+00 1.42133755181640e+00 3.90836463490807e-05
3.88000000000000e+00 1.44538856252137e+00 1.44542511720754e+00 3.65546861722521e-05
3.88500000000000e+00 1.47225120598713e+00 1.47228627014469e+00 3.50641575690425e-05
3.89000000000000e+00 1.50176555665395e+00 1.50180084551966e+00 3.52888657149109e-05
3.89500000000000e+00 1.53379509344489e+00 1.53383246706028e+00 3.73736153884696e-05
3.90000000000000e+00 1.56818850948297e+00 1.56822937688661e+00 4.08674036407319e-05
3.90500000000000e+00 1.60478050796809e+00 1.60482535986612e+00 4.48518980245005e-05
3.91000000000000e+00 1.64339252423571e+00 1.64344075707161e+00 4.82328359001638e-05
3.91500000000000e+00 1.68383345550194e+00 1.68388356209650e+00 5.01065945575085e-05
3.92000000000000e+00 1.72590051315239e+00 1.72595059347097e+00 5.00803185761178e-05
3.92500000000000e+00 1.76938030602359e+00 1.76942873595353e+00 4.84299299439162e-05
3.93000000000000e+00 1.81405021443381e+00 1.81409624304787e+00 4.60286140560040e-05
3.93500000000000e+00 1.85968003693136e+00 1.85972409271722e+00 4.40557858687463e-05
3.94000000000000e+00 1.90603381071292e+00 1.90607738794081e+00 4.35772278908342e-05
3.94500000000000e+00 1.95287165227462e+00 1.95291679348016e+00 4.51412055471057e-05
3.95000000000000e+00 1.99995145951303e+00 2.00000000000000e+00 4.85404869692285e-05
3.95500000000000e+00 2.04703036572356e+00 2.04708320651983e+00 5.28407962692157e-05
3.96000000000000e+00 2.09386592514715e+00 2.09392261205918e+00 5.66869120288693e-05
3.96500000000000e+00 2.14021710892129e+00 2.14027590728278e+00 5.87983614850351e-05
3.97000000000000e+00 2.18584526516665e+00 2.18590375695213e+00 5.84917854857814e-05
3.97500000000000e+00 2.23051522153770e+00 2.23057126404647e+00 5.60425087718919e-05
3.98000000000000e+00 2.27399667451331e+00 2.27404940652903e+00 5.27320157148736e-05
3.98500000000000e+00 2.31606592833186e+00 2.31611643790350e+00 5.05095716332171e-05
3.99000000000000e+00 2.35650794356994e+00 2.35655924292839e+00 5.12993584442789e-05
3.99500000000000e+00 2.39511856130441e+00 2.39517464013388e+00 5.60788294694525e-05
4.00000000000000e+00 2.43170670840780e+00 2.43177062311338e+00 6.39147055800926e-05
