variables = x, value-predict, value-true, error
0.00000000000000e+00 2.43173924296453e+00 2.43177062311339e+00 3.13801488611709e-05
5.00000000000000e-03 2.46613349178701e+00 2.46616753293972e+00 3.40411527091078e-05
1.00000000000000e-02 2.49816333436967e+00 2.49819915448034e+00 3.58201106709366e-05
1.50000000000000e-02 2.52767778739204e+00 2.52771372985530e+00 3.59424632665473e-05
2.00000000000000e-02 2.55454066155662e+00 2.55457488279246e+00 3.42212358312999e-05
2.50000000000000e-02 2.57863152136922e+00 2.57866244818360e+00 3.09268143809938e-05
3.00000000000000e-02 2.59984656159520e+00 2.59987320173000e+00 2.66401348012479e-05
3.50000000000000e-02 2.61809938528706e+00 2.61812148518152e+00 2.20998944682194e-05
4.00000000000000e-02 2.63332166629651e+00 2.63333972331718e+00 1.80570206707031e-05
4.50000000000000e-02 2.64546367981178e+00 2.64547882948272e+00 1.51496709386301e-05
5.00000000000000e-02 2.65449468735426e+00 2.65450849718747e+00 1.38098332103098e-05
5.50000000000000e-02 2.66040316721951e+00 2.66041737596564e+00 1.42087461285634e-05
6.00000000000000e-02 2.66319688679844e+00 2.66321313042021e+00 1.62436217769901e-05
6.50000000000000e-02 2.66290281879247e+00 2.66292238208847e+00 1.95632960018344e-05
7.00000000000000e-02 2.65956690835209e+00 2.65959053448992e+00 2.36261378288027e-05
7.50000000000000e-02 2.65325370210002e+00 2.65328148243819e+00 2.77803381707464e-05
8.00000000000000e-02 2.64404585253043e+00 2.64407720741157e+00 3.13548811403663e-05
8.50000000000000e-02 2.63204351230269e+00 2.63207726147960e+00 3.37491769113463e-05
9.00000000000000e-02 2.61736363256216e+00 2.61739814297001e+00 3.45104078540714e-05
9.50000000000000e-02 2.60013917786764e+00 2.60017256772797e+00 3.33898603370741e-05
1.00000000000000e-01 2.58051826792996e+00 2.58054864046305e+00 3.03725330841331e-05
1.05000000000000e-01 2.55866325356683e+00 2.55868893129538e+00 2.56777285536636e-05
1.10000000000000e-01 2.53474973144810e+00 2.53476946319709e+00 1.97317489916138e-05
1.15000000000000e-01 2.50896549969930e+00 2.50897861657418e+00 1.31168748813693e-05
1.20000000000000e-01 2.48150945452969e+00 2.48151595774496e+00 6.50321527384534e-06
1.25000000000000e-01 2.45259042695014e+00 2.45259099854052e+00 5.71590377251852e-07
1.30000000000000e-01 2.42242595843849e+00 2.42242189467697e+00 4.06376152239929e-06
1.35000000000000e-01 2.39124101509686e+00 2.39123409092702e+00 6.92416983705257e-06
1.40000000000000e-01 2.35926664133779e+00 2.35925892144618e+00 7.71989161263420e-06
1.45000000000000e-01 2.32673855627356e+00 2.32673217388556e+00 6.38238800254598e-06
1.50000000000000e-01 2.29389569855076e+00 2.29389262614624e+00 3.07240452412927e-06
1.55000000000000e-01 2.26097872812454e+00 2.26098056479902e+00 1.83667448139246e-06
1.60000000000000e-01 2.22822849614466e+00 2.22823629430637e+00 7.79816171725400e-06
1.65000000000000e-01 2.19588449648510e+00 2.19589864623990e+00 1.41497548011849e-05
1.70000000000000e-01 2.16418331427555e+00 2.16420349768687e+00 2.01834113249255e-05
1.75000000000000e-01 2.13335708792232e+00 2.13338230798255e+00 2.52200602277597e-05
1.80000000000000e-01 2.10363200143574e+00 2.10366068279205e+00 2.86813563143973e-05
1.85000000000000e-01 2.07522682337661e+00 2.07525697439691e+00 3.01510203031263e-05
1.90000000000000e-01 2.04835150743623e+00 2.04838092681811e+00 2.94193818812793e-05
1.95000000000000e-01 2.02320586767823e+00 2.02323237413107e+00 2.65064528384151e-05
2.00000000000000e-01 1.99997833896311e+00 2.00000000000000e+00 2.16610368928283e-05
2.05000000000000e-01 1.97884483025774e+00 1.97886016608158e+00 1.53358238406121e-05
2.10000000000000e-01 1.95996767563984e+00 1.95997581652323e+00 8.14088339340380e-06
2.15000000000000e-01 1.94349468508474e+00 1.94349546531226e+00 7.80227516372634e-07
2.20000000000000e-01 1.92955829479670e+00 1.92955227272105e+00 6.02207565658652e-06
2.25000000000000e-01 1.91827481511170e+00 1.91826321654437e+00 1.15985673296848e-05
2.30000000000000e-01 1.90974377299090e+00 1.90972836324032e+00 1.54097505793427e-05
2.35000000000000e-01 1.90404734591224e+00 1.90403024347033e+00 1.71024419168830e-05
2.40000000000000e-01 1.90124988454265e+00 1.90123333589028e+00 1.65486523762137e-05
2.45000000000000e-01 1.90139752284360e+00 1.90138366237698e+00 1.38604666182207e-05
2.50000000000000e-01 1.90451787606010e+00 1.90450849718747e+00 9.37887262186798e-06
2.55000000000000e-01 1.91061982913212e+00 1.91061619184595e+00 3.63728616736836e-06
2.60000000000000e-01 1.91969342016703e+00 1.91969611683971e+00 2.69667267849272e-06
2.65000000000000e-01 1.93170982541901e+00 1.93171872048530e+00 8.89506628509729e-06
2.70000000000000e-01 1.94662145344386e+00 1.94663570460343e+00 1.42511595715433e-05
2.75000000000000e-01 1.96436215648808e+00 1.96438031592140e+00 1.81594333208412e-05
2.80000000000000e-01 1.98484756655786e+00 1.98486775140779e+00 2.01848499268298e-05
2.85000000000000e-01 2.00797556193321e+00 2.00799567504205e+00 2.01131088379825e-05
2.90000000000000e-01 2.03362686720518e+00 2.03364484283446e+00 1.79756292753019e-05
2.95000000000000e-01 2.06166578641002e+00 2.06167983224433e+00 1.40458343085292e-05
3.00000000000000e-01 2.09194106482320e+00 2.09194987150091e+00 8.80667771241406e-06
3.05000000000000e-01 2.12428687085642e+00 2.12428976371522e+00 2.89285880050727e-06
3.10000000000000e-01 2.15852388571517e+00 2.15852090008677e+00 2.98562839873284e-06
3.15000000000000e-01 2.19446048545313e+00 2.19445235595975e+00 8.12949338202529e-06
3.20000000000000e-01 2.23189399816037e+00 2.23188206297222e+00 1.19351881537888e-05
3.25000000000000e-01 2.27061201847505e+00 2.27059805007310e+00 1.39684019542230e-05
3.30000000000000e-01 2.31039376247315e+00 2.31037974575665e+00 1.40167164994764e-05
3.35000000000000e-01 2.35101144814337e+00 2.35099933348698e+00 1.21146563909491e-05
3.40000000000000e-01 2.39223168979091e+00 2.39222315195700e+00 8.53783391319141e-06
3.45000000000000e-01 2.43381689839092e+00 2.43381313154985e+00 3.76684107061820e-06
3.50000000000000e-01 2.47552668360564e+00 2.47552825814758e+00 1.57454193194795e-06
3.55000000000000e-01 2.51711925635729e+00 2.51712605526309e+00 6.79890579924347e-06
3.60000000000000e-01 2.55835283305229e+00 2.55836407535859e+00 1.12423062992306e-05
3.65000000000000e-01 2.59898704346080e+00 2.59900139115685e+00 1.43476960530187e-05
3.70000000000000e-01 2.63878434373477e+00 2.63880007775179e+00 1.57340170154896e-05
3.75000000000000e-01 2.67751143417200e+00 2.67752667638138e+00 1.52422093804283e-05
3.80000000000000e-01 2.71494067837106e+00 2.71495363083915e+00 1.29524680834159e-05
3.85000000000000e-01 2.75085151679733e+00 2.75086068766886e+00 9.17087152485507e-06
3.90000000000000e-01 2.78503186401022e+00 2.78503625151058e+00 4.38750036213520e-06
3.95000000000000e-01 2.81727947542222e+00 2.81727868724248e+00 7.88179739252826e-07
4.00000000000000e-01 2.84740326694877e+00 2.84739756089084e+00 5.70605792749035e-06
4.05000000000000e-01 2.87522456962086e+00 2.87521481165829e+00 9.75796256463823e-06
4.10000000000000e-01 2.90057830135875e+00 2.90056584784471e+00 1.24535140368920e-05
4.15000000000000e-01 2.92331403964699e+00 2.92330055990464e+00 1.34797423498867e-05
4.20000000000000e-01 2.94329698162937e+00 2.94328424439572e+00 1.27372336460319e-05
4.25000000000000e-01 2.96040878182948e+00 2.96039843312221e+00 1.03487072689035e-05
4.30000000000000e-01 2.97454826186792e+00 2.97454162236171e+00 6.63950620438669e-06
4.35000000000000e-01 2.98563199072085e+00 2.98562989767982e+00 2.09304102982699e-06
4.40000000000000e-01 2.99359473779300e+00 2.99359745048043e+00 2.71268742979558e-06
4.45000000000000e-01 2.99838980398581e+00 2.99839698310739e+00 7.17912158298972e-06
4.50000000000000e-01 2.99998923776716e+00 3.00000000000000e+00 1.07622328409107e-05
4.55000000000000e-01 2.99838394387699e+00 2.99839698310739e+00 1.30392304078519e-05
4.60000000000000e-01 2.99358369176856e+00 2.99359745048043e+00 1.37587118791416e-05
4.65000000000000e-01 2.98561702936499e+00 2.98562989767982e+00 1.28683148314934e-05
4.70000000000000e-01 2.97453110549830e+00 2.97454162236171e+00 1.05168634148001e-05
4.75000000000000e-01 2.96039140186441e+00 2.96039843312221e+00 7.03125780221470e-06
4.80000000000000e-01 2.94328137287700e+00 2.94328424439572e+00 2.87151872457869e-06
4.85000000000000e-01 2.92330198982177e+00 2.92330055990464e+00 1.42991713669716e-06
4.90000000000000e-01 2.90057118452592e+00 2.90056584784471e+00 5.33668120938913e-06
4.95000000000000e-01 2.87522318758622e+00 2.87521481165829e+00 8.37592792191089e-06
5.00000000000000e-01 2.84740775713373e+00 2.84739756089084e+00 1.01962428904478e-05
5.05000000000000e-01 2.81728929610154e+00 2.81727868724248e+00 1.06088590583475e-05
5.10000000000000e-01 2.78504585881239e+00 2.78503625151058e+00 9.60730180521452e-06
5.15000000000000e-01 2.75086805111086e+00 2.75086068766886e+00 7.36344199880890e-06
5.20000000000000e-01 2.71495783184560e+00 2.71495363083915e+00 4.20100645293076e-06
5.25000000000000e-01 2.67752722685460e+00 2.67752667638138e+00 5.50473212790337e-07
5.30000000000000e-01 2.63879696933932e+00 2.63880007775179e+00 3.10841246520255e-06
5.35000000000000e-01 2.59899508233524e+00 2.59900139115685e+00 6.30882160734814e-06
5.40000000000000e-01 2.55835541971831e+00 2.55836407535859e+00 8.65564027430210e-06
5.45000000000000e-01 2.51711618180000e+00 2.51712605526309e+00 9.87346308223280e-06
5.50000000000000e-01 2.47551842017172e+00 2.47552825814758e+00 9.83797585396573e-06
5.55000000000000e-01 2.43380454430669e+00 2.43381313154985e+00 8.58724316454840e-06
5.60000000000000e-01 2.39221683984522e+00 2.39222315195700e+00 6.31211177282154e-06
5.65000000000000e-01 2.35099600584824e+00 2.35099933348698e+00 3.32763874100195e-06
5.70000000000000e-01 2.31037971595844e+00 2.31037974575665e+00 2.97982136743258e-08
5.75000000000000e-01 2.27060120665018e+00 2.27059805007310e+00 3.15657708327421e-06
5.80000000000000e-01 2.23188789476633e+00 2.23188206297222e+00 5.83179410895696e-06
5.85000000000000e-01 2.19446002640295e+00 2.19445235595975e+00 7.67044319838206e-06
5.90000000000000e-01 2.15852935985844e+00 2.15852090008677e+00 8.45977166896716e-06
5.95000000000000e-01 2.12429788665509e+00 2.12428976371522e+00 8.12293986918178e-06
6.00000000000000e-01 2.09195659633673e+00 2.09194987150091e+00 6.72483582464523e-06
6.05000000000000e-01 2.06168429257460e+00 2.06167983224433e+00 4.46033026690884e-06
6.10000000000000e-01 2.03364646980233e+00 2.03364484283446e+00 1.62696787286976e-06
6.15000000000000e-01 2.00799426091208e+00 2.00799567504205e+00 1.41412996956802e-06
6.20000000000000e-01 1.98486346729259e+00 1.98486775140779e+00 4.28411519726168e-06
6.25000000000000e-01 1.96437368256931e+00 1.96438031592140e+00 6.63335209472038e-06
6.30000000000000e-01 1.94662752078222e+00 1.94663570460343e+00 8.18382120759686e-06
6.35000000000000e-01 1.93170995844979e+00 1.93171872048530e+00 8.76203550626009e-06
6.40000000000000e-01 1.91968779811947e+00 1.91969611683971e+00 8.31872024620317e-06
6.45000000000000e-01 1.91060925874568e+00 1.91061619184595e+00 6.93310027055638e-06
6.50000000000000e-01 1.90450369574490e+00 1.90450849718747e+00 4.80144257641868e-06
6.55000000000000e-01 1.90138145104836e+00 1.90138366237698e+00 2.21132862088247e-06
6.60000000000000e-01 1.90123383109937e+00 1.90123333589028e+00 4.95209091511128e-07
6.65000000000000e-01 1.90403320870131e+00 1.90403024347033e+00 2.96523098608503e-06
6.70000000000000e-01 1.90973324306429e+00 1.90972836324032e+00 4.87982397445741e-06
6.75000000000000e-01 1.91826921143017e+00 1.91826321654437e+00 5.99488579822172e-06
6.80000000000000e-01 1.92955844533386e+00 1.92955227272105e+00 6.17261281554704e-06
6.85000000000000e-01 1.94350086487439e+00 1.94349546531226e+00 5.39956213452264e-06
6.90000000000000e-01 1.95997960524571e+00 1.95997581652323e+00 3.78872247774886e-06
6.95000000000000e-01 1.97886173106600e+00 1.97886016608158e+00 1.56498442205333e-06
7.00000000000000e-01 1.99999903553399e+00 2.00000000000000e+00 9.64466013053666e-07
7.05000000000000e-01 2.02322892287447e+00 2.02323237413106e+00 3.45125659517720e-06
7.10000000000000e-01 2.04837537363778e+00 2.04838092681811e+00 5.55318032979812e-06
7.15000000000000e-01 2.07524999293342e+00 2.07525697439691e+00 6.98146349309425e-06
7.20000000000000e-01 2.10365314141117e+00 2.10366068279205e+00 7.54138087843970e-06
7.25000000000000e-01 2.13337514765720e+00 2.13338230798255e+00 7.16032534686661e-06
7.30000000000000e-01 2.16419759868128e+00 2.16420349768687e+00 5.89900559333500e-06
7.35000000000000e-01 2.19589470250724e+00 2.19589864623990e+00 3.94373265821812e-06
7.40000000000000e-01 2.22823471384489e+00 2.22823629430637e+00 1.58046148346358e-06
7.45000000000000e-01 2.26098141081277e+00 2.26098056479902e+00 8.46013754607355e-07
7.50000000000000e-01 2.29389560812772e+00 2.29389262614624e+00 2.98198148351858e-06
7.55000000000000e-01 2.32673669047186e+00 2.32673217388556e+00 4.51658630273855e-06
7.60000000000000e-01 2.35926414917697e+00 2.35925892144618e+00 5.22773079136840e-06
7.65000000000000e-01 2.39123910604834e+00 2.39123409092702e+00 5.01512131645399e-06
7.70000000000000e-01 2.42242581000906e+00 2.42242189467697e+00 3.91533208476957e-06
7.75000000000000e-01 2.45259309500875e+00 2.45259099854052e+00 2.09646822968423e-06
7.80000000000000e-01 2.48151579088460e+00 2.48151595774496e+00 1.66860358419285e-07
7.85000000000000e-01 2.50897608208052e+00 2.50897861657418e+00 2.53449366072189e-06
7.90000000000000e-01 2.53476481182077e+00 2.53476946319709e+00 4.65137632676971e-06
7.95000000000000e-01 2.55868273109193e+00 2.55868893129538e+00 6.20020344843653e-06
8.00000000000000e-01 2.58054169237095e+00 2.58054864046305e+00 6.94809210211034e-06
8.05000000000000e-01 2.60016578741540e+00 2.60017256772797e+00 6.78031257539402e-06
8.10000000000000e-01 2.61739242678269e+00 2.61739814297001e+00 5.71618732037038e-06
8.15000000000000e-01 2.63207335641915e+00 2.63207726147960e+00 3.90506045455652e-06
8.20000000000000e-01 2.64407560411909e+00 2.64407720741157e+00 1.60329248721780e-06
8.25000000000000e-01 2.65328234638332e+00 2.65328148243819e+00 8.63945128770638e-07
8.30000000000000e-01 2.65959368463443e+00 2.65959053448992e+00 3.15014451368612e-06
8.35000000000000e-01 2.66292731917525e+00 2.66292238208847e+00 4.93708677939964e-06
8.40000000000000e-01 2.66321910983952e+00 2.66321313042021e+00 5.97941930102763e-06
8.45000000000000e-01 2.66042351393417e+00 2.66041737596564e+00 6.13796852633186e-06
8.50000000000000e-01 2.65451389460296e+00 2.65450849718747e+00 5.39741548388761e-06
8.55000000000000e-01 2.64548269582889e+00 2.64547882948272e+00 3.86634617299819e-06
8.60000000000000e-01 2.63334148355562e+00 2.63333972331718e+00 1.76023843811990e-06
8.65000000000000e-01 2.61812085546904e+00 2.61812148518153e+00 6.29712489264023e-07
8.70000000000000e-01 2.59987022451865e+00 2.59987320173000e+00 2.97721134945306e-06
8.75000000000000e-01 2.57865748305432e+00 2.57866244818360e+00 4.96512928016557e-06
8.80000000000000e-01 2.55456855540357e+00 2.55457488279246e+00 6.32738888084461e-06
8.85000000000000e-01 2.52770684683952e+00 2.52771372985530e+00 6.88301578444239e-06
8.90000000000000e-01 2.49819259631256e+00 2.49819915448034e+00 6.55816777284102e-06
8.95000000000000e-01 2.46616213924759e+00 2.46616753293972e+00 5.39369213159446e-06
9.00000000000000e-01 2.43176708538899e+00 2.43177062311339e+00 3.53772439432021e-06
9.05000000000000e-01 2.39517341536836e+00 2.39517464013388e+00 1.22476552455453e-06
9.10000000000000e-01 2.35656049860601e+00 2.35655924292839e+00 1.25567761832812e-06
9.15000000000000e-01 2.31612003452185e+00 2.31611643790350e+00 3.59661834936631e-06
9.20000000000000e-01 2.27405491893724e+00 2.27404940652903e+00 5.51240821522470e-06
9.25000000000000e-01 2.23057803803650e+00 2.23057126404647e+00 6.77399003201629e-06
9.30000000000000e-01 2.18591099328685e+00 2.18590375695213e+00 7.23633472432539e-06
9.35000000000000e-01 2.14028276218673e+00 2.14027590728277e+00 6.85490396135080e-06
9.40000000000000e-01 2.09392830146961e+00 2.09392261205918e+00 5.68941042811133e-06
9.45000000000000e-01 2.04708710125172e+00 2.04708320651983e+00 3.89473189033041e-06
9.50000000000000e-01 2.00000170038323e+00 2.00000000000000e+00 1.70038322799826e-06
9.55000000000000e-01 1.95291617476473e+00 1.95291679348017e+00 6.18715432221251e-07
9.60000000000000e-01 1.90607461147696e+00 1.90607738794082e+00 2.77646386481756e-06
9.65000000000000e-01 1.85971958213891e+00 1.85972409271723e+00 4.51057831352131e-06
9.70000000000000e-01 1.81409062891409e+00 1.81409624304787e+00 5.61413378097342e-06
9.75000000000000e-01 1.76942277603669e+00 1.76942873595353e+00 5.95991684493313e-06
9.80000000000000e-01 1.72594507869975e+00 1.72595059347097e+00 5.51477122057165e-06
9.85000000000000e-01 1.68387921974655e+00 1.68388356209650e+00 4.34234995316807e-06
9.90000000000000e-01 1.64343816298455e+00 1.64344075707161e+00 2.59408706027031e-06
9.95000000000000e-01 1.60482487025916e+00 1.60482535986612e+00 4.89606955422772e-07
1.00000000000000e+00 1.56823108784700e+00 1.56822937688661e+00 1.71096038759089e-06
1.00500000000000e+00 1.53383620639825e+00 1.53383246706028e+00 3.73933797082060e-06
1.01000000000000e+00 1.50180619768777e+00 1.50180084551966e+00 5.35216810337857e-06
1.01500000000000e+00 1.47229263089028e+00 1.47228627014470e+00 6.36074558357791e-06
1.02000000000000e+00 1.44543177099162e+00 1.44542511720755e+00 6.65378407171957e-06
1.02500000000000e+00 1.42134376224427e+00 1.42133755181640e+00 6.21042786641546e-06
1.03000000000000e+00 1.40013190018195e+00 1.40012679827000e+00 5.10191195579601e-06
1.03500000000000e+00 1.38188199648958e+00 1.38187851481848e+00 3.48167110675313e-06
1.04000000000000e+00 1.36666184182196e+00 1.36666027668282e+00 1.56513914273404e-06
1.04500000000000e+00 1.35452077230335e+00 1.35452117051728e+00 3.98213938490599e-07
1.05000000000000e+00 1.34548934575948e+00 1.34549150281253e+00 2.15705304884573e-06
1.05500000000000e+00 1.33957913360146e+00 1.33958262403436e+00 3.49043290448492e-06
1.06000000000000e+00 1.33678263361581e+00 1.33678686957979e+00 4.23596397114423e-06
1.06500000000000e+00 1.33707330769890e+00 1.33707761791153e+00 4.31021262836673e-06
1.07000000000000e+00 1.34040574686015e+00 1.34040946551008e+00 3.71864993398141e-06
1.07500000000000e+00 1.34671596373038e+00 1.34671851756181e+00 2.55383143321630e-06
1.08000000000000e+00 1.35592181052850e+00 1.35592279258843e+00 9.82059926268875e-07
1.08500000000000e+00 1.36792351817858e+00 1.36792273852040e+00 7.79658179572706e-07
1.09000000000000e+00 1.38260435025245e+00 1.38260185702999e+00 2.49322245760020e-06
1.09500000000000e+00 1.39983136383912e+00 1.39982743227203e+00 3.93156709344034e-06
1.10000000000000e+00 1.41945626845299e+00 1.41945135953695e+00 4.90891603566190e-06
1.10500000000000e+00 1.44131637375066e+00 1.44131106870462e+00 5.30504604379090e-06
1.11000000000000e+00 1.46523561710199e+00 1.46523053680291e+00 5.08029908141694e-06
1.11500000000000e+00 1.49102566283423e+00 1.49102138342582e+00 4.27940840852514e-06
1.12000000000000e+00 1.51848706604920e+00 1.51848404225504e+00 3.02379415706433e-06
1.12500000000000e+00 1.54741049506568e+00 1.54740900145948e+00 1.49360619472461e-06
1.13000000000000e+00 1.57757800752753e+00 1.57757810532303e+00 9.77955016967513e-08
1.13500000000000e+00 1.60876437583581e+00 1.60876590907298e+00 1.53323716656217e-06
1.14000000000000e+00 1.64073845767682e+00 1.64074107855382e+00 2.62087699676172e-06
1.14500000000000e+00 1.67326460697846e+00 1.67326782611444e+00 3.21913597667312e-06
1.15000000000000e+00 1.70610411968344e+00 1.70610737385376e+00 3.25417032809305e-06
1.15500000000000e+00 1.73901670740810e+00 1.73901943520098e+00 2.72779287713298e-06
1.16000000000000e+00 1.77176199055092e+00 1.77176370569363e+00 1.71514270363993e-06
1.16500000000000e+00 1.80410100093822e+00 1.80410135376010e+00 3.52821879490151e-07
1.17000000000000e+00 1.83579768285213e+00 1.83579650231313e+00 1.18053900277637e-06
1.17500000000000e+00 1.86662038043979e+00 1.86661769201745e+00 2.68842233164257e-06
1.18000000000000e+00 1.89634329915462e+00 1.89633931720795e+00 3.98194667017293e-06
1.18500000000000e+00 1.92474792905866e+00 1.92474302560309e+00 4.90345557158101e-06
1.19000000000000e+00 1.95162441847807e+00 1.95161907318189e+00 5.34529618212432e-06
1.19500000000000e+00 1.97677288755643e+00 1.97676762586894e+00 5.26168749015454e-06
1.20000000000000e+00 2.00000467255995e+00 2.00000000000000e+00 4.67255995473259e-06
1.20500000000000e+00 2.02114349321108e+00 2.02113983391842e+00 3.65929266354925e-06
1.21000000000000e+00 2.04002653672461e+00 2.04002418347677e+00 2.35324784014779e-06
1.21500000000000e+00 2.05650545348298e+00 2.05650453468774e+00 9.18795239002179e-07
1.22000000000000e+00 2.07044726033519e+00 2.07044772727895e+00 4.66943762766903e-07
1.22500000000000e+00 2.08173514829853e+00 2.08173678345563e+00 1.63515709505901e-06
1.23000000000000e+00 2.09026919198042e+00 2.09027163675968e+00 2.44477926303333e-06
1.23500000000000e+00 2.09596695834648e+00 2.09596975652967e+00 2.79818319270930e-06
1.24000000000000e+00 2.09876401259089e+00 2.09876666410972e+00 2.65151883471759e-06
1.24500000000000e+00 2.09861431888025e+00 2.09861633762302e+00 2.01874276628544e-06
1.25000000000000e+00 2.09549053371398e+00 2.09549150281253e+00 9.69098544967295e-07
1.25500000000000e+00 2.08938418964140e+00 2.08938380815405e+00 3.81487344824905e-07
1.26000000000000e+00 2.08030576716243e+00 2.08030388316029e+00 1.88400214673479e-06
1.26500000000000e+00 2.06828465286624e+00 2.06828127951470e+00 3.37335153499652e-06
1.27000000000000e+00 2.05336898226773e+00 2.05336429539657e+00 4.68687116006450e-06
1.27500000000000e+00 2.03562536640660e+00 2.03561968407860e+00 5.68232800368662e-06
1.28000000000000e+00 2.01513850207740e+00 2.01513224859221e+00 6.25348518834556e-06
1.28500000000000e+00 1.99201066654706e+00 1.99200432495795e+00 6.34158910628457e-06
1.29000000000000e+00 1.96636109875170e+00 1.96635515716554e+00 5.94158616018525e-06
1.29500000000000e+00 1.93832527019877e+00 1.93832016775567e+00 5.10244310558683e-06
1.30000000000000e+00 1.90805405007103e+00 1.90805012849909e+00 3.92157193962461e-06
1.30500000000000e+00 1.87571277026951e+00 1.87571023628478e+00 2.53398472072064e-06
1.31000000000000e+00 1.84148019727479e+00 1.84147909991323e+00 1.09736155962104e-06
1.31500000000000e+00 1.80554741868930e+00 1.80554764404025e+00 2.25350957228088e-07
1.32000000000000e+00 1.76811665309897e+00 1.76811793702778e+00 1.28392881215689e-06
1.32500000000000e+00 1.72939999242911e+00 1.72940194992690e+00 1.95749779607901e-06
1.33000000000000e+00 1.68961808625534e+00 1.68962025424335e+00 2.16798800467544e-06
1.33500000000000e+00 1.64899877757732e+00 1.64900066651302e+00 1.88893570141069e-06
1.34000000000000e+00 1.60777569940001e+00 1.60777684804300e+00 1.14864299072259e-06
1.34500000000000e+00 1.56618684114461e+00 1.56618686845015e+00 2.73055429378388e-08
1.35000000000000e+00 1.52447309348615e+00 1.52447174185242e+00 1.35163372894098e-06
1.35500000000000e+00 1.48287677975574e+00 1.48287394473691e+00 2.83501882769599e-06
1.36000000000000e+00 1.44164018161432e+00 1.44163592464141e+00 4.25697290551419e-06
1.36500000000000e+00 1.40100406636162e+00 1.40099860884315e+00 5.45751847225162e-06
1.37000000000000e+00 1.36120622303068e+00 1.36119992224821e+00 6.30078246532939e-06
1.37500000000000e+00 1.32248001436289e+00 1.32247332361862e+00 6.69074427195326e-06
1.38000000000000e+00 1.28505295186695e+00 1.28504636916085e+00 6.58270610154332e-06
1.38500000000000e+00 1.24914530142184e+00 1.24913931233114e+00 5.98909070048670e-06
1.39000000000000e+00 1.21496872725388e+00 1.21496374848942e+00 4.97876446137191e-06
1.39500000000000e+00 1.18272498254609e+00 1.18272131275752e+00 3.66978857124778e-06
1.40000000000000e+00 1.15260465535665e+00 1.15260243910916e+00 2.21624749285887e-06
1.40500000000000e+00 1.12478597885441e+00 1.12478518834171e+00 7.90512706627666e-07
1.41000000000000e+00 1.09943371504516e+00 1.09943415215529e+00 4.37110128315155e-07
1.41500000000000e+00 1.07669812108959e+00 1.07669944009536e+00 1.31900577771127e-06
1.42000000000000e+00 1.05671400694602e+00 1.05671575560428e+00 1.74865825930404e-06
1.42500000000000e+00 1.03959989237399e+00 1.03960156687779e+00 1.67450380028633e-06
1.43000000000000e+00 1.02545727030651e+00 1.02545837763829e+00 1.10733178204647e-06
1.43500000000000e+00 1.01436998227228e+00 1.01437010232018e+00 1.20047900287190e-07
1.44000000000000e+00 1.00640370999583e+00 1.00640254951957e+00 1.16047626463889e-06
1.44500000000000e+00 1.00160558562671e+00 1.00160301689261e+00 2.56873410209302e-06
1.45000000000000e+00 1.00000392137935e+00 1.00000000000000e+00 3.92137935034675e-06
1.45500000000000e+00 1.00160805784221e+00 1.00160301689261e+00 5.04094960551704e-06
1.46000000000000e+00 1.00640832897095e+00 1.00640254951957e+00 5.77945138346969e-06
1.46500000000000e+00 1.01437614092076e+00 1.01437010232018e+00 6.03860058512318e-06
1.47000000000000e+00 1.02546416145481e+00 1.02545837763829e+00 5.78381651905602e-06
1.47500000000000e+00 1.03960661668506e+00 1.03960156687779e+00 5.04980726923066e-06
1.48000000000000e+00 1.05671969228783e+00 1.05671575560428e+00 3.93668355846977e-06
1.48500000000000e+00 1.07670203695276e+00 1.07669944009536e+00 2.59685739600890e-06
1.49000000000000e+00 1.09943536649010e+00 1.09943415215529e+00 1.21433481736766e-06
1.49500000000000e+00 1.12478516753233e+00 1.12478518834171e+00 2.08093777764873e-08
1.50000000000000e+00 1.15260149993163e+00 1.15260243910916e+00 9.39177523973100e-07
1.50500000000000e+00 1.18271989663063e+00 1.18272131275752e+00 1.41612688975279e-06
1.51000000000000e+00 1.21496235889996e+00 1.21496374848942e+00 1.38958946194201e-06
1.51500000000000e+00 1.24913844342011e+00 1.24913931233114e+00 8.68911033569120e-07
1.52000000000000e+00 1.28504643585716e+00 1.28504636916085e+00 6.66963080320215e-08
1.52500000000000e+00 1.32247460354548e+00 1.32247332361862e+00 1.27992685960976e-06
1.53000000000000e+00 1.36120251789737e+00 1.36119992224821e+00 2.59564915405797e-06
1.53500000000000e+00 1.40100243546846e+00 1.40099860884315e+00 3.82662531084321e-06
1.54000000000000e+00 1.44164072543871e+00 1.44163592464141e+00 4.80079729392457e-06
1.54500000000000e+00 1.48287933076545e+00 1.48287394473691e+00 5.38602854049941e-06
1.55000000000000e+00 1.52447725046563e+00 1.52447174185242e+00 5.50861320758322e-06
1.55500000000000e+00 1.56619203131743e+00 1.56618686845015e+00 5.16286727947346e-06
1.56000000000000e+00 1.60778125856910e+00 1.60777684804300e+00 4.41052609878589e-06
1.56500000000000e+00 1.64900403676903e+00 1.64900066651302e+00 3.37025601049312e-06
1.57000000000000e+00 1.68962245332811e+00 1.68962025424335e+00 2.19908476029040e-06
1.57500000000000e+00 1.72940301865620e+00 1.72940194992690e+00 1.06872929683810e-06
1.58000000000000e+00 1.76811807750267e+00 1.76811793702778e+00 1.40474887277975e-07
1.58500000000000e+00 1.80554718639033e+00 1.80554764404025e+00 4.57649920626579e-07
1.59000000000000e+00 1.84147845177180e+00 1.84147909991323e+00 6.48141426529136e-07
1.59500000000000e+00 1.87570982286012e+00 1.87571023628478e+00 4.13424661616091e-07
1.60000000000000e+00 1.90805033215936e+00 1.90805012849909e+00 2.03660267095174e-07
1.60500000000000e+00 1.93832127575098e+00 1.93832016775567e+00 1.10799530927963e-06
1.61000000000000e+00 1.96635732458355e+00 1.96635515716554e+00 2.16741800351805e-06
1.61500000000000e+00 1.99200755753837e+00 1.99200432495795e+00 3.23258041512453e-06
1.62000000000000e+00 2.01513640701972e+00 2.01513224859221e+00 4.15842750500772e-06
1.62500000000000e+00 2.03562450829150e+00 2.03561968407860e+00 4.82421290559643e-06
1.63000000000000e+00 2.05336944472915e+00 2.05336429539657e+00 5.14933257811379e-06
1.63500000000000e+00 2.06828638249195e+00 2.06828127951470e+00 5.10297724920505e-06
1.64000000000000e+00 2.08030858971823e+00 2.08030388316029e+00 4.70655794515551e-06
1.64500000000000e+00 2.08938783705292e+00 2.08938380815405e+00 4.02889886519375e-06
1.65000000000000e+00 2.09549467798405e+00 2.09549150281253e+00 3.17517152437219e-06
1.65500000000000e+00 2.09861860895985e+00 2.09861633762302e+00 2.27133682750846e-06
1.66000000000000e+00 2.09876811048467e+00 2.09876666410972e+00 1.44637494914335e-06
1.66500000000000e+00 2.09597057129711e+00 2.09596975652967e+00 8.14767439294428e-07
1.67000000000000e+00 2.09027209830823e+00 2.09027163675968e+00 4.61548551822233e-07
1.67500000000000e+00 2.08173721525754e+00 2.08173678345563e+00 4.31801908007401e-07
1.68000000000000e+00 2.07044845309611e+00 2.07044772727895e+00 7.25817160596165e-07
1.68500000000000e+00 2.05650583502288e+00 2.05650453468774e+00 1.30033514311734e-06
1.69000000000000e+00 2.04002625898064e+00 2.04002418347677e+00 2.07550387232303e-06
1.69500000000000e+00 2.02114278036299e+00 2.02113983391842e+00 2.94644456833026e-06
1.70000000000000e+00 2.00000379777214e+00 2.00000000000000e+00 3.79777213543875e-06
1.70500000000000e+00 1.97677214496050e+00 1.97676762586893e+00 4.51909156762298e-06
1.71000000000000e+00 1.95162409261283e+00 1.95161907318189e+00 5.01943093733637e-06
1.71500000000000e+00 1.92474826437444e+00 1.92474302560309e+00 5.23877135494288e-06
1.72000000000000e+00 1.89634447246867e+00 1.89633931720795e+00 5.15526072364381e-06
1.72500000000000e+00 1.86662247930830e+00 1.86661769201745e+00 4.78729085062746e-06
1.73000000000000e+00 1.83580069260987e+00 1.83579650231313e+00 4.19029674358917e-06
1.73500000000000e+00 1.80410480257609e+00 1.80410135376010e+00 3.44881598901559e-06
1.74000000000000e+00 1.77176637063196e+00 1.77176370569363e+00 2.66493832978831e-06
1.74500000000000e+00 1.73902137991068e+00 1.73901943520098e+00 1.94470970082961e-06
1.75000000000000e+00 1.70610875813322e+00 1.70610737385376e+00 1.38427945950426e-06
1.75500000000000e+00 1.67326888368594e+00 1.67326782611444e+00 1.05757150481445e-06
1.76000000000000e+00 1.64074208558022e+00 1.64074107855382e+00 1.00702639960204e-06
1.76500000000000e+00 1.60876714761022e+00 1.60876590907298e+00 1.23853723899003e-06
1.77000000000000e+00 1.57757982646883e+00 1.57757810532303e+00 1.72114580143656e-06
1.77500000000000e+00 1.54741139291011e+00 1.54740900145948e+00 2.39145062974622e-06
1.78000000000000e+00 1.51848720433973e+00 1.51848404225504e+00 3.16208469253176e-06
1.78500000000000e+00 1.49102531654676e+00 1.49102138342582e+00 3.93312094071341e-06
1.79000000000000e+00 1.46523514172251e+00 1.46523053680291e+00 4.60491960496690e-06
1.79500000000000e+00 1.44131615948492e+00 1.44131106870462e+00 5.09078030241916e-06
1.80000000000000e+00 1.41945668735515e+00 1.41945135953695e+00 5.32781819573280e-06
1.80500000000000e+00 1.39983271700570e+00 1.39982743227203e+00 5.28473367333859e-06
1.81000000000000e+00 1.38260682258335e+00 1.38260185702999e+00 4.96555335671722e-06
1.81500000000000e+00 1.36792714745235e+00 1.36792273852040e+00 4.40893195086112e-06
1.82000000000000e+00 1.35592647574349e+00 1.35592279258843e+00 3.68315506649175e-06
1.82500000000000e+00 1.34672139506684e+00 1.34671851756181e+00 2.87750502248052e-06
1.83000000000000e+00 1.34041155659361e+00 1.34040946551008e+00 2.09108352344778e-06
1.83500000000000e+00 1.33707903838979e+00 1.33707761791153e+00 1.42047825879565e-06
1.84000000000000e+00 1.33678781736354e+00 1.33678686957979e+00 9.47783753035836e-07
1.84500000000000e+00 1.33958335446416e+00 1.33958262403436e+00 7.30429799755683e-07
1.85000000000000e+00 1.34549229685629e+00 1.34549150281253e+00 7.94043764740238e-07
1.85500000000000e+00 1.35452229972231e+00 1.35452117051728e+00 1.12920502481906e-06
1.86000000000000e+00 1.36666196916713e+00 1.36666027668282e+00 1.69248430803570e-06
1.86500000000000e+00 1.38188092647095e+00 1.38187851481848e+00 2.41165247572006e-06
1.87000000000000e+00 1.40012999271818e+00 1.40012679827000e+00 3.19444818352999e-06
1.87500000000000e+00 1.42134149168574e+00 1.42133755181640e+00 3.93986933411306e-06
1.88000000000000e+00 1.44542966785265e+00 1.44542511720755e+00 4.55064510496150e-06
1.88500000000000e+00 1.47229121553506e+00 1.47228627014470e+00 4.94539035966746e-06
1.89000000000000e+00 1.50180591448016e+00 1.50180084551967e+00 5.06896049223826e-06
1.89500000000000e+00 1.53383736677476e+00 1.53383246706028e+00 4.89971447836801e-06
1.90000000000000e+00 1.56823382962502e+00 1.56822937688661e+00 4.45273840576910e-06
1.90500000000000e+00 1.60482913841357e+00 1.60482535986612e+00 3.77854745470252e-06
1.91000000000000e+00 1.64344371439223e+00 1.64344075707161e+00 2.95732061350584e-06
1.91500000000000e+00 1.68388565136716e+00 1.68388356209650e+00 2.08927065870057e-06
1.92000000000000e+00 1.72595187571865e+00 1.72595059347097e+00 1.28224768092267e-06
1.92500000000000e+00 1.76942937401012e+00 1.76942873595353e+00 6.38056588675440e-07
1.93000000000000e+00 1.81409648223305e+00 1.81409624304787e+00 2.39185175443524e-07
1.93500000000000e+00 1.85972423037125e+00 1.85972409271723e+00 1.37654025955669e-07
1.94000000000000e+00 1.90607773543975e+00 1.90607738794082e+00 3.47498935182600e-07
1.94500000000000e+00 1.95291763547275e+00 1.95291679348017e+00 8.41992583655582e-07
1.95000000000000e+00 2.00000155614385e+00 2.00000000000000e+00 1.55614384822478e-06
1.95500000000000e+00 2.04708560086310e+00 2.04708320651983e+00 2.39434327120591e-06
1.96000000000000e+00 2.09392585439310e+00 2.09392261205918e+00 3.24233392134943e-06
1.96500000000000e+00 2.14027988935202e+00 2.14027590728277e+00 3.98206924634437e-06
1.97000000000000e+00 2.18590826451443e+00 2.18590375695213e+00 4.50756229719573e-06
1.97500000000000e+00 2.23057600365489e+00 2.23057126404646e+00 4.73960842528598e-06
1.98000000000000e+00 2.27405404385139e+00 2.27404940652903e+00 4.63732236122283e-06
1.98500000000000e+00 2.31612064268464e+00 2.31611643790350e+00 4.20478113927203e-06
1.99000000000000e+00 2.35656273460258e+00 2.35655924292839e+00 3.49167419244623e-06
1.99500000000000e+00 2.39517722779300e+00 2.39517464013388e+00 2.58765911720360e-06
2.00000000000000e+00 2.43177223411344e+00 2.43177062311339e+00 1.61100005469095e-06
2.00500000000000e+00 2.46616822583976e+00 2.46616753293972e+00 6.92900038679056e-07
2.01000000000000e+00 2.49819911408334e+00 2.49819915448034e+00 4.03969973028495e-08
2.01500000000000e+00 2.52771324458361e+00 2.52771372985530e+00 4.85271696160083e-07
2.02000000000000e+00 2.55457430713294e+00 2.55457488279245e+00 5.75659513835092e-07
2.02500000000000e+00 2.57866215511496e+00 2.57866244818359e+00 2.93068637802207e-07
2.03000000000000e+00 2.59987353156763e+00 2.59987320173000e+00 3.29837623880280e-07
2.03500000000000e+00 2.61812269790665e+00 2.61812148518152e+00 1.21272512876303e-06
2.04000000000000e+00 2.63334196108770e+00 2.63333972331718e+00 2.23777052221763e-06
2.04500000000000e+00 2.64548209469228e+00 2.64547882948272e+00 3.26520956583920e-06
2.05000000000000e+00 2.65451264933208e+00 2.65450849718747e+00 4.15214460192104e-06
2.05500000000000e+00 2.66042214799124e+00 2.66041737596564e+00 4.77202559778789e-06
2.06000000000000e+00 2.66321816253175e+00 2.66321313042021e+00 5.03211153679572e-06
2.06500000000000e+00 2.66292726858273e+00 2.66292238208847e+00 4.88649426610976e-06
2.07000000000000e+00 2.65959487737229e+00 2.65959053448992e+00 4.34288237061153e-06
2.07500000000000e+00 2.65328494464331e+00 2.65328148243819e+00 3.46220512481565e-06
2.08000000000000e+00 2.64407955849168e+00 2.64407720741157e+00 2.35108010615548e-06
2.08500000000000e+00 2.63207840963312e+00 2.63207726147960e+00 1.14815352159070e-06
2.09000000000000e+00 2.61739814910682e+00 2.61739814297001e+00 6.13680795069627e-09
2.09500000000000e+00 2.60017163964797e+00 2.60017256772797e+00 9.28079999962250e-07
2.10000000000000e+00 2.58054710783743e+00 2.58054864046305e+00 1.53262561619627e-06
2.10500000000000e+00 2.55868720463658e+00 2.55868893129538e+00 1.72665879993872e-06
2.11000000000000e+00 2.53476798206305e+00 2.53476946319710e+00 1.48113405140649e-06
2.11500000000000e+00 2.50897779361675e+00 2.50897861657418e+00 8.22957432866644e-07
2.12000000000000e+00 2.48151612572104e+00 2.48151595774496e+00 1.67976081044685e-07
2.12500000000000e+00 2.45259236700718e+00 2.45259099854052e+00 1.36846666132229e-06
2.13000000000000e+00 2.42242452185525e+00 2.42242189467697e+00 2.62717827892445e-06
2.13500000000000e+00 2.39123787430884e+00 2.39123409092702e+00 3.78338182027704e-06
2.14000000000000e+00 2.35926360838225e+00 2.35925892144618e+00 4.68693606592296e-06
2.14500000000000e+00 2.32673739092049e+00 2.32673217388556e+00 5.21703492895043e-06
2.15000000000000e+00 2.29389792356365e+00 2.29389262614624e+00 5.29741740740164e-06
2.15500000000000e+00 2.26098547097992e+00 2.26098056479902e+00 4.90618090154271e-06
2.16000000000000e+00 2.22824037330773e+00 2.22823629430637e+00 4.07900135313000e-06
2.16500000000000e+00 2.19590155160277e+00 2.19589864623990e+00 2.90536286984278e-06
2.17000000000000e+00 2.16420501592595e+00 2.16420349768687e+00 1.51823907623694e-06
2.17500000000000e+00 2.13338238643193e+00 2.13338230798255e+00 7.84493869865344e-08
2.18000000000000e+00 2.10365943833770e+00 2.10366068279205e+00 1.24445435512044e-06
2.18500000000000e+00 2.07525468189320e+00 2.07525697439691e+00 2.29250371219791e-06
2.19000000000000e+00 2.04837798839877e+00 2.04838092681811e+00 2.93841933540762e-06
2.19500000000000e+00 2.02322927290136e+00 2.02323237413107e+00 3.10122970459403e-06
2.20000000000000e+00 1.99999724347322e+00 2.00000000000000e+00 2.75652678438654e-06
2.20500000000000e+00 1.97885822597983e+00 1.97886016608158e+00 1.94010175391668e-06
2.21000000000000e+00 1.95997507205148e+00 1.95997581652323e+00 7.44471755131926e-07
2.21500000000000e+00 1.94349615667457e+00 1.94349546531226e+00 6.91362312288391e-07
2.22000000000000e+00 1.92955447051129e+00 1.92955227272105e+00 2.19779024046574e-06
2.22500000000000e+00 1.91826681083437e+00 1.91826321654437e+00 3.59428999474609e-06
2.23000000000000e+00 1.90973307390911e+00 1.90972836324032e+00 4.71066878793280e-06
2.23500000000000e+00 1.90403565082789e+00 1.90403024347033e+00 5.40735756082711e-06
2.24000000000000e+00 1.90123892823625e+00 1.90123333589028e+00 5.59234597141689e-06
2.24500000000000e+00 1.90138889508373e+00 1.90138366237698e+00 5.23270675101273e-06
2.25000000000000e+00 1.90451285645509e+00 1.90450849718747e+00 4.35926761199745e-06
2.25500000000000e+00 1.91061925562610e+00 1.91061619184595e+00 3.06378015202391e-06
2.26000000000000e+00 1.91969760565789e+00 1.91969611683971e+00 1.48881817385593e-06
2.26500000000000e+00 1.93171853199518e+00 1.93171872048530e+00 1.88490117514206e-07
2.27000000000000e+00 1.94663392756795e+00 1.94663570460343e+00 1.77703548320807e-06
2.27500000000000e+00 1.96437722172147e+00 1.96438031592140e+00 3.09419992960969e-06
2.28000000000000e+00 1.98486376385142e+00 1.98486775140779e+00 3.98755636754622e-06
2.28500000000000e+00 2.00799132186223e+00 2.00799567504205e+00 4.35317981972716e-06
2.29000000000000e+00 2.03364069450433e+00 2.03364484283446e+00 4.14833013095972e-06
2.29500000000000e+00 2.06167643532144e+00 2.06167983224433e+00 3.39692289452742e-06
2.30000000000000e+00 2.09194768443399e+00 2.09194987150091e+00 2.18706691779147e-06
2.30500000000000e+00 2.12428910280717e+00 2.12428976371522e+00 6.60908049177067e-07
2.31000000000000e+00 2.15852190212410e+00 2.15852090008677e+00 1.00203732600335e-06
2.31500000000000e+00 2.19445496203035e+00 2.19445235595975e+00 2.60607060820206e-06
2.32000000000000e+00 2.23188602544094e+00 2.23188206297221e+00 3.96246872913508e-06
2.32500000000000e+00 2.27060296188341e+00 2.27059805007310e+00 4.91181031270216e-06
2.33000000000000e+00 2.31038508852579e+00 2.31037974575665e+00 5.34276913777276e-06
2.33500000000000e+00 2.35100453859842e+00 2.35099933348698e+00 5.20511143919933e-06
2.34000000000000e+00 2.39222766730971e+00 2.39222315195699e+00 4.51535271839276e-06
2.34500000000000e+00 2.43381648598776e+00 2.43381313154985e+00 3.35443791055212e-06
2.35000000000000e+00 2.47553011593771e+00 2.47552825814758e+00 1.85779013506249e-06
2.35500000000000e+00 2.51712625426411e+00 2.51712605526309e+00 1.99001023659662e-07
2.36000000000000e+00 2.55836264455209e+00 2.55836407535858e+00 1.43080649595007e-06
2.36500000000000e+00 2.59899854573955e+00 2.59900139115685e+00 2.84541729689280e-06
2.37000000000000e+00 2.63879619268593e+00 2.63880007775179e+00 3.88506586057602e-06
2.37500000000000e+00 2.67752224183813e+00 2.67752667638138e+00 4.43454324861037e-06
2.38000000000000e+00 2.71494919503892e+00 2.71495363083914e+00 4.43580021913803e-06
2.38500000000000e+00 2.75085679398363e+00 2.75086068766886e+00 3.89368522446532e-06
2.39000000000000e+00 2.78503337720217e+00 2.78503625151058e+00 2.87430841305891e-06
2.39500000000000e+00 2.81727719083350e+00 2.81727868724248e+00 1.49640898028380e-06
2.40000000000000e+00 2.84739764397639e+00 2.84739756089084e+00 8.30855442224276e-08
2.40500000000000e+00 2.87521649913783e+00 2.87521481165829e+00 1.68747953122050e-06
2.41000000000000e+00 2.90056898832572e+00 2.90056584784471e+00 3.14048100502617e-06
2.41500000000000e+00 2.92330484567981e+00 2.92330055990463e+00 4.28577517563866e-06
2.42000000000000e+00 2.94328924820282e+00 2.94328424439572e+00 5.00380709533843e-06
2.42500000000000e+00 2.96040365710664e+00 2.96039843312221e+00 5.22398442903693e-06
2.43000000000000e+00 2.97454655346334e+00 2.97454162236171e+00 4.93110162613775e-06
2.43500000000000e+00 2.98563406316533e+00 2.98562989767982e+00 4.16548551163132e-06
2.44000000000000e+00 2.99360046756407e+00 2.99359745048043e+00 3.01708364069952e-06
2.44500000000000e+00 2.99839859748454e+00 2.99839698310739e+00 1.61437714707446e-06
2.45000000000000e+00 3.00000010952870e+00 3.00000000000000e+00 1.09528695446670e-07
2.45500000000000e+00 2.99839564462941e+00 2.99839698310739e+00 1.33847798089448e-06
2.46000000000000e+00 2.99359486966552e+00 2.99359745048044e+00 2.58081491999462e-06
2.46500000000000e+00 2.98562640359143e+00 2.98562989767982e+00 3.49408839817045e-06
2.47000000000000e+00 2.97453762998906e+00 2.97454162236171e+00 3.99237265424901e-06
2.47500000000000e+00 2.96039439825007e+00 2.96039843312221e+00 4.03487214217790e-06
2.48000000000000e+00 2.94328061579427e+00 2.94328424439572e+00 3.62860145886046e-06
2.48500000000000e+00 2.92329773388037e+00 2.92330055990464e+00 2.82602427015277e-06
2.49000000000000e+00 2.90056412972505e+00 2.90056584784471e+00 1.71811966298563e-06
2.49500000000000e+00 2.87521438786462e+00 2.87521481165830e+00 4.23793679704687e-07
2.50000000000000e+00 2.84739848400853e+00 2.84739756089084e+00 9.23117689843878e-07
2.50500000000000e+00 2.81728087506813e+00 2.81727868724248e+00 2.18782565220010e-06
2.51000000000000e+00 2.78503949960236e+00 2.78503625151058e+00 3.24809178353647e-06
2.51500000000000e+00 2.75086469359512e+00 2.75086068766886e+00 4.00592625782181e-06
2.52000000000000e+00 2.71495802723938e+00 2.71495363083915e+00 4.39640022742438e-06
2.52500000000000e+00 2.67753106921606e+00 2.67752667638138e+00 4.39283467468243e-06
2.53000000000000e+00 2.63880408577630e+00 2.63880007775179e+00 4.00802450783999e-06
2.53500000000000e+00 2.59900468271927e+00 2.59900139115685e+00 3.29156241329898e-06
2.54000000000000e+00 2.55836639906088e+00 2.55836407535859e+00 2.32370228969714e-06
2.54500000000000e+00 2.51712726177507e+00 2.51712605526309e+00 1.20651198276533e-06
2.55000000000000e+00 2.47552831143131e+00 2.47552825814758e+00 5.32837343136805e-08
2.55500000000000e+00 2.43381210883476e+00 2.43381313154985e+00 1.02271509172525e-06
2.56000000000000e+00 2.39222123289359e+00 2.39222315195700e+00 1.91906341351356e-06
2.56500000000000e+00 2.35099677989947e+00 2.35099933348698e+00 2.55358751388712e-06
2.57000000000000e+00 2.31037687422672e+00 2.31037974575666e+00 2.87152993916351e-06
2.57500000000000e+00 2.27059520015636e+00 2.27059805007310e+00 2.84991674259771e-06
2.58000000000000e+00 2.23187956413980e+00 2.23188206297222e+00 2.49883242098292e-06
2.58500000000000e+00 2.19445049635940e+00 2.19445235595975e+00 1.85960035192778e-06
2.59000000000000e+00 2.15851989994741e+00 2.15852090008678e+00 1.00013936688015e-06
2.59500000000000e+00 2.12428975571243e+00 2.12428976371522e+00 8.00278865398241e-09
2.60000000000000e+00 2.09195088971219e+00 2.09194987150091e+00 1.01821128239976e-06
2.60500000000000e+00 2.06168181051675e+00 2.06167983224433e+00 1.97827242187643e-06
2.61000000000000e+00 2.03364762253445e+00 2.03364484283446e+00 2.77969999196159e-06
2.61500000000000e+00 2.00799902132726e+00 2.00799567504205e+00 3.34628521336811e-06
2.62000000000000e+00 1.98487137642093e+00 1.98486775140779e+00 3.62501313833086e-06
2.62500000000000e+00 1.96438390671276e+00 1.96438031592140e+00 3.59079135248130e-06
2.63000000000000e+00 1.94663895318824e+00 1.94663570460343e+00 3.24858480316159e-06
2.63500000000000e+00 1.93172135326467e+00 1.93171872048530e+00 2.63277937695428e-06
2.64000000000000e+00 1.91969792067446e+00 1.91969611683971e+00 1.80383474712720e-06
2.64500000000000e+00 1.91061703436717e+00 1.91061619184595e+00 8.42521221011694e-07
2.65000000000000e+00 1.90450833943616e+00 1.90450849718747e+00 1.57751316898214e-07
2.65500000000000e+00 1.90138256254740e+00 1.90138366237698e+00 1.09982957696708e-06
2.66000000000000e+00 1.90123144375571e+00 1.90123333589028e+00 1.89213456502912e-06
2.66500000000000e+00 1.90402778592820e+00 1.90403024347033e+00 2.45754212824245e-06
2.67000000000000e+00 1.90972562225374e+00 1.90972836324032e+00 2.74098657437882e-06
2.67500000000000e+00 1.91826050150169e+00 1.91826321654437e+00 2.71504268622991e-06
2.68000000000000e+00 1.92954988981296e+00 1.92955227272105e+00 2.38290808041164e-06
2.68500000000000e+00 1.94349368687610e+00 1.94349546531226e+00 1.77843615989381e-06
2.69000000000000e+00 1.95997485338201e+00 1.95997581652323e+00 9.63141216114849e-07
2.69500000000000e+00 1.97886014569191e+00 1.97886016608158e+00 2.03896672879011e-08
2.70000000000000e+00 2.00000095272298e+00 2.00000000000000e+00 9.52722978286857e-07
2.70500000000000e+00 2.02323422919035e+00 2.02323237413106e+00 1.85505929017893e-06
2.71000000000000e+00 2.04838351857166e+00 2.04838092681811e+00 2.59175355665775e-06
2.71500000000000e+00 2.07526005850959e+00 2.07525697439691e+00 3.08411267502251e-06
2.72000000000000e+00 2.10366396085853e+00 2.10366068279205e+00 3.27806648003914e-06
2.72500000000000e+00 2.13338545822249e+00 2.13338230798255e+00 3.15023994446051e-06
2.73000000000000e+00 2.16420620862134e+00 2.16420349768687e+00 2.71093446757575e-06
2.73500000000000e+00 2.19590064984763e+00 2.19589864623990e+00 2.00360772861785e-06
2.74000000000000e+00 2.22823739510989e+00 2.22823629430637e+00 1.10080351856112e-06
2.74500000000000e+00 2.26098066166646e+00 2.26098056479902e+00 9.68674411794268e-08
2.75000000000000e+00 2.29389172429597e+00 2.29389262614624e+00 9.01850263801407e-07
2.75500000000000e+00 2.32673038558476e+00 2.32673217388556e+00 1.78830080299619e-06
2.76000000000000e+00 2.35925645510064e+00 2.35925892144618e+00 2.46634554024183e-06
2.76500000000000e+00 2.39123122953906e+00 2.39123409092702e+00 2.86138795546620e-06
2.77000000000000e+00 2.42241896585612e+00 2.42242189467697e+00 2.92882084806934e-06
2.77500000000000e+00 2.45258833924651e+00 2.45259099854052e+00 2.65929400145026e-06
2.78000000000000e+00 2.48151387760107e+00 2.48151595774496e+00 2.08014388514144e-06
2.78500000000000e+00 2.50897736382357e+00 2.50897861657418e+00 1.25275061124697e-06
2.79000000000000e+00 2.53476919714628e+00 2.53476946319709e+00 2.66050808495066e-07
2.79500000000000e+00 2.55868970441205e+00 2.55868893129538e+00 7.73116668018048e-07
2.80000000000000e+00 2.58055039223929e+00 2.58054864046305e+00 1.75177623962242e-06
2.80500000000000e+00 2.60017513110264e+00 2.60017256772797e+00 2.56337467030576e-06
2.81000000000000e+00 2.61740126267560e+00 2.61739814297001e+00 3.11970559430108e-06
2.81500000000000e+00 2.63208062230820e+00 2.63207726147960e+00 3.36082860386000e-06
2.82000000000000e+00 2.64408046924363e+00 2.64407720741157e+00 3.26183205645592e-06
2.82500000000000e+00 2.65328431808553e+00 2.65328148243819e+00 2.83564734093744e-06
2.83000000000000e+00 2.65959266606737e+00 2.65959053448992e+00 2.13157745188042e-06
2.83500000000000e+00 2.66292361178798e+00 2.66292238208847e+00 1.22969950888674e-06
2.84000000000000e+00 2.66321336220082e+00 2.66321313042021e+00 2.31780610260302e-07
2.84500000000000e+00 2.66041662571705e+00 2.66041737596564e+00 7.50248585923430e-07
2.85000000000000e+00 2.65450689025076e+00 2.65450849718747e+00 1.60693671746870e-06
2.85500000000000e+00 2.64547658586376e+00 2.64547882948272e+00 2.24361895728720e-06
2.86000000000000e+00 2.63333713233587e+00 2.63333972331719e+00 2.59098131705215e-06
2.86500000000000e+00 2.61811887249881e+00 2.61812148518152e+00 2.61268271373183e-06
2.87000000000000e+00 2.59987089254830e+00 2.59987320173000e+00 2.30918170451844e-06
2.87500000000000e+00 2.57866073082614e+00 2.57866244818360e+00 1.71735745269075e-06
2.88000000000000e+00 2.55457397679180e+00 2.55457488279246e+00 9.06000652278749e-07
2.88500000000000e+00 2.52771376213191e+00 2.52771372985530e+00 3.22766071647607e-08
2.89000000000000e+00 2.49820014623799e+00 2.49819915448034e+00 9.91757649781988e-07
2.89500000000000e+00 2.46616939865838e+00 2.46616753293972e+00 1.86571865912200e-06
2.90000000000000e+00 2.43177318162821e+00 2.43177062311339e+00 2.55851481556491e-06
2.90500000000000e+00 2.39517763641209e+00 2.39517464013388e+00 2.99627820110615e-06
2.91000000000000e+00 2.35656237795113e+00 2.35655924292839e+00 3.13502273918687e-06
2.91500000000000e+00 2.31611940316265e+00 2.31611643790350e+00 2.96525914489365e-06
2.92000000000000e+00 2.27405191915850e+00 2.27404940652904e+00 2.51262946093789e-06
2.92500000000000e+00 2.23057309857569e+00 2.23057126404647e+00 1.83452922231098e-06
2.93000000000000e+00 2.18590477009434e+00 2.18590375695213e+00 1.01314220879445e-06
2.93500000000000e+00 2.14027605300032e+00 2.14027590728278e+00 1.45717547361812e-07
2.94000000000000e+00 2.09392194528448e+00 2.09392261205918e+00 6.66774703006467e-07
2.94500000000000e+00 2.04708187522191e+00 2.04708320651984e+00 1.33129792656561e-06
2.95000000000000e+00 1.99999822662325e+00 2.00000000000000e+00 1.77337674966971e-06
2.95500000000000e+00 1.95291484799240e+00 1.95291679348017e+00 1.94548777443515e-06
2.96000000000000e+00 1.90607555567526e+00 1.90607738794082e+00 1.83226556571547e-06
2.96500000000000e+00 1.85972264077289e+00 1.85972409271723e+00 1.45194434120199e-06
2.97000000000000e+00 1.81409538915914e+00 1.81409624304787e+00 8.53888733276520e-07
2.97500000000000e+00 1.76942862343856e+00 1.76942873595354e+00 1.12514978889422e-07
2.98000000000000e+00 1.72595127515346e+00 1.72595059347097e+00 6.81682483794077e-07
2.98500000000000e+00 1.68388499504746e+00 1.68388356209651e+00 1.43295095322848e-06
2.99000000000000e+00 1.64344280875534e+00 1.64344075707161e+00 2.05168372580111e-06
2.99500000000000e+00 1.60482782494056e+00 1.60482535986612e+00 2.46507443923960e-06
3.00000000000000e+00 1.56823200265426e+00 1.56822937688661e+00 2.62576765019951e-06
3.00500000000000e+00 1.53383498453695e+00 1.53383246706028e+00 2.51747666601965e-06
3.01000000000000e+00 1.50180300240506e+00 1.50180084551966e+00 2.15688539406678e-06
3.01500000000000e+00 1.47228786172548e+00 1.47228627014470e+00 1.59158077761568e-06
3.02000000000000e+00 1.44542601143581e+00 1.44542511720755e+00 8.94228259218366e-07
3.02500000000000e+00 1.42133770546911e+00 1.42133755181641e+00 1.53652708112517e-07
3.03000000000000e+00 1.40012626213825e+00 1.40012679827000e+00 5.36131747219670e-07
3.03500000000000e+00 1.38187742718505e+00 1.38187851481848e+00 1.08763342354656e-06
3.04000000000000e+00 1.36665884577242e+00 1.36666027668282e+00 1.43091039594978e-06
3.04500000000000e+00 1.35451964797745e+00 1.35452117051728e+00 1.52253983665140e-06
3.05000000000000e+00 1.34549015143585e+00 1.34549150281253e+00 1.35137667811591e-06
3.05500000000000e+00 1.33958168371684e+00 1.33958262403436e+00 9.40317519182443e-07
3.06000000000000e+00 1.33678652581631e+00 1.33678686957979e+00 3.43763476129411e-07
3.06500000000000e+00 1.33707797690406e+00 1.33707761791153e+00 3.58992528814994e-07
3.07000000000000e+00 1.34041053921651e+00 1.34040946551008e+00 1.07370642798976e-06
3.07500000000000e+00 1.34672022081978e+00 1.34671851756181e+00 1.70325796644555e-06
3.08000000000000e+00 1.35592495294514e+00 1.35592279258843e+00 2.16035671418702e-06
3.08500000000000e+00 1.36792511776820e+00 1.36792273852040e+00 2.37924780432941e-06
3.09000000000000e+00 1.38260418189529e+00 1.38260185702999e+00 2.32486530116205e-06
3.09500000000000e+00 1.39982943043701e+00 1.39982743227203e+00 1.99816498569483e-06
3.10000000000000e+00 1.41945279636658e+00 1.41945135953695e+00 1.43682962749914e-06
3.10500000000000e+00 1.44131177982870e+00 1.44131106870462e+00 7.11124074515013e-07
3.11000000000000e+00 1.46523045211529e+00 1.46523053680290e+00 8.46876144766640e-08
3.11500000000000e+00 1.49102053907745e+00 1.49102138342582e+00 8.44348371886738e-07
3.12000000000000e+00 1.51848257871944e+00 1.51848404225504e+00 1.46353560226409e-06
3.12500000000000e+00 1.54740714755394e+00 1.54740900145948e+00 1.85390554063858e-06
3.13000000000000e+00 1.57757614994213e+00 1.57757810532302e+00 1.95538089697855e-06
3.13500000000000e+00 1.60876416408402e+00 1.60876590907298e+00 1.74498896066133e-06
3.14000000000000e+00 1.64073983758089e+00 1.64074107855382e+00 1.24097292464320e-06
3.14500000000000e+00 1.67326732461546e+00 1.67326782611444e+00 5.01498974347925e-07
3.15000000000000e+00 1.70610775586348e+00 1.70610737385376e+00 3.82009714527953e-07
3.15500000000000e+00 1.73902073135921e+00 1.73901943520098e+00 1.29615822985762e-06
3.16000000000000e+00 1.77176582578471e+00 1.77176370569363e+00 2.12009108291333e-06
3.16500000000000e+00 1.80410409513042e+00 1.80410135376010e+00 2.74137032296728e-06
3.17000000000000e+00 1.83579957344908e+00 1.83579650231313e+00 3.07113595332531e-06
3.17500000000000e+00 1.86662074853252e+00 1.86661769201745e+00 3.05651506993243e-06
3.18000000000000e+00 1.89634200577928e+00 1.89633931720795e+00 2.68857133112199e-06
3.18500000000000e+00 1.92474503025010e+00 1.92474302560309e+00 2.00464701305414e-06
3.19000000000000e+00 1.95162015785496e+00 1.95161907318189e+00 1.08467307069482e-06
3.19500000000000e+00 1.97676766768252e+00 1.97676762586893e+00 4.18135852608970e-08
3.20000000000000e+00 1.99999900856418e+00 2.00000000000000e+00 9.91435823438636e-07
3.20500000000000e+00 2.02113795395641e+00 2.02113983391842e+00 1.87996201450602e-06
3.21000000000000e+00 2.04002168004236e+00 2.04002418347677e+00 2.50343440244549e-06
3.21500000000000e+00 2.05650176254020e+00 2.05650453468774e+00 2.77214753774402e-06
3.22000000000000e+00 2.07044508804172e+00 2.07044772727895e+00 2.63923723498038e-06
3.22500000000000e+00 2.08173467580940e+00 2.08173678345563e+00 2.10764623043147e-06
3.23000000000000e+00 2.09027040588712e+00 2.09027163675968e+00 1.23087255854415e-06
3.23500000000000e+00 2.09596964921026e+00 2.09596975652967e+00 1.07319408915174e-07
3.24000000000000e+00 2.09876779523295e+00 2.09876666410972e+00 1.13112322752684e-06
3.24500000000000e+00 2.09861867252305e+00 2.09861633762302e+00 2.33490003243020e-06
3.25000000000000e+00 2.09549485789790e+00 2.09549150281253e+00 3.35508536863927e-06
3.25500000000000e+00 2.08938787005294e+00 2.08938380815405e+00 4.06189889101682e-06
3.26000000000000e+00 2.08030824430539e+00 2.08030388316029e+00 4.36114510060648e-06
3.26500000000000e+00 2.06828548603635e+00 2.06828127951470e+00 4.20652164478952e-06
3.27000000000000e+00 2.05336790163217e+00 2.05336429539657e+00 3.60623560036188e-06
3.27500000000000e+00 2.03562230713164e+00 2.03561968407860e+00 2.62305303877497e-06
3.28000000000000e+00 2.01513361629350e+00 2.01513224859221e+00 1.36770128600361e-06
3.28500000000000e+00 1.99200431130578e+00 1.99200432495795e+00 1.36521753901775e-08
3.29000000000000e+00 1.96635380076571e+00 1.96635515716554e+00 1.35639983533942e-06
3.29500000000000e+00 1.93831767077545e+00 1.93832016775567e+00 2.49698022414258e-06
3.30000000000000e+00 1.90804683595653e+00 1.90805012849909e+00 3.29254256059563e-06
3.30500000000000e+00 1.87570659784339e+00 1.87571023628479e+00 3.63844139794622e-06
3.31000000000000e+00 1.84147561846523e+00 1.84147909991323e+00 3.48144800343952e-06
3.31500000000000e+00 1.80554481698854e+00 1.80554764404025e+00 2.82705171184006e-06
3.32000000000000e+00 1.76811619712246e+00 1.76811793702778e+00 1.73990532070789e-06
3.32500000000000e+00 1.72940161266041e+00 1.72940194992690e+00 3.37266491845511e-07
3.33000000000000e+00 1.68962147813339e+00 1.68962025424335e+00 1.22389003620604e-06
3.33500000000000e+00 1.64900343117494e+00 1.64900066651302e+00 2.76466191651004e-06
3.34000000000000e+00 1.60778095293100e+00 1.60777684804301e+00 4.10488799240660e-06
3.34500000000000e+00 1.56619195275848e+00 1.56618686845015e+00 5.08430832635298e-06
3.35000000000000e+00 1.52447732358788e+00 1.52447174185243e+00 5.58173545317509e-06
3.35500000000000e+00 1.48287947469064e+00 1.48287394473692e+00 5.52995372316012e-06
3.36000000000000e+00 1.44164084917171e+00 1.44163592464142e+00 4.92453028866358e-06
3.36500000000000e+00 1.40100243425057e+00 1.40099860884315e+00 3.82540742260851e-06
3.37000000000000e+00 1.36120227322338e+00 1.36119992224821e+00 2.35097516254612e-06
3.37500000000000e+00 1.32247398881940e+00 1.32247332361862e+00 6.65200779792485e-07
3.38000000000000e+00 1.28504532837612e+00 1.28504636916086e+00 1.04078473994740e-06
3.38500000000000e+00 1.24913674176115e+00 1.24913931233114e+00 2.57056999131144e-06
3.39000000000000e+00 1.21496000318608e+00 1.21496374848942e+00 3.74530333746570e-06
3.39500000000000e+00 1.18271688793262e+00 1.18272131275752e+00 4.42482490514706e-06
3.40000000000000e+00 1.15259791452470e+00 1.15260243910916e+00 4.52458445798776e-06
3.40500000000000e+00 1.12478116204645e+00 1.12478518834171e+00 4.02629525253495e-06
3.41000000000000e+00 1.09943117117654e+00 1.09943415215529e+00 2.98097875339742e-06
3.41500000000000e+00 1.07669793616621e+00 1.07669944009537e+00 1.50392915077013e-06
3.42000000000000e+00 1.05671599353357e+00 1.05671575560428e+00 2.37929290936023e-07
3.42500000000000e+00 1.03960361179336e+00 1.03960156687779e+00 2.04491556576869e-06
3.43000000000000e+00 1.02546208520151e+00 1.02545837763829e+00 3.70756322110033e-06
3.43500000000000e+00 1.01437513335956e+00 1.01437010232018e+00 5.03103938620519e-06
3.44000000000000e+00 1.00640840766785e+00 1.00640254951957e+00 5.85814827958053e-06
3.44500000000000e+00 1.00160910507038e+00 1.00160301689261e+00 6.08817777592030e-06
3.45000000000000e+00 1.00000568929681e+00 1.00000000000000e+00 5.68929681432628e-06
3.45500000000000e+00 1.00160771983376e+00 1.00160301689261e+00 4.70294115118008e-06
3.46000000000000e+00 1.00640578907474e+00 1.00640254951956e+00 3.23955517189667e-06
3.46500000000000e+00 1.01437156840125e+00 1.01437010232018e+00 1.46608106965651e-06
3.47000000000000e+00 1.02545796422220e+00 1.02545837763829e+00 4.13416084255047e-07
3.47500000000000e+00 1.03959938512904e+00 1.03960156687779e+00 2.18174874855315e-06
3.48000000000000e+00 1.05671212120642e+00 1.05671575560427e+00 3.63439785888708e-06
3.48500000000000e+00 1.07669483609963e+00 1.07669944009536e+00 4.60399572799197e-06
3.49000000000000e+00 1.09942917164287e+00 1.09943415215529e+00 4.98051242092679e-06
3.49500000000000e+00 1.12478046370431e+00 1.12478518834171e+00 4.72463739842333e-06
3.50000000000000e+00 1.15259856646013e+00 1.15260243910915e+00 3.87264902190765e-06
3.50500000000000e+00 1.18271878066400e+00 1.18272131275752e+00 2.53209351597228e-06
3.51000000000000e+00 1.21496287976031e+00 1.21496374848942e+00 8.68729111980215e-07
3.51500000000000e+00 1.24914022604272e+00 1.24913931233114e+00 9.13711583061527e-07
3.52000000000000e+00 1.28504896762956e+00 1.28504636916085e+00 2.59846871331071e-06
3.52500000000000e+00 1.32247730593935e+00 1.32247332361861e+00 3.98232073606231e-06
3.53000000000000e+00 1.36120482269397e+00 1.36119992224821e+00 4.90044576229032e-06
3.53500000000000e+00 1.40100385529311e+00 1.40099860884315e+00 5.24644996269252e-06
3.54000000000000e+00 1.44164090967616e+00 1.44163592464141e+00 4.98503475410139e-06
3.54500000000000e+00 1.48287810044663e+00 1.48287394473691e+00 4.15570972323032e-06
3.55000000000000e+00 1.52447460895979e+00 1.52447174185242e+00 2.86710736663309e-06
3.55500000000000e+00 1.56618815111862e+00 1.56618686845015e+00 1.28266846566305e-06
3.56000000000000e+00 1.60777644762444e+00 1.60777684804300e+00 4.00418561419258e-07
3.56500000000000e+00 1.64899869023774e+00 1.64900066651302e+00 1.97627527875888e-06
3.57000000000000e+00 1.68961699810529e+00 1.68962025424335e+00 3.25613806162472e-06
3.57500000000000e+00 1.72939785833373e+00 1.72940194992690e+00 4.09159317027452e-06
3.58000000000000e+00 1.76811354472997e+00 1.76811793702778e+00 4.39229780990757e-06
3.58500000000000e+00 1.80554350803723e+00 1.80554764404025e+00 4.13600302029415e-06
3.59000000000000e+00 1.84147573017815e+00 1.84147909991322e+00 3.36973507630844e-06
3.59500000000000e+00 1.87570803411616e+00 1.87571023628478e+00 2.20216862056866e-06
3.60000000000000e+00 1.90804934012242e+00 1.90805012849909e+00 7.88376672167246e-07
3.60500000000000e+00 1.93832085864274e+00 1.93832016775567e+00 6.90887077103852e-07
3.61000000000000e+00 1.96635720972132e+00 1.96635515716554e+00 2.05255577911956e-06
3.61500000000000e+00 1.99200745913626e+00 1.99200432495795e+00 3.13417830843932e-06
3.62000000000000e+00 2.01513606206031e+00 2.01513224859221e+00 3.81346809508187e-06
3.62500000000000e+00 2.03562370614315e+00 2.03561968407860e+00 4.02206455296650e-06
3.63000000000000e+00 2.05336804733439e+00 2.05336429539657e+00 3.75193782664596e-06
3.63500000000000e+00 2.06828433340131e+00 2.06828127951470e+00 3.05388660759576e-06
3.64000000000000e+00 2.08030591179714e+00 2.08030388316029e+00 2.02863684872767e-06
3.64500000000000e+00 2.08938462015546e+00 2.08938380815405e+00 8.12001407002327e-07
3.65000000000000e+00 2.09549105909581e+00 2.09549150281253e+00 4.43716718034892e-07
3.65500000000000e+00 2.09861474813128e+00 2.09861633762302e+00 1.58949174089429e-06
3.66000000000000e+00 2.09876416622293e+00 2.09876666410972e+00 2.49788679518304e-06
3.66500000000000e+00 2.09596667893234e+00 2.09596975652967e+00 3.07759733786384e-06
3.67000000000000e+00 2.09026835423225e+00 2.09027163675968e+00 3.28252743742041e-06
3.67500000000000e+00 2.08173366893809e+00 2.08173678345563e+00 3.11451754120284e-06
3.68000000000000e+00 2.07044510753408e+00 2.07044772727895e+00 2.61974487081318e-06
3.68500000000000e+00 2.05650265501159e+00 2.05650453468774e+00 1.87967615605800e-06
3.69000000000000e+00 2.04002318532797e+00 2.04002418347677e+00 9.98148802278109e-07
3.69500000000000e+00 2.02113974732048e+00 2.02113983391842e+00 8.65979381536874e-08
3.70000000000000e+00 2.00000075042084e+00 2.00000000000000e+00 7.50420835249344e-07
3.70500000000000e+00 1.97676905331724e+00 1.97676762586894e+00 1.42744830333719e-06
3.71000000000000e+00 1.95162095975865e+00 1.95161907318189e+00 1.88657675104231e-06
3.71500000000000e+00 1.92474512690774e+00 1.92474302560309e+00 2.10130465227998e-06
3.72000000000000e+00 1.89634139291291e+00 1.89633931720795e+00 2.07570496191245e-06
3.72500000000000e+00 1.86661953156077e+00 1.86661769201745e+00 1.83954331589575e-06
3.73000000000000e+00 1.83579794287319e+00 1.83579650231313e+00 1.44056005368931e-06
3.73500000000000e+00 1.80410228923317e+00 1.80410135376010e+00 9.35473070562409e-07
3.74000000000000e+00 1.77176408701212e+00 1.77176370569363e+00 3.81318488340554e-07
3.74500000000000e+00 1.73901926372284e+00 1.73901943520098e+00 1.71478140575942e-07
3.75000000000000e+00 1.70610669048650e+00 1.70610737385376e+00 6.83367267440005e-07
3.75500000000000e+00 1.67326669916531e+00 1.67326782611444e+00 1.12694912690614e-06
3.76000000000000e+00 1.64073959299306e+00 1.64074107855382e+00 1.48556075751927e-06
3.76500000000000e+00 1.60876415905204e+00 1.60876590907298e+00 1.75002093771859e-06
3.77000000000000e+00 1.57757619060374e+00 1.57757810532303e+00 1.91471928956410e-06
3.77500000000000e+00 1.54740702714741e+00 1.54740900145948e+00 1.97431207649146e-06
3.78000000000000e+00 1.51848212017251e+00 1.51848404225504e+00 1.92208252847159e-06
3.78500000000000e+00 1.49101963284871e+00 1.49102138342582e+00 1.75057711238047e-06
3.79000000000000e+00 1.46522908227165e+00 1.46523053680291e+00 1.45453126121353e-06
3.79500000000000e+00 1.44131003323318e+00 1.44131106870462e+00 1.03547144347793e-06
3.80000000000000e+00 1.41945085267830e+00 1.41945135953695e+00 5.06858656379450e-07
3.80500000000000e+00 1.39982753393315e+00 1.39982743227203e+00 1.01661117746232e-07
3.81000000000000e+00 1.38260259936294e+00 1.38260185702999e+00 7.42332951109148e-07
3.81500000000000e+00 1.36792408932740e+00 1.36792273852040e+00 1.35080699581458e-06
3.82000000000000e+00 1.35592464418951e+00 1.35592279258843e+00 1.85160108823190e-06
3.82500000000000e+00 1.34672068480494e+00 1.34671851756181e+00 2.16724312473993e-06
3.83000000000000e+00 1.34041169551821e+00 1.34040946551008e+00 2.23000812926699e-06
3.83500000000000e+00 1.33707961238176e+00 1.33707761791153e+00 1.99447022608545e-06
3.84000000000000e+00 1.33678831824136e+00 1.33678686957979e+00 1.44866157447687e-06
3.84500000000000e+00 1.33958324560964e+00 1.33958262403436e+00 6.21575279025066e-07
3.85000000000000e+00 1.34549108792391e+00 1.34549150281253e+00 4.14888617905618e-07
3.85500000000000e+00 1.35451961983413e+00 1.35452117051728e+00 1.55068315010887e-06
3.86000000000000e+00 1.36665762749497e+00 1.36666027668282e+00 2.64918784775858e-06
3.86500000000000e+00 1.38187495028913e+00 1.38187851481848e+00 3.56452934968665e-06
3.87000000000000e+00 1.40012263579917e+00 1.40012679826999e+00 4.16247082579702e-06
3.87500000000000e+00 1.42133320997660e+00 1.42133755181640e+00 4.34183979902691e-06
3.88000000000000e+00 1.44542106416602e+00 1.44542511720754e+00 4.05304151729347e-06
3.88500000000000e+00 1.47228295981983e+00 1.47228627014469e+00 3.31032486422522e-06
3.89000000000000e+00 1.50179865035960e+00 1.50180084551966e+00 2.19516006105813e-06
3.89500000000000e+00 1.53383161776998e+00 1.53383246706028e+00 8.49290296089933e-07
3.90000000000000e+00 1.56822991930554e+00 1.56822937688661e+00 5.42418933990874e-07
3.90500000000000e+00 1.60482713738014e+00 1.60482535986612e+00 1.77751402286042e-06
3.91000000000000e+00 1.64344342356278e+00 1.64344075707161e+00 2.66649117208750e-06
3.91500000000000e+00 1.68388662589795e+00 1.68388356209650e+00 3.06380145409513e-06
3.92000000000000e+00 1.72595348773460e+00 1.72595059347097e+00 2.89426363142553e-06
3.92500000000000e+00 1.76943090603780e+00 1.76942873595353e+00 2.17008426628418e-06
3.93000000000000e+00 1.81409723780710e+00 1.81409624304787e+00 9.94759232542108e-07
3.93500000000000e+00 1.85972364464551e+00 1.85972409271722e+00 4.48071717729093e-07
3.94000000000000e+00 1.90607546749646e+00 1.90607738794081e+00 1.92044435753935e-06
3.94500000000000e+00 1.95291362577761e+00 1.95291679348016e+00 3.16770255270882e-06
3.95000000000000e+00 1.99999603721729e+00 2.00000000000000e+00 3.96278271241890e-06
3.95500000000000e+00 2.04707905626763e+00 2.04708320651983e+00 4.15025219924203e-06
3.96000000000000e+00 2.09391892971216e+00 2.09392261205918e+00 3.68234701397796e-06
3.96500000000000e+00 2.14027326779877e+00 2.14027590728278e+00 2.63948400913705e-06
3.97000000000000e+00 2.18590252785914e+00 2.18590375695213e+00 1.22909299404839e-06
3.97500000000000e+00 2.23057150503255e+00 2.23057126404647e+00 2.40986078647865e-07
3.98000000000000e+00 2.27405082166754e+00 2.27404940652903e+00 1.41513851126263e-06
3.98500000000000e+00 2.31611840362003e+00 2.31611643790350e+00 1.96571653621191e-06
3.99000000000000e+00 2.35656092846255e+00 2.35655924292839e+00 1.68553416202144e-06
3.99500000000000e+00 2.39517522802607e+00 2.39517464013388e+00 5.87892182934979e-07
4.00000000000000e+00 2.43176962610891e+00 2.43177062311338e+00 9.97004475866703e-07
