variables = x, value-predict, value-true, error
0.00000000000000e+00 2.43082206109665e+00 2.43177062311339e+00 9.48562016735544e-04
5.00000000000000e-03 2.46522276656021e+00 2.46616753293972e+00 9.44766379513684e-04
1.00000000000000e-02 2.49725181619518e+00 2.49819915448034e+00 9.47338285160804e-04
1.50000000000000e-02 2.52676296566272e+00 2.52771372985530e+00 9.50764192579001e-04
2.00000000000000e-02 2.55362372344010e+00 2.55457488279246e+00 9.51159352358566e-04
2.50000000000000e-02 2.57771652529810e+00 2.57866244818360e+00 9.45922885497108e-04
3.00000000000000e-02 2.59893973923061e+00 2.59987320173000e+00 9.33462499395965e-04
3.50000000000000e-02 2.61720850344486e+00 2.61812148518152e+00 9.12981736667984e-04
4.00000000000000e-02 2.63245540362352e+00 2.63333972331718e+00 8.84319693662317e-04
4.50000000000000e-02 2.64463099805835e+00 2.64547882948272e+00 8.47831424367396e-04
5.00000000000000e-02 2.65370420042735e+00 2.65450849718747e+00 8.04296760125389e-04
5.50000000000000e-02 2.65966253003834e+00 2.66041737596564e+00 7.54845927303460e-04
6.00000000000000e-02 2.66251223846557e+00 2.66321313042021e+00 7.00891954641403e-04
6.50000000000000e-02 2.66227831989768e+00 2.66292238208847e+00 6.44062190784833e-04
7.00000000000000e-02 2.65900441046376e+00 2.65959053448992e+00 5.86124026159762e-04
7.50000000000000e-02 2.65275257959438e+00 2.65328148243819e+00 5.28902843804246e-04
8.00000000000000e-02 2.64360301437858e+00 2.64407720741157e+00 4.74193032996784e-04
8.50000000000000e-02 2.63165359614236e+00 2.63207726147960e+00 4.23665337244916e-04
9.00000000000000e-02 2.61701936729991e+00 2.61739814297001e+00 3.78775670095255e-04
9.50000000000000e-02 2.59983188605636e+00 2.60017256772797e+00 3.40681671614718e-04
1.00000000000000e-01 2.58023846684628e+00 2.58054864046305e+00 3.10173616767440e-04
1.05000000000000e-01 2.55840130547865e+00 2.55868893129538e+00 2.87625816731474e-04
1.10000000000000e-01 2.53449648975651e+00 2.53476946319709e+00 2.72973440586632e-04
1.15000000000000e-01 2.50871289871578e+00 2.50897861657418e+00 2.65717858397796e-04
1.20000000000000e-01 2.48125099639149e+00 2.48151595774496e+00 2.64961353464876e-04
1.25000000000000e-01 2.45232152894360e+00 2.45259099854052e+00 2.69469596918537e-04
1.30000000000000e-01 2.42214413681024e+00 2.42242189467697e+00 2.77757866735229e-04
1.35000000000000e-01 2.39094589605994e+00 2.39123409092702e+00 2.88194867082314e-04
1.40000000000000e-01 2.35895980506813e+00 2.35925892144618e+00 2.99116378050357e-04
1.45000000000000e-01 2.32642323387720e+00 2.32673217388556e+00 3.08940008364456e-04
1.50000000000000e-01 2.29357635400971e+00 2.29389262614624e+00 3.16272136529516e-04
1.55000000000000e-01 2.26066056606178e+00 2.26098056479902e+00 3.19998737237537e-04
1.60000000000000e-01 2.22791694115964e+00 2.22823629430637e+00 3.19353146731149e-04
1.65000000000000e-01 2.19558469044221e+00 2.19589864623990e+00 3.13955797687893e-04
1.70000000000000e-01 2.16389967432295e+00 2.16420349768687e+00 3.03823363921651e-04
1.75000000000000e-01 2.13309296061334e+00 2.13338230798255e+00 2.89347369209381e-04
1.80000000000000e-01 2.10338943790560e+00 2.10366068279205e+00 2.71244886449473e-04
1.85000000000000e-01 2.07500648815239e+00 2.07525697439691e+00 2.50486244517845e-04
1.90000000000000e-01 2.04815272035491e+00 2.04838092681811e+00 2.28206463195768e-04
1.95000000000000e-01 2.02302676583494e+00 2.02323237413107e+00 2.05608296127480e-04
2.00000000000000e-01 1.99981613481205e+00 2.00000000000000e+00 1.83865187946886e-04
2.05000000000000e-01 1.97869613395341e+00 1.97886016608158e+00 1.64032128173730e-04
2.10000000000000e-01 1.95982884515803e+00 1.95997581652323e+00 1.46971365202475e-04
2.15000000000000e-01 1.94336216696403e+00 1.94349546531226e+00 1.33298348223843e-04
2.20000000000000e-01 1.92942892145998e+00 1.92955227272105e+00 1.23351261066551e-04
2.25000000000000e-01 1.91814603124472e+00 1.91826321654437e+00 1.17185299651990e-04
2.30000000000000e-01 1.90961377260536e+00 1.90972836324032e+00 1.14590634960665e-04
2.35000000000000e-01 1.90391511247313e+00 1.90403024347033e+00 1.15130997200508e-04
2.40000000000000e-01 1.90111513770305e+00 1.90123333589028e+00 1.18198187230689e-04
2.45000000000000e-01 1.90126058567806e+00 1.90138366237698e+00 1.23076698924640e-04
2.50000000000000e-01 1.90437948509049e+00 1.90450849718747e+00 1.29012096982128e-04
2.55000000000000e-01 1.91048091498675e+00 1.91061619184595e+00 1.35276859202227e-04
2.60000000000000e-01 1.91955488881877e+00 1.91969611683971e+00 1.41228020942519e-04
2.65000000000000e-01 1.93157236841920e+00 1.93171872048530e+00 1.46352066101141e-04
2.70000000000000e-01 1.94648541063980e+00 1.94663570460343e+00 1.50293963628867e-04
2.75000000000000e-01 1.96422744702224e+00 1.96438031592140e+00 1.52868899164771e-04
2.80000000000000e-01 1.98471369447476e+00 1.98486775140779e+00 1.54056933032498e-04
2.85000000000000e-01 2.00784169267005e+00 2.00799567504205e+00 1.53982372003370e-04
2.90000000000000e-01 2.03349196189903e+00 2.03364484283446e+00 1.52880935428534e-04
2.95000000000000e-01 2.06152877352123e+00 2.06167983224433e+00 1.51058723103947e-04
3.00000000000000e-01 2.09180102401212e+00 2.09194987150091e+00 1.48847488786963e-04
3.05000000000000e-01 2.12414320294415e+00 2.12428976371522e+00 1.46560771065118e-04
3.10000000000000e-01 2.15837644503039e+00 2.15852090008677e+00 1.44455056383386e-04
3.15000000000000e-01 2.19430965654870e+00 2.19445235595975e+00 1.42699411044944e-04
3.20000000000000e-01 2.23174070696088e+00 2.23188206297222e+00 1.41356011333915e-04
3.25000000000000e-01 2.27045767723698e+00 2.27059805007310e+00 1.40372836122449e-04
3.30000000000000e-01 2.31024015717500e+00 2.31037974575665e+00 1.39588581649530e-04
3.35000000000000e-01 2.35086058475989e+00 2.35099933348698e+00 1.38748727090299e-04
3.40000000000000e-01 2.39208562123666e+00 2.39222315195700e+00 1.37530720338841e-04
3.45000000000000e-01 2.43367755600941e+00 2.43381313154985e+00 1.35575540442190e-04
3.50000000000000e-01 2.47539573567477e+00 2.47552825814758e+00 1.32522472804819e-04
3.55000000000000e-01 2.51699801144079e+00 2.51712605526309e+00 1.28043822292589e-04
3.60000000000000e-01 2.55824219888474e+00 2.55836407535859e+00 1.21876473843319e-04
3.65000000000000e-01 2.59888754350480e+00 2.59900139115685e+00 1.13847652049248e-04
3.70000000000000e-01 2.63869618487934e+00 2.63880007775179e+00 1.03892872447719e-04
3.75000000000000e-01 2.67743461153558e+00 2.67752667638138e+00 9.20648458060391e-05
3.80000000000000e-01 2.71487509792104e+00 2.71495363083915e+00 7.85329181054450e-05
3.85000000000000e-01 2.75079711424146e+00 2.75086068766886e+00 6.35734273939370e-05
3.90000000000000e-01 2.78498869944032e+00 2.78503625151058e+00 4.75520702574173e-05
3.95000000000000e-01 2.81724778730046e+00 2.81727868724248e+00 3.08999420153278e-05
4.00000000000000e-01 2.84738347557873e+00 2.84739756089084e+00 1.40853121095574e-05
4.05000000000000e-01 2.87521722825748e+00 2.87521481165829e+00 2.41659918298609e-06
4.10000000000000e-01 2.90058400140701e+00 2.90056584784471e+00 1.81535622925111e-05
4.15000000000000e-01 2.92333328378292e+00 2.92330055990464e+00 3.27238782862338e-05
4.20000000000000e-01 2.94333004409862e+00 2.94328424439572e+00 4.57997028968649e-05
4.25000000000000e-01 2.96045557787529e+00 2.96039843312221e+00 5.71447530846036e-05
4.30000000000000e-01 2.97460824783377e+00 2.97454162236171e+00 6.66254720598225e-05
4.35000000000000e-01 2.98570411290840e+00 2.98562989767982e+00 7.42152285719833e-05
4.40000000000000e-01 2.99367744208949e+00 2.99359745048043e+00 7.99916090521435e-05
4.45000000000000e-01 2.99848111040272e+00 2.99839698310739e+00 8.41272953282513e-05
4.50000000000000e-01 3.00008687538073e+00 3.00000000000000e+00 8.68753807261591e-05
4.55000000000000e-01 2.99848553335759e+00 2.99839698310739e+00 8.85502501968283e-05
4.60000000000000e-01 2.99368695580886e+00 2.99359745048043e+00 8.95053284257763e-05
4.65000000000000e-01 2.98572000676735e+00 2.98562989767982e+00 9.01090875315980e-05
4.70000000000000e-01 2.97463234307266e+00 2.97454162236171e+00 9.07207109492880e-05
4.75000000000000e-01 2.96049009986791e+00 2.96039843312221e+00 9.16667456980491e-05
4.80000000000000e-01 2.94337746435297e+00 2.94328424439572e+00 9.32199572489800e-05
4.85000000000000e-01 2.92339614134859e+00 2.92330055990464e+00 9.55814439502767e-05
4.90000000000000e-01 2.90066471473037e+00 2.90056584784471e+00 9.88668856556352e-05
4.95000000000000e-01 2.87531790926203e+00 2.87521481165829e+00 1.03097603738167e-04
5.00000000000000e-01 2.84750575779515e+00 2.84739756089084e+00 1.08196904307967e-04
5.05000000000000e-01 2.81739267920882e+00 2.81727868724248e+00 1.13991966344873e-04
5.10000000000000e-01 2.78515647283296e+00 2.78503625151058e+00 1.20221322374547e-04
5.15000000000000e-01 2.75098723542835e+00 2.75086068766886e+00 1.26547759490947e-04
5.20000000000000e-01 2.71508620708163e+00 2.71495363083915e+00 1.32576242481530e-04
5.25000000000000e-01 2.67766455260818e+00 2.67752667638138e+00 1.37876226796063e-04
5.30000000000000e-01 2.63894208524249e+00 2.63880007775179e+00 1.42007490701257e-04
5.35000000000000e-01 2.59914593953497e+00 2.59900139115685e+00 1.44548378122611e-04
5.40000000000000e-01 2.55850920047617e+00 2.55836407535859e+00 1.45125117581024e-04
5.45000000000000e-01 2.51726949594560e+00 2.51712605526309e+00 1.43440682515816e-04
5.50000000000000e-01 2.47566755965078e+00 2.47552825814758e+00 1.39301503202738e-04
5.55000000000000e-01 2.43394577180158e+00 2.43381313154985e+00 1.32640251730098e-04
5.60000000000000e-01 2.39234668487772e+00 2.39222315195700e+00 1.23532920720759e-04
5.65000000000000e-01 2.35111154201203e+00 2.35099933348698e+00 1.12208525052893e-04
5.70000000000000e-01 2.31047879574569e+00 2.31037974575665e+00 9.90499890400898e-05
5.75000000000000e-01 2.27068263522222e+00 2.27059805007310e+00 8.45851491177996e-05
5.80000000000000e-01 2.23195153027599e+00 2.23188206297222e+00 6.94673037755500e-05
5.85000000000000e-01 2.19450680132566e+00 2.19445235595975e+00 5.44453659112598e-05
5.90000000000000e-01 2.15856122447939e+00 2.15852090008677e+00 4.03243926165864e-05
5.95000000000000e-01 2.12431768176060e+00 2.12428976371522e+00 2.79180453821581e-05
6.00000000000000e-01 2.09196786681770e+00 2.09194987150091e+00 1.79953167935842e-05
6.05000000000000e-01 2.06169105683166e+00 2.06167983224433e+00 1.12245873284955e-05
6.10000000000000e-01 2.03365296151194e+00 2.03364484283446e+00 8.11867748273798e-06
6.15000000000000e-01 2.00800466000811e+00 2.00799567504205e+00 8.98496606094312e-06
6.20000000000000e-01 1.98488163619660e+00 1.98486775140779e+00 1.38847888102589e-05
6.25000000000000e-01 1.96440292208071e+00 1.96438031592140e+00 2.26061593104898e-05
6.30000000000000e-01 1.94667035793471e+00 1.94663570460343e+00 3.46533312749475e-05
6.35000000000000e-01 1.93176797632572e+00 1.93171872048530e+00 4.92558404197041e-05
6.40000000000000e-01 1.91976151528910e+00 1.91969611683971e+00 6.53984493927950e-05
6.45000000000000e-01 1.91069806377527e+00 1.91061619184595e+00 8.18719293220749e-05
6.50000000000000e-01 1.90460584012819e+00 1.90450849718747e+00 9.73429407176152e-05
6.55000000000000e-01 1.90149410192716e+00 1.90138366237698e+00 1.10439550176755e-04
6.60000000000000e-01 1.90135318317505e+00 1.90123333589028e+00 1.19847284770325e-04
6.65000000000000e-01 1.90415465271386e+00 1.90403024347033e+00 1.24409243538404e-04
6.70000000000000e-01 1.90985158605033e+00 1.90972836324032e+00 1.23222810014090e-04
6.75000000000000e-01 1.91837894162142e+00 1.91826321654437e+00 1.15725077044715e-04
6.80000000000000e-01 1.92965403202451e+00 1.92955227272105e+00 1.01759303466675e-04
6.85000000000000e-01 1.94357708093092e+00 1.94349546531226e+00 8.16156186655981e-05
6.90000000000000e-01 1.96003185728294e+00 1.95997581652323e+00 5.60407597081092e-05
6.95000000000000e-01 1.97888637986583e+00 1.97886016608158e+00 2.62137842459431e-05
7.00000000000000e-01 1.99999368730242e+00 2.00000000000000e+00 6.31269757600528e-06
7.05000000000000e-01 2.02319267073965e+00 2.02323237413106e+00 3.97033914127931e-05
7.10000000000000e-01 2.04830896874338e+00 2.04838092681811e+00 7.19580747299275e-05
7.15000000000000e-01 2.07515592593357e+00 2.07525697439691e+00 1.01048463342135e-04
7.20000000000000e-01 2.10353561842546e+00 2.10366068279205e+00 1.25064366589545e-04
7.25000000000000e-01 2.13323994998005e+00 2.13338230798255e+00 1.42358002501286e-04
7.30000000000000e-01 2.16405182275102e+00 2.16420349768687e+00 1.51674935850554e-04
7.35000000000000e-01 2.19574638556738e+00 2.19589864623990e+00 1.52260672521720e-04
7.40000000000000e-01 2.22809236082061e+00 2.22823629430637e+00 1.43933485763803e-04
7.45000000000000e-01 2.26085344833732e+00 2.26098056479902e+00 1.27116461694943e-04
7.50000000000000e-01 2.29378980129840e+00 2.29389262614624e+00 1.02824847835414e-04
7.55000000000000e-01 2.32665956557411e+00 2.32673217388556e+00 7.26083114543918e-05
7.60000000000000e-01 2.35922047008123e+00 2.35925892144618e+00 3.84513649471785e-05
7.65000000000000e-01 2.39123145225491e+00 2.39123409092702e+00 2.63867210570368e-06
7.70000000000000e-01 2.42245429976765e+00 2.42242189467697e+00 3.24050906823636e-05
7.75000000000000e-01 2.45265528748400e+00 2.45259099854052e+00 6.42889434825378e-05
7.80000000000000e-01 2.48160678750414e+00 2.48151595774496e+00 9.08297591810658e-05
7.85000000000000e-01 2.50908883013159e+00 2.50897861657418e+00 1.10213557408034e-04
7.90000000000000e-01 2.53489059471227e+00 2.53476946319709e+00 1.21131515176121e-04
7.95000000000000e-01 2.55881181145423e+00 2.55868893129538e+00 1.22880158846872e-04
8.00000000000000e-01 2.58066405838472e+00 2.58054864046305e+00 1.15417921668470e-04
8.05000000000000e-01 2.60027194130330e+00 2.60017256772797e+00 9.93735753276326e-05
8.10000000000000e-01 2.61747414866875e+00 2.61739814297001e+00 7.60056987409996e-05
8.15000000000000e-01 2.63212437751948e+00 2.63207726147960e+00 4.71160398771708e-05
8.20000000000000e-01 2.64409213048017e+00 2.64407720741157e+00 1.49230685906332e-05
8.25000000000000e-01 2.65326338738945e+00 2.65328148243819e+00 1.80950487362885e-05
8.30000000000000e-01 2.65954115788006e+00 2.65959053448992e+00 4.93766098608184e-05
8.35000000000000e-01 2.66284592319870e+00 2.66292238208847e+00 7.64588897710361e-05
8.40000000000000e-01 2.66311597658416e+00 2.66321313042021e+00 9.71538360503565e-05
8.45000000000000e-01 2.66030767161368e+00 2.66041737596564e+00 1.09704351954232e-04
8.50000000000000e-01 2.65439558713569e+00 2.65450849718747e+00 1.12910051781601e-04
8.55000000000000e-01 2.64537261584882e+00 2.64547882948272e+00 1.06213633890739e-04
8.60000000000000e-01 2.63324998142998e+00 2.63333972331718e+00 8.97418872054523e-05
8.65000000000000e-01 2.61805718656716e+00 2.61812148518153e+00 6.42986143679636e-05
8.70000000000000e-01 2.59984189154485e+00 2.59987320173000e+00 3.13101851534547e-05
8.75000000000000e-01 2.57866972040056e+00 2.57866244818360e+00 7.27221696772418e-06
8.80000000000000e-01 2.55462398935155e+00 2.55457488279246e+00 4.91065590906281e-05
8.85000000000000e-01 2.52780535038681e+00 2.52771372985530e+00 9.16205315126817e-05
8.90000000000000e-01 2.49833134180234e+00 2.49819915448034e+00 1.32187322007482e-04
8.95000000000000e-01 2.46633583714449e+00 2.46616753293972e+00 1.68304204771097e-04
9.00000000000000e-01 2.43196838458014e+00 2.43177062311339e+00 1.97761466748769e-04
9.05000000000000e-01 2.39539343012687e+00 2.39517464013388e+00 2.18789992992630e-04
9.10000000000000e-01 2.35678942038477e+00 2.35655924292839e+00 2.30177456378655e-04
9.15000000000000e-01 2.31634778328290e+00 2.31611643790350e+00 2.31345379405390e-04
9.20000000000000e-01 2.27427178870948e+00 2.27404940652903e+00 2.22382180453895e-04
9.25000000000000e-01 2.23077529451480e+00 2.23057126404647e+00 2.04030468331506e-04
9.30000000000000e-01 2.18608138702505e+00 2.18590375695213e+00 1.77630072916379e-04
9.35000000000000e-01 2.14042092864146e+00 2.14027590728277e+00 1.45021358686215e-04
9.40000000000000e-01 2.09403102810305e+00 2.09392261205918e+00 1.08416043866910e-04
9.45000000000000e-01 2.04715345137547e+00 2.04708320651983e+00 7.02448556344493e-05
9.50000000000000e-01 2.00003299275594e+00 2.00000000000000e+00 3.29927559348242e-05
9.55000000000000e-01 1.95291582657478e+00 1.95291679348017e+00 9.66905387977945e-07
9.60000000000000e-01 1.90604785980961e+00 1.90607738794082e+00 2.95281312125972e-05
9.65000000000000e-01 1.85967310504863e+00 1.85972409271723e+00 5.09876686007882e-05
9.70000000000000e-01 1.81403209163887e+00 1.81409624304787e+00 6.41514089991801e-05
9.75000000000000e-01 1.76936033066812e+00 1.76942873595353e+00 6.84052854127426e-05
9.80000000000000e-01 1.72588684681985e+00 1.72595059347097e+00 6.37466511173024e-05
9.85000000000000e-01 1.68383278729051e+00 1.68388356209650e+00 5.07748059919155e-05
9.90000000000000e-01 1.64341011504615e+00 1.64344075707161e+00 3.06420254607698e-05
9.95000000000000e-01 1.60482039089704e+00 1.60482535986612e+00 4.96896907531408e-06
1.00000000000000e+00 1.56825364633272e+00 1.56822937688661e+00 2.42694461105586e-05
1.00500000000000e+00 1.53388734691417e+00 1.53383246706028e+00 5.48798538895223e-05
1.01000000000000e+00 1.50188544435618e+00 1.50180084551966e+00 8.45988365161254e-05
1.01500000000000e+00 1.47239751431210e+00 1.47228627014470e+00 1.11244167404267e-04
1.02000000000000e+00 1.44555797631898e+00 1.44542511720755e+00 1.32859111430017e-04
1.02500000000000e+00 1.42148539236618e+00 1.42133755181640e+00 1.47840549778122e-04
1.03000000000000e+00 1.40028184107446e+00 1.40012679827000e+00 1.55042804465433e-04
1.03500000000000e+00 1.38203236544843e+00 1.38187851481848e+00 1.53850629956320e-04
1.04000000000000e+00 1.36680449350227e+00 1.36666027668282e+00 1.44216819455645e-04
1.04500000000000e+00 1.35464783264526e+00 1.35452117051728e+00 1.26662127971189e-04
1.05000000000000e+00 1.34559374042568e+00 1.34549150281253e+00 1.02237613156531e-04
1.05500000000000e+00 1.33965507593419e+00 1.33958262403436e+00 7.24518998296286e-05
1.06000000000000e+00 1.33682603772361e+00 1.33678686957979e+00 3.91681438229874e-05
1.06500000000000e+00 1.33708209537766e+00 1.33707761791153e+00 4.47746612852740e-06
1.07000000000000e+00 1.34038002273267e+00 1.34040946551008e+00 2.94427774099049e-05
1.07500000000000e+00 1.34665804111920e+00 1.34671851756181e+00 6.04764426108684e-05
1.08000000000000e+00 1.35583608076372e+00 1.35592279258843e+00 8.67118247012133e-05
1.08500000000000e+00 1.36781616762848e+00 1.36792273852040e+00 1.06570891921454e-04
1.09000000000000e+00 1.38248294145926e+00 1.38260185702999e+00 1.18915570734179e-04
1.09500000000000e+00 1.39970430869154e+00 1.39982743227203e+00 1.23123580491491e-04
1.10000000000000e+00 1.41933223121278e+00 1.41945135953695e+00 1.19128324177931e-04
1.10500000000000e+00 1.44120364891403e+00 1.44131106870462e+00 1.07419790586594e-04
1.11000000000000e+00 1.46514153064805e+00 1.46523053680291e+00 8.90061548546317e-05
1.11500000000000e+00 1.49095604483344e+00 1.49102138342582e+00 6.53385923790051e-05
1.12000000000000e+00 1.51844583771431e+00 1.51848404225504e+00 3.82045407307796e-05
1.12500000000000e+00 1.54739940441295e+00 1.54740900145948e+00 9.59704652792048e-06
1.13000000000000e+00 1.57759653559970e+00 1.57757810532303e+00 1.84302766743638e-05
1.13500000000000e+00 1.60880982101667e+00 1.60876590907298e+00 4.39119436896895e-05
1.14000000000000e+00 1.64080619035351e+00 1.64074107855382e+00 6.51117996899320e-05
1.14500000000000e+00 1.67334847214732e+00 1.67326782611444e+00 8.06460328779401e-05
1.15000000000000e+00 1.70619695245980e+00 1.70610737385376e+00 8.95786060384207e-05
1.15500000000000e+00 1.73911091699643e+00 1.73901943520098e+00 9.14817954462688e-05
1.16000000000000e+00 1.77185016292875e+00 1.77176370569363e+00 8.64572351255699e-05
1.16500000000000e+00 1.80417646975620e+00 1.80410135376010e+00 7.51159960985515e-05
1.17000000000000e+00 1.83585502184668e+00 1.83579650231313e+00 5.85195335496280e-05
1.17500000000000e+00 1.86665577854835e+00 1.86661769201745e+00 3.80865308966527e-05
1.18000000000000e+00 1.89635479069257e+00 1.89633931720795e+00 1.54734846180560e-05
1.18500000000000e+00 1.92473546465205e+00 1.92474302560309e+00 7.56095103304766e-06
1.19000000000000e+00 1.95158977667497e+00 1.95161907318189e+00 2.92965069181861e-05
1.19500000000000e+00 1.97671944084611e+00 1.97676762586894e+00 4.81850228204461e-05
1.20000000000000e+00 1.99993703368072e+00 2.00000000000000e+00 6.29663192781571e-05
1.20500000000000e+00 2.02106707707812e+00 2.02113983391842e+00 7.27568402973944e-05
1.21000000000000e+00 2.03994707929044e+00 2.04002418347677e+00 7.71041863227850e-05
1.21500000000000e+00 2.05642853091965e+00 2.05650453468774e+00 7.60037680889170e-05
1.22000000000000e+00 2.07037785003219e+00 2.07044772727895e+00 6.98772467662145e-05
1.22500000000000e+00 2.08167726759959e+00 2.08173678345563e+00 5.95158560372511e-05
1.23000000000000e+00 2.09022564196431e+00 2.09027163675968e+00 4.59947953679318e-05
1.23500000000000e+00 2.09593918918811e+00 2.09596975652967e+00 3.05673415619268e-05
1.24000000000000e+00 2.09875211519636e+00 2.09876666410972e+00 1.45489133593912e-05
1.24500000000000e+00 2.09861713572566e+00 2.09861633762302e+00 7.98102644417042e-07
1.25000000000000e+00 2.09550587124467e+00 2.09549150281253e+00 1.43684321387560e-05
1.25500000000000e+00 2.08940910617299e+00 2.08938380815405e+00 2.52980189330287e-05
1.26000000000000e+00 2.08033690468988e+00 2.08030388316029e+00 3.30215295907266e-05
1.26500000000000e+00 2.06831857894873e+00 2.06828127951470e+00 3.72994340240851e-05
1.27000000000000e+00 2.05340250928749e+00 2.05336429539657e+00 3.82138909182927e-05
1.27500000000000e+00 2.03565581973406e+00 2.03561968407860e+00 3.61356554670067e-05
1.28000000000000e+00 2.01516391544881e+00 2.01513224859221e+00 3.16668566027190e-05
1.28500000000000e+00 1.99202989147990e+00 1.99200432495795e+00 2.55665219504042e-05
1.29000000000000e+00 1.96637382415694e+00 1.96635515716554e+00 1.86669913975201e-05
1.29500000000000e+00 1.93833195752738e+00 1.93832016775567e+00 1.17897717097915e-05
1.30000000000000e+00 1.90805579744931e+00 1.90805012849909e+00 5.66895022391378e-06
1.30500000000000e+00 1.87571112537735e+00 1.87571023628478e+00 8.89092563127747e-07
1.31000000000000e+00 1.84147694266418e+00 1.84147909991323e+00 2.15724904384373e-06
1.31500000000000e+00 1.80554435454997e+00 1.80554764404025e+00 3.28949028105541e-06
1.32000000000000e+00 1.76811540114895e+00 1.76811793702778e+00 2.53587883269901e-06
1.32500000000000e+00 1.72940184089883e+00 1.72940194992690e+00 1.09028074346540e-07
1.33000000000000e+00 1.68962389032614e+00 1.68962025424335e+00 3.63608278952654e-06
1.33500000000000e+00 1.64900892277844e+00 1.64900066651302e+00 8.25626542533264e-06
1.34000000000000e+00 1.60779012811239e+00 1.60777684804300e+00 1.32800693870561e-05
1.34500000000000e+00 1.56620513527445e+00 1.56618686845015e+00 1.82668243040585e-05
1.35000000000000e+00 1.52449460027918e+00 1.52447174185242e+00 2.28584267600862e-05
1.35500000000000e+00 1.48290076322052e+00 1.48287394473691e+00 2.68184836083041e-05
1.36000000000000e+00 1.44166597953779e+00 1.44163592464141e+00 3.00548963803049e-05
1.36500000000000e+00 1.40103123264154e+00 1.40099860884315e+00 3.26237983958588e-05
1.37000000000000e+00 1.36123463700087e+00 1.36119992224821e+00 3.47147526611469e-05
1.37500000000000e+00 1.32250994270488e+00 1.32247332361862e+00 3.66190862668425e-05
1.38000000000000e+00 1.28508505414500e+00 1.28504636916085e+00 3.86849841493841e-05
1.38500000000000e+00 1.24918057665578e+00 1.24913931233114e+00 4.12643246352484e-05
1.39000000000000e+00 1.21500840557454e+00 1.21496374848942e+00 4.46570851213579e-05
1.39500000000000e+00 1.18277037216193e+00 1.18272131275752e+00 4.90594044126880e-05
1.40000000000000e+00 1.15265696015274e+00 1.15260243910916e+00 5.45210435816124e-05
1.40500000000000e+00 1.12484610542380e+00 1.12478518834171e+00 6.09170820951022e-05
1.41000000000000e+00 1.09950208947316e+00 1.09943415215529e+00 6.79373178722464e-05
1.41500000000000e+00 1.07677453523951e+00 1.07669944009536e+00 7.50951441494951e-05
1.42000000000000e+00 1.05679751142311e+00 1.05671575560428e+00 8.17558188326295e-05
1.42500000000000e+00 1.03968874907427e+00 1.03960156687779e+00 8.71821964820718e-05
1.43000000000000e+00 1.02554897196491e+00 1.02545837763829e+00 9.05943266176212e-05
1.43500000000000e+00 1.01446134030153e+00 1.01437010232018e+00 9.12379813551301e-05
1.44000000000000e+00 1.00649100579068e+00 1.00640254951957e+00 8.84562711105374e-05
1.44500000000000e+00 1.00168477500311e+00 1.00160301689261e+00 8.17581104992637e-05
1.45000000000000e+00 1.00007087743182e+00 1.00000000000000e+00 7.08774318229910e-05
1.45500000000000e+00 1.00165883458397e+00 1.00160301689261e+00 5.58176913645347e-05
1.46000000000000e+00 1.00643942683186e+00 1.00640254951957e+00 3.68773122993993e-05
1.46500000000000e+00 1.01438475548512e+00 1.01437010232018e+00 1.46531649407589e-05
1.47000000000000e+00 1.02544839851727e+00 1.02545837763829e+00 9.97912101952103e-06
1.47500000000000e+00 1.03956565945966e+00 1.03960156687779e+00 3.59074181344177e-05
1.48000000000000e+00 1.05665391002761e+00 1.05671575560428e+00 6.18455766632220e-05
1.48500000000000e+00 1.07661302794140e+00 1.07669944009536e+00 8.64121539612128e-05
1.49000000000000e+00 1.09932593203444e+00 1.09943415215529e+00 1.08220120843772e-04
1.49500000000000e+00 1.12465921701100e+00 1.12478518834171e+00 1.25971330703134e-04
1.50000000000000e+00 1.15246389006302e+00 1.15260243910916e+00 1.38549046136305e-04
1.50500000000000e+00 1.18257621094785e+00 1.18272131275752e+00 1.45101809669423e-04
1.51000000000000e+00 1.21481863606916e+00 1.21496374848942e+00 1.45112420259608e-04
1.51500000000000e+00 1.24900086562636e+00 1.24913931233114e+00 1.38446704778916e-04
1.52000000000000e+00 1.28492099107236e+00 1.28504636916085e+00 1.25378088493999e-04
1.52500000000000e+00 1.32236673803764e+00 1.32247332361862e+00 1.06585580980312e-04
1.53000000000000e+00 1.36111679765599e+00 1.36119992224821e+00 8.31245922170432e-05
1.53500000000000e+00 1.40094223699008e+00 1.40099860884315e+00 5.63718530641744e-05
1.54000000000000e+00 1.44160797713545e+00 1.44163592464141e+00 2.79475059645762e-05
1.54500000000000e+00 1.48287432570497e+00 1.48287394473691e+00 3.80968058655284e-07
1.55000000000000e+00 1.52449854887594e+00 1.52447174185242e+00 2.68070235214246e-05
1.55500000000000e+00 1.56623646710793e+00 1.56618686845015e+00 4.95986577835339e-05
1.56000000000000e+00 1.60784405807714e+00 1.60777684804300e+00 6.72100341345683e-05
1.56500000000000e+00 1.64907905035063e+00 1.64900066651302e+00 7.83838376097190e-05
1.57000000000000e+00 1.68970249184135e+00 1.68962025424335e+00 8.22375980020773e-05
1.57500000000000e+00 1.72948027810441e+00 1.72940194992690e+00 7.83281775096345e-05
1.58000000000000e+00 1.76818462699320e+00 1.76811793702778e+00 6.66899654171438e-05
1.58500000000000e+00 1.80559548799840e+00 1.80554764404025e+00 4.78439581454992e-05
1.59000000000000e+00 1.84150187663579e+00 1.84147909991323e+00 2.27767225602360e-05
1.59500000000000e+00 1.87570312641160e+00 1.87571023628478e+00 7.10987318286449e-06
1.60000000000000e+00 1.90801005305415e+00 1.90805012849909e+00 4.00754449407792e-05
1.60500000000000e+00 1.93824602774310e+00 1.93832016775567e+00 7.41400125670033e-05
1.61000000000000e+00 1.96624795788862e+00 1.96635515716554e+00 1.07199276927705e-04
1.61500000000000e+00 1.99186717552590e+00 1.99200432495795e+00 1.37149432053896e-04
1.62000000000000e+00 2.01497023453454e+00 2.01513224859221e+00 1.62014057675908e-04
1.62500000000000e+00 2.03543961862730e+00 2.03561968407860e+00 1.80065451298894e-04
1.63000000000000e+00 2.05317436236827e+00 2.05336429539657e+00 1.89933028304612e-04
1.63500000000000e+00 2.06809058738997e+00 2.06828127951470e+00 1.90692124731218e-04
1.64000000000000e+00 2.08012195552014e+00 2.08030388316029e+00 1.81927640153567e-04
1.64500000000000e+00 2.08922003976167e+00 2.08938380815405e+00 1.63768392382302e-04
1.65000000000000e+00 2.09535461306932e+00 2.09549150281253e+00 1.36889743211022e-04
1.65500000000000e+00 2.09851385372541e+00 2.09861633762302e+00 1.02483897613581e-04
1.66000000000000e+00 2.09870446493158e+00 2.09876666410972e+00 6.21991781395437e-05
1.66500000000000e+00 2.09595170510759e+00 2.09596975652967e+00 1.80514220837757e-05
1.67000000000000e+00 2.09029932442097e+00 2.09027163675968e+00 2.76876612823607e-05
1.67500000000000e+00 2.08180940235828e+00 2.08173678345563e+00 7.26189026485358e-05
1.68000000000000e+00 2.07056208076962e+00 2.07044772727895e+00 1.14353490663355e-04
1.68500000000000e+00 2.05665518684074e+00 2.05650453468774e+00 1.50652152993924e-04
1.69000000000000e+00 2.04020374091413e+00 2.04002418347677e+00 1.79557437364419e-04
1.69500000000000e+00 2.02133934501359e+00 2.02113983391842e+00 1.99511095163807e-04
1.70000000000000e+00 2.00020944931796e+00 2.00000000000000e+00 2.09449317961408e-04
1.70500000000000e+00 1.97697649564565e+00 1.97676762586893e+00 2.08869776716192e-04
1.71000000000000e+00 1.95181693918791e+00 1.95161907318189e+00 1.97866006017788e-04
1.71500000000000e+00 1.92492015217860e+00 1.92474302560309e+00 1.77126575509945e-04
1.72000000000000e+00 1.89648721579941e+00 1.89633931720795e+00 1.47898591464690e-04
1.72500000000000e+00 1.86672960926588e+00 1.86661769201745e+00 1.11917248426963e-04
1.73000000000000e+00 1.83586780758397e+00 1.83579650231313e+00 7.13052708380957e-05
1.73500000000000e+00 1.80412980177211e+00 1.80410135376010e+00 2.84480120131825e-05
1.74000000000000e+00 1.77174955727951e+00 1.77176370569363e+00 1.41484141193970e-05
1.74500000000000e+00 1.73896542778474e+00 1.73901943520098e+00 5.40074162420634e-05
1.75000000000000e+00 1.70601854244240e+00 1.70610737385376e+00 8.88314113631772e-05
1.75500000000000e+00 1.67315118490157e+00 1.67326782611444e+00 1.16641212864144e-04
1.76000000000000e+00 1.64060518203101e+00 1.64074107855382e+00 1.35896522808210e-04
1.76500000000000e+00 1.60862031926917e+00 1.60876590907298e+00 1.45589803807855e-04
1.77000000000000e+00 1.57743279793165e+00 1.57757810532303e+00 1.45307391372862e-04
1.77500000000000e+00 1.54727374774673e+00 1.54740900145948e+00 1.35253712753469e-04
1.78000000000000e+00 1.51836780547344e+00 1.51848404225504e+00 1.16236781598555e-04
1.78500000000000e+00 1.49093176783136e+00 1.49102138342582e+00 8.96155944596355e-05
1.79000000000000e+00 1.46517332429281e+00 1.46523053680291e+00 5.72125100928300e-05
1.79500000000000e+00 1.44128987271709e+00 1.44131106870462e+00 2.11959875278112e-05
1.80000000000000e+00 1.41946741849454e+00 1.41945135953695e+00 1.60589575846082e-05
1.80500000000000e+00 1.39987955595163e+00 1.39982743227203e+00 5.21236796062752e-05
1.81000000000000e+00 1.38268652935764e+00 1.38260185702999e+00 8.46723276546335e-05
1.81500000000000e+00 1.36803437004640e+00 1.36792273852040e+00 1.11631526004574e-04
1.82000000000000e+00 1.35605410596598e+00 1.35592279258843e+00 1.31313377554010e-04
1.82500000000000e+00 1.34686104039400e+00 1.34671851756181e+00 1.42522832184744e-04
1.83000000000000e+00 1.34055409756675e+00 1.34040946551008e+00 1.44632056669147e-04
1.83500000000000e+00 1.33721523448351e+00 1.33707761791153e+00 1.37616571972643e-04
1.84000000000000e+00 1.33690892004320e+00 1.33678686957979e+00 1.22050463412515e-04
1.84500000000000e+00 1.33968168479602e+00 1.33958262403436e+00 9.90607616611072e-05
1.85000000000000e+00 1.34556174676675e+00 1.34549150281253e+00 7.02439542188404e-05
1.85500000000000e+00 1.35455872083724e+00 1.35452117051728e+00 3.75503199507854e-05
1.86000000000000e+00 1.36666342086150e+00 1.36666027668282e+00 3.14417868030326e-06
1.86500000000000e+00 1.38184776484210e+00 1.38187851481848e+00 3.07499763794183e-05
1.87000000000000e+00 1.40006479395830e+00 1.40012679827000e+00 6.20043116934532e-05
1.87500000000000e+00 1.42124881588563e+00 1.42133755181640e+00 8.87359307748525e-05
1.88000000000000e+00 1.44531568162019e+00 1.44542511720755e+00 1.09435587355211e-04
1.88500000000000e+00 1.47216320292612e+00 1.47228627014470e+00 1.23067218581019e-04
1.89000000000000e+00 1.50167171464264e+00 1.50180084551967e+00 1.29130877024597e-04
1.89500000000000e+00 1.53370478257738e+00 1.53383246706028e+00 1.27684482899459e-04
1.90000000000000e+00 1.56811005380075e+00 1.56822937688661e+00 1.19323085859158e-04
1.90500000000000e+00 1.60472024212140e+00 1.60482535986612e+00 1.05117744716443e-04
1.91000000000000e+00 1.64335423766918e+00 1.64344075707161e+00 8.65194024297633e-05
1.91500000000000e+00 1.68381832614349e+00 1.68388356209650e+00 6.52359530106672e-05
1.92000000000000e+00 1.72590750066603e+00 1.72595059347097e+00 4.30928049379720e-05
1.92500000000000e+00 1.76940684751131e+00 1.76942873595353e+00 2.18884422202859e-05
1.93000000000000e+00 1.81409298638323e+00 1.81409624304787e+00 3.25666463529828e-06
1.93500000000000e+00 1.85973554637101e+00 1.85972409271723e+00 1.14536537878518e-05
1.94000000000000e+00 1.90609866015305e+00 1.90607738794082e+00 2.12722122350240e-05
1.94500000000000e+00 1.95294246123334e+00 1.95291679348017e+00 2.56677531693672e-05
1.95000000000000e+00 2.00002457173430e+00 2.00000000000000e+00 2.45717343039242e-05
1.95500000000000e+00 2.04710157123884e+00 2.04708320651983e+00 1.83647190095115e-05
1.96000000000000e+00 2.09393044007922e+00 2.09392261205918e+00 7.82802003973515e-06
1.96500000000000e+00 2.14026997305278e+00 2.14027590728277e+00 5.93422998829141e-06
1.97000000000000e+00 2.18588216160229e+00 2.18590375695213e+00 2.15953498421406e-05
1.97500000000000e+00 2.23053354390911e+00 2.23057126404646e+00 3.77201373527036e-05
1.98000000000000e+00 2.27399652306493e+00 2.27404940652903e+00 5.28834641015941e-05
1.98500000000000e+00 2.31605065354110e+00 2.31611643790350e+00 6.57843623965704e-05
1.99000000000000e+00 2.35648389565124e+00 2.35655924292839e+00 7.53472771459762e-05
1.99500000000000e+00 2.39509383672284e+00 2.39517464013388e+00 8.08034110448830e-05
2.00000000000000e+00 2.43168887639765e+00 2.43177062311339e+00 8.17467157405716e-05
2.00500000000000e+00 2.46608937199632e+00 2.46616753293972e+00 7.81609434024055e-05
2.01000000000000e+00 2.49812873832582e+00 2.49819915448034e+00 7.04161545166393e-05
2.01500000000000e+00 2.52765449476635e+00 2.52771372985530e+00 5.92350889530024e-05
2.02000000000000e+00 2.55452925101592e+00 2.55457488279245e+00 4.56317765302749e-05
2.02500000000000e+00 2.57863162155539e+00 2.57866244818359e+00 3.08266281998648e-05
2.03000000000000e+00 2.59985705778584e+00 2.59987320173000e+00 1.61439441606070e-05
2.03500000000000e+00 2.61811858596461e+00 2.61812148518152e+00 2.89921691276618e-06
2.04000000000000e+00 2.63334743862759e+00 2.63333972331718e+00 7.71531040566487e-06
2.04500000000000e+00 2.64549356725705e+00 2.64547882948272e+00 1.47377743306976e-05
2.05000000000000e+00 2.65452602466043e+00 2.65450849718747e+00 1.75274729610209e-05
2.05500000000000e+00 2.66043320697184e+00 2.66041737596564e+00 1.58310061979527e-05
2.06000000000000e+00 2.66322294742316e+00 2.66321313042021e+00 9.81700294166998e-06
2.06500000000000e+00 2.66292245702735e+00 2.66292238208847e+00 7.49388853193977e-08
2.07000000000000e+00 2.65957811094182e+00 2.65959053448992e+00 1.24235480987167e-05
2.07500000000000e+00 2.65325508330484e+00 2.65328148243819e+00 2.63991333482316e-05
2.08000000000000e+00 2.64403683744989e+00 2.64407720741157e+00 4.03699616846609e-05
2.08500000000000e+00 2.63202448223868e+00 2.63207726147960e+00 5.27792409208416e-05
2.09000000000000e+00 2.61733600845110e+00 2.61739814297001e+00 6.21345189135702e-05
2.09500000000000e+00 2.60010542141497e+00 2.60017256772797e+00 6.71463130066385e-05
2.10000000000000e+00 2.58048178712797e+00 2.58054864046305e+00 6.68533350824951e-05
2.10500000000000e+00 2.55862820892302e+00 2.55868893129538e+00 6.07223723596562e-05
2.11000000000000e+00 2.53472075029751e+00 2.53476946319710e+00 4.87128995891872e-05
2.11500000000000e+00 2.50894731704130e+00 2.50897861657418e+00 3.12995328743959e-05
2.12000000000000e+00 2.48150650854539e+00 2.48151595774496e+00 9.44919957301948e-06
2.12500000000000e+00 2.45260644451494e+00 2.45259099854052e+00 1.54459744208246e-05
2.13000000000000e+00 2.42246356964884e+00 2.42242189467697e+00 4.16749718681331e-05
2.13500000000000e+00 2.39130143557373e+00 2.39123409092702e+00 6.73446467103211e-05
2.14000000000000e+00 2.35934945678264e+00 2.35925892144618e+00 9.05353364615280e-05
2.14500000000000e+00 2.32684163579266e+00 2.32673217388556e+00 1.09461907092268e-04
2.15000000000000e+00 2.29401525236794e+00 2.29389262614624e+00 1.22626221696898e-04
2.15500000000000e+00 2.26110951250121e+00 2.26098056479902e+00 1.28947702191073e-04
2.16000000000000e+00 2.22836415483773e+00 2.22823629430637e+00 1.27860531351942e-04
2.16500000000000e+00 2.19601801517917e+00 2.19589864623990e+00 1.19368939272224e-04
2.17000000000000e+00 2.16430755334812e+00 2.16420349768687e+00 1.04055661251490e-04
2.17500000000000e+00 2.13346535068701e+00 2.13338230798255e+00 8.30427044595794e-05
2.18000000000000e+00 2.10371859043974e+00 2.10366068279205e+00 5.79076476858731e-05
2.18500000000000e+00 2.07528753685073e+00 2.07525697439691e+00 3.05624538183835e-05
2.19000000000000e+00 2.04838403168702e+00 2.04838092681811e+00 3.10486890819917e-06
2.19500000000000e+00 2.02321002878575e+00 2.02323237413107e+00 2.23453453180866e-05
2.20000000000000e+00 1.99995618798469e+00 2.00000000000000e+00 4.38120153136712e-05
2.20500000000000e+00 1.97880054934859e+00 1.97886016608158e+00 5.96167329898201e-05
2.21000000000000e+00 1.95990730700582e+00 1.95997581652323e+00 6.85095174175476e-05
2.21500000000000e+00 1.94342569930518e+00 1.94349546531226e+00 6.97660070847483e-05
2.22000000000000e+00 1.92948902861619e+00 1.92955227272105e+00 6.32441048566967e-05
2.22500000000000e+00 1.91821382020692e+00 1.91826321654437e+00 4.93963374543771e-05
2.23000000000000e+00 1.90969912554225e+00 1.90972836324032e+00 2.92376980675080e-05
2.23500000000000e+00 1.90402597135005e+00 1.90403024347033e+00 4.27212027931390e-06
2.24000000000000e+00 1.90125695216488e+00 1.90123333589028e+00 2.36162746063417e-05
2.24500000000000e+00 1.90143596099382e+00 1.90138366237698e+00 5.22986168411954e-05
2.25000000000000e+00 1.90458805040177e+00 1.90450849718747e+00 7.95532142963129e-05
2.25500000000000e+00 1.91071941476519e+00 1.91061619184595e+00 1.03222919243695e-04
2.26000000000000e+00 1.91981748370209e+00 1.91969611683971e+00 1.21366862374517e-04
2.26500000000000e+00 1.93185111670460e+00 1.93171872048530e+00 1.32396219304498e-04
2.27000000000000e+00 1.94677088967993e+00 1.94663570460343e+00 1.35185076497013e-04
2.27500000000000e+00 1.96450946531291e+00 1.96438031592140e+00 1.29149391505212e-04
2.28000000000000e+00 1.98498204074559e+00 1.98486775140779e+00 1.14289337801665e-04
2.28500000000000e+00 2.00808686786254e+00 2.00799567504205e+00 9.11928204896384e-05
2.29000000000000e+00 2.03370584331689e+00 2.03364484283446e+00 6.10004824284083e-05
2.29500000000000e+00 2.06170516718245e+00 2.06167983224433e+00 2.53349381154067e-05
2.30000000000000e+00 2.09193607064290e+00 2.09194987150091e+00 1.38008580110593e-05
2.30500000000000e+00 2.12423561432252e+00 2.12428976371522e+00 5.41493926924375e-05
2.31000000000000e+00 2.15842755964282e+00 2.15852090008677e+00 9.33404439491525e-05
2.31500000000000e+00 2.19432331589955e+00 2.19445235595975e+00 1.29040060197649e-04
2.32000000000000e+00 2.23172296556811e+00 2.23188206297221e+00 1.59097404106134e-04
2.32500000000000e+00 2.27041636965870e+00 2.27059805007310e+00 1.81680414393259e-04
2.33000000000000e+00 2.31018435378073e+00 2.31037974575665e+00 1.95391975922998e-04
2.33500000000000e+00 2.35079997398760e+00 2.35099933348698e+00 1.99359499373220e-04
2.34000000000000e+00 2.39202985952984e+00 2.39222315195699e+00 1.93292427158376e-04
2.34500000000000e+00 2.43363562743719e+00 2.43381313154985e+00 1.77504112663041e-04
2.35000000000000e+00 2.47537536149031e+00 2.47552825814758e+00 1.52896657270585e-04
2.35500000000000e+00 2.51700514574846e+00 2.51712605526309e+00 1.20909514627510e-04
2.36000000000000e+00 2.55828064050150e+00 2.55836407535858e+00 8.34348570886156e-05
2.36500000000000e+00 2.59895868643971e+00 2.59900139115685e+00 4.27047171434047e-05
2.37000000000000e+00 2.63879892110515e+00 2.63880007775179e+00 1.15664663713488e-06
2.37500000000000e+00 2.67756539040936e+00 2.67752667638138e+00 3.87140279807241e-05
2.38000000000000e+00 2.71502813725980e+00 2.71495363083914e+00 7.45064206566504e-05
2.38500000000000e+00 2.75096474918640e+00 2.75086068766886e+00 1.04061517545162e-04
2.39000000000000e+00 2.78516184732526e+00 2.78503625151058e+00 1.25595814677748e-04
2.39500000000000e+00 2.81741650018545e+00 2.81727868724248e+00 1.37812942969884e-04
2.40000000000000e+00 2.84753754725173e+00 2.84739756089084e+00 1.39986360884414e-04
2.40500000000000e+00 2.87534681957932e+00 2.87521481165829e+00 1.32007921026744e-04
2.41000000000000e+00 2.90068024701108e+00 2.90056584784471e+00 1.14399166368795e-04
2.41500000000000e+00 2.92338884436204e+00 2.92330055990463e+00 8.82844574072728e-05
2.42000000000000e+00 2.94333957173285e+00 2.94328424439572e+00 5.53273371282081e-05
2.42500000000000e+00 2.96041606688653e+00 2.96039843312221e+00 1.76337643238433e-05
2.43000000000000e+00 2.97451925021545e+00 2.97454162236171e+00 2.23721462626614e-05
2.43500000000000e+00 2.98556780511327e+00 2.98562989767982e+00 6.20925665550942e-05
2.44000000000000e+00 2.99349853844770e+00 2.99359745048043e+00 9.89120327332671e-05
2.44500000000000e+00 2.99826662722939e+00 2.99839698310739e+00 1.30355878004806e-04
2.45000000000000e+00 2.99984575844362e+00 3.00000000000000e+00 1.54241556384438e-04
2.45500000000000e+00 2.99822816934276e+00 2.99839698310739e+00 1.68813764630737e-04
2.46000000000000e+00 2.99342459530560e+00 2.99359745048044e+00 1.72855174833231e-04
2.46500000000000e+00 2.98546413170198e+00 2.98562989767982e+00 1.65765977841570e-04
2.47000000000000e+00 2.97439401513238e+00 2.97454162236171e+00 1.47607229330493e-04
2.47500000000000e+00 2.96027932803588e+00 2.96039843312221e+00 1.19105086326510e-04
2.48000000000000e+00 2.94320262908994e+00 2.94328424439572e+00 8.16153057803248e-05
2.48500000000000e+00 2.92326351018429e+00 2.92330055990464e+00 3.70497203485698e-05
2.49000000000000e+00 2.90057807916607e+00 2.90056584784471e+00 1.22313213584135e-05
2.49500000000000e+00 2.87527836615289e+00 2.87521481165830e+00 6.35544945923883e-05
2.50000000000000e+00 2.84751165011023e+00 2.84739756089084e+00 1.14089219388713e-04
2.50500000000000e+00 2.81743970169636e+00 2.81727868724248e+00 1.61014453879726e-04
2.51000000000000e+00 2.78523793817187e+00 2.78503625151058e+00 2.01686661287059e-04
2.51500000000000e+00 2.75109448651034e+00 2.75086068766886e+00 2.33798841485999e-04
2.52000000000000e+00 2.71520915175400e+00 2.71495363083915e+00 2.55520914854035e-04
2.52500000000000e+00 2.67779228912414e+00 2.67752667638138e+00 2.65612742751831e-04
2.53000000000000e+00 2.63906358037177e+00 2.63880007775179e+00 2.63502619981537e-04
2.53500000000000e+00 2.59925071725552e+00 2.59900139115685e+00 2.49326098671343e-04
2.54000000000000e+00 2.55858799774310e+00 2.55836407535859e+00 2.23922384509301e-04
2.54500000000000e+00 2.51731484340503e+00 2.51712605526309e+00 1.88788141942009e-04
2.55000000000000e+00 2.47567424933988e+00 2.47552825814758e+00 1.45991192303629e-04
2.55500000000000e+00 2.43391118066540e+00 2.43381313154985e+00 9.80491155480046e-05
2.56000000000000e+00 2.39227093196151e+00 2.39222315195700e+00 4.77800045151078e-05
2.56500000000000e+00 2.35099746790336e+00 2.35099933348698e+00 1.86558362713640e-06
2.57000000000000e+00 2.31033176455168e+00 2.31037974575666e+00 4.79812049718475e-05
2.57500000000000e+00 2.27051017128474e+00 2.27059805007310e+00 8.78787883622500e-05
2.58000000000000e+00 2.23176281311911e+00 2.23188206297222e+00 1.19249853109071e-04
2.58500000000000e+00 2.19431205218362e+00 2.19445235595975e+00 1.40303776134942e-04
2.59000000000000e+00 2.15837102543663e+00 2.15852090008678e+00 1.49874650145598e-04
2.59500000000000e+00 2.12414227345401e+00 2.12428976371522e+00 1.47490261210859e-04
2.60000000000000e+00 2.09181647240028e+00 2.09194987150091e+00 1.33399100636034e-04
2.60500000000000e+00 2.06157127829304e+00 2.06167983224433e+00 1.08553951288393e-04
2.61000000000000e+00 2.03357028955780e+00 2.03364484283446e+00 7.45532766628365e-05
2.61500000000000e+00 2.00796213082408e+00 2.00799567504205e+00 3.35442179739687e-05
2.62000000000000e+00 1.98487965810105e+00 1.98486775140779e+00 1.19066932637857e-05
2.62500000000000e+00 1.96443928303193e+00 1.96438031592140e+00 5.89671105271083e-05
2.63000000000000e+00 1.94674041197492e+00 1.94663570460343e+00 1.04707371488377e-04
2.63500000000000e+00 1.93186499426723e+00 1.93171872048530e+00 1.46273781936657e-04
2.64000000000000e+00 1.91987717323278e+00 1.91969611683971e+00 1.81056393071977e-04
2.64500000000000e+00 1.91082303329047e+00 1.91061619184595e+00 2.06841444520878e-04
2.65000000000000e+00 1.90473043686740e+00 1.90450849718747e+00 2.21939679930339e-04
2.65500000000000e+00 1.90160894564895e+00 1.90138366237698e+00 2.25283271972465e-04
2.66000000000000e+00 1.90144982190780e+00 1.90123333589028e+00 2.16486017519113e-04
2.66500000000000e+00 1.90422610713260e+00 1.90403024347033e+00 1.95863662272089e-04
2.67000000000000e+00 1.90989277679620e+00 1.90972836324032e+00 1.64413555883369e-04
2.67500000000000e+00 1.91838697173356e+00 1.91826321654437e+00 1.23755189188390e-04
2.68000000000000e+00 1.92962830811361e+00 1.92955227272105e+00 7.60353925670643e-05
2.68500000000000e+00 1.94351926926860e+00 1.94349546531226e+00 2.38039563413839e-05
2.69000000000000e+00 1.95994568358664e+00 1.95997581652323e+00 3.01329365930414e-05
2.69500000000000e+00 1.97877729319595e+00 1.97886016608158e+00 8.28728856285821e-05
2.70000000000000e+00 1.99986841821391e+00 2.00000000000000e+00 1.31581786093182e-04
2.70500000000000e+00 2.02305872087088e+00 2.02323237413106e+00 1.73653260181705e-04
2.71000000000000e+00 2.04817407284664e+00 2.04838092681811e+00 2.06853971466803e-04
2.71500000000000e+00 2.07502752770551e+00 2.07525697439691e+00 2.29446691402124e-04
2.72000000000000e+00 2.10342039844428e+00 2.10366068279205e+00 2.40284347769126e-04
2.72500000000000e+00 2.13314343795929e+00 2.13338230798255e+00 2.38870023260063e-04
2.73000000000000e+00 2.16397811780372e+00 2.16420349768687e+00 2.25379883143528e-04
2.73500000000000e+00 2.19569799806701e+00 2.19589864623990e+00 2.00648172891782e-04
2.74000000000000e+00 2.22807017869676e+00 2.22823629430637e+00 1.66115609615325e-04
2.74500000000000e+00 2.26085682023491e+00 2.26098056479902e+00 1.23744564110684e-04
2.75000000000000e+00 2.29381671987555e+00 2.29389262614624e+00 7.59062706845448e-05
2.75500000000000e+00 2.32670692708409e+00 2.32673217388556e+00 2.52468014676488e-05
2.76000000000000e+00 2.35928438182759e+00 2.35925892144618e+00 2.54603814071608e-05
2.76500000000000e+00 2.39130755781232e+00 2.39123409092702e+00 7.34668853028531e-05
2.77000000000000e+00 2.42253809302898e+00 2.42242189467697e+00 1.16198352004382e-04
2.77500000000000e+00 2.45274239035815e+00 2.45259099854052e+00 1.51391817636792e-04
2.78000000000000e+00 2.48169317194930e+00 2.48151595774496e+00 1.77214204342135e-04
2.78500000000000e+00 2.50917097248461e+00 2.50897861657418e+00 1.92355910428876e-04
2.79000000000000e+00 2.53496555818761e+00 2.53476946319709e+00 1.96094990517537e-04
2.79500000000000e+00 2.55887726043037e+00 2.55868893129538e+00 1.88329134991783e-04
2.80000000000000e+00 2.58071821492394e+00 2.58054864046305e+00 1.69574460892719e-04
2.80500000000000e+00 2.60031349963718e+00 2.60017256772797e+00 1.40931909210273e-04
2.81000000000000e+00 2.61750216667946e+00 2.61739814297001e+00 1.04023709456502e-04
2.81500000000000e+00 2.63213816531818e+00 2.63207726147960e+00 6.09038385794847e-05
2.82000000000000e+00 2.64409115501515e+00 2.64407720741157e+00 1.39476035765362e-05
2.82500000000000e+00 2.65324720880772e+00 2.65328148243819e+00 3.42736304705937e-05
2.83000000000000e+00 2.65950940850359e+00 2.65959053448992e+00 8.11259863242597e-05
2.83500000000000e+00 2.66279833399206e+00 2.66292238208847e+00 1.24048096408202e-04
2.84000000000000e+00 2.66305244950638e+00 2.66321313042021e+00 1.60680913837030e-04
2.84500000000000e+00 2.66022838992209e+00 2.66041737596564e+00 1.88986043545558e-04
2.85000000000000e+00 2.65430115017565e+00 2.65450849718747e+00 2.07347011819792e-04
2.85500000000000e+00 2.64526418067574e+00 2.64547882948272e+00 2.14648806981632e-04
2.86000000000000e+00 2.63312939119940e+00 2.63333972331719e+00 2.10332117789758e-04
2.86500000000000e+00 2.61792706526389e+00 2.61812148518152e+00 1.94419917636690e-04
2.87000000000000e+00 2.59970568638925e+00 2.59987320173000e+00 1.67515340754765e-04
2.87500000000000e+00 2.57853167706498e+00 2.57866244818360e+00 1.30771118616479e-04
2.88000000000000e+00 2.55448905065128e+00 2.55457488279246e+00 8.58321411798535e-05
2.88500000000000e+00 2.52767897592588e+00 2.52771372985530e+00 3.47539294209831e-05
2.89000000000000e+00 2.49821925357307e+00 2.49819915448034e+00 2.00990927368139e-05
2.89500000000000e+00 2.46624370363959e+00 2.46616753293972e+00 7.61706998670952e-05
2.90000000000000e+00 2.43190146288686e+00 2.43177062311339e+00 1.30839773471614e-04
2.90500000000000e+00 2.39535619107979e+00 2.39517464013388e+00 1.81550945907105e-04
2.91000000000000e+00 2.35678518558997e+00 2.35655924292839e+00 2.25942661578937e-04
2.91500000000000e+00 2.31637840427223e+00 2.31611643790350e+00 2.61966368725552e-04
2.92000000000000e+00 2.27433739740237e+00 2.27404940652904e+00 2.87990873330202e-04
2.92500000000000e+00 2.23087415053550e+00 2.23057126404647e+00 3.02886489030652e-04
2.93000000000000e+00 2.18620984144332e+00 2.18590375695213e+00 3.06084491188408e-04
2.93500000000000e+00 2.14057351578403e+00 2.14027590728278e+00 2.97608501251823e-04
2.94000000000000e+00 2.09420068780942e+00 2.09392261205918e+00 2.78075750241413e-04
2.94500000000000e+00 2.04733187416394e+00 2.04708320651984e+00 2.48667644100031e-04
2.95000000000000e+00 2.00021107061433e+00 2.00000000000000e+00 2.11070614330122e-04
2.95500000000000e+00 1.95308418328925e+00 1.95291679348017e+00 1.67389809077267e-04
2.96000000000000e+00 1.90619742762240e+00 1.90607738794082e+00 1.20039681579254e-04
2.96500000000000e+00 1.85979570959654e+00 1.85972409271723e+00 7.16168793104544e-05
2.97000000000000e+00 1.81412100499267e+00 1.81409624304787e+00 2.47619447970582e-05
2.97500000000000e+00 1.76941075308625e+00 1.76942873595354e+00 1.79828672854931e-05
2.98000000000000e+00 1.72589628153432e+00 1.72595059347097e+00 5.43119366525069e-05
2.98500000000000e+00 1.68380127902153e+00 1.68388356209651e+00 8.22830749807046e-05
2.99000000000000e+00 1.64334033155813e+00 1.64344075707161e+00 1.00425513476221e-04
2.99500000000000e+00 1.60471753715426e+00 1.60482535986612e+00 1.07822711855388e-04
3.00000000000000e+00 1.56812521196849e+00 1.56822937688661e+00 1.04164918122374e-04
3.00500000000000e+00 1.53374269900871e+00 1.53383246706028e+00 8.97680515772326e-05
3.01000000000000e+00 1.50173528814020e+00 1.50180084551966e+00 6.55573794696718e-05
3.01500000000000e+00 1.47225325364277e+00 1.47228627014470e+00 3.30165019268858e-05
3.02000000000000e+00 1.44543101298391e+00 1.44542511720755e+00 5.89577636112004e-06
3.02500000000000e+00 1.42138640797380e+00 1.42133755181641e+00 4.88561573943613e-05
3.03000000000000e+00 1.40022010717259e+00 1.40012679827000e+00 9.33089025894063e-05
3.03500000000000e+00 1.38201512645245e+00 1.38187851481848e+00 1.36611633968942e-04
3.04000000000000e+00 1.36683646307588e+00 1.36666027668282e+00 1.76186393064270e-04
3.04500000000000e+00 1.35473083760795e+00 1.35452117051728e+00 2.09667090664167e-04
3.05000000000000e+00 1.34572653747074e+00 1.34549150281253e+00 2.35034658218503e-04
3.05500000000000e+00 1.33983335597094e+00 1.33958262403436e+00 2.50731936581428e-04
3.06000000000000e+00 1.33704262114699e+00 1.33678686957979e+00 2.55751567203033e-04
3.06500000000000e+00 1.33732730971607e+00 1.33707761791153e+00 2.49691804538044e-04
3.07000000000000e+00 1.34064224264759e+00 1.34040946551008e+00 2.32777137509688e-04
3.07500000000000e+00 1.34692436032312e+00 1.34671851756181e+00 2.05842761310526e-04
3.08000000000000e+00 1.35609307672266e+00 1.35592279258843e+00 1.70284134236587e-04
3.08500000000000e+00 1.36805071346354e+00 1.36792273852040e+00 1.27974943141984e-04
3.09000000000000e+00 1.38268301567805e+00 1.38260185702999e+00 8.11586480642390e-05
3.09500000000000e+00 1.39985975253812e+00 1.39982743227203e+00 3.23202660978961e-05
3.10000000000000e+00 1.41943540563311e+00 1.41945135953695e+00 1.59539038382395e-05
3.10500000000000e+00 1.44124994833137e+00 1.44131106870462e+00 6.11203732463483e-05
3.11000000000000e+00 1.46512971869258e+00 1.46523053680290e+00 1.00818110325696e-04
3.11500000000000e+00 1.49088838747050e+00 1.49102138342582e+00 1.32995955320014e-04
3.12000000000000e+00 1.51832802131308e+00 1.51848404225504e+00 1.56020941963098e-04
3.12500000000000e+00 1.54724023951227e+00 1.54740900145948e+00 1.68761947210161e-04
3.13000000000000e+00 1.57740746068635e+00 1.57757810532302e+00 1.70644636669826e-04
3.13500000000000e+00 1.60860423370368e+00 1.60876590907298e+00 1.61675369295677e-04
3.14000000000000e+00 1.64059864509283e+00 1.64074107855382e+00 1.42433460985858e-04
3.14500000000000e+00 1.67315379323152e+00 1.67326782611444e+00 1.14032882920556e-04
3.15000000000000e+00 1.70602931785089e+00 1.70610737385376e+00 7.80560028743604e-05
3.15500000000000e+00 1.73898297189911e+00 1.73901943520098e+00 3.64633018758997e-05
3.16000000000000e+00 1.77177222161995e+00 1.77176370569363e+00 8.51592632566955e-06
3.16500000000000e+00 1.80415585984520e+00 1.80410135376010e+00 5.45060851020462e-05
3.17000000000000e+00 1.83589561697947e+00 1.83579650231313e+00 9.91146663429365e-05
3.17500000000000e+00 1.86675775397365e+00 1.86661769201745e+00 1.40061956200421e-04
3.18000000000000e+00 1.89651462172832e+00 1.89633931720795e+00 1.75304520370734e-04
3.18500000000000e+00 1.92494617183292e+00 1.92474302560309e+00 2.03146229837303e-04
3.19000000000000e+00 1.95184140431938e+00 1.95161907318189e+00 2.22331137484932e-04
3.19500000000000e+00 1.97699973917758e+00 1.97676762586893e+00 2.32113308646698e-04
3.20000000000000e+00 2.00023229973138e+00 2.00000000000000e+00 2.32299731378838e-04
3.20500000000000e+00 2.02136309758163e+00 2.02113983391842e+00 2.23263663210460e-04
3.21000000000000e+00 2.04023011065567e+00 2.04002418347677e+00 2.05927178903220e-04
3.21500000000000e+00 2.05668624790915e+00 2.05650453468774e+00 1.81713221406810e-04
3.22000000000000e+00 2.07060019634316e+00 2.07044772727895e+00 1.52469064209626e-04
3.22500000000000e+00 2.08185714814540e+00 2.08173678345563e+00 1.20364689768504e-04
3.23000000000000e+00 2.09035940784859e+00 2.09027163675968e+00 8.77710889097827e-05
3.23500000000000e+00 2.09602688132424e+00 2.09596975652967e+00 5.71247945626574e-05
3.24000000000000e+00 2.09879745009803e+00 2.09876666410972e+00 3.07859883035277e-05
3.24500000000000e+00 2.09862723579908e+00 2.09861633762302e+00 1.08981760624793e-05
3.25000000000000e+00 2.09549076046574e+00 2.09549150281253e+00 7.42346783599857e-07
3.25500000000000e+00 2.08938100888053e+00 2.08938380815405e+00 2.79927352719866e-06
3.26000000000000e+00 2.08030939907537e+00 2.08030388316029e+00 5.51591508246574e-06
3.26500000000000e+00 2.06830566664940e+00 2.06828127951470e+00 2.43871346921054e-05
3.27000000000000e+00 2.05341766761789e+00 2.05336429539657e+00 5.33722213154064e-05
3.27500000000000e+00 2.03571110323915e+00 2.03561968407860e+00 9.14191605465575e-05
3.28000000000000e+00 2.01526916874649e+00 2.01513224859221e+00 1.36920154275355e-04
3.28500000000000e+00 1.99219212626886e+00 1.99200432495795e+00 1.87801310905567e-04
3.29000000000000e+00 1.96659680059437e+00 1.96635515716554e+00 2.41643428823712e-04
3.29500000000000e+00 1.93861599495997e+00 1.93832016775567e+00 2.95827204300325e-04
3.30000000000000e+00 1.90839782288136e+00 1.90805012849909e+00 3.47694382274888e-04
3.30500000000000e+00 1.87610495130044e+00 1.87571023628479e+00 3.94715015657354e-04
3.31000000000000e+00 1.84191375013494e+00 1.84147909991323e+00 4.34650221710742e-04
3.31500000000000e+00 1.80601334374662e+00 1.80554764404025e+00 4.65699706361900e-04
3.32000000000000e+00 1.76860456094411e+00 1.76811793702778e+00 4.86623916322593e-04
3.32500000000000e+00 1.72989878190391e+00 1.72940194992690e+00 4.96831977008227e-04
3.33000000000000e+00 1.69011668277742e+00 1.68962025424335e+00 4.96428534073834e-04
3.33500000000000e+00 1.64948688165573e+00 1.64900066651302e+00 4.86215142707858e-04
3.34000000000000e+00 1.60824449283904e+00 1.60777684804301e+00 4.67644796037447e-04
3.34500000000000e+00 1.56662959981756e+00 1.56618686845015e+00 4.42731367404914e-04
3.35000000000000e+00 1.52488566079706e+00 1.52447174185243e+00 4.13918944636160e-04
3.35500000000000e+00 1.48325786376109e+00 1.48287394473692e+00 3.83919024177226e-04
3.36000000000000e+00 1.44199145071968e+00 1.44163592464142e+00 3.55526078262391e-04
3.36500000000000e+00 1.40133003273976e+00 1.40099860884315e+00 3.31423896613448e-04
3.37000000000000e+00 1.36151391840991e+00 1.36119992224821e+00 3.13996161695140e-04
3.37500000000000e+00 1.32277847844584e+00 1.32247332361862e+00 3.05154827217713e-04
3.38000000000000e+00 1.28535256814391e+00 1.28504636916086e+00 3.06198983058170e-04
3.38500000000000e+00 1.24945702736737e+00 1.24913931233114e+00 3.17715036221022e-04
3.39000000000000e+00 1.21530327481054e+00 1.21496374848942e+00 3.39526321118999e-04
3.39500000000000e+00 1.18309200961131e+00 1.18272131275752e+00 3.70696853782659e-04
3.40000000000000e+00 1.15301202920820e+00 1.15260243910916e+00 4.09590099038848e-04
3.40500000000000e+00 1.12523916795012e+00 1.12478518834171e+00 4.53979608415978e-04
3.41000000000000e+00 1.09993535666254e+00 1.09943415215529e+00 5.01204507253883e-04
3.41500000000000e+00 1.07724779945259e+00 1.07669944009537e+00 5.48359357229300e-04
3.42000000000000e+00 1.05730826076670e+00 1.05671575560428e+00 5.92505162421819e-04
3.42500000000000e+00 1.04023245332118e+00 1.03960156687779e+00 6.30886443384826e-04
3.43000000000000e+00 1.02611951616665e+00 1.02545837763829e+00 6.61138528359251e-04
3.43500000000000e+00 1.01505157190460e+00 1.01437010232018e+00 6.81469584424388e-04
3.44000000000000e+00 1.00709335295012e+00 1.00640254951957e+00 6.90803430551501e-04
3.44500000000000e+00 1.00229188864937e+00 1.00160301689261e+00 6.88871756761245e-04
3.45000000000000e+00 1.00067624785706e+00 1.00000000000000e+00 6.76247857064105e-04
3.45500000000000e+00 1.00225733503511e+00 1.00160301689261e+00 6.54318142506716e-04
3.46000000000000e+00 1.00702774177241e+00 1.00640254951956e+00 6.25192252846185e-04
3.46500000000000e+00 1.01496165953288e+00 1.01437010232018e+00 5.91557212705096e-04
3.47000000000000e+00 1.02601486308367e+00 1.02545837763829e+00 5.56485445386556e-04
3.47500000000000e+00 1.04012477710862e+00 1.03960156687779e+00 5.23210230831239e-04
3.48000000000000e+00 1.05721064067189e+00 1.05671575560427e+00 4.94885067613859e-04
3.48500000000000e+00 1.07717378520908e+00 1.07669944009536e+00 4.74345113716357e-04
3.49000000000000e+00 1.09989804140699e+00 1.09943415215529e+00 4.63889251707483e-04
3.49500000000000e+00 1.12525028859849e+00 1.12478518834171e+00 4.65100256783701e-04
3.50000000000000e+00 1.15308115716361e+00 1.15260243910915e+00 4.78718054456095e-04
3.50500000000000e+00 1.18322589002662e+00 1.18272131275752e+00 5.04577269101469e-04
3.51000000000000e+00 1.21550536392100e+00 1.21496374848942e+00 5.41615431581599e-04
3.51500000000000e+00 1.24972726501570e+00 1.24913931233114e+00 5.87952684557580e-04
3.52000000000000e+00 1.28568740719237e+00 1.28504636916085e+00 6.41038031522267e-04
3.52500000000000e+00 1.32317117522026e+00 1.32247332361861e+00 6.97851601650479e-04
3.53000000000000e+00 1.36195506978280e+00 1.36119992224821e+00 7.55147534594824e-04
3.53500000000000e+00 1.40180832721899e+00 1.40099860884315e+00 8.09718375847757e-04
3.54000000000000e+00 1.44249458431861e+00 1.44163592464141e+00 8.58659677202001e-04
3.54500000000000e+00 1.48377355779168e+00 1.48287394473691e+00 8.99613054772264e-04
3.55000000000000e+00 1.52540270920860e+00 1.52447174185242e+00 9.30967356177925e-04
3.55500000000000e+00 1.56713886919695e+00 1.56618686845015e+00 9.52000746795800e-04
3.56000000000000e+00 1.60873979924534e+00 1.60777684804300e+00 9.62951202343243e-04
3.56500000000000e+00 1.64996567522066e+00 1.64900066651302e+00 9.65008707644044e-04
3.57000000000000e+00 1.69058048316481e+00 1.68962025424335e+00 9.60228921459860e-04
3.57500000000000e+00 1.73035332454939e+00 1.72940194992690e+00 9.51374622495837e-04
3.58000000000000e+00 1.76905963436800e+00 1.76811793702778e+00 9.41697340217651e-04
3.58500000000000e+00 1.80648232071014e+00 1.80554764404025e+00 9.34676669890555e-04
3.59000000000000e+00 1.84241283834494e+00 1.84147909991322e+00 9.33738431718734e-04
3.59500000000000e+00 1.87665221102349e+00 1.87571023628478e+00 9.41974738708273e-04
3.60000000000000e+00 1.90901201751123e+00 1.90805012849909e+00 9.61889012139894e-04
3.60500000000000e+00 1.93931535477525e+00 1.93832016775567e+00 9.95187019588117e-04
3.61000000000000e+00 1.96739778842827e+00 1.96635515716554e+00 1.04263126272519e-03
3.61500000000000e+00 1.99310829578069e+00 1.99200432495795e+00 1.10397082273805e-03
3.62000000000000e+00 2.01631020111328e+00 2.01513224859221e+00 1.17795252107467e-03
3.62500000000000e+00 2.03688209658685e+00 2.03561968407860e+00 1.26241250825299e-03
3.63000000000000e+00 2.05471873613327e+00 2.05336429539657e+00 1.35444073669921e-03
3.63500000000000e+00 2.06973188429901e+00 2.06828127951470e+00 1.45060478430281e-03
3.64000000000000e+00 2.08185109785356e+00 2.08030388316029e+00 1.54721469327113e-03
3.64500000000000e+00 2.09102441543774e+00 2.08938380815405e+00 1.64060728369053e-03
3.65000000000000e+00 2.09721892986716e+00 2.09549150281253e+00 1.72742705463769e-03
3.65500000000000e+00 2.10042121900557e+00 2.09861633762302e+00 1.80488138255042e-03
3.66000000000000e+00 2.10063761428216e+00 2.09876666410972e+00 1.87095017243655e-03
3.66500000000000e+00 2.09789429067862e+00 2.09596975652967e+00 1.92453414894223e-03
3.67000000000000e+00 2.09223716795216e+00 2.09027163675968e+00 1.96553119247778e-03
3.67500000000000e+00 2.08373161949690e+00 2.08173678345563e+00 1.99483604126849e-03
3.68000000000000e+00 2.07246199204462e+00 2.07044772727895e+00 2.01426476566802e-03
3.68500000000000e+00 2.05853094585388e+00 2.05650453468774e+00 2.02641116613966e-03
3.69000000000000e+00 2.04205863067961e+00 2.04002418347677e+00 2.03444720284240e-03
3.69500000000000e+00 2.02318171730451e+00 2.02113983391842e+00 2.04188338608535e-03
3.70000000000000e+00 2.00205230751701e+00 2.00000000000000e+00 2.05230751701135e-03
3.70500000000000e+00 1.97883674703924e+00 1.97676762586894e+00 2.06912117030122e-03
3.71000000000000e+00 1.95371436606199e+00 1.95161907318189e+00 2.09529288009924e-03
3.71500000000000e+00 1.92687617085948e+00 1.92474302560309e+00 2.13314525638730e-03
3.72000000000000e+00 1.89852350763738e+00 1.89633931720795e+00 2.18419042943352e-03
3.72500000000000e+00 1.86886671657465e+00 1.86661769201745e+00 2.24902455719045e-03
3.73000000000000e+00 1.83812379023334e+00 1.83579650231313e+00 2.32728792020498e-03
3.73500000000000e+00 1.80651904642109e+00 1.80410135376010e+00 2.41769266098357e-03
3.74000000000000e+00 1.77428182146778e+00 1.77176370569363e+00 2.51811577414807e-03
3.74500000000000e+00 1.74164518596668e+00 1.73901943520098e+00 2.62575076569971e-03
3.75000000000000e+00 1.70884468154046e+00 1.70610737385376e+00 2.73730768669411e-03
3.75500000000000e+00 1.67611707429669e+00 1.67326782611444e+00 2.84924818225130e-03
3.76000000000000e+00 1.64369911847243e+00 1.64074107855382e+00 2.95803991860777e-03
3.76500000000000e+00 1.61182632243399e+00 1.60876590907298e+00 3.06041336101059e-03
3.77000000000000e+00 1.58073170876734e+00 1.57757810532303e+00 3.15360344431048e-03
3.77500000000000e+00 1.55064456070390e+00 1.54740900145948e+00 3.23555924441399e-03
3.78000000000000e+00 1.52178914858455e+00 1.51848404225504e+00 3.30510632950420e-03
3.78500000000000e+00 1.49438343244362e+00 1.49102138342582e+00 3.36204901779347e-03
3.79000000000000e+00 1.46863774002853e+00 1.46523053680291e+00 3.40720322561872e-03
3.79500000000000e+00 1.44475342354678e+00 1.44131106870462e+00 3.44235484215960e-03
3.80000000000000e+00 1.42292150298373e+00 1.41945135953695e+00 3.47014344677543e-03
3.80500000000000e+00 1.40332130873685e+00 1.39982743227203e+00 3.49387646482402e-03
3.81000000000000e+00 1.38611914127804e+00 1.38260185702999e+00 3.51728424804709e-03
3.81500000000000e+00 1.37146697023808e+00 1.36792273852040e+00 3.54423171767948e-03
3.82000000000000e+00 1.35950119931509e+00 1.35592279258843e+00 3.57840672666465e-03
3.82500000000000e+00 1.35034152632041e+00 1.34671851756181e+00 3.62300875859600e-03
3.83000000000000e+00 1.34408992907697e+00 1.34040946551008e+00 3.68046356688789e-03
3.83500000000000e+00 1.34082980740679e+00 1.33707761791153e+00 3.75218949525480e-03
3.84000000000000e+00 1.34062530880883e+00 1.33678686957979e+00 3.83843922904759e-03
3.84500000000000e+00 1.34352086050457e+00 1.33958262403436e+00 3.93823647020630e-03
3.85000000000000e+00 1.34954092337008e+00 1.34549150281253e+00 4.04942055755786e-03
3.85500000000000e+00 1.35868997416334e+00 1.35452117051728e+00 4.16880364606187e-03
3.86000000000000e+00 1.37095271190994e+00 1.36666027668282e+00 4.29243522712253e-03
3.86500000000000e+00 1.38629447307862e+00 1.38187851481848e+00 4.41595826014174e-03
3.87000000000000e+00 1.40466182919186e+00 1.40012679826999e+00 4.53503092187058e-03
3.87500000000000e+00 1.42598333082537e+00 1.42133755181640e+00 4.64577900896912e-03
3.88000000000000e+00 1.45017035461944e+00 1.44542511720754e+00 4.74523741189681e-03
3.88500000000000e+00 1.47711800592495e+00 1.47228627014469e+00 4.83173578025364e-03
3.89000000000000e+00 1.50670602978860e+00 1.50180084551966e+00 4.90518426893316e-03
3.89500000000000e+00 1.53879968757445e+00 1.53383246706028e+00 4.96722051416709e-03
3.90000000000000e+00 1.57325056563678e+00 1.56822937688661e+00 5.02118875017366e-03
3.90500000000000e+00 1.60989729565814e+00 1.60482535986612e+00 5.07193579202614e-03
3.91000000000000e+00 1.64856618263667e+00 1.64344075707161e+00 5.12542556505702e-03
3.91500000000000e+00 1.68907175471872e+00 1.68388356209650e+00 5.18819262222503e-03
3.92000000000000e+00 1.73121726746703e+00 1.72595059347097e+00 5.26667399606451e-03
3.92500000000000e+00 1.77479521188005e+00 1.76942873595353e+00 5.36647592652084e-03
3.93000000000000e+00 1.81958788865493e+00 1.81409624304787e+00 5.49164560706439e-03
3.93500000000000e+00 1.86536811909853e+00 1.85972409271722e+00 5.64402638130956e-03
3.94000000000000e+00 1.91190016437985e+00 1.90607738794081e+00 5.82277643903817e-03
3.94500000000000e+00 1.95894091866293e+00 1.95291679348016e+00 6.02412518276507e-03
3.95000000000000e+00 2.00624142793175e+00 2.00000000000000e+00 6.24142793174820e-03
3.95500000000000e+00 2.05354876566524e+00 2.04708320651983e+00 6.46555914540148e-03
3.96000000000000e+00 2.10060827038200e+00 2.09392261205918e+00 6.68565832282875e-03
3.96500000000000e+00 2.14716612059827e+00 2.14027590728278e+00 6.89021331548556e-03
3.97000000000000e+00 2.19297219259858e+00 2.18590375695213e+00 7.06843564644988e-03
3.97500000000000e+00 2.23778311852581e+00 2.23057126404647e+00 7.21185447934047e-03
3.98000000000000e+00 2.28136543948019e+00 2.27404940652903e+00 7.31603295116123e-03
3.98500000000000e+00 2.32349873296355e+00 2.31611643790350e+00 7.38229506005306e-03
3.99000000000000e+00 2.36397858774399e+00 2.35655924292839e+00 7.41934481560635e-03
3.99500000000000e+00 2.40261930270696e+00 2.39517464013388e+00 7.44466257307685e-03
4.00000000000000e+00 2.43925619910585e+00 2.43177062311338e+00 7.48557599246835e-03
