variables = x, value-predict, value-true, error
0.00000000000000e+00 2.43173177650630e+00 2.43177062311339e+00 3.88466070866400e-05
5.00000000000000e-03 2.46612079087344e+00 2.46616753293972e+00 4.67420662801921e-05
1.00000000000000e-02 2.49814502694061e+00 2.49819915448034e+00 5.41275397258900e-05
1.50000000000000e-02 2.52765464341959e+00 2.52771372985530e+00 5.90864357130627e-05
2.00000000000000e-02 2.55451431846468e+00 2.55457488279246e+00 6.05643277769019e-05
2.50000000000000e-02 2.57860416053707e+00 2.57866244818360e+00 5.82876465218263e-05
3.00000000000000e-02 2.59982057333375e+00 2.59987320173000e+00 5.26283962534180e-05
3.50000000000000e-02 2.61807705094030e+00 2.61812148518152e+00 4.44342412260212e-05
4.00000000000000e-02 2.63330488063046e+00 2.63333972331718e+00 3.48426867238238e-05
4.50000000000000e-02 2.64545373282849e+00 2.64547882948272e+00 2.50966542303388e-05
5.00000000000000e-02 2.65449212061941e+00 2.65450849718747e+00 1.63765680660788e-05
5.50000000000000e-02 2.66040771474048e+00 2.66041737596564e+00 9.66122515499990e-06
6.00000000000000e-02 2.66320750407199e+00 2.66321313042021e+00 5.62634822109942e-06
6.50000000000000e-02 2.66291779608540e+00 2.66292238208847e+00 4.58600306307844e-06
7.00000000000000e-02 2.65958405628380e+00 2.65959053448992e+00 6.47820611510141e-06
7.50000000000000e-02 2.65327059014019e+00 2.65328148243819e+00 1.08922979991100e-05
8.00000000000000e-02 2.64406007515187e+00 2.64407720741157e+00 1.71322597077861e-05
8.50000000000000e-02 2.63205295413811e+00 2.63207726147960e+00 2.43073414867290e-05
9.00000000000000e-02 2.61736670359933e+00 2.61739814297001e+00 3.14393706837279e-05
9.50000000000000e-02 2.60013499266418e+00 2.60017256772797e+00 3.75750637977568e-05
1.00000000000000e-01 2.58050674878419e+00 2.58054864046305e+00 4.18916788578194e-05
1.05000000000000e-01 2.55864514588634e+00 2.55868893129538e+00 4.37854090371559e-05
1.10000000000000e-01 2.53472652925081e+00 2.53476946319709e+00 4.29339462879597e-05
1.15000000000000e-01 2.50893928912421e+00 2.50897861657418e+00 3.93274499663754e-05
1.20000000000000e-01 2.48148269226908e+00 2.48151595774496e+00 3.32654758743445e-05
1.25000000000000e-01 2.45256567760726e+00 2.45259099854052e+00 2.53209332585769e-05
1.30000000000000e-01 2.42240561918474e+00 2.42242189467697e+00 1.62754922290453e-05
1.35000000000000e-01 2.39122705720430e+00 2.39123409092702e+00 7.03372271493308e-06
1.40000000000000e-01 2.35926039612938e+00 2.35925892144618e+00 1.47468319466881e-06
1.45000000000000e-01 2.32674056806675e+00 2.32673217388556e+00 8.39418119280566e-06
1.50000000000000e-01 2.29390565988810e+00 2.29389262614624e+00 1.30337418626780e-05
1.55000000000000e-01 2.26099550383408e+00 2.26098056479902e+00 1.49390350610012e-05
1.60000000000000e-01 2.22825023352400e+00 2.22823629430637e+00 1.39392176281561e-05
1.65000000000000e-01 2.19590881012987e+00 2.19589864623990e+00 1.01638899749901e-05
1.70000000000000e-01 2.16420752665483e+00 2.16420349768687e+00 4.02896795481666e-06
1.75000000000000e-01 2.13337850143197e+00 2.13338230798255e+00 3.80655057519164e-06
1.80000000000000e-01 2.10364817478715e+00 2.10366068279205e+00 1.25080049069304e-05
1.85000000000000e-01 2.07523582498578e+00 2.07525697439691e+00 2.11494111357347e-05
1.90000000000000e-01 2.04835212088670e+00 2.04838092681811e+00 2.88059314055289e-05
1.95000000000000e-01 2.02319772902827e+00 2.02323237413107e+00 3.46451027919414e-05
2.00000000000000e-01 1.99996199215648e+00 2.00000000000000e+00 3.80078435173736e-05
2.05000000000000e-01 1.97882169455655e+00 1.97886016608158e+00 3.84715250301149e-05
2.10000000000000e-01 1.95993992714151e+00 1.95997581652323e+00 3.58893817251627e-05
2.15000000000000e-01 1.94346506231902e+00 1.94349546531226e+00 3.04029932338690e-05
2.20000000000000e-01 1.92952984547105e+00 1.92955227272105e+00 2.24272499955713e-05
2.25000000000000e-01 1.91825060671170e+00 1.91826321654437e+00 1.26098326713731e-05
2.30000000000000e-01 1.90972659368623e+00 1.90972836324032e+00 1.76955409170176e-06
2.35000000000000e-01 1.90403942374048e+00 1.90403024347033e+00 9.18027014940037e-06
2.40000000000000e-01 1.90125265196833e+00 1.90123333589028e+00 1.93160780541657e-05
2.45000000000000e-01 1.90141145050862e+00 1.90138366237698e+00 2.77881316341766e-05
2.50000000000000e-01 1.90454239402046e+00 1.90450849718747e+00 3.38968329862688e-05
2.55000000000000e-01 1.91065334646237e+00 1.91061619184595e+00 3.71546164228409e-05
2.60000000000000e-01 1.91973344503023e+00 1.91969611683971e+00 3.73281905172718e-05
2.65000000000000e-01 1.93175317823098e+00 1.93171872048530e+00 3.44577456816708e-05
2.70000000000000e-01 1.94666455641532e+00 1.94663570460343e+00 2.88518118869430e-05
2.75000000000000e-01 1.96440137449149e+00 1.96438031592140e+00 2.10585700881616e-05
2.80000000000000e-01 1.98487956782411e+00 1.98486775140779e+00 1.18164163174228e-05
2.85000000000000e-01 2.00799766333587e+00 2.00799567504205e+00 1.98829382513921e-06
2.90000000000000e-01 2.03363732845267e+00 2.03364484283446e+00 7.51438178525632e-06
2.95000000000000e-01 2.06166402067260e+00 2.06167983224433e+00 1.58115717265872e-05
3.00000000000000e-01 2.09192774015024e+00 2.09194987150091e+00 2.21313506663101e-05
3.05000000000000e-01 2.12426388675750e+00 2.12428976371522e+00 2.58769577197171e-05
3.10000000000000e-01 2.15849422164930e+00 2.15852090008677e+00 2.66784374716167e-05
3.15000000000000e-01 2.19442793149753e+00 2.19445235595975e+00 2.44244622225054e-05
3.20000000000000e-01 2.23186279136888e+00 2.23188206297222e+00 1.92716033322604e-05
3.25000000000000e-01 2.27058641984755e+00 2.27059805007310e+00 1.16302255510625e-05
3.30000000000000e-01 2.31037761759350e+00 2.31037974575665e+00 2.12816315636744e-06
3.35000000000000e-01 2.35100777824533e+00 2.35099933348698e+00 8.44475834771430e-06
3.40000000000000e-01 2.39224235857774e+00 2.39222315195700e+00 1.92066207378438e-05
3.45000000000000e-01 2.43384239325204e+00 2.43381313154985e+00 2.92617021933061e-05
3.50000000000000e-01 2.47556603846828e+00 2.47552825814758e+00 3.77803207007865e-05
3.55000000000000e-01 2.51717012842026e+00 2.51712605526309e+00 4.40731571678121e-05
3.60000000000000e-01 2.55841172870689e+00 2.55836407535859e+00 4.76533483024788e-05
3.65000000000000e-01 2.59904967175370e+00 2.59900139115685e+00 4.82805968462507e-05
3.70000000000000e-01 2.63884606078707e+00 2.63880007775179e+00 4.59830352803614e-05
3.75000000000000e-01 2.67756773087363e+00 2.67752667638138e+00 4.10544922471168e-05
3.80000000000000e-01 2.71498765783879e+00 2.71495363083915e+00 3.40269996428333e-05
3.85000000000000e-01 2.75088630833198e+00 2.75086068766886e+00 2.56206631239486e-05
3.90000000000000e-01 2.78505292671021e+00 2.78503625151058e+00 1.66751996304448e-05
3.95000000000000e-01 2.81728675656157e+00 2.81727868724248e+00 8.06931909602682e-06
4.00000000000000e-01 2.84739819639350e+00 2.84739756089084e+00 6.35502655388365e-07
4.05000000000000e-01 2.87520989010369e+00 2.87521481165829e+00 4.92155460607435e-06
4.10000000000000e-01 2.90055775322019e+00 2.90056584784471e+00 8.09462452133758e-06
4.15000000000000e-01 2.92329193548826e+00 2.92330055990464e+00 8.62441637394795e-06
4.20000000000000e-01 2.94327771922017e+00 2.94328424439572e+00 6.52517555765897e-06
4.25000000000000e-01 2.96039635101549e+00 2.96039843312221e+00 2.08210671903686e-06
4.30000000000000e-01 2.97454580219381e+00 2.97454162236171e+00 4.17983209999306e-06
4.35000000000000e-01 2.98564145082127e+00 2.98562989767982e+00 1.15531414488501e-05
4.40000000000000e-01 2.99361667587595e+00 2.99359745048043e+00 1.92253955138000e-05
4.45000000000000e-01 2.99842335222807e+00 2.99839698310739e+00 2.63691206776606e-05
4.50000000000000e-01 3.00003223404085e+00 3.00000000000000e+00 3.22340408462907e-05
4.55000000000000e-01 2.99843321420227e+00 2.99839698310739e+00 3.62310948789357e-05
4.60000000000000e-01 2.99363544865114e+00 2.99359745048043e+00 3.79981707094856e-05
4.65000000000000e-01 2.98566733699521e+00 2.98562989767982e+00 3.74393153825814e-05
4.70000000000000e-01 2.97457635450371e+00 2.97454162236171e+00 3.47321420015589e-05
4.75000000000000e-01 2.96042873508630e+00 2.96039843312221e+00 3.03019640899294e-05
4.80000000000000e-01 2.94330900979172e+00 2.94328424439572e+00 2.47653959961625e-05
4.85000000000000e-01 2.92331941011837e+00 2.92330055990464e+00 1.88502137334901e-05
4.90000000000000e-01 2.90057914944055e+00 2.90056584784471e+00 1.33015958367899e-05
4.95000000000000e-01 2.87522359859737e+00 2.87521481165829e+00 8.78693907591099e-06
5.00000000000000e-01 2.84740337278996e+00 2.84739756089084e+00 5.81189911352809e-06
5.05000000000000e-01 2.81728334623426e+00 2.81727868724248e+00 4.65899177948259e-06
5.10000000000000e-01 2.78504160863177e+00 2.78503625151058e+00 5.35712118487908e-06
5.15000000000000e-01 2.75086837382004e+00 2.75086068766886e+00 7.68615118040827e-06
5.20000000000000e-01 2.71496484653674e+00 2.71495363083915e+00 1.12156975902167e-05
5.25000000000000e-01 2.67754204879203e+00 2.67752667638138e+00 1.53724106466413e-05
5.30000000000000e-01 2.63881960363000e+00 2.63880007775179e+00 1.95258782156316e-05
5.35000000000000e-01 2.59902447171070e+00 2.59900139115685e+00 2.30805538534717e-05
5.40000000000000e-01 2.55838963559939e+00 2.55836407535859e+00 2.55602407999156e-05
5.45000000000000e-01 2.51715272807626e+00 2.51712605526309e+00 2.66728131781413e-05
5.50000000000000e-01 2.47555460403907e+00 2.47552825814758e+00 2.63458914977477e-05
5.55000000000000e-01 2.43383786022253e+00 2.43381313154985e+00 2.47286726762219e-05
5.60000000000000e-01 2.39224531232437e+00 2.39222315195700e+00 2.21603673744575e-05
5.65000000000000e-01 2.35101844437490e+00 2.35099933348698e+00 1.91108879241675e-05
5.70000000000000e-01 2.31039584946615e+00 2.31037974575665e+00 1.61037094947858e-05
5.75000000000000e-01 2.27061168354328e+00 2.27059805007310e+00 1.36334701825724e-05
5.80000000000000e-01 2.23189415439281e+00 2.23188206297222e+00 1.20914205909983e-05
5.85000000000000e-01 2.19446406614374e+00 2.19445235595975e+00 1.17101839887113e-05
5.90000000000000e-01 2.15853343583610e+00 2.15852090008677e+00 1.25357493239164e-05
5.95000000000000e-01 2.12430419356417e+00 2.12428976371522e+00 1.44298489517247e-05
6.00000000000000e-01 2.09196697225800e+00 2.09194987150091e+00 1.71007570854975e-05
6.05000000000000e-01 2.06169998825795e+00 2.06167983224433e+00 2.01560136221524e-05
6.10000000000000e-01 2.03366801024927e+00 2.03364484283446e+00 2.31674148118977e-05
6.15000000000000e-01 2.00802141233992e+00 2.00799567504205e+00 2.57372978733628e-05
6.20000000000000e-01 1.98489530718426e+00 1.98486775140779e+00 2.75557764710666e-05
6.25000000000000e-01 1.96440875680076e+00 1.96438031592140e+00 2.84408793524982e-05
6.30000000000000e-01 1.94666406154499e+00 1.94663570460343e+00 2.83569415580054e-05
6.35000000000000e-01 1.93174613087844e+00 1.93171872048530e+00 2.74103931423575e-05
6.40000000000000e-01 1.91972194243430e+00 1.91969611683971e+00 2.58255945915220e-05
6.45000000000000e-01 1.91064009788515e+00 1.91061619184595e+00 2.39060392059898e-05
6.50000000000000e-01 1.90453048494946e+00 1.90450849718747e+00 2.19877619869191e-05
6.55000000000000e-01 1.90140405447066e+00 1.90138366237698e+00 2.03920936772128e-05
6.60000000000000e-01 1.90125272001239e+00 1.90123333589028e+00 1.93841221129976e-05
6.65000000000000e-01 1.90404938513664e+00 1.90403024347033e+00 1.91416663153365e-05
6.70000000000000e-01 1.90974810083499e+00 1.90972836324032e+00 1.97375946742184e-05
6.75000000000000e-01 1.91828435282629e+00 1.91826321654437e+00 2.11362819220184e-05
6.80000000000000e-01 1.92957547591256e+00 1.92955227272105e+00 2.32031915157194e-05
6.85000000000000e-01 1.94352119049620e+00 1.94349546531226e+00 2.57251839421713e-05
6.90000000000000e-01 1.96000425480034e+00 1.95997581652323e+00 2.84382771078562e-05
6.95000000000000e-01 1.97889122530194e+00 1.97886016608158e+00 3.10592203605076e-05
7.00000000000000e-01 2.00003331731858e+00 2.00000000000000e+00 3.33173185751434e-05
7.05000000000000e-01 2.02326735748173e+00 2.02323237413106e+00 3.49833506652075e-05
7.10000000000000e-01 2.04841681986674e+00 2.04838092681811e+00 3.58930486337172e-05
7.15000000000000e-01 2.07529293772981e+00 2.07525697439691e+00 3.59633328925746e-05
7.20000000000000e-01 2.10369588304427e+00 2.10366068279205e+00 3.52002522179262e-05
7.25000000000000e-01 2.13341600628047e+00 2.13338230798255e+00 3.36982979258771e-05
7.30000000000000e-01 2.16423512910711e+00 2.16420349768687e+00 3.16314202390977e-05
7.35000000000000e-01 2.19592788289765e+00 2.19589864623990e+00 2.92366577490100e-05
7.40000000000000e-01 2.22826308610079e+00 2.22823629430637e+00 2.67917944132279e-05
7.45000000000000e-01 2.26100515367525e+00 2.26098056479902e+00 2.45888762333557e-05
7.50000000000000e-01 2.29391553188873e+00 2.29389262614624e+00 2.29057424889767e-05
7.55000000000000e-01 2.32675415181780e+00 2.32673217388556e+00 2.19779322363500e-05
7.60000000000000e-01 2.35928089483794e+00 2.35925892144618e+00 2.19733917634635e-05
7.65000000000000e-01 2.39125706323173e+00 2.39123409092702e+00 2.29723047127095e-05
7.70000000000000e-01 2.42244684875220e+00 2.42242189467697e+00 2.49540752244037e-05
7.75000000000000e-01 2.45261879154904e+00 2.45259099854052e+00 2.77930085230693e-05
7.80000000000000e-01 2.48154722131600e+00 2.48151595774496e+00 3.12635710395526e-05
7.85000000000000e-01 2.50901367188429e+00 2.50897861657418e+00 3.50553101156059e-05
7.90000000000000e-01 2.53480825983407e+00 2.53476946319709e+00 3.87966369710391e-05
7.95000000000000e-01 2.55873101709960e+00 2.55868893129538e+00 4.20858042256000e-05
8.00000000000000e-01 2.58059316709532e+00 2.58054864046305e+00 4.45266322728344e-05
8.05000000000000e-01 2.60021833367246e+00 2.60017256772797e+00 4.57659444830227e-05
8.10000000000000e-01 2.61744367230471e+00 2.61739814297001e+00 4.55293347032537e-05
8.15000000000000e-01 2.63212091334211e+00 2.63207726147960e+00 4.36518625135385e-05
8.20000000000000e-01 2.64411730798378e+00 2.64407720741157e+00 4.01005722094894e-05
8.25000000000000e-01 2.65331646878286e+00 2.65328148243819e+00 3.49863446755805e-05
8.30000000000000e-01 2.65961909795829e+00 2.65959053448992e+00 2.85634683767633e-05
8.35000000000000e-01 2.66294359846618e+00 2.66292238208847e+00 2.12163777111307e-05
8.40000000000000e-01 2.66322656457565e+00 2.66321313042021e+00 1.34341554374195e-05
8.45000000000000e-01 2.66042315048821e+00 2.66041737596564e+00 5.77452257433109e-06
8.50000000000000e-01 2.65450731722434e+00 2.65450849718747e+00 1.17996313386826e-06
8.55000000000000e-01 2.64547195947974e+00 2.64547882948272e+00 6.87000297405760e-06
8.60000000000000e-01 2.63332891534809e+00 2.63333972331718e+00 1.08079690925855e-05
8.65000000000000e-01 2.61810886266972e+00 2.61812148518153e+00 1.26225118082246e-05
8.70000000000000e-01 2.59986110627783e+00 2.59987320173000e+00 1.20954521767302e-05
8.75000000000000e-01 2.57865326058876e+00 2.57866244818360e+00 9.18759483736764e-06
8.80000000000000e-01 2.55457083186051e+00 2.55457488279246e+00 4.05093194899564e-06
8.85000000000000e-01 2.52771670408955e+00 2.52771372985530e+00 2.97423425177357e-06
8.90000000000000e-01 2.49821053200997e+00 2.49819915448034e+00 1.13775296308738e-05
8.95000000000000e-01 2.46618804409184e+00 2.46616753293972e+00 2.05111521180967e-05
9.00000000000000e-01 2.43180025790117e+00 2.43177062311339e+00 2.96347877859482e-05
9.05000000000000e-01 2.39521260976947e+00 2.39517464013388e+00 3.79696355925496e-05
9.10000000000000e-01 2.35660400050402e+00 2.35655924292839e+00 4.47575756350460e-05
9.15000000000000e-01 2.31616575891157e+00 2.31611643790350e+00 4.93210080714235e-05
9.20000000000000e-01 2.27410052524687e+00 2.27404940652903e+00 5.11187178378059e-05
9.25000000000000e-01 2.23062105734960e+00 2.23057126404647e+00 4.97933031322617e-05
9.30000000000000e-01 2.18594896318796e+00 2.18590375695213e+00 4.52062358280436e-05
9.35000000000000e-01 2.14031336474914e+00 2.14027590728277e+00 3.74574663668525e-05
9.40000000000000e-01 2.09394949964608e+00 2.09392261205918e+00 2.68875868960627e-05
9.45000000000000e-01 2.04709726836748e+00 2.04708320651983e+00 1.40618476516252e-05
9.50000000000000e-01 1.99999973668684e+00 2.00000000000000e+00 2.63313160608902e-07
9.55000000000000e-01 1.95290160426529e+00 1.95291679348017e+00 1.51892148758659e-05
9.60000000000000e-01 1.90604765182464e+00 1.90607738794082e+00 2.97361161825105e-05
9.65000000000000e-01 1.85968118033656e+00 1.85972409271723e+00 4.29123806680032e-05
9.70000000000000e-01 1.81404245638463e+00 1.81409624304787e+00 5.37866632408512e-05
9.75000000000000e-01 1.76936717815139e+00 1.76942873595353e+00 6.15578021416763e-05
9.80000000000000e-01 1.72588497632372e+00 1.72595059347097e+00 6.56171472472877e-05
9.85000000000000e-01 1.68381796359852e+00 1.68388356209650e+00 6.55984979822666e-05
9.90000000000000e-01 1.64337934542905e+00 1.64344075707161e+00 6.14116425614597e-05
9.95000000000000e-01 1.60477210324317e+00 1.60482535986612e+00 5.32566229469733e-05
1.00000000000000e+00 1.56818775966527e+00 1.56822937688661e+00 4.16172213442145e-05
1.00500000000000e+00 1.53380523339108e+00 1.53383246706028e+00 2.72336692010988e-05
1.01000000000000e+00 1.50178978940443e+00 1.50180084551966e+00 1.10561152346644e-05
1.01500000000000e+00 1.47229208831264e+00 1.47228627014470e+00 5.81816794342771e-06
1.02000000000000e+00 1.44544733681295e+00 1.44542511720755e+00 2.22196054027179e-05
1.02500000000000e+00 1.42137453979123e+00 1.42133755181640e+00 3.69879748285395e-05
1.03000000000000e+00 1.40017585336900e+00 1.40012679827000e+00 4.90550990066563e-05
1.03500000000000e+00 1.38193603740764e+00 1.38187851481848e+00 5.75225891630282e-05
1.04000000000000e+00 1.36672200557611e+00 1.36666027668282e+00 6.17288932960314e-05
1.04500000000000e+00 1.35458247107991e+00 1.35452117051728e+00 6.13005626224350e-05
1.05000000000000e+00 1.34554768650467e+00 1.34549150281253e+00 5.61836921457726e-05
1.05500000000000e+00 1.33962927688041e+00 1.33958262403436e+00 4.66528460487670e-05
1.06000000000000e+00 1.33682016594259e+00 1.33678686957979e+00 3.32963628004723e-05
1.06500000000000e+00 1.33709459654682e+00 1.33707761791153e+00 1.69786352888224e-05
1.07000000000000e+00 1.34040824717370e+00 1.34040946551008e+00 1.21833638155877e-06
1.07500000000000e+00 1.34669844732159e+00 1.34671851756181e+00 2.00702402217701e-05
1.08000000000000e+00 1.35588449521239e+00 1.35592279258843e+00 3.82973760328920e-05
1.08500000000000e+00 1.36786808152686e+00 1.36792273852040e+00 5.46569935397923e-05
1.09000000000000e+00 1.38253382276108e+00 1.38260185702999e+00 6.80342689147739e-05
1.09500000000000e+00 1.39974990719837e+00 1.39982743227203e+00 7.75250736582134e-05
1.10000000000000e+00 1.41936885539970e+00 1.41945135953695e+00 8.25041372549684e-05
1.10500000000000e+00 1.44122839555002e+00 1.44131106870462e+00 8.26731545968684e-05
1.11000000000000e+00 1.46515245201125e+00 1.46523053680291e+00 7.80847916599381e-05
1.11500000000000e+00 1.49095224312213e+00 1.49102138342582e+00 6.91403036912064e-05
1.12000000000000e+00 1.51842748177874e+00 1.51848404225504e+00 5.65604762967631e-05
1.12500000000000e+00 1.54736766977885e+00 1.54740900145948e+00 4.13316806344710e-05
1.13000000000000e+00 1.57755347449081e+00 1.57757810532303e+00 2.46308322147115e-05
1.13500000000000e+00 1.60875817427666e+00 1.60876590907298e+00 7.73479631899221e-06
1.14000000000000e+00 1.64074915741694e+00 1.64074107855382e+00 8.07886312070849e-06
1.14500000000000e+00 1.67328945817800e+00 1.67326782611444e+00 2.16320635604283e-05
1.15000000000000e+00 1.70613931321268e+00 1.70610737385376e+00 3.19393589185424e-05
1.15500000000000e+00 1.73905772173198e+00 1.73901943520098e+00 3.82865310031288e-05
1.16000000000000e+00 1.77180399380823e+00 1.77176370569363e+00 4.02881145997736e-05
1.16500000000000e+00 1.80413927269617e+00 1.80410135376010e+00 3.79189360719678e-05
1.17000000000000e+00 1.83582801907090e+00 1.83579650231313e+00 3.15167577691344e-05
1.17500000000000e+00 1.86663944742136e+00 1.86661769201745e+00 2.17554039081413e-05
1.18000000000000e+00 1.89634890732652e+00 1.89633931720795e+00 9.59011857060155e-06
1.18500000000000e+00 1.92473920478706e+00 1.92474302560309e+00 3.82081603200746e-06
1.19000000000000e+00 1.95160186100848e+00 1.95161907318189e+00 1.72121734134389e-05
1.19500000000000e+00 1.97673830786551e+00 1.97676762586894e+00 2.93180034298679e-05
1.20000000000000e+00 1.99996102059449e+00 2.00000000000000e+00 3.89794055082326e-05
1.20500000000000e+00 2.02109458896598e+00 2.02113983391842e+00 4.52449524428467e-05
1.21000000000000e+00 2.03997672824072e+00 2.04002418347677e+00 4.74552360447689e-05
1.21500000000000e+00 2.05645923061040e+00 2.05650453468774e+00 4.53040773376046e-05
1.22000000000000e+00 2.07040885662390e+00 2.07044772727895e+00 3.88706550498163e-05
1.22500000000000e+00 2.08170816440240e+00 2.08173678345563e+00 2.86190532259312e-05
1.23000000000000e+00 2.09025627239971e+00 2.09027163675968e+00 1.53643599705156e-05
1.23500000000000e+00 2.09596954925557e+00 2.09596975652967e+00 2.07274104546684e-07
1.24000000000000e+00 2.09878222213728e+00 2.09876666410972e+00 1.55580275609246e-05
1.24500000000000e+00 2.09864689310516e+00 2.09861633762302e+00 3.05554821391496e-05
1.25000000000000e+00 2.09553495170438e+00 2.09549150281253e+00 4.34488918532594e-05
1.25500000000000e+00 2.08943687139616e+00 2.08938380815405e+00 5.30632421078536e-05
1.26000000000000e+00 2.08036237776028e+00 2.08030388316029e+00 5.84945999890785e-05
1.26500000000000e+00 2.06834047772947e+00 2.06828127951470e+00 5.91982147644110e-05
1.27000000000000e+00 2.05341934145997e+00 2.05336429539657e+00 5.50460634052286e-05
1.27500000000000e+00 2.03566603170576e+00 2.03561968407860e+00 4.63476271677088e-05
1.28000000000000e+00 2.01516607954412e+00 2.01513224859221e+00 3.38309519118951e-05
1.28500000000000e+00 1.99202290969964e+00 1.99200432495795e+00 1.85847416871443e-05
1.29000000000000e+00 1.96635712316683e+00 1.96635515716554e+00 1.96600129132030e-06
1.29500000000000e+00 1.93830564894072e+00 1.93832016775567e+00 1.45188149458519e-05
1.30000000000000e+00 1.90802078004873e+00 1.90805012849909e+00 2.93484503612884e-05
1.30500000000000e+00 1.87566911141704e+00 1.87571023628478e+00 4.11248677465448e-05
1.31000000000000e+00 1.84143039818776e+00 1.84147909991323e+00 4.87017254668931e-05
1.31500000000000e+00 1.80549635285157e+00 1.80554764404025e+00 5.12911886836331e-05
1.32000000000000e+00 1.76806939804602e+00 1.76811793702778e+00 4.85389817665993e-05
1.32500000000000e+00 1.72936138930194e+00 1.72940194992690e+00 4.05606249618273e-05
1.33000000000000e+00 1.68959231872450e+00 1.68962025424335e+00 2.79355188503860e-05
1.33500000000000e+00 1.64898900696675e+00 1.64900066651302e+00 1.16595462715807e-05
1.34000000000000e+00 1.60778378731010e+00 1.60777684804300e+00 6.93926709760539e-06
1.34500000000000e+00 1.56621318259470e+00 1.56618686845015e+00 2.63141445528969e-05
1.35000000000000e+00 1.52451657345967e+00 1.52447174185242e+00 4.48316072436672e-05
1.35500000000000e+00 1.48293485506683e+00 1.48287394473691e+00 6.09103299198388e-05
1.36000000000000e+00 1.44170907928240e+00 1.44163592464141e+00 7.31546409900030e-05
1.36500000000000e+00 1.40107908014694e+00 1.40099860884315e+00 8.04713037949600e-05
1.37000000000000e+00 1.36128208223837e+00 1.36119992224821e+00 8.21599901583703e-05
1.37500000000000e+00 1.32255129400638e+00 1.32247332361862e+00 7.79703877671345e-05
1.38000000000000e+00 1.28511449106079e+00 1.28504636916085e+00 6.81218999352140e-05
1.38500000000000e+00 1.24919259744082e+00 1.24913931233114e+00 5.32851096748388e-05
1.39000000000000e+00 1.21499827579841e+00 1.21496374848942e+00 3.45273089883413e-05
1.39500000000000e+00 1.18273453994806e+00 1.18272131275752e+00 1.32271905426418e-05
1.40000000000000e+00 1.15259340517158e+00 1.15260243910916e+00 9.03393758133753e-06
1.40500000000000e+00 1.12475459287915e+00 1.12478518834171e+00 3.05954625570148e-05
1.41000000000000e+00 1.09938430664356e+00 1.09943415215529e+00 4.98455117226015e-05
1.41500000000000e+00 1.07663409622673e+00 1.07669944009536e+00 6.53438686291086e-05
1.42000000000000e+00 1.05663982504898e+00 1.05671575560428e+00 7.59305552928691e-05
1.42500000000000e+00 1.03952075469960e+00 1.03960156687779e+00 8.08121781958882e-05
1.43000000000000e+00 1.02537875767807e+00 1.02545837763829e+00 7.96199602168812e-05
1.43500000000000e+00 1.01429766674139e+00 1.01437010232018e+00 7.24355787831144e-05
1.44000000000000e+00 1.00634276618156e+00 1.00640254951957e+00 5.97833380022728e-05
1.44500000000000e+00 1.00156042724217e+00 1.00160301689261e+00 4.25896504330225e-05
1.45000000000000e+00 9.99977886871395e-01 1.00000000000000e+00 2.21131286053389e-05
1.45500000000000e+00 1.00160316625432e+00 1.00160301689261e+00 1.49361716994534e-07
1.46000000000000e+00 1.00642512320403e+00 1.00640254951957e+00 2.25736844665647e-05
1.46500000000000e+00 1.01441363062089e+00 1.01437010232018e+00 4.35283007149678e-05
1.47000000000000e+00 1.02551987192798e+00 1.02545837763829e+00 6.14942896912662e-05
1.47500000000000e+00 1.03967674369264e+00 1.03960156687779e+00 7.51768148461451e-05
1.48000000000000e+00 1.05679935555186e+00 1.05671575560428e+00 8.35999475803373e-05
1.48500000000000e+00 1.07678561803731e+00 1.07669944009536e+00 8.61779419427666e-05
1.49000000000000e+00 1.09951690987424e+00 1.09943415215529e+00 8.27577189532747e-05
1.49500000000000e+00 1.12485881770715e+00 1.12478518834171e+00 7.36293654426401e-05
1.50000000000000e+00 1.15266194285723e+00 1.15260243910916e+00 5.95037480757288e-05
1.50500000000000e+00 1.18276277149492e+00 1.18272131275752e+00 4.14587373962494e-05
1.51000000000000e+00 1.21498460635609e+00 1.21496374848942e+00 2.08578666700543e-05
1.51500000000000e+00 1.24913855967996e+00 1.24913931233114e+00 7.52651185376152e-07
1.52000000000000e+00 1.28502460824399e+00 1.28504636916085e+00 2.17609168591260e-05
1.52500000000000e+00 1.32243271207976e+00 1.32247332361862e+00 4.06115388615902e-05
1.53000000000000e+00 1.36114399856585e+00 1.36119992224821e+00 5.59236823653997e-05
1.53500000000000e+00 1.40093201304496e+00 1.40099860884315e+00 6.65957981909049e-05
1.54000000000000e+00 1.44156403588707e+00 1.44163592464141e+00 7.18887543422753e-05
1.54500000000000e+00 1.48280246406382e+00 1.48287394473691e+00 7.14806730912620e-05
1.55000000000000e+00 1.52440625291218e+00 1.52447174185242e+00 6.54889402449399e-05
1.55500000000000e+00 1.56613241100809e+00 1.56618686845015e+00 5.44574420564548e-05
1.56000000000000e+00 1.60773753814671e+00 1.60777684804300e+00 3.93098962934157e-05
1.56500000000000e+00 1.64897939357035e+00 1.64900066651302e+00 2.12729426691816e-05
1.57000000000000e+00 1.68961847904265e+00 1.68962025424335e+00 1.77520070221426e-06
1.57500000000000e+00 1.72941961936739e+00 1.72940194992690e+00 1.76694404885325e-05
1.58000000000000e+00 1.76815352168712e+00 1.76811793702778e+00 3.55846593391718e-05
1.58500000000000e+00 1.80559829450371e+00 1.80554764404025e+00 5.06504634574245e-05
1.59000000000000e+00 1.84154090790132e+00 1.84147909991323e+00 6.18079880918554e-05
1.59500000000000e+00 1.87577857790210e+00 1.87571023628478e+00 6.83416173163920e-05
1.60000000000000e+00 1.90812006014436e+00 1.90805012849909e+00 6.99316452670296e-05
1.60500000000000e+00 1.93838684097152e+00 1.93832016775567e+00 6.66732158480787e-05
1.61000000000000e+00 1.96641421733246e+00 1.96635515716554e+00 5.90601669214763e-05
1.61500000000000e+00 1.99205226036348e+00 1.99200432495795e+00 4.79354055300529e-05
1.62000000000000e+00 2.01516666088543e+00 2.01513224859221e+00 3.44122932145474e-05
1.62500000000000e+00 2.03563945806057e+00 2.03561968407860e+00 1.97739819767229e-05
1.63000000000000e+00 2.05336965490108e+00 2.05336429539657e+00 5.35950450819556e-06
1.63500000000000e+00 2.06827372605029e+00 2.06828127951470e+00 7.55346440861615e-06
1.64000000000000e+00 2.08028602417520e+00 2.08030388316029e+00 1.78589850916566e-05
1.64500000000000e+00 2.08935909138796e+00 2.08938380815405e+00 2.47167660885061e-05
1.65000000000000e+00 2.09546388140006e+00 2.09549150281253e+00 2.76214124665941e-05
1.65500000000000e+00 2.09858989670519e+00 2.09861633762302e+00 2.64409178267755e-05
1.66000000000000e+00 2.09874524314786e+00 2.09876666410972e+00 2.14209618687455e-05
1.66500000000000e+00 2.09595660196101e+00 2.09596975652967e+00 1.31545686605783e-05
1.67000000000000e+00 2.09026911698283e+00 2.09027163675968e+00 2.51977685250537e-06
1.67500000000000e+00 2.08174619253667e+00 2.08173678345563e+00 9.40908104629656e-06
1.68000000000000e+00 2.07046919563179e+00 2.07044772727895e+00 2.14683528394488e-05
1.68500000000000e+00 2.05653705494955e+00 2.05650453468774e+00 3.25202618105536e-05
1.69000000000000e+00 2.04006574872283e+00 2.04002418347677e+00 4.15652460601379e-05
1.69500000000000e+00 2.02118767424059e+00 2.02113983391842e+00 4.78403221726431e-05
1.70000000000000e+00 2.00005089338746e+00 2.00000000000000e+00 5.08933874612261e-05
1.70500000000000e+00 1.97681825133709e+00 1.97676762586893e+00 5.06254681531537e-05
1.71000000000000e+00 1.95166636913058e+00 1.95161907318189e+00 4.72959486899072e-05
1.71500000000000e+00 1.92478451514580e+00 1.92474302560309e+00 4.14895427107709e-05
1.72000000000000e+00 1.89637336505583e+00 1.89633931720795e+00 3.40478478795259e-05
1.72500000000000e+00 1.86664366435828e+00 1.86661769201745e+00 2.59723408317925e-05
1.73000000000000e+00 1.83581481145928e+00 1.83579650231313e+00 1.83091461471996e-05
1.73500000000000e+00 1.80411338215630e+00 1.80410135376010e+00 1.20283962032897e-05
1.74000000000000e+00 1.77177161779305e+00 1.77176370569363e+00 7.91209941763960e-06
1.74500000000000e+00 1.73902589910359e+00 1.73901943520098e+00 6.46390260783392e-06
1.75000000000000e+00 1.70611522576497e+00 1.70610737385376e+00 7.85191120633577e-06
1.75500000000000e+00 1.67327971810100e+00 1.67326782611444e+00 1.18919865639278e-05
1.76000000000000e+00 1.64075915262451e+00 1.64074107855382e+00 1.80740706861027e-05
1.76500000000000e+00 1.60879153775951e+00 1.60876590907298e+00 2.56286865323307e-05
1.77000000000000e+00 1.57761173086449e+00 1.57757810532303e+00 3.36255414619124e-05
1.77500000000000e+00 1.54745009331719e+00 1.54740900145948e+00 4.10918577111730e-05
1.78000000000000e+00 1.51853117756415e+00 1.51848404225504e+00 4.71353091104909e-05
1.78500000000000e+00 1.49107243912403e+00 1.49102138342582e+00 5.10556982096233e-05
1.79000000000000e+00 1.46528296772248e+00 1.46523053680291e+00 5.24309195768513e-05
1.79500000000000e+00 1.44136223486624e+00 1.44131106870462e+00 5.11661616138248e-05
1.80000000000000e+00 1.41949885977293e+00 1.41945135953695e+00 4.75002359723309e-05
1.80500000000000e+00 1.39986940096475e+00 1.39982743227203e+00 4.19686927224383e-05
1.81000000000000e+00 1.38263718618907e+00 1.38260185702999e+00 3.53291590831084e-05
1.81500000000000e+00 1.36795119783301e+00 1.36792273852040e+00 2.84593126091970e-05
1.82000000000000e+00 1.35594503396929e+00 1.35592279258843e+00 2.22413808628197e-05
1.82500000000000e+00 1.34673596615661e+00 1.34671851756181e+00 1.74485947981307e-05
1.83000000000000e+00 1.34042411395856e+00 1.34040946551008e+00 1.46484484768727e-05
1.83500000000000e+00 1.33709175298248e+00 1.33707761791153e+00 1.41350709461641e-05
1.84000000000000e+00 1.33680276848021e+00 1.33678686957979e+00 1.58989004233057e-05
1.84500000000000e+00 1.33960226079751e+00 1.33958262403436e+00 1.96367631477568e-05
1.85000000000000e+00 1.34551630291098e+00 1.34549150281253e+00 2.48000984481855e-05
1.85500000000000e+00 1.35455184465692e+00 1.35452117051728e+00 3.06741396318699e-05
1.86000000000000e+00 1.36669675365711e+00 1.36666027668282e+00 3.64769742895454e-05
1.86500000000000e+00 1.38191997984792e+00 1.38187851481848e+00 4.14650294433550e-05
1.87000000000000e+00 1.40017182918799e+00 1.40012679827000e+00 4.50309179944597e-05
1.87500000000000e+00 1.42138433260217e+00 1.42133755181640e+00 4.67807857660318e-05
1.88000000000000e+00 1.44547169834802e+00 1.44542511720755e+00 4.65811404728456e-05
1.88500000000000e+00 1.47233083940768e+00 1.47228627014470e+00 4.45692629833516e-05
1.89000000000000e+00 1.50184197170670e+00 1.50180084551967e+00 4.11261870372215e-05
1.89500000000000e+00 1.53386928334011e+00 1.53383246706028e+00 3.68162798323191e-05
1.90000000000000e+00 1.56826167891137e+00 1.56822937688661e+00 3.23020247607886e-05
1.90500000000000e+00 1.60485360596232e+00 1.60482535986612e+00 2.82460962088837e-05
1.91000000000000e+00 1.64346597180083e+00 1.64344075707161e+00 2.52147292205684e-05
1.91500000000000e+00 1.68390715849843e+00 1.68388356209650e+00 2.35964019228430e-05
1.92000000000000e+00 1.72597414134539e+00 1.72595059347097e+00 2.35478744201600e-05
1.92500000000000e+00 1.76945371179325e+00 1.76942873595353e+00 2.49758397172783e-05
1.93000000000000e+00 1.81412380033439e+00 1.81409624304787e+00 2.75572865215956e-05
1.93500000000000e+00 1.85975488855464e+00 1.85972409271723e+00 3.07958374157202e-05
1.94000000000000e+00 1.90611149359901e+00 1.90607738794082e+00 3.41056581878441e-05
1.94500000000000e+00 1.95295370341354e+00 1.95291679348017e+00 3.69099333752398e-05
1.95000000000000e+00 2.00003873817591e+00 2.00000000000000e+00 3.87381759103800e-05
1.95500000000000e+00 2.04712251287193e+00 2.04708320651983e+00 3.93063521020309e-05
1.96000000000000e+00 2.09396117821868e+00 2.09392261205918e+00 3.85661595001530e-05
1.96500000000000e+00 2.14031262184022e+00 2.14027590728277e+00 3.67145574426964e-05
1.97000000000000e+00 2.18593791809038e+00 2.18590375695213e+00 3.41611382537188e-05
1.97500000000000e+00 2.23060272214724e+00 2.23057126404646e+00 3.14581007780923e-05
1.98000000000000e+00 2.27407861073757e+00 2.27404940652903e+00 2.92042085452415e-05
1.98500000000000e+00 2.31614437686780e+00 2.31611643790350e+00 2.79389642998673e-05
1.99000000000000e+00 2.35658728827817e+00 2.35655924292839e+00 2.80453497807365e-05
1.99500000000000e+00 2.39520431850152e+00 2.39517464013388e+00 2.96783676376755e-05
2.00000000000000e+00 2.43180335548855e+00 2.43177062311339e+00 3.27323751636577e-05
2.00500000000000e+00 2.46620438645516e+00 2.46616753293972e+00 3.68535154371408e-05
2.01000000000000e+00 2.49824065010274e+00 2.49819915448034e+00 4.14956224030760e-05
2.01500000000000e+00 2.52775974011765e+00 2.52771372985530e+00 4.60102623454084e-05
2.02000000000000e+00 2.55462463830868e+00 2.55457488279245e+00 4.97555162248808e-05
2.02500000000000e+00 2.57871465301618e+00 2.57866244818359e+00 5.22048325812818e-05
2.03000000000000e+00 2.59992623910450e+00 2.59987320173000e+00 5.30373744962453e-05
2.03500000000000e+00 2.61817367985455e+00 2.61812148518152e+00 5.21946730303036e-05
2.04000000000000e+00 2.63338961769970e+00 2.63333972331718e+00 4.98943825162357e-05
2.04500000000000e+00 2.64552542882419e+00 2.64547882948272e+00 4.65993414717758e-05
2.05000000000000e+00 2.65455144478042e+00 2.65450849718747e+00 4.29475929464296e-05
2.05500000000000e+00 2.66045703116410e+00 2.66041737596564e+00 3.96551984565008e-05
2.06000000000000e+00 2.66325053801647e+00 2.66321313042021e+00 3.74075962574771e-05
2.06500000000000e+00 2.66295913848635e+00 2.66292238208847e+00 3.67563978822538e-05
2.07000000000000e+00 2.65962857139667e+00 2.65959053448992e+00 3.80369067563002e-05
2.07500000000000e+00 2.65332280021034e+00 2.65328148243819e+00 4.13177721498847e-05
2.08000000000000e+00 2.64412359628893e+00 2.64407720741157e+00 4.63888773580834e-05
2.08500000000000e+00 2.63213004924192e+00 2.63207726147960e+00 5.27877623164308e-05
2.09000000000000e+00 2.61745800248395e+00 2.61739814297001e+00 5.98595139384983e-05
2.09500000000000e+00 2.60023940858036e+00 2.60017256772797e+00 6.68408523871733e-05
2.10000000000000e+00 2.58062159701899e+00 2.58054864046305e+00 7.29565559445255e-05
2.10500000000000e+00 2.55876644685710e+00 2.55868893129538e+00 7.75155617152024e-05
2.11000000000000e+00 2.53484945814393e+00 2.53476946319710e+00 7.99949468377470e-05
2.11500000000000e+00 2.50905871879937e+00 2.50897861657418e+00 8.01022251906147e-05
2.12000000000000e+00 2.48159376729718e+00 2.48151595774496e+00 7.78095522235844e-05
2.12500000000000e+00 2.45266435557940e+00 2.45259099854052e+00 7.33570388780080e-05
2.13000000000000e+00 2.42248912065368e+00 2.42242189467697e+00 6.72259767058314e-05
2.13500000000000e+00 2.39129417691355e+00 2.39123409092702e+00 6.00859865276249e-05
2.14000000000000e+00 2.35931164407910e+00 2.35925892144618e+00 5.27226329225527e-05
2.14500000000000e+00 2.32677812760452e+00 2.32673217388556e+00 4.59537189532178e-05
2.15000000000000e+00 2.29393316936143e+00 2.29389262614624e+00 4.05432151913132e-05
2.15500000000000e+00 2.26101768640316e+00 2.26098056479902e+00 3.71216041425981e-05
2.16000000000000e+00 2.22827241473773e+00 2.22823629430637e+00 3.61204313539254e-05
2.16500000000000e+00 2.19593637343852e+00 2.19589864623990e+00 3.77271986207184e-05
2.17000000000000e+00 2.16424536229067e+00 2.16420349768687e+00 4.18646038014003e-05
2.17500000000000e+00 2.13343050371593e+00 2.13338230798255e+00 4.81957333851035e-05
2.18000000000000e+00 2.10371683715367e+00 2.10366068279205e+00 5.61543616188764e-05
2.18500000000000e+00 2.07532197160393e+00 2.07525697439691e+00 6.49972070134730e-05
2.19000000000000e+00 2.04845479984281e+00 2.04838092681811e+00 7.38730247014097e-05
2.19500000000000e+00 2.02331427605490e+00 2.02323237413107e+00 8.19019238358365e-05
2.20000000000000e+00 2.00008825740548e+00 2.00000000000000e+00 8.82574054763552e-05
2.20500000000000e+00 1.97895240946996e+00 1.97886016608158e+00 9.22433883854268e-05
2.21000000000000e+00 1.96006917547137e+00 1.95997581652323e+00 9.33589481368902e-05
2.21500000000000e+00 1.94358680992083e+00 1.94349546531226e+00 9.13446085746283e-05
2.22000000000000e+00 1.92963847843316e+00 1.92955227272105e+00 8.62057121140403e-05
2.22500000000000e+00 1.91834142706881e+00 1.91826321654437e+00 7.82105244410136e-05
2.23000000000000e+00 1.90979622636516e+00 1.90972836324032e+00 6.78631248407502e-05
2.23500000000000e+00 1.90408609705661e+00 1.90403024347033e+00 5.58535862809073e-05
2.24000000000000e+00 1.90127632612086e+00 1.90123333589028e+00 4.29902305807417e-05
2.24500000000000e+00 1.90141378300194e+00 1.90138366237698e+00 3.01206249579966e-05
2.25000000000000e+00 1.90452654644658e+00 1.90450849718747e+00 1.80492591104198e-05
2.25500000000000e+00 1.91062365219095e+00 1.91061619184595e+00 7.46034499821135e-06
2.26000000000000e+00 1.91969497065992e+00 1.91969611683971e+00 1.14617978841380e-06
2.26500000000000e+00 1.93171122188687e+00 1.93171872048530e+00 7.49859842352762e-06
2.27000000000000e+00 1.94662413211922e+00 1.94663570460343e+00 1.15724842135734e-05
2.27500000000000e+00 1.96436673323191e+00 1.96438031592140e+00 1.35826894898106e-05
2.28000000000000e+00 1.98485380239618e+00 1.98486775140779e+00 1.39490116128904e-05
2.28500000000000e+00 2.00798243577255e+00 2.00799567504205e+00 1.32392695024741e-05
2.29000000000000e+00 2.03363274666602e+00 2.03364484283446e+00 1.20961684357823e-05
2.29500000000000e+00 2.06166867592807e+00 2.06167983224433e+00 1.11563162548123e-05
2.30000000000000e+00 2.09193890068502e+00 2.09194987150091e+00 1.09708158890776e-05
2.30500000000000e+00 2.12427782688254e+00 2.12428976371522e+00 1.19368326783054e-05
2.31000000000000e+00 2.15850665170215e+00 2.15852090008677e+00 1.42483846206076e-05
2.31500000000000e+00 2.19443448352541e+00 2.19445235595975e+00 1.78724343333769e-05
2.32000000000000e+00 2.23185950955987e+00 2.23188206297221e+00 2.25534123452498e-05
2.32500000000000e+00 2.27057020415307e+00 2.27059805007310e+00 2.78459200258041e-05
2.33000000000000e+00 2.31034657379881e+00 2.31037974575665e+00 3.31719578348100e-05
2.33500000000000e+00 2.35096143745907e+00 2.35099933348698e+00 3.78960279112661e-05
2.34000000000000e+00 2.39218174271321e+00 2.39222315195699e+00 4.14092437850400e-05
2.34500000000000e+00 2.43376991912199e+00 2.43381313154985e+00 4.32124278644253e-05
2.35000000000000e+00 2.47548526991639e+00 2.47552825814758e+00 4.29882311858698e-05
2.35500000000000e+00 2.51708540170587e+00 2.51712605526309e+00 4.06535572170519e-05
2.36000000000000e+00 2.55832768950955e+00 2.55836407535858e+00 3.63858490359803e-05
2.36500000000000e+00 2.59897077134218e+00 2.59900139115685e+00 3.06198146708958e-05
2.37000000000000e+00 2.63877606320947e+00 2.63880007775179e+00 2.40145423164861e-05
2.37500000000000e+00 2.67750928209224e+00 2.67752667638138e+00 1.73942891374956e-05
2.38000000000000e+00 2.71494196171177e+00 2.71495363083914e+00 1.16691273785996e-05
2.38500000000000e+00 2.75085294388449e+00 2.75086068766886e+00 7.74378436219081e-06
2.39000000000000e+00 2.78502982730376e+00 2.78503625151058e+00 6.42420681540301e-06
2.39500000000000e+00 2.81727035571769e+00 2.81727868724248e+00 8.33152478918464e-06
2.40000000000000e+00 2.84738372867068e+00 2.84739756089084e+00 1.38322201634899e-05
2.40500000000000e+00 2.87519182010009e+00 2.87521481165829e+00 2.29915582083962e-05
2.41000000000000e+00 2.90053029290113e+00 2.90056584784471e+00 3.55549435822056e-05
2.41500000000000e+00 2.92324960082008e+00 2.92330055990463e+00 5.09590845516605e-05
2.42000000000000e+00 2.94321587241326e+00 2.94328424439572e+00 6.83719824601248e-05
2.42500000000000e+00 2.96031167504097e+00 2.96039843312221e+00 8.67580812373703e-05
2.43000000000000e+00 2.97443665971058e+00 2.97454162236171e+00 1.04962651132023e-04
2.43500000000000e+00 2.98550808985737e+00 2.98562989767982e+00 1.21807822453857e-04
2.44000000000000e+00 2.99346125873897e+00 2.99359745048043e+00 1.36191741467506e-04
2.44500000000000e+00 2.99824980096481e+00 2.99839698310739e+00 1.47182142584246e-04
2.45000000000000e+00 2.99984590380340e+00 3.00000000000000e+00 1.54096196602893e-04
2.45500000000000e+00 2.99824042337567e+00 2.99839698310739e+00 1.56559731724570e-04
2.46000000000000e+00 2.99344290976656e+00 2.99359745048044e+00 1.54540713876106e-04
2.46500000000000e+00 2.98548154362486e+00 2.98562989767982e+00 1.48354054963384e-04
2.47000000000000e+00 2.97440298514210e+00 2.97454162236171e+00 1.38637219614601e-04
2.47500000000000e+00 2.96027213458907e+00 2.96039843312221e+00 1.26298533139391e-04
2.48000000000000e+00 2.94317180202702e+00 2.94328424439572e+00 1.12442368708887e-04
2.48500000000000e+00 2.92320228256525e+00 2.92330055990464e+00 9.82773393882752e-05
2.49000000000000e+00 2.90048083276109e+00 2.90056584784471e+00 8.50150836249064e-05
2.49500000000000e+00 2.87514104355685e+00 2.87521481165830e+00 7.37681014464364e-05
2.50000000000000e+00 2.84733210561006e+00 2.84739756089084e+00 6.54552807839437e-05
2.50500000000000e+00 2.81721796400870e+00 2.81727868724248e+00 6.07232337808128e-05
2.51000000000000e+00 2.78497636116281e+00 2.78503625151058e+00 5.98903477717627e-05
2.51500000000000e+00 2.75079776903463e+00 2.75086068766886e+00 6.29186342302468e-05
2.52000000000000e+00 2.71488421468643e+00 2.71495363083915e+00 6.94161527139414e-05
2.52500000000000e+00 2.67744800620281e+00 2.67752667638138e+00 7.86701785724375e-05
2.53000000000000e+00 2.63871036916398e+00 2.63880007775179e+00 8.97085878066584e-05
2.53500000000000e+00 2.59890000677435e+00 2.59900139115685e+00 1.01384382500846e-04
2.54000000000000e+00 2.55825159923640e+00 2.55836407535859e+00 1.12476122192451e-04
2.54500000000000e+00 2.51700425979575e+00 2.51712605526309e+00 1.21795467336483e-04
2.55000000000000e+00 2.47539996588530e+00 2.47552825814758e+00 1.28292262282059e-04
2.55500000000000e+00 2.43368198386625e+00 2.43381313154985e+00 1.31147683605892e-04
2.56000000000000e+00 2.39209330497375e+00 2.39222315195700e+00 1.29846983251358e-04
2.56500000000000e+00 2.35087510829787e+00 2.35099933348698e+00 1.24225189114924e-04
2.57000000000000e+00 2.31026526412791e+00 2.31037974575666e+00 1.14481628742613e-04
2.57500000000000e+00 2.27049688799960e+00 2.27059805007310e+00 1.01162073499861e-04
2.58000000000000e+00 2.23179695260515e+00 2.23188206297222e+00 8.51103670687081e-05
2.58500000000000e+00 2.19438496167712e+00 2.19445235595975e+00 6.73942826288076e-05
2.59000000000000e+00 2.15847168733756e+00 2.15852090008678e+00 4.92127492184302e-05
2.59500000000000e+00 2.12425797047333e+00 2.12428976371522e+00 3.17932418876232e-05
2.60000000000000e+00 2.09193358262325e+00 2.09194987150091e+00 1.62888776569226e-05
2.60500000000000e+00 2.06167614771269e+00 2.06167983224433e+00 3.68453164467653e-06
2.61000000000000e+00 2.03365012270131e+00 2.03364484283446e+00 5.27986684906168e-06
2.61500000000000e+00 2.00800583766974e+00 2.00799567504205e+00 1.01626276896027e-05
2.62000000000000e+00 1.98487859782780e+00 1.98486775140779e+00 1.08464200074820e-05
2.62500000000000e+00 1.96438785209588e+00 1.96438031592140e+00 7.53617448046029e-06
2.63000000000000e+00 1.94663643498959e+00 1.94663570460343e+00 7.30386162217656e-07
2.63500000000000e+00 1.93170989025131e+00 1.93171872048530e+00 8.83023398468019e-06
2.64000000000000e+00 1.91967588580214e+00 1.91969611683971e+00 2.02310375729819e-05
2.64500000000000e+00 1.91058372999606e+00 1.91061619184595e+00 3.24618498912521e-05
2.65000000000000e+00 1.90446399880210e+00 1.90450849718747e+00 4.44983853771230e-05
2.65500000000000e+00 1.90132828246729e+00 1.90138366237698e+00 5.53799096896235e-05
2.66000000000000e+00 1.90116905854695e+00 1.90123333589028e+00 6.42773433303656e-05
2.66500000000000e+00 1.90395969610706e+00 1.90403024347033e+00 7.05473632665043e-05
2.67000000000000e+00 1.90965459360718e+00 1.90972836324032e+00 7.37696331327697e-05
2.67500000000000e+00 1.91818945065633e+00 1.91826321654437e+00 7.37658880414216e-05
2.68000000000000e+00 1.92948167166449e+00 1.92955227272105e+00 7.06010565587611e-05
2.68500000000000e+00 1.94343089750539e+00 1.94349546531226e+00 6.45678068735833e-05
2.69000000000000e+00 1.95991965972254e+00 1.95997581652323e+00 5.61568006942625e-05
2.69500000000000e+00 1.97881415055968e+00 1.97886016608158e+00 4.60155218975355e-05
2.70000000000000e+00 1.99996510114363e+00 2.00000000000000e+00 3.48988563660946e-05
2.70500000000000e+00 2.02320875943282e+00 2.02323237413106e+00 2.36146982408592e-05
2.71000000000000e+00 2.04836795900092e+00 2.04838092681811e+00 1.29678171876257e-05
2.71500000000000e+00 2.07525326929607e+00 2.07525697439691e+00 3.70510084612974e-06
2.72000000000000e+00 2.10366421766542e+00 2.10366068279205e+00 3.53487336779423e-06
2.72500000000000e+00 2.13339057315717e+00 2.13338230798255e+00 8.26517462382270e-06
2.73000000000000e+00 2.16421368192618e+00 2.16420349768687e+00 1.01842393096518e-05
2.73500000000000e+00 2.19590784401481e+00 2.19589864623990e+00 9.19777490970830e-06
2.74000000000000e+00 2.22824172140361e+00 2.22823629430637e+00 5.42709723383439e-06
2.74500000000000e+00 2.26097976756634e+00 2.26098056479902e+00 7.97232680316284e-07
2.75000000000000e+00 2.29388366933870e+00 2.29389262614624e+00 8.95680753254524e-06
2.75500000000000e+00 2.32671379270900e+00 2.32673217388556e+00 1.83811765559483e-05
2.76000000000000e+00 2.35923062511242e+00 2.35925892144618e+00 2.82963337601139e-05
2.76500000000000e+00 2.39119620787704e+00 2.39123409092702e+00 3.78830499783156e-05
2.77000000000000e+00 2.42237555351760e+00 2.42242189467697e+00 4.63411593680796e-05
2.77500000000000e+00 2.45253804347730e+00 2.45259099854052e+00 5.29550632131226e-05
2.78000000000000e+00 2.48145880255571e+00 2.48151595774496e+00 5.71551892489808e-05
2.78500000000000e+00 2.50892004652582e+00 2.50897861657418e+00 5.85700483579643e-05
2.79000000000000e+00 2.53471239927105e+00 2.53476946319709e+00 5.70639260435435e-05
2.79500000000000e+00 2.55863617514143e+00 2.55868893129538e+00 5.27561539529486e-05
2.80000000000000e+00 2.58050262118132e+00 2.58054864046305e+00 4.60192817279825e-05
2.80500000000000e+00 2.60013511251175e+00 2.60017256772797e+00 3.74552162178965e-05
2.81000000000000e+00 2.61737029261046e+00 2.61739814297001e+00 2.78503595527724e-05
2.81500000000000e+00 2.63205914870435e+00 2.63207726147960e+00 1.81127752489907e-05
2.82000000000000e+00 2.64406801117640e+00 2.64407720741157e+00 9.19623516759671e-06
2.82500000000000e+00 2.65327946498485e+00 2.65328148243819e+00 2.01745333905379e-06
2.83000000000000e+00 2.65959316076653e+00 2.65959053448992e+00 2.62627660996273e-06
2.83500000000000e+00 2.66292651366055e+00 2.66292238208847e+00 4.13157208578596e-06
2.84000000000000e+00 2.66321527899460e+00 2.66321313042021e+00 2.14857438196603e-06
2.84500000000000e+00 2.66041399579802e+00 2.66041737596564e+00 3.38016762047033e-06
2.85000000000000e+00 2.65449629154469e+00 2.65450849718747e+00 1.22056427813710e-05
2.85500000000000e+00 2.64545504441954e+00 2.64547882948272e+00 2.37850631759073e-05
2.86000000000000e+00 2.63330240253441e+00 2.63333972331719e+00 3.73207827806254e-05
2.86500000000000e+00 2.61806966265186e+00 2.61812148518152e+00 5.18225296688435e-05
2.87000000000000e+00 2.59980701387105e+00 2.59987320173000e+00 6.61878589585108e-05
2.87500000000000e+00 2.57858315417203e+00 2.57866244818360e+00 7.92940115621477e-05
2.88000000000000e+00 2.55448478953392e+00 2.55457488279246e+00 9.00932585334857e-05
2.88500000000000e+00 2.52761602643046e+00 2.52771372985530e+00 9.77034248403896e-05
2.89000000000000e+00 2.49809766882671e+00 2.49819915448034e+00 1.01485653625666e-04
2.89500000000000e+00 2.46606643038800e+00 2.46616753293972e+00 1.01102551717247e-04
2.90000000000000e+00 2.43167407156905e+00 2.43177062311339e+00 9.65515443396292e-05
2.90500000000000e+00 2.39508646973233e+00 2.39517464013388e+00 8.81704015545104e-05
2.91000000000000e+00 2.35648262864271e+00 2.35655924292839e+00 7.66142856796215e-05
2.91500000000000e+00 2.31605363180997e+00 2.31611643790350e+00 6.28060935294883e-05
2.92000000000000e+00 2.27400154240858e+00 2.27404940652904e+00 4.78641204515462e-05
2.92500000000000e+00 2.23053825108203e+00 2.23057126404647e+00 3.30129644336985e-05
2.93000000000000e+00 2.18588427198626e+00 2.18590375695213e+00 1.94849658710083e-05
2.93500000000000e+00 2.14026748704775e+00 2.14027590728278e+00 8.42023502123368e-06
2.94000000000000e+00 2.09392183865315e+00 2.09392261205918e+00 7.73406027665402e-07
2.94500000000000e+00 2.04708597184432e+00 2.04708320651984e+00 2.76532448584277e-06
2.95000000000000e+00 2.00000182850289e+00 2.00000000000000e+00 1.82850289354164e-06
2.95500000000000e+00 1.95291319786613e+00 1.95291679348017e+00 3.59561403562303e-06
2.96000000000000e+00 1.90606422987451e+00 1.90607738794082e+00 1.31580663105257e-05
2.96500000000000e+00 1.85969792014416e+00 1.85972409271723e+00 2.61725730690276e-05
2.97000000000000e+00 1.81405457759989e+00 1.81409624304787e+00 4.16654479822309e-05
2.97500000000000e+00 1.76937028782221e+00 1.76942873595354e+00 5.84481313270491e-05
2.98000000000000e+00 1.72587538679141e+00 1.72595059347097e+00 7.52066795615125e-05
2.98500000000000e+00 1.68379296082296e+00 1.68388356209651e+00 9.06012735515382e-05
2.99000000000000e+00 1.64333738898825e+00 1.64344075707161e+00 1.03368083364419e-04
2.99500000000000e+00 1.60471294415781e+00 1.60482535986612e+00 1.12415708312330e-04
3.00000000000000e+00 1.56811246799249e+00 1.56822937688661e+00 1.16908894119971e-04
3.00500000000000e+00 1.53371613379419e+00 1.53383246706028e+00 1.16333266096946e-04
3.01000000000000e+00 1.50169030920408e+00 1.50180084551966e+00 1.10536315585996e-04
3.01500000000000e+00 1.47218652843290e+00 1.47228627014470e+00 9.97417118018262e-05
3.02000000000000e+00 1.44534058117396e+00 1.44542511720755e+00 8.45360335857137e-05
3.02500000000000e+00 1.42127172274927e+00 1.42133755181641e+00 6.58290671329276e-05
3.03000000000000e+00 1.40008200752871e+00 1.40012679827000e+00 4.47907412881587e-05
3.03500000000000e+00 1.38185574538758e+00 1.38187851481848e+00 2.27694308980730e-05
3.04000000000000e+00 1.36665907904585e+00 1.36666027668282e+00 1.19763696804220e-06
3.04500000000000e+00 1.35453967864970e+00 1.35452117051728e+00 1.85081324208802e-05
3.05000000000000e+00 1.34552654896045e+00 1.34549150281253e+00 3.50461479241559e-05
3.05500000000000e+00 1.33962994401777e+00 1.33958262403436e+00 4.73199834045701e-05
3.06000000000000e+00 1.33684138411663e+00 1.33678686957979e+00 5.45145368455735e-05
3.06500000000000e+00 1.33713377032153e+00 1.33707761791153e+00 5.61524099951249e-05
3.07000000000000e+00 1.34046159245265e+00 1.34040946551008e+00 5.21269425639570e-05
3.07500000000000e+00 1.34676122741325e+00 1.34671851756181e+00 4.27098514339530e-05
3.08000000000000e+00 1.35595132577159e+00 1.35592279258843e+00 2.85331831602065e-05
3.08500000000000e+00 1.36793328554903e+00 1.36792273852040e+00 1.05470286344556e-05
3.09000000000000e+00 1.38259181308733e+00 1.38260185702999e+00 1.00439426631294e-05
3.09500000000000e+00 1.39979557157482e+00 1.39982743227203e+00 3.18606972111724e-05
3.10000000000000e+00 1.41939791822355e+00 1.41945135953695e+00 5.34413133959077e-05
3.10500000000000e+00 1.44123773114875e+00 1.44131106870462e+00 7.33375558741312e-05
3.11000000000000e+00 1.46514032667734e+00 1.46523053680290e+00 9.02101255595422e-05
3.11500000000000e+00 1.49091846709823e+00 1.49102138342582e+00 1.02916327588076e-04
3.12000000000000e+00 1.51837345778393e+00 1.51848404225504e+00 1.10584471111341e-04
3.12500000000000e+00 1.54729633121061e+00 1.54740900145948e+00 1.12670248870295e-04
3.13000000000000e+00 1.57746911374766e+00 1.57757810532302e+00 1.08991575361150e-04
3.13500000000000e+00 1.60866616926798e+00 1.60876590907298e+00 9.97398049946696e-05
3.14000000000000e+00 1.64065561174372e+00 1.64074107855382e+00 8.54668100971345e-05
3.14500000000000e+00 1.67320077714554e+00 1.67326782611444e+00 6.70489688971987e-05
3.15000000000000e+00 1.70606174325953e+00 1.70610737385376e+00 4.56305942355684e-05
3.15500000000000e+00 1.73899688457268e+00 1.73901943520098e+00 2.25506283058063e-05
3.16000000000000e+00 1.77176444823696e+00 1.77176370569363e+00 7.42543335263690e-07
3.16500000000000e+00 1.80412413636773e+00 1.80410135376010e+00 2.27826076297788e-05
3.17000000000000e+00 1.83583867960410e+00 1.83579650231313e+00 4.21772909677820e-05
3.17500000000000e+00 1.86667538697239e+00 1.86661769201745e+00 5.76949549329075e-05
3.18000000000000e+00 1.89640765763631e+00 1.89633931720795e+00 6.83404283605693e-05
3.18500000000000e+00 1.92481644105336e+00 1.92474302560309e+00 7.34154502715079e-05
3.19000000000000e+00 1.95169163332769e+00 1.95161907318189e+00 7.25601458044789e-05
3.19500000000000e+00 1.97683339907924e+00 1.97676762586893e+00 6.57732103024333e-05
3.20000000000000e+00 2.00005340985055e+00 2.00000000000000e+00 5.34098505533542e-05
3.20500000000000e+00 2.02117599185305e+00 2.02113983391842e+00 3.61579346304097e-05
3.21000000000000e+00 2.04003917762063e+00 2.04002418347677e+00 1.49941438678525e-05
3.21500000000000e+00 2.05649565780618e+00 2.05650453468774e+00 8.87688156403499e-06
3.22000000000000e+00 2.07041363084991e+00 2.07044772727895e+00 3.40964290486134e-05
3.22500000000000e+00 2.08167754951151e+00 2.08173678345563e+00 5.92339441132239e-05
3.23000000000000e+00 2.09018876424961e+00 2.09027163675968e+00 8.28725100734395e-05
3.23500000000000e+00 2.09586606413480e+00 2.09596975652967e+00 1.03692394869181e-04
3.24000000000000e+00 2.09864611639679e+00 2.09876666410972e+00 1.20547712935348e-04
3.24500000000000e+00 2.09848380585181e+00 2.09861633762302e+00 1.32531771212641e-04
3.25000000000000e+00 2.09535247537203e+00 2.09549150281253e+00 1.39027440499540e-04
3.25500000000000e+00 2.08924406829243e+00 2.08938380815405e+00 1.39739861622079e-04
3.26000000000000e+00 2.08016917326435e+00 2.08030388316029e+00 1.34709895940777e-04
3.26500000000000e+00 2.06815697162249e+00 2.06828127951470e+00 1.24307892216180e-04
3.27000000000000e+00 2.05325508690077e+00 2.05336429539657e+00 1.09208495798541e-04
3.27500000000000e+00 2.03552933577390e+00 2.03561968407860e+00 9.03483047021147e-05
3.28000000000000e+00 2.01506337947236e+00 2.01513224859221e+00 6.88691198487135e-05
3.28500000000000e+00 1.99195827466376e+00 1.99200432495795e+00 4.60502941923568e-05
3.29000000000000e+00 1.96633192294513e+00 1.96635515716554e+00 2.32342204116165e-05
3.29500000000000e+00 1.93831841846798e+00 1.93832016775567e+00 1.74928768559290e-06
3.30000000000000e+00 1.90806729382222e+00 1.90805012849909e+00 1.71653231295643e-05
3.30500000000000e+00 1.87574266512623e+00 1.87571023628479e+00 3.24288414459417e-05
3.31000000000000e+00 1.84152227828276e+00 1.84147909991323e+00 4.31783695302723e-05
3.31500000000000e+00 1.80559645952735e+00 1.80554764404025e+00 4.88154870934565e-05
3.32000000000000e+00 1.76816697467400e+00 1.76811793702778e+00 4.90376462167763e-05
3.32500000000000e+00 1.72944580280026e+00 1.72940194992690e+00 4.38528733526233e-05
3.33000000000000e+00 1.68965383145898e+00 1.68962025424335e+00 3.35772156265790e-05
3.33500000000000e+00 1.64901948180506e+00 1.64900066651302e+00 1.88152920372886e-05
3.34000000000000e+00 1.60777727323295e+00 1.60777684804301e+00 4.25189942365733e-07
3.34500000000000e+00 1.56616633819271e+00 1.56618686845015e+00 2.05302574436406e-05
3.35000000000000e+00 1.52442889875236e+00 1.52447174185243e+00 4.28431000700780e-05
3.35500000000000e+00 1.48280871717307e+00 1.48287394473692e+00 6.52275638428623e-05
3.36000000000000e+00 1.44154953324211e+00 1.44163592464142e+00 8.63913993054410e-05
3.36500000000000e+00 1.40089350135198e+00 1.40099860884315e+00 1.05107491169765e-04
3.37000000000000e+00 1.36107964031876e+00 1.36119992224821e+00 1.20281929457233e-04
3.37500000000000e+00 1.32234230869834e+00 1.32247332361862e+00 1.31014920277561e-04
3.38000000000000e+00 1.28490971789448e+00 1.28504636916086e+00 1.36651266374299e-04
3.38500000000000e+00 1.24900249467135e+00 1.24913931233114e+00 1.36817659793564e-04
3.39000000000000e+00 1.21483230380574e+00 1.21496374848942e+00 1.31444683681314e-04
3.39500000000000e+00 1.18260054056725e+00 1.18272131275752e+00 1.20772190274065e-04
3.40000000000000e+00 1.15249710153230e+00 1.15260243910916e+00 1.05337576858044e-04
3.40500000000000e+00 1.12469924095798e+00 1.12478518834171e+00 8.59473837282465e-05
3.41000000000000e+00 1.09937051861072e+00 1.09943415215529e+00 6.36335445727276e-05
3.41500000000000e+00 1.07665984360977e+00 1.07669944009537e+00 3.95964855972597e-05
3.42000000000000e+00 1.05670061755823e+00 1.05671575560428e+00 1.51380460478023e-05
3.42500000000000e+00 1.03960997904386e+00 1.03960156687779e+00 8.41216606639605e-06
3.43000000000000e+00 1.02548815054497e+00 1.02545837763829e+00 2.97729066833785e-05
3.43500000000000e+00 1.01441788791195e+00 1.01437010232018e+00 4.77855917724312e-05
3.44000000000000e+00 1.00646403194200e+00 1.00640254951957e+00 6.14824224307586e-05
3.44500000000000e+00 1.00167316113967e+00 1.00160301689261e+00 7.01442470683045e-05
3.45000000000000e+00 1.00007334456094e+00 1.00000000000000e+00 7.33445609422123e-05
3.45500000000000e+00 1.00167399365980e+00 1.00160301689261e+00 7.09767671929207e-05
3.46000000000000e+00 1.00646581226550e+00 1.00640254951956e+00 6.32627459333790e-05
3.46500000000000e+00 1.01442084417125e+00 1.01437010232018e+00 5.07418510795610e-05
3.47000000000000e+00 1.02549261825706e+00 1.02545837763829e+00 3.42406187727740e-05
3.47500000000000e+00 1.03961639153594e+00 1.03960156687779e+00 1.48246581488376e-05
3.48000000000000e+00 1.05670949093595e+00 1.05671575560427e+00 6.26466832387429e-06
3.48500000000000e+00 1.07667175493963e+00 1.07669944009536e+00 2.76851557323710e-05
3.49000000000000e+00 1.09938607633469e+00 1.09943415215529e+00 4.80758205931853e-05
3.49500000000000e+00 1.12471904722731e+00 1.12478518834171e+00 6.61411143942914e-05
3.50000000000000e+00 1.15252170709054e+00 1.15260243910915e+00 8.07320186155813e-05
3.50500000000000e+00 1.18263039393910e+00 1.18272131275752e+00 9.09188184248233e-05
3.51000000000000e+00 1.21486769773253e+00 1.21496374848942e+00 9.60507568947833e-05
3.51500000000000e+00 1.24904351382729e+00 1.24913931233114e+00 9.57985038541054e-05
3.52000000000000e+00 1.28495619276348e+00 1.28504636916085e+00 9.01763973673031e-05
3.52500000000000e+00 1.32239378094310e+00 1.32247332361861e+00 7.95426755173523e-05
3.53000000000000e+00 1.36113534491230e+00 1.36119992224821e+00 6.45773359124746e-05
3.53500000000000e+00 1.40095237009402e+00 1.40099860884315e+00 4.62387491233507e-05
3.54000000000000e+00 1.44161022303110e+00 1.44163592464141e+00 2.57016103135665e-05
3.54500000000000e+00 1.48286966459905e+00 1.48287394473691e+00 4.28013786080150e-06
3.55000000000000e+00 1.52448840033275e+00 1.52447174185242e+00 1.66584803287240e-05
3.55500000000000e+00 1.56622265306855e+00 1.56618686845015e+00 3.57846183998145e-05
3.56000000000000e+00 1.60782874260313e+00 1.60777684804300e+00 5.18945601295506e-05
3.56500000000000e+00 1.64906465705290e+00 1.64900066651302e+00 6.39905398838181e-05
3.57000000000000e+00 1.68969160107729e+00 1.68962025424335e+00 7.13468339372803e-05
3.57500000000000e+00 1.72947550708365e+00 1.72940194992690e+00 7.35571567469506e-05
3.58000000000000e+00 1.76818849690991e+00 1.76811793702778e+00 7.05598821291176e-05
3.58500000000000e+00 1.80561028319829e+00 1.80554764404025e+00 6.26391580398344e-05
3.59000000000000e+00 1.84152950162452e+00 1.84147909991322e+00 5.04017112925581e-05
3.59500000000000e+00 1.87574496720410e+00 1.87571023628478e+00 3.47309193131640e-05
3.60000000000000e+00 1.90806684992734e+00 1.90805012849909e+00 1.67214282535966e-05
3.60500000000000e+00 1.93831776684373e+00 1.93832016775567e+00 2.40091193992598e-06
3.61000000000000e+00 1.96633378929996e+00 1.96635515716554e+00 2.13678655833771e-05
3.61500000000000e+00 1.99196536523345e+00 1.99200432495795e+00 3.89597245027407e-05
3.62000000000000e+00 2.01507815715742e+00 2.01513224859221e+00 5.40914347948451e-05
3.62500000000000e+00 2.03555379671034e+00 2.03561968407860e+00 6.58873682599648e-05
3.63000000000000e+00 2.05329055638117e+00 2.05336429539657e+00 7.37390153955353e-05
3.63500000000000e+00 2.06820393831037e+00 2.06828127951470e+00 7.73412043320043e-05
3.64000000000000e+00 2.08022717899202e+00 2.08030388316029e+00 7.67041682694369e-05
3.64500000000000e+00 2.08931166739154e+00 2.08938380815405e+00 7.21407625068338e-05
3.65000000000000e+00 2.09542727260186e+00 2.09549150281253e+00 6.42302106630410e-05
3.65500000000000e+00 2.09856257586448e+00 2.09861633762302e+00 5.37617585396610e-05
3.66000000000000e+00 2.09872500076043e+00 2.09876666410972e+00 4.16633492963392e-05
3.66500000000000e+00 2.09594083479590e+00 2.09596975652967e+00 2.89217337718917e-05
3.67000000000000e+00 2.09025513560514e+00 2.09027163675968e+00 1.65011545467664e-05
3.67500000000000e+00 2.08173151565613e+00 2.08173678345563e+00 5.26779949927558e-06
3.68000000000000e+00 2.07045180069770e+00 2.07044772727895e+00 4.07341874097966e-06
3.68500000000000e+00 2.05651555918064e+00 2.05650453468774e+00 1.10244928976932e-05
3.69000000000000e+00 2.04003950240032e+00 2.04002418347677e+00 1.53189235505558e-05
3.69500000000000e+00 2.02115675795318e+00 2.02113983391842e+00 1.69240347540622e-05
3.70000000000000e+00 2.00001602203866e+00 2.00000000000000e+00 1.60220386553611e-05
3.70500000000000e+00 1.97678059890845e+00 1.97676762586894e+00 1.29730395177496e-05
3.71000000000000e+00 1.95162733811395e+00 1.95161907318189e+00 8.26493205652312e-06
3.71500000000000e+00 1.92474548191717e+00 1.92474302560309e+00 2.45631407702618e-06
3.72000000000000e+00 1.89633543616931e+00 1.89633931720795e+00 3.88103863491196e-06
3.72500000000000e+00 1.86660747807444e+00 1.86661769201745e+00 1.02139430173676e-05
3.73000000000000e+00 1.83578041359606e+00 1.83579650231313e+00 1.60887170723711e-05
3.73500000000000e+00 1.80408019598076e+00 1.80410135376010e+00 2.11577793438611e-05
3.74000000000000e+00 1.77173851518827e+00 1.77176370569363e+00 2.51905053541002e-05
3.74500000000000e+00 1.73899136620328e+00 1.73901943520098e+00 2.80689977030235e-05
3.75000000000000e+00 1.70607760253556e+00 1.70610737385376e+00 2.97713182080273e-05
3.75500000000000e+00 1.67323747993628e+00 1.67326782611444e+00 3.03461781621106e-05
3.76000000000000e+00 1.64071119464681e+00 1.64074107855382e+00 2.98839070127510e-05
3.76500000000000e+00 1.60873742043900e+00 1.60876590907298e+00 2.84886339825263e-05
3.77000000000000e+00 1.57755184929092e+00 1.57757810532303e+00 2.62560321060423e-05
3.77500000000000e+00 1.54738574166024e+00 1.54740900145948e+00 2.32597992395611e-05
3.78000000000000e+00 1.51846449378526e+00 1.51848404225504e+00 1.95484697871340e-05
3.78500000000000e+00 1.49100623102699e+00 1.49102138342582e+00 1.51523988365376e-05
3.79000000000000e+00 1.46522043771688e+00 1.46523053680291e+00 1.00990860281147e-05
3.79500000000000e+00 1.44130663506461e+00 1.44131106870462e+00 4.43364001578850e-06
3.80000000000000e+00 1.41945311922987e+00 1.41945135953695e+00 1.75969292293132e-06
3.80500000000000e+00 1.39983577156258e+00 1.39982743227203e+00 8.33929054766536e-06
3.81000000000000e+00 1.38261695223912e+00 1.38260185702999e+00 1.50952091293455e-05
3.81500000000000e+00 1.36794448712574e+00 1.36792273852040e+00 2.17486053408766e-05
3.82000000000000e+00 1.35595075580745e+00 1.35592279258843e+00 2.79632190198775e-05
3.82500000000000e+00 1.34675188651513e+00 1.34671851756181e+00 3.33689533138504e-05
3.83000000000000e+00 1.34044706137288e+00 1.34040946551008e+00 3.75958628000550e-05
3.83500000000000e+00 1.33711793318873e+00 1.33707761791153e+00 4.03152772014970e-05
3.84000000000000e+00 1.33682815312074e+00 1.33678686957979e+00 4.12835409555612e-05
3.84500000000000e+00 1.33962300712431e+00 1.33958262403436e+00 4.03830899493585e-05
3.85000000000000e+00 1.34552915822856e+00 1.34549150281253e+00 3.76554160284037e-05
3.85500000000000e+00 1.35455449144006e+00 1.35452117051728e+00 3.33209227798559e-05
3.86000000000000e+00 1.36668805840827e+00 1.36666027668282e+00 2.77817254561441e-05
3.86500000000000e+00 1.38190011982319e+00 1.38187851481848e+00 2.16050047150418e-05
3.87000000000000e+00 1.40014228471914e+00 1.40012679826999e+00 1.54864491495044e-05
3.87500000000000e+00 1.42134774725414e+00 1.42133755181640e+00 1.01954377333957e-05
3.88000000000000e+00 1.44543162292937e+00 1.44542511720754e+00 6.50572183391596e-06
3.88500000000000e+00 1.47229138740660e+00 1.47228627014469e+00 5.11726190977058e-06
3.89000000000000e+00 1.50180742188458e+00 1.50180084551966e+00 6.57636491863123e-06
3.89500000000000e+00 1.53384366924937e+00 1.53383246706028e+00 1.12021890934511e-05
3.90000000000000e+00 1.56824840479708e+00 1.56822937688661e+00 1.90279104759217e-05
3.90500000000000e+00 1.60485512417332e+00 1.60482535986612e+00 2.97643072073583e-05
3.91000000000000e+00 1.64348354927370e+00 1.64344075707161e+00 4.27922020873606e-05
3.91500000000000e+00 1.68394075025363e+00 1.68388356209650e+00 5.71881571267419e-05
3.92000000000000e+00 1.72602237861547e+00 1.72595059347097e+00 7.17851445002360e-05
3.92500000000000e+00 1.76951400273902e+00 1.76942873595353e+00 8.52667854884803e-05
3.93000000000000e+00 1.81419253340080e+00 1.81409624304787e+00 9.62903529313497e-05
3.93500000000000e+00 1.85982772302041e+00 1.85972409271722e+00 1.03630303188496e-04
3.94000000000000e+00 1.90618371881833e+00 1.90607738794081e+00 1.06330877515992e-04
3.94500000000000e+00 1.95302064700311e+00 1.95291679348016e+00 1.03853522950503e-04
3.95000000000000e+00 2.00009620273502e+00 2.00000000000000e+00 9.62027350224215e-05
3.95500000000000e+00 2.04716721910512e+00 2.04708320651983e+00 8.40125852898943e-05
3.96000000000000e+00 2.09399118783890e+00 2.09392261205918e+00 6.85757797262987e-05
3.96500000000000e+00 2.14032770493594e+00 2.14027590728278e+00 5.17976531577702e-05
3.97000000000000e+00 2.18593981598105e+00 2.18590375695213e+00 3.60590289143481e-05
3.97500000000000e+00 2.23059523833803e+00 2.23057126404647e+00 2.39742915613128e-05
3.98000000000000e+00 2.27406744073706e+00 2.27404940652903e+00 1.80342080291496e-05
3.98500000000000e+00 2.31613656472176e+00 2.31611643790350e+00 2.01268182666858e-05
3.99000000000000e+00 2.35659017683318e+00 2.35655924292839e+00 3.09339047985802e-05
3.99500000000000e+00 2.39522384505947e+00 2.39517464013388e+00 4.92049255877980e-05
4.00000000000000e+00 2.43184153776160e+00 2.43177062311338e+00 7.09146482185119e-05
