variables = x, value-predict, value-true, error
0.00000000000000e+00 2.43102190224532e+00 2.43177062311339e+00 7.48720868068542e-04
5.00000000000000e-03 2.46542937889696e+00 2.46616753293972e+00 7.38154042762673e-04
1.00000000000000e-02 2.49747425447210e+00 2.49819915448034e+00 7.24900008238993e-04
1.50000000000000e-02 2.52700525313329e+00 2.52771372985530e+00 7.08476722012907e-04
2.00000000000000e-02 2.55388582124254e+00 2.55457488279246e+00 6.89061549916214e-04
2.50000000000000e-02 2.57799523931807e+00 2.57866244818360e+00 6.67208865529290e-04
3.00000000000000e-02 2.59922956205670e+00 2.59987320173000e+00 6.43639673304275e-04
3.50000000000000e-02 2.61750238947337e+00 2.61812148518152e+00 6.19095708154660e-04
4.00000000000000e-02 2.63274547478311e+00 2.63333972331718e+00 5.94248534068420e-04
4.50000000000000e-02 2.64490917638651e+00 2.64547882948272e+00 5.69653096201606e-04
5.00000000000000e-02 2.65396276226438e+00 2.65450849718747e+00 5.45734923094177e-04
5.50000000000000e-02 2.65989457534006e+00 2.66041737596564e+00 5.22800625582853e-04
6.00000000000000e-02 2.66271206805410e+00 2.66321313042021e+00 5.01062366116134e-04
6.50000000000000e-02 2.66244171366882e+00 2.66292238208847e+00 4.80668419646779e-04
7.00000000000000e-02 2.65912880083637e+00 2.65959053448992e+00 4.61733653550844e-04
7.50000000000000e-02 2.65283711687945e+00 2.65328148243819e+00 4.44365558734727e-04
8.00000000000000e-02 2.64364852419001e+00 2.64407720741157e+00 4.28683221562309e-04
8.50000000000000e-02 2.63166243326885e+00 2.63207726147960e+00 4.14828210751672e-04
9.00000000000000e-02 2.61699517529995e+00 2.61739814297001e+00 4.02967670061649e-04
9.50000000000000e-02 2.59977927683789e+00 2.60017256772797e+00 3.93290890083886e-04
1.00000000000000e-01 2.58016263921123e+00 2.58054864046305e+00 3.86001251820645e-04
1.05000000000000e-01 2.55830762560265e+00 2.55868893129538e+00 3.81305692724432e-04
1.10000000000000e-01 2.53439005942063e+00 2.53476946319709e+00 3.79403776469278e-04
1.15000000000000e-01 2.50859813846406e+00 2.50897861657418e+00 3.80478110122873e-04
1.20000000000000e-01 2.48113127041977e+00 2.48151595774496e+00 3.84687325186928e-04
1.25000000000000e-01 2.45219883632869e+00 2.45259099854052e+00 3.92162211833913e-04
1.30000000000000e-01 2.42201888971692e+00 2.42242189467697e+00 4.03004960052744e-04
1.35000000000000e-01 2.39081680002404e+00 2.39123409092702e+00 4.17290902975154e-04
1.40000000000000e-01 2.35882384970093e+00 2.35925892144618e+00 4.35071745252369e-04
1.45000000000000e-01 2.32627579484461e+00 2.32673217388556e+00 4.56379040949528e-04
1.50000000000000e-01 2.29341139946478e+00 2.29389262614624e+00 4.81226681452007e-04
1.55000000000000e-01 2.26047095344232e+00 2.26098056479902e+00 5.09611356700912e-04
1.60000000000000e-01 2.22769478397904e+00 2.22823629430637e+00 5.41510327330741e-04
1.65000000000000e-01 2.19532176990530e+00 2.19589864623990e+00 5.76876334595244e-04
1.70000000000000e-01 2.16358786768000e+00 2.16420349768687e+00 6.15630006875811e-04
1.75000000000000e-01 2.13272465736350e+00 2.13338230798255e+00 6.57650619050099e-04
1.80000000000000e-01 2.10295791634062e+00 2.10366068279205e+00 7.02766451434300e-04
1.85000000000000e-01 2.07450622817599e+00 2.07525697439691e+00 7.50746220921972e-04
1.90000000000000e-01 2.04757963373673e+00 2.04838092681811e+00 8.01293081376553e-04
1.95000000000000e-01 2.02237833162490e+00 2.02323237413107e+00 8.54042506164721e-04
2.00000000000000e-01 1.99909143500947e+00 2.00000000000000e+00 9.08564990531824e-04
2.05000000000000e-01 1.97789579208942e+00 1.97886016608158e+00 9.64373992161871e-04
2.10000000000000e-01 1.95895487759561e+00 1.95997581652323e+00 1.02093892762678e-03
2.15000000000000e-01 1.94241776287551e+00 1.94349546531226e+00 1.07770243674432e-03
2.20000000000000e-01 1.92841817212931e+00 1.92955227272105e+00 1.13410059173558e-03
2.25000000000000e-01 1.91707363221440e+00 1.91826321654437e+00 1.18958432997651e-03
2.30000000000000e-01 1.90848472306216e+00 1.90972836324032e+00 1.24364017816236e-03
2.35000000000000e-01 1.90273443513320e+00 1.90403024347033e+00 1.29580833713105e-03
2.40000000000000e-01 1.89988763947921e+00 1.90123333589028e+00 1.34569641106586e-03
2.45000000000000e-01 1.89999067491006e+00 1.90138366237698e+00 1.39298746691785e-03
2.50000000000000e-01 1.90307105553285e+00 1.90450849718747e+00 1.43744165462834e-03
2.55000000000000e-01 1.90913730060106e+00 1.91061619184595e+00 1.47889124488798e-03
2.60000000000000e-01 1.91817888725832e+00 1.91969611683971e+00 1.51722958139544e-03
2.65000000000000e-01 1.93016632545276e+00 1.93171872048530e+00 1.55239503254001e-03
2.70000000000000e-01 1.94505135309853e+00 1.94663570460343e+00 1.58435150490077e-03
2.75000000000000e-01 1.96276724851829e+00 1.96438031592140e+00 1.61306740311029e-03
2.80000000000000e-01 1.98322925634675e+00 1.98486775140779e+00 1.63849506103841e-03
2.85000000000000e-01 2.00633512242162e+00 2.00799567504205e+00 1.66055262042741e-03
2.90000000000000e-01 2.03196573272927e+00 2.03364484283446e+00 1.67911010518562e-03
2.95000000000000e-01 2.05998585118514e+00 2.06167983224433e+00 1.69398105919072e-03
3.00000000000000e-01 2.09024495087868e+00 2.09194987150091e+00 1.70492062223104e-03
3.05000000000000e-01 2.12257813335752e+00 2.12428976371522e+00 1.71163035769784e-03
3.10000000000000e-01 2.15680713051903e+00 2.15852090008677e+00 1.71376956774649e-03
3.15000000000000e-01 2.19274138367552e+00 2.19445235595975e+00 1.71097228422745e-03
3.20000000000000e-01 2.23017919432255e+00 2.23188206297222e+00 1.70286864966362e-03
3.25000000000000e-01 2.26890894103493e+00 2.27059805007310e+00 1.68910903816855e-03
3.30000000000000e-01 2.30871035672260e+00 2.31037974575665e+00 1.66938903404867e-03
3.35000000000000e-01 2.34935586018368e+00 2.35099933348698e+00 1.64347330329750e-03
3.40000000000000e-01 2.39061193549830e+00 2.39222315195700e+00 1.61121645869722e-03
3.45000000000000e-01 2.43224055232004e+00 2.43381313154985e+00 1.57257922980980e-03
3.50000000000000e-01 2.47400061956473e+00 2.47552825814758e+00 1.52763858285088e-03
3.55000000000000e-01 2.51564946439200e+00 2.51712605526309e+00 1.47659087109142e-03
3.60000000000000e-01 2.55694432775830e+00 2.55836407535859e+00 1.41974760028907e-03
3.65000000000000e-01 2.59764386722480e+00 2.59900139115685e+00 1.35752393205291e-03
3.70000000000000e-01 2.63750965716757e+00 2.63880007775179e+00 1.29042058421636e-03
3.75000000000000e-01 2.67630767609772e+00 2.67752667638138e+00 1.21900028366762e-03
3.80000000000000e-01 2.71380977048834e+00 2.71495363083915e+00 1.14386035080338e-03
3.85000000000000e-01 2.74979508435453e+00 2.75086068766886e+00 1.06560331432259e-03
3.90000000000000e-01 2.78405144386330e+00 2.78503625151058e+00 9.84807647276487e-04
3.95000000000000e-01 2.81637668647978e+00 2.81727868724248e+00 9.02000762696531e-04
4.00000000000000e-01 2.84657992458850e+00 2.84739756089084e+00 8.17636302345992e-04
4.05000000000000e-01 2.87448273416224e+00 2.87521481165829e+00 7.32077496055084e-04
4.10000000000000e-01 2.89992025987072e+00 2.90056584784471e+00 6.45587973990391e-04
4.15000000000000e-01 2.92274222900315e+00 2.92330055990464e+00 5.58330901485604e-04
4.20000000000000e-01 2.94281386768883e+00 2.94328424439572e+00 4.70376706892761e-04
4.25000000000000e-01 2.96001671409611e+00 2.96039843312221e+00 3.81719026094629e-04
4.30000000000000e-01 2.97424932452354e+00 2.97454162236171e+00 2.92297838170974e-04
4.35000000000000e-01 2.98542786951625e+00 2.98562989767982e+00 2.02028163573509e-04
4.40000000000000e-01 2.99348661829381e+00 2.99359745048043e+00 1.10832186624776e-04
4.45000000000000e-01 2.99837831081305e+00 2.99839698310739e+00 1.86722943436024e-05
4.50000000000000e-01 3.00007441767108e+00 3.00000000000000e+00 7.44176710800737e-05
4.55000000000000e-01 2.99856528874692e+00 2.99839698310739e+00 1.68305639522526e-04
4.60000000000000e-01 2.99386019197098e+00 2.99359745048043e+00 2.62741490543839e-04
4.65000000000000e-01 2.98598724389714e+00 2.98562989767982e+00 3.57346217315424e-04
4.70000000000000e-01 2.97499323385175e+00 2.97454162236171e+00 4.51611490040804e-04
4.75000000000000e-01 2.96094334338082e+00 2.96039843312221e+00 5.44910258617470e-04
4.80000000000000e-01 2.94392076256126e+00 2.94328424439572e+00 6.36518165539446e-04
4.85000000000000e-01 2.92402620454633e+00 2.92330055990464e+00 7.25644641698331e-04
4.90000000000000e-01 2.90137731954827e+00 2.90056584784471e+00 8.11471703558109e-04
4.95000000000000e-01 2.87610800939308e+00 2.87521481165829e+00 8.93197734782358e-04
5.00000000000000e-01 2.84836764387815e+00 2.84739756089084e+00 9.70082987310494e-04
5.05000000000000e-01 2.81832018047753e+00 2.81727868724248e+00 1.04149323504910e-03
5.10000000000000e-01 2.78614318950527e+00 2.78503625151058e+00 1.10693799469308e-03
5.15000000000000e-01 2.75202678767999e+00 2.75086068766886e+00 1.16610001113182e-03
5.20000000000000e-01 2.71617248411913e+00 2.71495363083915e+00 1.21885327998150e-03
5.25000000000000e-01 2.67879194409293e+00 2.67752667638138e+00 1.26526771154545e-03
5.30000000000000e-01 2.64010567732156e+00 2.63880007775179e+00 1.30559956976928e-03
5.35000000000000e-01 2.60034165912429e+00 2.59900139115685e+00 1.34026796743747e-03
5.40000000000000e-01 2.55973389422889e+00 2.55836407535859e+00 1.36981887030130e-03
5.45000000000000e-01 2.51852093442355e+00 2.51712605526309e+00 1.39487916046033e-03
5.50000000000000e-01 2.47694436238189e+00 2.47552825814758e+00 1.41610423430949e-03
5.55000000000000e-01 2.43524725482878e+00 2.43381313154985e+00 1.43412327892811e-03
5.60000000000000e-01 2.39367263867224e+00 2.39222315195700e+00 1.44948671524592e-03
5.65000000000000e-01 2.35246195376300e+00 2.35099933348698e+00 1.46262027601818e-03
5.70000000000000e-01 2.31185353554656e+00 2.31037974575665e+00 1.47378978990664e-03
5.75000000000000e-01 2.27208113006137e+00 2.27059805007310e+00 1.48307998827235e-03
5.80000000000000e-01 2.23337245256119e+00 2.23188206297222e+00 1.49038958897574e-03
5.85000000000000e-01 2.19594779957625e+00 2.19445235595975e+00 1.49544361650067e-03
5.90000000000000e-01 2.16001872257454e+00 2.15852090008677e+00 1.49782248777131e-03
5.95000000000000e-01 2.12578676965452e+00 2.12428976371522e+00 1.49700593930069e-03
6.00000000000000e-01 2.09344230001172e+00 2.09194987150091e+00 1.49242851081066e-03
6.05000000000000e-01 2.06316337439326e+00 2.06167983224433e+00 1.48354214892965e-03
6.10000000000000e-01 2.03511472348947e+00 2.03364484283446e+00 1.46988065500864e-03
6.15000000000000e-01 2.00944679530340e+00 2.00799567504205e+00 1.45112026134919e-03
6.20000000000000e-01 1.98629488204566e+00 1.98486775140779e+00 1.42713063787303e-03
6.25000000000000e-01 1.96577832706087e+00 1.96438031592140e+00 1.39801113946469e-03
6.30000000000000e-01 1.94799981269739e+00 1.94663570460343e+00 1.36410809395993e-03
6.35000000000000e-01 1.93304473084663e+00 1.93171872048530e+00 1.32601036133684e-03
6.40000000000000e-01 1.92098063902082e+00 1.91969611683971e+00 1.28452218110375e-03
6.45000000000000e-01 1.91185680619647e+00 1.91061619184595e+00 1.24061435052458e-03
6.50000000000000e-01 1.90570385407076e+00 1.90450849718747e+00 1.19535688328209e-03
6.55000000000000e-01 1.90253350068767e+00 1.90138366237698e+00 1.14983831068849e-03
6.60000000000000e-01 1.90233841439385e+00 1.90123333589028e+00 1.10507850357489e-03
6.65000000000000e-01 1.90509218658667e+00 1.90403024347033e+00 1.06194311633967e-03
6.70000000000000e-01 1.91074943153918e+00 1.90972836324032e+00 1.02106829886295e-03
6.75000000000000e-01 1.91924602058579e+00 1.91826321654437e+00 9.82804041415708e-04
6.80000000000000e-01 1.93049945604749e+00 1.92955227272105e+00 9.47183326446499e-04
6.85000000000000e-01 1.94440938746957e+00 1.94349546531226e+00 9.13922157307345e-04
6.90000000000000e-01 1.96085826914430e+00 1.95997581652323e+00 8.82452621072227e-04
6.95000000000000e-01 1.97971215372115e+00 1.97886016608158e+00 8.51987639567842e-04
7.00000000000000e-01 2.00082161230297e+00 2.00000000000000e+00 8.21612302970731e-04
7.05000000000000e-01 2.02402276722473e+00 2.02323237413106e+00 7.90393093669017e-04
7.10000000000000e-01 2.04913842020049e+00 2.04838092681811e+00 7.57493382379515e-04
7.15000000000000e-01 2.07597925619482e+00 2.07525697439691e+00 7.22281797911339e-04
7.20000000000000e-01 2.10434510263704e+00 2.10366068279205e+00 6.84419844991790e-04
7.25000000000000e-01 2.13402622470171e+00 2.13338230798255e+00 6.43916719158977e-04
7.30000000000000e-01 2.16480464034598e+00 2.16420349768687e+00 6.01142659105491e-04
7.35000000000000e-01 2.19645544335529e+00 2.19589864623990e+00 5.56797115386143e-04
7.40000000000000e-01 2.22874812824671e+00 2.22823629430637e+00 5.11833940333162e-04
7.45000000000000e-01 2.26144791671099e+00 2.26098056479902e+00 4.67351911971559e-04
7.50000000000000e-01 2.29431709039739e+00 2.29389262614624e+00 4.24464251157719e-04
7.55000000000000e-01 2.32711633833045e+00 2.32673217388556e+00 3.84164444890533e-04
7.60000000000000e-01 2.35960612835759e+00 2.35925892144618e+00 3.47206911412989e-04
7.65000000000000e-01 2.39154811037931e+00 2.39123409092702e+00 3.14019452287262e-04
7.70000000000000e-01 2.42270655479753e+00 2.42242189467697e+00 2.84660120558389e-04
7.75000000000000e-01 2.45284982322531e+00 2.45259099854052e+00 2.58824684787218e-04
7.80000000000000e-01 2.48175186103817e+00 2.48151595774496e+00 2.35903293209105e-04
7.85000000000000e-01 2.50919369408259e+00 2.50897861657418e+00 2.15077508416428e-04
7.90000000000000e-01 2.53496490605755e+00 2.53476946319709e+00 1.95442860453365e-04
7.95000000000000e-01 2.55886506978375e+00 2.55868893129538e+00 1.76138488373390e-04
8.00000000000000e-01 2.58070510535233e+00 2.58054864046305e+00 1.56464889285335e-04
8.05000000000000e-01 2.60030854101550e+00 2.60017256772797e+00 1.35973287527680e-04
8.10000000000000e-01 2.61751265810993e+00 2.61739814297001e+00 1.14515139915117e-04
8.15000000000000e-01 2.63216950831999e+00 2.63207726147960e+00 9.22468403858900e-05
8.20000000000000e-01 2.64414679900599e+00 2.64407720741157e+00 6.95915944186609e-05
8.25000000000000e-01 2.65332864897584e+00 2.65328148243819e+00 4.71665376498009e-05
8.30000000000000e-01 2.65961622204031e+00 2.65959053448992e+00 2.56875503934495e-05
8.35000000000000e-01 2.66292824842274e+00 2.66292238208847e+00 5.86633427435146e-06
8.40000000000000e-01 2.66320144449351e+00 2.66321313042021e+00 1.16859267067504e-05
8.45000000000000e-01 2.66039083967353e+00 2.66041737596564e+00 2.65362921130219e-05
8.50000000000000e-01 2.65447001629689e+00 2.65450849718747e+00 3.84808905802281e-05
8.55000000000000e-01 2.64543126448442e+00 2.64547882948272e+00 4.75649982987214e-05
8.60000000000000e-01 2.63328565040002e+00 2.63333972331718e+00 5.40729171651932e-05
8.65000000000000e-01 2.61806299325547e+00 2.61812148518153e+00 5.84919260551153e-05
8.70000000000000e-01 2.59981174450937e+00 2.59987320173000e+00 6.14572206352193e-05
8.75000000000000e-01 2.57859876205394e+00 2.57866244818360e+00 6.36861296516855e-05
8.80000000000000e-01 2.55450897276556e+00 2.55457488279246e+00 6.59100268909363e-05
8.85000000000000e-01 2.52764491840842e+00 2.52771372985530e+00 6.88114468800904e-05
8.90000000000000e-01 2.49812618222180e+00 2.49819915448034e+00 7.29722585384174e-05
8.95000000000000e-01 2.46608869624311e+00 2.46616753293972e+00 7.88366966073539e-05
9.00000000000000e-01 2.43168393219572e+00 2.43177062311339e+00 8.66909176711061e-05
9.05000000000000e-01 2.39507798133108e+00 2.39517464013388e+00 9.66588027977444e-05
9.10000000000000e-01 2.35645053077005e+00 2.35655924292839e+00 1.08712158336299e-04
9.15000000000000e-01 2.31599374553174e+00 2.31611643790350e+00 1.22692371759214e-04
9.20000000000000e-01 2.27391106654616e+00 2.27404940652903e+00 1.38339982874047e-04
9.25000000000000e-01 2.23041593555196e+00 2.23057126404647e+00 1.55328494506168e-04
9.30000000000000e-01 2.18573045796406e+00 2.18590375695213e+00 1.73298988065174e-04
9.35000000000000e-01 2.14008401465800e+00 2.14027590728277e+00 1.91892624774592e-04
9.40000000000000e-01 2.09371183326603e+00 2.09392261205918e+00 2.10778793151789e-04
9.45000000000000e-01 2.04685352911291e+00 2.04708320651983e+00 2.29677406923479e-04
9.50000000000000e-01 1.99975162541924e+00 2.00000000000000e+00 2.48374580761768e-04
9.55000000000000e-01 1.95265006192760e+00 1.95291679348017e+00 2.66731552566180e-04
9.60000000000000e-01 1.90579270069903e+00 1.90607738794082e+00 2.84687241788095e-04
9.65000000000000e-01 1.85942183750325e+00 1.85972409271723e+00 3.02255213976865e-04
9.70000000000000e-01 1.81377672698315e+00 1.81409624304787e+00 3.19516064715586e-04
9.75000000000000e-01 1.76909212960279e+00 1.76942873595353e+00 3.36606350741064e-04
9.80000000000000e-01 1.72559688826432e+00 1.72595059347097e+00 3.53705206650456e-04
9.85000000000000e-01 1.68351254238119e+00 1.68388356209650e+00 3.71019715312171e-04
9.90000000000000e-01 1.64305198709491e+00 1.64344075707161e+00 3.88769976704006e-04
9.95000000000000e-01 1.60441818519973e+00 1.60482535986612e+00 4.07174666385846e-04
1.00000000000000e+00 1.56780293917490e+00 1.56822937688661e+00 4.26437711708916e-04
1.00500000000000e+00 1.53338573050371e+00 1.53383246706028e+00 4.46736556566574e-04
1.01000000000000e+00 1.50133263317666e+00 1.50180084551966e+00 4.68212343000207e-04
1.01500000000000e+00 1.47179530792773e+00 1.47228627014470e+00 4.90962216969315e-04
1.02000000000000e+00 1.44491008334284e+00 1.44542511720755e+00 5.15033864700198e-04
1.02500000000000e+00 1.42079712950998e+00 1.42133755181640e+00 5.40422306423816e-04
1.03000000000000e+00 1.39955972936145e+00 1.40012679827000e+00 5.67068908549517e-04
1.03500000000000e+00 1.38128365229667e+00 1.38187851481848e+00 5.94862521801298e-04
1.04000000000000e+00 1.36603663407766e+00 1.36666027668282e+00 6.23642605152241e-04
1.04500000000000e+00 1.35386796636586e+00 1.35452117051728e+00 6.53204151428666e-04
1.05000000000000e+00 1.34480819862548e+00 1.34549150281253e+00 6.83304187048206e-04
1.05500000000000e+00 1.33886895445719e+00 1.33958262403436e+00 7.13669577170561e-04
1.06000000000000e+00 1.33604286375174e+00 1.33678686957979e+00 7.44005828046124e-04
1.06500000000000e+00 1.33630361136634e+00 1.33707761791153e+00 7.74006545195993e-04
1.07000000000000e+00 1.33960610232876e+00 1.34040946551008e+00 8.03363181327788e-04
1.07500000000000e+00 1.34588674286500e+00 1.34671851756181e+00 8.31774696816501e-04
1.08000000000000e+00 1.35506383582850e+00 1.35592279258843e+00 8.58956759929752e-04
1.08500000000000e+00 1.36703808838324e+00 1.36792273852040e+00 8.84650137154441e-04
1.09000000000000e+00 1.38169322906481e+00 1.38260185702999e+00 9.08627965178654e-04
1.09500000000000e+00 1.39889673061688e+00 1.39982743227203e+00 9.30701655149635e-04
1.10000000000000e+00 1.41850063428539e+00 1.41945135953695e+00 9.50725251562146e-04
1.10500000000000e+00 1.44034247055472e+00 1.44131106870462e+00 9.68598149896138e-04
1.11000000000000e+00 1.46424627064388e+00 1.46523053680291e+00 9.84266159023583e-04
1.11500000000000e+00 1.49002366245201e+00 1.49102138342582e+00 9.97720973809457e-04
1.12000000000000e+00 1.51747504406498e+00 1.51848404225504e+00 1.00899819005940e-03
1.12500000000000e+00 1.54639082741444e+00 1.54740900145948e+00 1.01817404504367e-03
1.13000000000000e+00 1.57655274422510e+00 1.57757810532303e+00 1.02536109793339e-03
1.13500000000000e+00 1.60773520599763e+00 1.60876590907298e+00 1.03070307534692e-03
1.14000000000000e+00 1.63970670945442e+00 1.64074107855382e+00 1.03436909939991e-03
1.14500000000000e+00 1.67223127862068e+00 1.67326782611444e+00 1.03654749375326e-03
1.15000000000000e+00 1.70506993452031e+00 1.70610737385376e+00 1.03743933345490e-03
1.15500000000000e+00 1.73798218332626e+00 1.73901943520098e+00 1.03725187472570e-03
1.16000000000000e+00 1.77072751371539e+00 1.77176370569363e+00 1.03619197823646e-03
1.16500000000000e+00 1.80306689413018e+00 1.80410135376010e+00 1.03445962991855e-03
1.17000000000000e+00 1.83476426064216e+00 1.83579650231313e+00 1.03224167097093e-03
1.17500000000000e+00 1.86558798614378e+00 1.86661769201745e+00 1.02970587367701e-03
1.18000000000000e+00 1.89531232167013e+00 1.89633931720795e+00 1.02699553782126e-03
1.18500000000000e+00 1.92371880077432e+00 1.92474302560309e+00 1.02422482877040e-03
1.19000000000000e+00 1.95059759806107e+00 1.95161907318189e+00 1.02147512082240e-03
1.19500000000000e+00 1.97574883322964e+00 1.97676762586894e+00 1.01879263929239e-03
1.20000000000000e+00 1.99898381230117e+00 2.00000000000000e+00 1.01618769882772e-03
1.20500000000000e+00 2.02012619811231e+00 2.02113983391842e+00 1.01363580610903e-03
1.21000000000000e+00 2.03901310265135e+00 2.04002418347677e+00 1.01108082541890e-03
1.21500000000000e+00 2.05549609439231e+00 2.05650453468774e+00 1.00844029543135e-03
1.22000000000000e+00 2.06944211444039e+00 2.07044772727895e+00 1.00561283856848e-03
1.22500000000000e+00 2.08073429602358e+00 2.08173678345563e+00 1.00248743204334e-03
1.23000000000000e+00 2.08927268263430e+00 2.09027163675968e+00 9.98954125381424e-04
1.23500000000000e+00 2.09497484091671e+00 2.09596975652967e+00 9.94915612962277e-04
1.24000000000000e+00 2.09777636518922e+00 2.09876666410972e+00 9.90298920503285e-04
1.24500000000000e+00 2.09763127126129e+00 2.09861633762302e+00 9.85066361727238e-04
1.25000000000000e+00 2.09451227793138e+00 2.09549150281253e+00 9.79224881144436e-04
1.25500000000000e+00 2.08841097522199e+00 2.08938380815405e+00 9.72832932061518e-04
1.26000000000000e+00 2.07933787900912e+00 2.08030388316029e+00 9.66004151168764e-04
1.26500000000000e+00 2.06732237223706e+00 2.06828127951470e+00 9.58907277642140e-04
1.27000000000000e+00 2.05241253337996e+00 2.05336429539657e+00 9.51762016613511e-04
1.27500000000000e+00 2.03467485323305e+00 2.03561968407860e+00 9.44830845548417e-04
1.28000000000000e+00 2.01419384150737e+00 2.01513224859221e+00 9.38407084846826e-04
1.28500000000000e+00 1.99107152508413e+00 1.99200432495795e+00 9.32799873823997e-04
1.29000000000000e+00 1.96542684018325e+00 1.96635515716554e+00 9.28316982289346e-04
1.29500000000000e+00 1.93739492113616e+00 1.93832016775567e+00 9.25246619508213e-04
1.30000000000000e+00 1.90712628894616e+00 1.90805012849909e+00 9.23839552933625e-04
1.30500000000000e+00 1.87478594338210e+00 1.87571023628478e+00 9.24292902684032e-04
1.31000000000000e+00 1.84055236299074e+00 1.84147909991323e+00 9.26736922484572e-04
1.31500000000000e+00 1.80461641812474e+00 1.80554764404025e+00 9.31225915511424e-04
1.32000000000000e+00 1.76718020285866e+00 1.76811793702778e+00 9.37734169125681e-04
1.32500000000000e+00 1.72845579248287e+00 1.72940194992690e+00 9.46157444028373e-04
1.33000000000000e+00 1.68866393409913e+00 1.68962025424335e+00 9.56320144214651e-04
1.33500000000000e+00 1.64803267865940e+00 1.64900066651302e+00 9.67987853624397e-04
1.34000000000000e+00 1.60679596355658e+00 1.60777684804300e+00 9.80884486423417e-04
1.34500000000000e+00 1.56519215555342e+00 1.56618686845015e+00 9.94712896735139e-04
1.35000000000000e+00 1.52346256439081e+00 1.52447174185242e+00 1.00917746160833e-03
1.35500000000000e+00 1.48184993781726e+00 1.48287394473691e+00 1.02400691965632e-03
1.36000000000000e+00 1.44059694900098e+00 1.44163592464141e+00 1.03897564042743e-03
1.36500000000000e+00 1.39994468731141e+00 1.40099860884315e+00 1.05392153173622e-03
1.37000000000000e+00 1.36013116327681e+00 1.36119992224821e+00 1.06875897140268e-03
1.37500000000000e+00 1.32138983814767e+00 1.32247332361862e+00 1.08348547095183e-03
1.38000000000000e+00 1.28394818793424e+00 1.28504636916085e+00 1.09818122661398e-03
1.38500000000000e+00 1.24802631107028e+00 1.24913931233114e+00 1.11300126085934e-03
1.39000000000000e+00 1.21383558802127e+00 1.21496374848942e+00 1.12816046814790e-03
1.39500000000000e+00 1.18157740025176e+00 1.18272131275752e+00 1.14391250576551e-03
1.40000000000000e+00 1.15144191504700e+00 1.15260243910916e+00 1.16052406215417e-03
1.40500000000000e+00 1.12360694180555e+00 1.12478518834171e+00 1.17824653615584e-03
1.41000000000000e+00 1.09823686463636e+00 1.09943415215529e+00 1.19728751893033e-03
1.41500000000000e+00 1.07548165545653e+00 1.07669944009536e+00 1.21778463883859e-03
1.42000000000000e+00 1.05547597132672e+00 1.05671575560428e+00 1.23978427755977e-03
1.42500000000000e+00 1.03833833950296e+00 1.03960156687779e+00 1.26322737483586e-03
1.43000000000000e+00 1.02417043361911e+00 1.02545837763829e+00 1.28794401918086e-03
1.43500000000000e+00 1.01305644451875e+00 1.01437010232018e+00 1.31365780142501e-03
1.44000000000000e+00 1.00506254947784e+00 1.00640254951957e+00 1.34000004172408e-03
1.44500000000000e+00 1.00023648382738e+00 1.00160301689261e+00 1.36653306522971e-03
1.45000000000000e+00 9.98607219214432e-01 1.00000000000000e+00 1.39278078556848e-03
1.45500000000000e+00 1.00018475283732e+00 1.00160301689261e+00 1.41826405528445e-03
1.46000000000000e+00 1.00496001187023e+00 1.00640254951957e+00 1.44253764933699e-03
1.46500000000000e+00 1.01290487688316e+00 1.01437010232018e+00 1.46522543701355e-03
1.47000000000000e+00 1.02397232731852e+00 1.02545837763829e+00 1.48605031977112e-03
1.47500000000000e+00 1.03809671099506e+00 1.03960156687779e+00 1.50485588273286e-03
1.48000000000000e+00 1.05519413819905e+00 1.05671575560428e+00 1.52161740523105e-03
1.48500000000000e+00 1.07516299925282e+00 1.07669944009536e+00 1.53644084254201e-03
1.49000000000000e+00 1.09788460261954e+00 1.09943415215529e+00 1.54954953574760e-03
1.49500000000000e+00 1.12322392872689e+00 1.12478518834171e+00 1.56125961481757e-03
1.50000000000000e+00 1.15103049289967e+00 1.15260243910916e+00 1.57194620948542e-03
1.50500000000000e+00 1.18113930920983e+00 1.18272131275752e+00 1.58200354769078e-03
1.51000000000000e+00 1.21337194578781e+00 1.21496374848942e+00 1.59180270160486e-03
1.51500000000000e+00 1.24753766127396e+00 1.24913931233114e+00 1.60165105718568e-03
1.52000000000000e+00 1.28343461166333e+00 1.28504636916085e+00 1.61175749752340e-03
1.52500000000000e+00 1.32085111681333e+00 1.32247332361862e+00 1.62220680528424e-03
1.53000000000000e+00 1.35956697629901e+00 1.36119992224821e+00 1.63294594919949e-03
1.53500000000000e+00 1.39935482503892e+00 1.40099860884315e+00 1.64378380423313e-03
1.54000000000000e+00 1.43998152006808e+00 1.44163592464141e+00 1.65440457333177e-03
1.54500000000000e+00 1.48120955088141e+00 1.48287394473691e+00 1.66439385549655e-03
1.55000000000000e+00 1.52279846678376e+00 1.52447174185242e+00 1.67327506866100e-03
1.55500000000000e+00 1.56450631554198e+00 1.56618686845015e+00 1.68055290817093e-03
1.56000000000000e+00 1.60609108824338e+00 1.60777684804300e+00 1.68575979961982e-03
1.56500000000000e+00 1.64731216555084e+00 1.64900066651302e+00 1.68850096217765e-03
1.57000000000000e+00 1.68793176047552e+00 1.68962025424335e+00 1.68849376783053e-03
1.57500000000000e+00 1.72771635236822e+00 1.72940194992690e+00 1.68559755868425e-03
1.58000000000000e+00 1.76643810609656e+00 1.76811793702778e+00 1.67983093121915e-03
1.58500000000000e+00 1.80387626940835e+00 1.80554764404025e+00 1.67137463189726e-03
1.59000000000000e+00 1.83981854037662e+00 1.84147909991323e+00 1.66055953660926e-03
1.59500000000000e+00 1.87406239570235e+00 1.87571023628478e+00 1.64784058243317e-03
1.60000000000000e+00 1.90641636963941e+00 1.90805012849909e+00 1.63375885968375e-03
1.60500000000000e+00 1.93670127252643e+00 1.93832016775567e+00 1.61889522923575e-03
1.61000000000000e+00 1.96475133746964e+00 1.96635515716554e+00 1.60381969590762e-03
1.61500000000000e+00 1.99041528370074e+00 1.99200432495795e+00 1.58904125720793e-03
1.62000000000000e+00 2.01355728558783e+00 2.01513224859221e+00 1.57496300438664e-03
1.62500000000000e+00 2.03405783721815e+00 2.03561968407860e+00 1.56184686044636e-03
1.63000000000000e+00 2.05181450387134e+00 2.05336429539657e+00 1.54979152522605e-03
1.63500000000000e+00 2.06674255349846e+00 2.06828127951470e+00 1.53872601624716e-03
1.64000000000000e+00 2.07877546341022e+00 2.08030388316029e+00 1.52841975006979e-03
1.64500000000000e+00 2.08786529963090e+00 2.08938380815405e+00 1.51850852315372e-03
1.65000000000000e+00 2.09398296864019e+00 2.09549150281253e+00 1.50853417233732e-03
1.65500000000000e+00 2.09711834335042e+00 2.09861633762302e+00 1.49799427259989e-03
1.66000000000000e+00 2.09728026699788e+00 2.09876666410972e+00 1.48639711183929e-03
1.66500000000000e+00 2.09449644003827e+00 2.09596975652967e+00 1.47331649140137e-03
1.67000000000000e+00 2.08881319602685e+00 2.09027163675968e+00 1.45844073283286e-03
1.67500000000000e+00 2.08029517278973e+00 2.08173678345563e+00 1.44161066589632e-03
1.68000000000000e+00 2.06902488495068e+00 2.07044772727895e+00 1.42284232827494e-03
1.68500000000000e+00 2.05510220313705e+00 2.05650453468774e+00 1.40233155069547e-03
1.69000000000000e+00 2.03864374406291e+00 2.04002418347677e+00 1.38043941385302e-03
1.69500000000000e+00 2.01978217435039e+00 2.02113983391842e+00 1.35765956802647e-03
1.70000000000000e+00 1.99866542960025e+00 2.00000000000000e+00 1.33457039974894e-03
1.70500000000000e+00 1.97545584908193e+00 1.97676762586893e+00 1.31177678700167e-03
1.71000000000000e+00 1.95032922568469e+00 1.95161907318189e+00 1.28984749719918e-03
1.71500000000000e+00 1.92347377062739e+00 1.92474302560309e+00 1.26925497570185e-03
1.72000000000000e+00 1.89508899297480e+00 1.89633931720795e+00 1.25032423314608e-03
1.72500000000000e+00 1.86538449527921e+00 1.86661769201745e+00 1.23319673824041e-03
1.73000000000000e+00 1.83457868859981e+00 1.83579650231313e+00 1.21781371331697e-03
1.73500000000000e+00 1.80289743259652e+00 1.80410135376010e+00 1.20392116358481e-03
1.74000000000000e+00 1.77057260912627e+00 1.77176370569363e+00 1.19109656735850e-03
1.74500000000000e+00 1.73784064051142e+00 1.73901943520098e+00 1.17879468955984e-03
1.75000000000000e+00 1.70494096611157e+00 1.70610737385376e+00 1.16640774219157e-03
1.75500000000000e+00 1.67211449273627e+00 1.67326782611444e+00 1.15333337816304e-03
1.76000000000000e+00 1.63960203557003e+00 1.64074107855382e+00 1.13904298379008e-03
1.76500000000000e+00 1.60764276650375e+00 1.60876590907298e+00 1.12314256923107e-03
1.77000000000000e+00 1.57647268604443e+00 1.57757810532303e+00 1.10541927859842e-03
1.77500000000000e+00 1.54632313337418e+00 1.54740900145948e+00 1.08586808530298e-03
1.78000000000000e+00 1.51741934681897e+00 1.51848404225504e+00 1.06469543607024e-03
1.78500000000000e+00 1.48997908421455e+00 1.49102138342582e+00 1.04229921126975e-03
1.79000000000000e+00 1.46421130971738e+00 1.46523053680291e+00 1.01922708552449e-03
1.79500000000000e+00 1.44031495082473e+00 1.44131106870462e+00 9.96117879892289e-04
1.80000000000000e+00 1.41847772703620e+00 1.41945135953695e+00 9.73632500755661e-04
1.80500000000000e+00 1.39887504996023e+00 1.39982743227203e+00 9.52382311797617e-04
1.81000000000000e+00 1.38166899390691e+00 1.38260185702999e+00 9.32863123081829e-04
1.81500000000000e+00 1.36700733617012e+00 1.36792273852040e+00 9.15402350277317e-04
1.82000000000000e+00 1.35502266722809e+00 1.35592279258843e+00 9.00125360331350e-04
1.82500000000000e+00 1.34583157280502e+00 1.34671851756181e+00 8.86944756792740e-04
1.83000000000000e+00 1.33953389186712e+00 1.34040946551008e+00 8.75573642964422e-04
1.83500000000000e+00 1.33621205683882e+00 1.33707761791153e+00 8.65561072713517e-04
1.84000000000000e+00 1.33593052426932e+00 1.33678686957979e+00 8.56345310470408e-04
1.84500000000000e+00 1.33873530553477e+00 1.33958262403436e+00 8.47318499592742e-04
1.85000000000000e+00 1.34465360768553e+00 1.34549150281253e+00 8.37895126995170e-04
1.85500000000000e+00 1.35369359410848e+00 1.35452117051728e+00 8.27576408802377e-04
1.86000000000000e+00 1.36584427326928e+00 1.36666027668282e+00 8.16003413535382e-04
1.86500000000000e+00 1.38107552154921e+00 1.38187851481848e+00 8.02993269262364e-04
1.87000000000000e+00 1.39933824332524e+00 1.40012679827000e+00 7.88554944753495e-04
1.87500000000000e+00 1.42056466825306e+00 1.42133755181640e+00 7.72883563340487e-04
1.88000000000000e+00 1.44466878252358e+00 1.44542511720755e+00 7.56334683966076e-04
1.88500000000000e+00 1.47154688797476e+00 1.47228627014470e+00 7.39382169934855e-04
1.89000000000000e+00 1.50107828059877e+00 1.50180084551967e+00 7.22564920895952e-04
1.89500000000000e+00 1.53312603835117e+00 1.53383246706028e+00 7.06428709110751e-04
1.90000000000000e+00 1.56753790731526e+00 1.56822937688661e+00 6.91469571349801e-04
1.90500000000000e+00 1.60414727517172e+00 1.60482535986612e+00 6.78084694391012e-04
1.91000000000000e+00 1.64277422146802e+00 1.64344075707161e+00 6.66535603592644e-04
1.91500000000000e+00 1.68322663520582e+00 1.68388356209650e+00 6.56926890684861e-04
1.92000000000000e+00 1.72530139156822e+00 1.72595059347097e+00 6.49201902749308e-04
1.92500000000000e+00 1.76878558098318e+00 1.76942873595353e+00 6.43154970350279e-04
1.93000000000000e+00 1.81345778497221e+00 1.81409624304787e+00 6.38458075655768e-04
1.93500000000000e+00 1.85908939420535e+00 1.85972409271723e+00 6.34698511870813e-04
1.94000000000000e+00 1.90544596476407e+00 1.90607738794082e+00 6.31423176745249e-04
1.94500000000000e+00 1.95228860874480e+00 1.95291679348017e+00 6.28184735364190e-04
1.95000000000000e+00 1.99937541501667e+00 2.00000000000000e+00 6.24584983328180e-04
1.95500000000000e+00 2.04646289522312e+00 2.04708320651983e+00 6.20311296714693e-04
1.96000000000000e+00 2.09330744907969e+00 2.09392261205918e+00 6.15162979485717e-04
1.96500000000000e+00 2.13966684178440e+00 2.14027590728277e+00 6.09065498376360e-04
1.97000000000000e+00 2.18530168505822e+00 2.18590375695213e+00 6.02071893910594e-04
1.97500000000000e+00 2.22997691210593e+00 2.23057126404646e+00 5.94351940530036e-04
1.98000000000000e+00 2.27346323575431e+00 2.27404940652903e+00 5.86170774713235e-04
1.98500000000000e+00 2.31553857828844e+00 2.31611643790350e+00 5.77859615055853e-04
1.99000000000000e+00 2.35598946113747e+00 2.35655924292839e+00 5.69781790914270e-04
1.99500000000000e+00 2.39461234259287e+00 2.39517464013388e+00 5.62297541017109e-04
2.00000000000000e+00 2.43121489217474e+00 2.43177062311339e+00 5.55730938649024e-04
2.00500000000000e+00 2.46561719105796e+00 2.46616753293972e+00 5.50341881754512e-04
2.01000000000000e+00 2.49765284906477e+00 2.49819915448034e+00 5.46305415568327e-04
2.01500000000000e+00 2.52717003004005e+00 2.52771372985530e+00 5.43699815253706e-04
2.02000000000000e+00 2.55403237885154e+00 2.55457488279245e+00 5.42503940913708e-04
2.02500000000000e+00 2.57811984470384e+00 2.57866244818359e+00 5.42603479749104e-04
2.03000000000000e+00 2.59932939683204e+00 2.59987320173000e+00 5.43804897966460e-04
2.03500000000000e+00 2.61757562987787e+00 2.61812148518152e+00 5.45855303652143e-04
2.04000000000000e+00 2.63279125729604e+00 2.63333972331718e+00 5.48466021139671e-04
2.04500000000000e+00 2.64492749196745e+00 2.64547882948272e+00 5.51337515261707e-04
2.05000000000000e+00 2.65395431380955e+00 2.65450849718747e+00 5.54183377925010e-04
2.05500000000000e+00 2.65986062459488e+00 2.66041737596564e+00 5.56751370756281e-04
2.06000000000000e+00 2.66265429045856e+00 2.66321313042021e+00 5.58839961657842e-04
2.06500000000000e+00 2.66236207274747e+00 2.66292238208847e+00 5.60309340996490e-04
2.07000000000000e+00 2.65902944799689e+00 2.65959053448992e+00 5.61086493026774e-04
2.07500000000000e+00 2.65272031797043e+00 2.65328148243819e+00 5.61164467753450e-04
2.08000000000000e+00 2.64351661091603e+00 2.64407720741157e+00 5.60596495540633e-04
2.08500000000000e+00 2.63151777551007e+00 2.63207726147960e+00 5.59485969531259e-04
2.09000000000000e+00 2.61684016940444e+00 2.61739814297001e+00 5.57973565575409e-04
2.09500000000000e+00 2.59961634486156e+00 2.60017256772797e+00 5.56222866412437e-04
2.10000000000000e+00 2.57999423464779e+00 2.58054864046305e+00 5.54405815254899e-04
2.10500000000000e+00 2.55813624213184e+00 2.55868893129538e+00 5.52689163544784e-04
2.11000000000000e+00 2.53421824036542e+00 2.53476946319710e+00 5.51222831678189e-04
2.11500000000000e+00 2.50842848576989e+00 2.50897861657418e+00 5.50130804286120e-04
2.12000000000000e+00 2.48096645287253e+00 2.48151595774496e+00 5.49504872427331e-04
2.12500000000000e+00 2.45204159729389e+00 2.45259099854052e+00 5.49401246626946e-04
2.13000000000000e+00 2.42187205485179e+00 2.42242189467697e+00 5.49839825182641e-04
2.13500000000000e+00 2.39068328519945e+00 2.39123409092702e+00 5.50805727572268e-04
2.14000000000000e+00 2.35870666884369e+00 2.35925892144618e+00 5.52252602487258e-04
2.14500000000000e+00 2.32617806669501e+00 2.32673217388556e+00 5.54107190549491e-04
2.15000000000000e+00 2.29333635149467e+00 2.29389262614624e+00 5.56274651570821e-04
2.15500000000000e+00 2.26042192055796e+00 2.26098056479902e+00 5.58644241058559e-04
2.16000000000000e+00 2.22767519928888e+00 2.22823629430637e+00 5.61095017494129e-04
2.16500000000000e+00 2.19533514487527e+00 2.19589864623990e+00 5.63501364630792e-04
2.17000000000000e+00 2.16363775948524e+00 2.16420349768687e+00 5.65738201627308e-04
2.17500000000000e+00 2.13281462216307e+00 2.13338230798255e+00 5.67685819476527e-04
2.18000000000000e+00 2.10309144847651e+00 2.10366068279205e+00 5.69234315541234e-04
2.18500000000000e+00 2.07468668679403e+00 2.07525697439691e+00 5.70287602879027e-04
2.19000000000000e+00 2.04781015986870e+00 2.04838092681811e+00 5.70766949406831e-04
2.19500000000000e+00 2.02266176016398e+00 2.02323237413107e+00 5.70613967082689e-04
2.20000000000000e+00 1.99943020706793e+00 2.00000000000000e+00 5.69792932071378e-04
2.20500000000000e+00 1.97829187379451e+00 1.97886016608158e+00 5.68292287066896e-04
2.21000000000000e+00 1.95940969135698e+00 1.95997581652323e+00 5.66125166250542e-04
2.21500000000000e+00 1.94293213651454e+00 1.94349546531226e+00 5.63328797715812e-04
2.22000000000000e+00 1.92899231003908e+00 1.92955227272105e+00 5.59962681968784e-04
2.22500000000000e+00 1.91770711103080e+00 1.91826321654437e+00 5.56105513574989e-04
2.23000000000000e+00 1.90917651233704e+00 1.90972836324032e+00 5.51850903276918e-04
2.23500000000000e+00 1.90348294141259e+00 1.90403024347033e+00 5.47302057734456e-04
2.24000000000000e+00 1.90069077021661e+00 1.90123333589028e+00 5.42565673667061e-04
2.24500000000000e+00 1.90084591698613e+00 1.90138366237698e+00 5.37745390853051e-04
2.25000000000000e+00 1.90397556197397e+00 1.90450849718747e+00 5.32935213504393e-04
2.25500000000000e+00 1.91008797850369e+00 1.91061619184595e+00 5.28213342252615e-04
2.26000000000000e+00 1.91917247998201e+00 1.91969611683971e+00 5.23636857697296e-04
2.26500000000000e+00 1.93119948283014e+00 1.93171872048530e+00 5.19237655156379e-04
2.27000000000000e+00 1.94612068464676e+00 1.94663570460343e+00 5.15019956671914e-04
2.27500000000000e+00 1.96386935630030e+00 1.96438031592140e+00 5.10959621098817e-04
2.28000000000000e+00 1.98436074605832e+00 1.98486775140779e+00 5.07005349465350e-04
2.28500000000000e+00 2.00749259329398e+00 2.00799567504205e+00 5.03081748066680e-04
2.29000000000000e+00 2.03314574875620e+00 2.03364484283446e+00 4.99094078255879e-04
2.29500000000000e+00 2.06118489784447e+00 2.06167983224433e+00 4.94934399860814e-04
2.30000000000000e+00 2.09145938278562e+00 2.09194987150091e+00 4.90488715291448e-04
2.30500000000000e+00 2.12380411906765e+00 2.12428976371522e+00 4.85644647564509e-04
2.31000000000000e+00 2.15804060093929e+00 2.15852090008677e+00 4.80299147481489e-04
2.31500000000000e+00 2.19397799023988e+00 2.19445235595975e+00 4.74365719863812e-04
2.32000000000000e+00 2.23141428228284e+00 2.23188206297221e+00 4.67780689370034e-04
2.32500000000000e+00 2.27013754198541e+00 2.27059805007310e+00 4.60508087681610e-04
2.33000000000000e+00 2.30992720292512e+00 2.31037974575665e+00 4.52542831530067e-04
2.33500000000000e+00 2.35055542151726e+00 2.35099933348698e+00 4.43911969720823e-04
2.34000000000000e+00 2.39178847805903e+00 2.39222315195699e+00 4.34673897966142e-04
2.34500000000000e+00 2.43338821598150e+00 2.43381313154985e+00 4.24915568348450e-04
2.35000000000000e+00 2.47511351030185e+00 2.47552825814758e+00 4.14747845721486e-04
2.35500000000000e+00 2.51672175598045e+00 2.51712605526309e+00 4.04299282632525e-04
2.36000000000000e+00 2.55797036667074e+00 2.55836407535858e+00 3.93708687841166e-04
2.36500000000000e+00 2.59861827420710e+00 2.59900139115685e+00 3.83116949751905e-04
2.37000000000000e+00 2.63842741911589e+00 2.63880007775179e+00 3.72658635896084e-04
2.37500000000000e+00 2.67716422245839e+00 2.67752667638138e+00 3.62453922987616e-04
2.38000000000000e+00 2.71460102942696e+00 2.71495363083914e+00 3.52601412187070e-04
2.38500000000000e+00 2.75051751531830e+00 2.75086068766886e+00 3.43172350553367e-04
2.39000000000000e+00 2.78470204480021e+00 2.78503625151058e+00 3.34206710367546e-04
2.39500000000000e+00 2.81695297576910e+00 2.81727868724248e+00 3.25711473375456e-04
2.40000000000000e+00 2.84707989956035e+00 2.84739756089084e+00 3.17661330496044e-04
2.40500000000000e+00 2.87490480981437e+00 2.87521481165829e+00 3.10001843923047e-04
2.41000000000000e+00 2.90026319290792e+00 2.90056584784471e+00 3.02654936790603e-04
2.41500000000000e+00 2.92300503351749e+00 2.92330055990463e+00 2.95526387142253e-04
2.42000000000000e+00 2.94299572957353e+00 2.94328424439572e+00 2.88514822189168e-04
2.42500000000000e+00 2.96011691157097e+00 2.96039843312221e+00 2.81521551236175e-04
2.43000000000000e+00 2.97426716190234e+00 2.97454162236171e+00 2.74460459375181e-04
2.43500000000000e+00 2.98536263055691e+00 2.98562989767982e+00 2.67267122914472e-04
2.44000000000000e+00 2.99333754416462e+00 2.99359745048043e+00 2.59906315814629e-04
2.44500000000000e+00 2.99814460594594e+00 2.99839698310739e+00 2.52377161454209e-04
2.45000000000000e+00 2.99975528465371e+00 3.00000000000000e+00 2.44715346291891e-04
2.45500000000000e+00 2.99815999106147e+00 2.99839698310739e+00 2.36992045920204e-04
2.46000000000000e+00 2.99336814097777e+00 2.99359745048044e+00 2.29309502662201e-04
2.46500000000000e+00 2.98540810416493e+00 2.98562989767982e+00 2.21793514890045e-04
2.47000000000000e+00 2.97432703894066e+00 2.97454162236171e+00 2.14583421050740e-04
2.47500000000000e+00 2.96019061267137e+00 2.96039843312221e+00 2.07820450836671e-04
2.48000000000000e+00 2.94308260885661e+00 2.94328424439572e+00 2.01635539113010e-04
2.48500000000000e+00 2.92310442208336e+00 2.92330055990464e+00 1.96137821275144e-04
2.49000000000000e+00 2.90037444281482e+00 2.90056584784471e+00 1.91405029889680e-04
2.49500000000000e+00 2.87502733477976e+00 2.87521481165830e+00 1.87476878534820e-04
2.50000000000000e+00 2.84721320863731e+00 2.84739756089084e+00 1.84352253532971e-04
2.50500000000000e+00 2.81709669658812e+00 2.81727868724248e+00 1.81990654359865e-04
2.51000000000000e+00 2.78485593364409e+00 2.78503625151058e+00 1.80317866488977e-04
2.51500000000000e+00 2.75068145230780e+00 2.75086068766886e+00 1.79235361058350e-04
2.52000000000000e+00 2.71477499838694e+00 2.71495363083915e+00 1.78632452205729e-04
2.52500000000000e+00 2.67734827651767e+00 2.67752667638138e+00 1.78399863718148e-04
2.53000000000000e+00 2.63862163463710e+00 2.63880007775179e+00 1.78443114687621e-04
2.53500000000000e+00 2.59882269708570e+00 2.59900139115685e+00 1.78694071149010e-04
2.54000000000000e+00 2.55818495621001e+00 2.55836407535859e+00 1.79119148577822e-04
2.54500000000000e+00 2.51694633227702e+00 2.51712605526309e+00 1.79722986070274e-04
2.55000000000000e+00 2.47534771122820e+00 2.47552825814758e+00 1.80546919376745e-04
2.55500000000000e+00 2.43363146934665e+00 2.43381313154985e+00 1.81662203198041e-04
2.56000000000000e+00 2.39203999335571e+00 2.39222315195700e+00 1.83158601288813e-04
2.56500000000000e+00 2.35081420389383e+00 2.35099933348698e+00 1.85129593156308e-04
2.57000000000000e+00 2.31019208980348e+00 2.31037974575666e+00 1.87655953178822e-04
2.57500000000000e+00 2.27040726030306e+00 2.27059805007310e+00 1.90789770038613e-04
2.58000000000000e+00 2.23168752193371e+00 2.23188206297222e+00 1.94541038513130e-04
2.58500000000000e+00 2.19425348720935e+00 2.19445235595975e+00 1.98868750395764e-04
2.59000000000000e+00 2.15831722213760e+00 2.15852090008678e+00 2.03677949175418e-04
2.59500000000000e+00 2.12408094017428e+00 2.12428976371522e+00 2.08823540938319e-04
2.60000000000000e+00 2.09173575065272e+00 2.09194987150091e+00 2.14120848193833e-04
2.60500000000000e+00 2.06146047019291e+00 2.06167983224433e+00 2.19362051423033e-04
2.61000000000000e+00 2.03342050594448e+00 2.03364484283446e+00 2.24336889975696e-04
2.61500000000000e+00 2.00776681965295e+00 2.00799567504205e+00 2.28855389102112e-04
2.62000000000000e+00 1.98463498138351e+00 1.98486775140779e+00 2.32770024277018e-04
2.62500000000000e+00 1.96414432124379e+00 1.96438031592140e+00 2.35994677619145e-04
2.63000000000000e+00 1.94639718660437e+00 1.94663570460343e+00 2.38517999059829e-04
2.63500000000000e+00 1.93147831115351e+00 1.93171872048530e+00 2.40409331790703e-04
2.64000000000000e+00 1.91945430070230e+00 1.91969611683971e+00 2.41816137409812e-04
2.64500000000000e+00 1.91037323907322e+00 1.91061619184595e+00 2.42952772727234e-04
2.65000000000000e+00 1.90426441576383e+00 1.90450849718747e+00 2.44081423644182e-04
2.65500000000000e+00 1.90113817549495e+00 1.90138366237698e+00 2.45486882031853e-04
2.66000000000000e+00 1.90098588832868e+00 1.90123333589028e+00 2.47447561591674e-04
2.66500000000000e+00 1.90378003786192e+00 1.90403024347033e+00 2.50205608406384e-04
2.67000000000000e+00 1.90947442411639e+00 1.90972836324032e+00 2.53939123929348e-04
2.67500000000000e+00 1.91800447717936e+00 1.91826321654437e+00 2.58739365010197e-04
2.68000000000000e+00 1.92928767738276e+00 1.92955227272105e+00 2.64595338284268e-04
2.68500000000000e+00 1.94322407779928e+00 1.94349546531226e+00 2.71387512974064e-04
2.69000000000000e+00 1.95969692501177e+00 1.95997581652323e+00 2.78891511462209e-04
2.69500000000000e+00 1.97857337439146e+00 1.97886016608158e+00 2.86791690120136e-04
2.70000000000000e+00 1.99970529641233e+00 2.00000000000000e+00 2.94703587671252e-04
2.70500000000000e+00 2.02293017074488e+00 2.02323237413106e+00 3.02203386179922e-04
2.71000000000000e+00 2.04807206494248e+00 2.04838092681811e+00 3.08861875623734e-04
2.71500000000000e+00 2.07494269440098e+00 2.07525697439691e+00 3.14279995931699e-04
2.72000000000000e+00 2.10334255991113e+00 2.10366068279205e+00 3.18122880925031e-04
2.72500000000000e+00 2.13306215852761e+00 2.13338230798255e+00 3.20149454939411e-04
2.73000000000000e+00 2.16388326267131e+00 2.16420349768687e+00 3.20235015561110e-04
2.73500000000000e+00 2.19558026140557e+00 2.19589864623990e+00 3.18384834332441e-04
2.74000000000000e+00 2.22792155674214e+00 2.22823629430637e+00 3.14737564230949e-04
2.74500000000000e+00 2.26067100671029e+00 2.26098056479902e+00 3.09558088726902e-04
2.75000000000000e+00 2.29358940583645e+00 2.29389262614624e+00 3.03220309783470e-04
2.75500000000000e+00 2.32643599270640e+00 2.32673217388556e+00 2.96181179156196e-04
2.76000000000000e+00 2.35896997348015e+00 2.35925892144618e+00 2.88947966033515e-04
2.76500000000000e+00 2.39095204965386e+00 2.39123409092702e+00 2.82041273156342e-04
2.77000000000000e+00 2.42214593804978e+00 2.42242189467697e+00 2.75956627193708e-04
2.77500000000000e+00 2.45231987097951e+00 2.45259099854052e+00 2.71127561002782e-04
2.78000000000000e+00 2.48124806477146e+00 2.48151595774496e+00 2.67892973499606e-04
2.78500000000000e+00 2.50871214535784e+00 2.50897861657418e+00 2.66471216333830e-04
2.79000000000000e+00 2.53450252035354e+00 2.53476946319709e+00 2.66942843548446e-04
2.79500000000000e+00 2.55841968797922e+00 2.55868893129538e+00 2.69243316157297e-04
2.80000000000000e+00 2.58027547423843e+00 2.58054864046305e+00 2.73166224614485e-04
2.80500000000000e+00 2.59989419089309e+00 2.60017256772797e+00 2.78376834886185e-04
2.81000000000000e+00 2.61711370794134e+00 2.61739814297001e+00 2.84435028666152e-04
2.81500000000000e+00 2.63178643543273e+00 2.63207726147960e+00 2.90826046867476e-04
2.82000000000000e+00 2.64378021051220e+00 2.64407720741157e+00 2.96996899370683e-04
2.82500000000000e+00 2.65297908652947e+00 2.65328148243819e+00 3.02395908717834e-04
2.83000000000000e+00 2.65928402185699e+00 2.65959053448992e+00 3.06512632926026e-04
2.83500000000000e+00 2.66261346671125e+00 2.66292238208847e+00 3.08915377218000e-04
2.84000000000000e+00 2.66290384676497e+00 2.66321313042021e+00 3.09283655241632e-04
2.84500000000000e+00 2.66010994267832e+00 2.66041737596564e+00 3.07433287322745e-04
2.85000000000000e+00 2.65420516488215e+00 2.65450849718747e+00 3.03332305322090e-04
2.85500000000000e+00 2.64518172304293e+00 2.64547882948272e+00 2.97106439788752e-04
2.86000000000000e+00 2.63305068965905e+00 2.63333972331719e+00 2.89033658139815e-04
2.86500000000000e+00 2.61784195722293e+00 2.61812148518152e+00 2.79527958591874e-04
2.87000000000000e+00 2.59960408837254e+00 2.59987320173000e+00 2.69113357459716e-04
2.87500000000000e+00 2.57840405849362e+00 2.57866244818360e+00 2.58389689971050e-04
2.88000000000000e+00 2.55432689036032e+00 2.55457488279246e+00 2.47992432139910e-04
2.88500000000000e+00 2.52747518065267e+00 2.52771372985530e+00 2.38549202636662e-04
2.89000000000000e+00 2.49796851859367e+00 2.49819915448034e+00 2.30635886670605e-04
2.89500000000000e+00 2.46594279752483e+00 2.46616753293972e+00 2.24735414893651e-04
2.90000000000000e+00 2.43154942099619e+00 2.43177062311339e+00 2.21202117198338e-04
2.90500000000000e+00 2.39495440587776e+00 2.39517464013388e+00 2.20234256119944e-04
2.91000000000000e+00 2.35633738608766e+00 2.35655924292839e+00 2.21856840731949e-04
2.91500000000000e+00 2.31589052174406e+00 2.31611643790350e+00 2.25916159436679e-04
2.92000000000000e+00 2.27381731984172e+00 2.27404940652904e+00 2.32086687312005e-04
2.92500000000000e+00 2.23033137387294e+00 2.23057126404647e+00 2.39890173529211e-04
2.93000000000000e+00 2.18565503110054e+00 2.18590375695213e+00 2.48725851595299e-04
2.93500000000000e+00 2.14001799737880e+00 2.14027590728278e+00 2.57909903970344e-04
2.94000000000000e+00 2.09365589044999e+00 2.09392261205918e+00 2.66721609187393e-04
2.94500000000000e+00 2.04680875345865e+00 2.04708320651984e+00 2.74453061190894e-04
2.95000000000000e+00 1.99971954098098e+00 2.00000000000000e+00 2.80459019015966e-04
2.95500000000000e+00 1.95263259012748e+00 1.95291679348017e+00 2.84203352691748e-04
2.96000000000000e+00 1.90579208923062e+00 1.90607738794082e+00 2.85298710206439e-04
2.96500000000000e+00 1.85944055627937e+00 1.85972409271723e+00 2.83536437857279e-04
2.97000000000000e+00 1.81381733863029e+00 1.81409624304787e+00 2.78904417582604e-04
2.97500000000000e+00 1.76915714465272e+00 1.76942873595354e+00 2.71591300814000e-04
2.98000000000000e+00 1.72568861690844e+00 1.72595059347097e+00 2.61976562529131e-04
2.98500000000000e+00 1.68363295529085e+00 1.68388356209651e+00 2.50606805654252e-04
2.99000000000000e+00 1.64320259732899e+00 1.64344075707161e+00 2.38159742621979e-04
2.99500000000000e+00 1.60459996167194e+00 1.60482535986612e+00 2.25398194180215e-04
3.00000000000000e+00 1.56801625967951e+00 1.56822937688661e+00 2.13117207102931e-04
3.00500000000000e+00 1.53363037911558e+00 1.53383246706028e+00 2.02087944702223e-04
3.01000000000000e+00 1.50160784321794e+00 1.50180084551966e+00 1.93002301721590e-04
3.01500000000000e+00 1.47209984793054e+00 1.47228627014470e+00 1.86422214159654e-04
3.02000000000000e+00 1.44524237984011e+00 1.44542511720755e+00 1.82737367433683e-04
3.02500000000000e+00 1.42115541734808e+00 1.42133755181641e+00 1.82134468331041e-04
3.03000000000000e+00 1.39994221779718e+00 1.40012679827000e+00 1.84580472815776e-04
3.03500000000000e+00 1.38168869361530e+00 1.38187851481848e+00 1.89821203176566e-04
3.04000000000000e+00 1.36646288097059e+00 1.36666027668282e+00 1.97395712225212e-04
3.04500000000000e+00 1.35431450488437e+00 1.35452117051728e+00 2.06665632910719e-04
3.05000000000000e+00 1.34527464514264e+00 1.34549150281253e+00 2.16857669884885e-04
3.05500000000000e+00 1.33935550761324e+00 1.33958262403436e+00 2.27116421123386e-04
3.06000000000000e+00 1.33655030564375e+00 1.33678686957979e+00 2.36563936034662e-04
3.06500000000000e+00 1.33683325603374e+00 1.33707761791153e+00 2.44361877795418e-04
3.07000000000000e+00 1.34015969360397e+00 1.34040946551008e+00 2.49771906115859e-04
3.07500000000000e+00 1.34646630760837e+00 1.34671851756181e+00 2.52209953437221e-04
3.08000000000000e+00 1.35567150215436e+00 1.35592279258843e+00 2.51290434062801e-04
3.08500000000000e+00 1.36767588143987e+00 1.36792273852040e+00 2.46857080527851e-04
3.09000000000000e+00 1.38236285902790e+00 1.38260185702999e+00 2.38998002087154e-04
3.09500000000000e+00 1.39959938862505e+00 1.39982743227203e+00 2.28043646977705e-04
3.10000000000000e+00 1.41923681198955e+00 1.41945135953695e+00 2.14547547398025e-04
3.10500000000000e+00 1.44111181775347e+00 1.44131106870462e+00 1.99250951155028e-04
3.11000000000000e+00 1.46504750319383e+00 1.46523053680290e+00 1.83033609070682e-04
3.11500000000000e+00 1.49085452941652e+00 1.49102138342582e+00 1.66854009296502e-04
3.12000000000000e+00 1.51833235910236e+00 1.51848404225504e+00 1.51683152682880e-04
3.12500000000000e+00 1.54727056497186e+00 1.54740900145948e+00 1.38436487623128e-04
3.13000000000000e+00 1.57745019649674e+00 1.57757810532302e+00 1.27908826286882e-04
3.13500000000000e+00 1.60864519214549e+00 1.60876590907298e+00 1.20716927487274e-04
3.14000000000000e+00 1.64062382459502e+00 1.64074107855382e+00 1.17253958799468e-04
3.14500000000000e+00 1.67315016684429e+00 1.67326782611444e+00 1.17659270145953e-04
3.15000000000000e+00 1.70598556798104e+00 1.70610737385376e+00 1.21805872724146e-04
3.15500000000000e+00 1.73889012841123e+00 1.73901943520098e+00 1.29306789753647e-04
3.16000000000000e+00 1.77162416558072e+00 1.77176370569363e+00 1.39540112910064e-04
3.16500000000000e+00 1.80394966250860e+00 1.80410135376010e+00 1.51691251495611e-04
3.17000000000000e+00 1.83563169271643e+00 1.83579650231313e+00 1.64809596700843e-04
3.17500000000000e+00 1.86643981628702e+00 1.86661769201745e+00 1.77875730430710e-04
3.18000000000000e+00 1.89614944273804e+00 1.89633931720795e+00 1.89874469908480e-04
3.18500000000000e+00 1.92454315708301e+00 1.92474302560309e+00 1.99868520079027e-04
3.19000000000000e+00 1.95141200583013e+00 1.95161907318189e+00 2.07067351757351e-04
3.19500000000000e+00 1.97655673971359e+00 1.97676762586893e+00 2.10886155345813e-04
3.20000000000000e+00 1.99978900966752e+00 2.00000000000000e+00 2.10990332481176e-04
3.20500000000000e+00 2.02093251196945e+00 2.02113983391842e+00 2.07321948967554e-04
3.21000000000000e+00 2.03982407765363e+00 2.04002418347677e+00 2.00105823141339e-04
3.21500000000000e+00 2.05631470030391e+00 2.05650453468774e+00 1.89834383835130e-04
3.22000000000000e+00 2.07027049527815e+00 2.07044772727895e+00 1.77232000804217e-04
3.22500000000000e+00 2.08157358239902e+00 2.08173678345563e+00 1.63201056606166e-04
3.23000000000000e+00 2.09012288328458e+00 2.09027163675968e+00 1.48753475102126e-04
3.23500000000000e+00 2.09583482389366e+00 2.09596975652967e+00 1.34932636017826e-04
3.24000000000000e+00 2.09864393262486e+00 2.09876666410972e+00 1.22731484867966e-04
3.24500000000000e+00 2.09850332450833e+00 2.09861633762302e+00 1.13013114687810e-04
3.25000000000000e+00 2.09538506271648e+00 2.09549150281253e+00 1.06440096045546e-04
3.25500000000000e+00 2.08928038980636e+00 2.08938380815405e+00 1.03418347690898e-04
3.26000000000000e+00 2.08019982277282e+00 2.08030388316029e+00 1.04060387464688e-04
3.26500000000000e+00 2.06817310807661e+00 2.06828127951470e+00 1.08171438095717e-04
3.27000000000000e+00 2.05324903522393e+00 2.05336429539657e+00 1.15260172643961e-04
3.27500000000000e+00 2.03549511009098e+00 2.03561968407860e+00 1.24573987622334e-04
3.28000000000000e+00 2.01499709186663e+00 2.01513224859221e+00 1.35156725577179e-04
3.28500000000000e+00 1.99185840007625e+00 1.99200432495795e+00 1.45924881698178e-04
3.29000000000000e+00 1.96619940049804e+00 1.96635515716554e+00 1.55756667499896e-04
3.29500000000000e+00 1.93815658075015e+00 1.93832016775567e+00 1.63587005522770e-04
3.30000000000000e+00 1.90788162779198e+00 1.90805012849909e+00 1.68500707106611e-04
3.30500000000000e+00 1.87554042045751e+00 1.87571023628479e+00 1.69815827270270e-04
3.31000000000000e+00 1.84131195036396e+00 1.84147909991323e+00 1.67149549267220e-04
3.31500000000000e+00 1.80538718409787e+00 1.80554764404025e+00 1.60459942380342e-04
3.32000000000000e+00 1.76796787848959e+00 1.76811793702778e+00 1.50058538191278e-04
3.32500000000000e+00 1.72926535910607e+00 1.72940194992690e+00 1.36590820832838e-04
3.33000000000000e+00 1.68949926991731e+00 1.68962025424335e+00 1.20984326043905e-04
3.33500000000000e+00 1.64889629956515e+00 1.64900066651302e+00 1.04366947871304e-04
3.34000000000000e+00 1.60768888696986e+00 1.60777684804301e+00 8.79610731467917e-05
3.34500000000000e+00 1.56611390638352e+00 1.56618686845015e+00 7.29620666355402e-05
3.35000000000000e+00 1.52441132972233e+00 1.52447174185243e+00 6.04121300995519e-05
3.35500000000000e+00 1.48282286239923e+00 1.48287394473692e+00 5.10823376800307e-05
3.36000000000000e+00 1.44159054827434e+00 1.44163592464142e+00 4.53763670769103e-05
3.36500000000000e+00 1.40095534005489e+00 1.40099860884315e+00 4.32687882614413e-05
3.37000000000000e+00 1.36115563375072e+00 1.36119992224821e+00 4.42884974907187e-05
3.37500000000000e+00 1.32242576971094e+00 1.32247332361862e+00 4.75539076814080e-05
3.38000000000000e+00 1.28499450820077e+00 1.28504636916086e+00 5.18609600830278e-05
3.38500000000000e+00 1.24908349400326e+00 1.24913931233114e+00 5.58183278875912e-05
3.39000000000000e+00 1.21490573141864e+00 1.21496374848942e+00 5.80170707780159e-05
3.39500000000000e+00 1.18266409727964e+00 1.18272131275752e+00 5.72154778835099e-05
3.40000000000000e+00 1.15254992403084e+00 1.15260243910916e+00 5.25150783177164e-05
3.40500000000000e+00 1.12474168638575e+00 1.12478518834171e+00 4.35019559541505e-05
3.41000000000000e+00 1.09940382268920e+00 1.09943415215529e+00 3.03294660846110e-05
3.41500000000000e+00 1.07668571551140e+00 1.07669944009537e+00 1.37245839673117e-05
3.42000000000000e+00 1.05672084554111e+00 1.05671575560428e+00 5.08993683245862e-06
3.42500000000000e+00 1.03962611969882e+00 1.03960156687779e+00 2.45528210256474e-05
3.43000000000000e+00 1.02550136045086e+00 1.02545837763829e+00 4.29828125680931e-05
3.43500000000000e+00 1.01442893092292e+00 1.01437010232018e+00 5.88286027427554e-05
3.44000000000000e+00 1.00647346195880e+00 1.00640254951957e+00 7.09124392301863e-05
3.44500000000000e+00 1.00168164464776e+00 1.00160301689261e+00 7.86277551536596e-05
3.45000000000000e+00 1.00008205600191e+00 1.00000000000000e+00 8.20560019050287e-05
3.45500000000000e+00 1.00168499610745e+00 1.00160301689261e+00 8.19792148494258e-05
3.46000000000000e+00 1.00648233059318e+00 1.00640254951956e+00 7.97810736117288e-05
3.46500000000000e+00 1.01444734997184e+00 1.01437010232018e+00 7.72476516675003e-05
3.47000000000000e+00 1.02553467404169e+00 1.02545837763829e+00 7.62964034037861e-05
3.47500000000000e+00 1.03968024186331e+00 1.03960156687779e+00 7.86749855172797e-05
3.48000000000000e+00 1.05680143334346e+00 1.05671575560427e+00 8.56777391813335e-05
3.48500000000000e+00 1.07679736589389e+00 1.07669944009536e+00 9.79257985245230e-05
3.49000000000000e+00 1.09954939923270e+00 1.09943415215529e+00 1.15247077417946e-04
3.49500000000000e+00 1.12492186486945e+00 1.12478518834171e+00 1.36676527748625e-04
3.50000000000000e+00 1.15276301699021e+00 1.15260243910915e+00 1.60577881056945e-04
3.50500000000000e+00 1.18290618170661e+00 1.18272131275752e+00 1.84868949091088e-04
3.51000000000000e+00 1.21517106520358e+00 1.21496374848942e+00 2.07316714160966e-04
3.51500000000000e+00 1.24936517073894e+00 1.24913931233114e+00 2.25858407799207e-04
3.52000000000000e+00 1.28528527108644e+00 1.28504636916085e+00 2.38901925592616e-04
3.52500000000000e+00 1.32271888692801e+00 1.32247332361861e+00 2.45563309393626e-04
3.53000000000000e+00 1.36144573173357e+00 1.36119992224821e+00 2.45809485364346e-04
3.53500000000000e+00 1.40123909776785e+00 1.40099860884315e+00 2.40488924704296e-04
3.54000000000000e+00 1.44186717353850e+00 1.44163592464141e+00 2.31248897088365e-04
3.54500000000000e+00 1.48309429778303e+00 1.48287394473691e+00 2.20353046118449e-04
3.55000000000000e+00 1.52468216693731e+00 1.52447174185242e+00 2.10425084886445e-04
3.55500000000000e+00 1.56639102058134e+00 1.56618686845015e+00 2.04152131185076e-04
3.56000000000000e+00 1.60798083205484e+00 1.60777684804300e+00 2.03984011842184e-04
3.56500000000000e+00 1.64921252946807e+00 1.64900066651302e+00 2.11862955050490e-04
3.57000000000000e+00 1.68984926649690e+00 1.68962025424335e+00 2.29012253551319e-04
3.57500000000000e+00 1.72965775383502e+00 1.72940194992690e+00 2.55803908115970e-04
3.58000000000000e+00 1.76840965233035e+00 1.76811793702778e+00 2.91715302564555e-04
3.58500000000000e+00 1.80588301897310e+00 1.80554764404025e+00 3.35374932850963e-04
3.59000000000000e+00 1.84186378814139e+00 1.84147909991322e+00 3.84688228162400e-04
3.59500000000000e+00 1.87614726366814e+00 1.87571023628478e+00 4.37027383354049e-04
3.60000000000000e+00 1.90853959285000e+00 1.90805012849909e+00 4.89464350908131e-04
3.60500000000000e+00 1.93885919162915e+00 1.93832016775567e+00 5.39023873483702e-04
3.61000000000000e+00 1.96693809071446e+00 1.96635515716554e+00 5.82933548913811e-04
3.61500000000000e+00 1.99262317502399e+00 1.99200432495795e+00 6.18850066035126e-04
3.62000000000000e+00 2.01577729304830e+00 2.01513224859221e+00 6.45044456088151e-04
3.62500000000000e+00 2.03628021800810e+00 2.03561968407860e+00 6.60533929499607e-04
3.63000000000000e+00 2.05402944846759e+00 2.05336429539657e+00 6.65153071025326e-04
3.63500000000000e+00 2.06894084187647e+00 2.06828127951470e+00 6.59562361768895e-04
3.64000000000000e+00 2.08094907993813e+00 2.08030388316029e+00 6.45196777843360e-04
3.64500000000000e+00 2.09000796943732e+00 2.08938380815405e+00 6.24161283267810e-04
3.65000000000000e+00 2.09609058600338e+00 2.09549150281253e+00 5.99083190858885e-04
3.65500000000000e+00 2.09918927113894e+00 2.09861633762302e+00 5.72933515923246e-04
3.66000000000000e+00 2.09931549469204e+00 2.09876666410972e+00 5.48830582316473e-04
3.66500000000000e+00 2.09649959585132e+00 2.09596975652967e+00 5.29839321645742e-04
3.67000000000000e+00 2.09079041580291e+00 2.09027163675968e+00 5.18779043223283e-04
3.67500000000000e+00 2.08225483454686e+00 2.08173678345563e+00 5.18051091236149e-04
3.68000000000000e+00 2.07097722318628e+00 2.07044772727895e+00 5.29495907320765e-04
3.68500000000000e+00 2.05705882143528e+00 2.05650453468774e+00 5.54286747536992e-04
3.69000000000000e+00 2.04061704830062e+00 2.04002418347677e+00 5.92864823846018e-04
3.69500000000000e+00 2.02178475201678e+00 2.02113983391842e+00 6.44918098355429e-04
3.70000000000000e+00 2.00070940348446e+00 2.00000000000000e+00 7.09403484455251e-04
3.70500000000000e+00 1.97755223578227e+00 1.97676762586894e+00 7.84609913332845e-04
3.71000000000000e+00 1.95248733087802e+00 1.95161907318189e+00 8.68257696130081e-04
3.71500000000000e+00 1.92570065352407e+00 1.92474302560309e+00 9.57627920980864e-04
3.72000000000000e+00 1.89738903152689e+00 1.89633931720795e+00 1.04971431894696e-03
3.72500000000000e+00 1.86775908116262e+00 1.86661769201745e+00 1.14138914516504e-03
3.73000000000000e+00 1.83702607647624e+00 1.83579650231313e+00 1.22957416311142e-03
3.73500000000000e+00 1.80541276155047e+00 1.80410135376010e+00 1.31140779037020e-03
3.74000000000000e+00 1.77314810553794e+00 1.77176370569363e+00 1.38439984431282e-03
3.74500000000000e+00 1.74046600128807e+00 1.73901943520098e+00 1.44656608709215e-03
3.75000000000000e+00 1.70760390972062e+00 1.70610737385376e+00 1.49653586685106e-03
3.75500000000000e+00 1.67480145364842e+00 1.67326782611444e+00 1.53362753398190e-03
3.76000000000000e+00 1.64229896646816e+00 1.64074107855382e+00 1.55788791434364e-03
3.76500000000000e+00 1.61033600294889e+00 1.60876590907298e+00 1.57009387590779e-03
3.77000000000000e+00 1.57914982117957e+00 1.57757810532303e+00 1.57171585654536e-03
3.77500000000000e+00 1.54897384651028e+00 1.54740900145948e+00 1.56484505079812e-03
3.78000000000000e+00 1.52003612996038e+00 1.51848404225504e+00 1.55208770533743e-03
3.78500000000000e+00 1.49255781499748e+00 1.49102138342582e+00 1.53643157165839e-03
3.79000000000000e+00 1.46675162774530e+00 1.46523053680291e+00 1.52109094238817e-03
3.79500000000000e+00 1.44282040649927e+00 1.44131106870462e+00 1.50933779464535e-03
3.80000000000000e+00 1.42095568686901e+00 1.41945135953695e+00 1.50432733205941e-03
3.80500000000000e+00 1.40133635889410e+00 1.39982743227203e+00 1.50892662207447e-03
3.81000000000000e+00 1.38412741207669e+00 1.38260185702999e+00 1.52555504669860e-03
3.81500000000000e+00 1.36947878343923e+00 1.36792273852040e+00 1.55604491883143e-03
3.82000000000000e+00 1.35752432246208e+00 1.35592279258843e+00 1.60152987365580e-03
3.82500000000000e+00 1.34838088511160e+00 1.34671851756181e+00 1.66236754979221e-03
3.83000000000000e+00 1.34214756717619e+00 1.34040946551008e+00 1.73810166611066e-03
3.83500000000000e+00 1.33890508483571e+00 1.33707761791153e+00 1.82746692418267e-03
3.84000000000000e+00 1.33871530785925e+00 1.33678686957979e+00 1.92843827946088e-03
3.84500000000000e+00 1.34162094812108e+00 1.33958262403436e+00 2.03832408671900e-03
3.85000000000000e+00 1.34764540331375e+00 1.34549150281253e+00 2.15390050122077e-03
3.85500000000000e+00 1.35679275289072e+00 1.35452117051728e+00 2.27158237343938e-03
3.86000000000000e+00 1.36904790046132e+00 1.36666027668282e+00 2.38762377850454e-03
3.86500000000000e+00 1.38437685416116e+00 1.38187851481848e+00 2.49833934268184e-03
3.87000000000000e+00 1.40272713401045e+00 1.40012679826999e+00 2.60033574045582e-03
3.87500000000000e+00 1.42402829303268e+00 1.42133755181640e+00 2.69074121627955e-03
3.88000000000000e+00 1.44819253702775e+00 1.44542511720754e+00 2.76741982020634e-03
3.88500000000000e+00 1.47511542647820e+00 1.47228627014469e+00 2.82915633350966e-03
3.89000000000000e+00 1.50467664322542e+00 1.50180084551966e+00 2.87579770575275e-03
3.89500000000000e+00 1.53674080440716e+00 1.53383246706028e+00 2.90833734687546e-03
3.90000000000000e+00 1.57115830682948e+00 1.56822937688661e+00 2.92892994287075e-03
3.90500000000000e+00 1.60776618658553e+00 1.60482535986612e+00 2.94082671940976e-03
3.91000000000000e+00 1.64638898145547e+00 1.64344075707161e+00 2.94822438386300e-03
3.91500000000000e+00 1.68683958752516e+00 1.68388356209650e+00 2.95602542866136e-03
3.92000000000000e+00 1.72892010660309e+00 1.72595059347097e+00 2.96951313212035e-03
3.92500000000000e+00 1.77242268738553e+00 1.76942873595353e+00 2.99395143199765e-03
3.93000000000000e+00 1.81713037080926e+00 1.81409624304787e+00 3.03412776139611e-03
3.93500000000000e+00 1.86281795840491e+00 1.85972409271722e+00 3.09386568768066e-03
3.94000000000000e+00 1.90925293132208e+00 1.90607738794081e+00 3.17554338126769e-03
3.94500000000000e+00 1.95619645645522e+00 1.95291679348016e+00 3.27966297505178e-03
3.95000000000000e+00 2.00340452396046e+00 2.00000000000000e+00 3.40452396046476e-03
3.95500000000000e+00 2.05062926642254e+00 2.04708320651983e+00 3.54605990271040e-03
3.96000000000000e+00 2.09762051282805e+00 2.09392261205918e+00 3.69790076887710e-03
3.96500000000000e+00 2.14412762904755e+00 2.14027590728278e+00 3.85172176477155e-03
3.97000000000000e+00 2.18990168944985e+00 2.18590375695213e+00 3.99793249772129e-03
3.97500000000000e+00 2.23469801047738e+00 2.23057126404647e+00 4.12674643090805e-03
3.98000000000000e+00 2.27827905581394e+00 2.27404940652903e+00 4.22964928490943e-03
3.98500000000000e+00 2.32041769414466e+00 2.31611643790350e+00 4.30125624116640e-03
3.99000000000000e+00 2.36090075532280e+00 2.35655924292839e+00 4.34151239440972e-03
3.99500000000000e+00 2.39953279101412e+00 2.39517464013388e+00 4.35815088023750e-03
4.00000000000000e+00 2.43613990478464e+00 2.43177062311338e+00 4.36928167125616e-03
