variables = x, value-predict, value-true, error
0.00000000000000e+00 2.43176487478746e+00 2.43177062311339e+00 5.74832593125407e-06
5.00000000000000e-03 2.46615862173172e+00 2.46616753293972e+00 8.91120799817458e-06
1.00000000000000e-02 2.49818821712866e+00 2.49819915448034e+00 1.09373516772315e-05
1.50000000000000e-02 2.52770230078088e+00 2.52771372985530e+00 1.14290744250845e-05
2.00000000000000e-02 2.55456421695294e+00 2.55457488279246e+00 1.06658395195858e-05
2.50000000000000e-02 2.57865322235168e+00 2.57866244818360e+00 9.22583191220738e-06
3.00000000000000e-02 2.59986548026416e+00 2.59987320173000e+00 7.72146584315792e-06
3.50000000000000e-02 2.61811484865668e+00 2.61812148518152e+00 6.63652484256261e-06
4.00000000000000e-02 2.63333347488435e+00 2.63333972331718e+00 6.24843282936993e-06
4.50000000000000e-02 2.64547221286734e+00 2.64547882948272e+00 6.61661537382230e-06
5.00000000000000e-02 2.65450088014712e+00 2.65450849718747e+00 7.61704035179278e-06
5.50000000000000e-02 2.66040837224411e+00 2.66041737596564e+00 9.00372152479179e-06
6.00000000000000e-02 2.66320265039984e+00 2.66321313042021e+00 1.04800203741817e-05
6.50000000000000e-02 2.66291061638820e+00 2.66292238208847e+00 1.17657002705052e-05
7.00000000000000e-02 2.65957788497117e+00 2.65959053448992e+00 1.26495187426912e-05
7.50000000000000e-02 2.65326846114056e+00 2.65328148243819e+00 1.30212976325872e-05
8.00000000000000e-02 2.64406432592241e+00 2.64407720741157e+00 1.28814891677820e-05
8.50000000000000e-02 2.63206493159282e+00 2.63207726147960e+00 1.23298867835686e-05
9.00000000000000e-02 2.61738660497072e+00 2.61739814297001e+00 1.15379992848830e-05
9.50000000000000e-02 2.60016185623775e+00 2.60017256772797e+00 1.07114902263561e-05
1.00000000000000e-01 2.58053859059541e+00 2.58054864046305e+00 1.00498676327554e-05
1.05000000000000e-01 2.55867922099275e+00 2.55868893129538e+00 9.71030262508776e-06
1.10000000000000e-01 2.53475968200407e+00 2.53476946319709e+00 9.78119302708080e-06
1.15000000000000e-01 2.50896834746175e+00 2.50897861657418e+00 1.02691124235221e-05
1.20000000000000e-01 2.48150485732679e+00 2.48151595774496e+00 1.11004181655439e-05
1.25000000000000e-01 2.45257886214728e+00 2.45259099854052e+00 1.21363932379381e-05
1.30000000000000e-01 2.42240869596006e+00 2.42242189467697e+00 1.31987169109671e-05
1.35000000000000e-01 2.39121999033808e+00 2.39123409092702e+00 1.41005889338075e-05
1.40000000000000e-01 2.35924424328109e+00 2.35925892144618e+00 1.46781650878225e-05
1.45000000000000e-01 2.32671735672175e+00 2.32673217388556e+00 1.48171638150174e-05
1.50000000000000e-01 2.29387815563919e+00 2.29389262614624e+00 1.44705070477258e-05
1.55000000000000e-01 2.26096690032565e+00 2.26098056479902e+00 1.36644733674807e-05
1.60000000000000e-01 2.22822380151689e+00 2.22823629430637e+00 1.24927894793458e-05
1.65000000000000e-01 2.19588754619514e+00 2.19589864623990e+00 1.11000447553522e-05
1.70000000000000e-01 2.16419384021602e+00 2.16420349768687e+00 9.65747085190927e-06
1.75000000000000e-01 2.13337397275061e+00 2.13338230798255e+00 8.33523193799479e-06
1.80000000000000e-01 2.10365340702464e+00 2.10366068279205e+00 7.27576741699210e-06
1.85000000000000e-01 2.07525040201264e+00 2.07525697439691e+00 6.57238426837736e-06
1.90000000000000e-01 2.04837467051973e+00 2.04838092681811e+00 6.25629838024722e-06
1.95000000000000e-01 2.02322608026978e+00 2.02323237413107e+00 6.29386128592202e-06
2.00000000000000e-01 1.99999340596538e+00 2.00000000000000e+00 6.59403462077712e-06
2.05000000000000e-01 1.97885314151658e+00 1.97886016608158e+00 7.02456500145665e-06
2.10000000000000e-01 1.95996838250644e+00 1.95997581652323e+00 7.43401678970912e-06
2.15000000000000e-01 1.94348778928492e+00 1.94349546531226e+00 7.67602734041972e-06
2.20000000000000e-01 1.92954464076438e+00 1.92955227272105e+00 7.63195666686478e-06
2.25000000000000e-01 1.91825598803424e+00 1.91826321654437e+00 7.22851013623682e-06
2.30000000000000e-01 1.90972191541532e+00 1.90972836324032e+00 6.44782499370500e-06
2.35000000000000e-01 1.90402491470648e+00 1.90403024347033e+00 5.32876384284897e-06
2.40000000000000e-01 1.90122937634701e+00 1.90123333589028e+00 3.95954326970482e-06
2.45000000000000e-01 1.90138119924838e+00 1.90138366237698e+00 2.46312860574527e-06
2.50000000000000e-01 1.90450751933094e+00 1.90450849718747e+00 9.77856530637311e-07
2.55000000000000e-01 1.91061655547892e+00 1.91061619184595e+00 3.63632967514960e-07
2.60000000000000e-01 1.91969757077564e+00 1.91969611683971e+00 1.45393593253829e-06
2.65000000000000e-01 1.93172094650282e+00 1.93171872048530e+00 2.22601752608576e-06
2.70000000000000e-01 1.94663836641521e+00 1.94663570460343e+00 2.66181178099067e-06
2.75000000000000e-01 1.96438310911657e+00 1.96438031592140e+00 2.79319516693910e-06
2.80000000000000e-01 1.98487044680759e+00 1.98486775140779e+00 2.69539980357614e-06
2.85000000000000e-01 2.00799814908767e+00 2.00799567504205e+00 2.47404562037090e-06
2.90000000000000e-01 2.03364709071636e+00 2.03364484283446e+00 2.24788190683611e-06
2.95000000000000e-01 2.06168196215834e+00 2.06167983224433e+00 2.12991400960760e-06
3.00000000000000e-01 2.09195208127615e+00 2.09194987150091e+00 2.20977524056920e-06
3.05000000000000e-01 2.12429230368489e+00 2.12428976371522e+00 2.53996967547465e-06
3.10000000000000e-01 2.15852402808544e+00 2.15852090008677e+00 3.12799867119296e-06
3.15000000000000e-01 2.19445629144526e+00 2.19445235595975e+00 3.93548551302914e-06
3.20000000000000e-01 2.23188694733161e+00 2.23188206297222e+00 4.88435939471898e-06
3.25000000000000e-01 2.27060391917817e+00 2.27059805007310e+00 5.86910507438532e-06
3.30000000000000e-01 2.31038651893708e+00 2.31037974575665e+00 6.77318043118547e-06
3.35000000000000e-01 2.35100682056926e+00 2.35099933348698e+00 7.48708228215378e-06
3.40000000000000e-01 2.39223107725125e+00 2.39222315195700e+00 7.92529425774902e-06
3.45000000000000e-01 2.43382117106684e+00 2.43381313154985e+00 8.03951698813421e-06
3.50000000000000e-01 2.47553608428821e+00 2.47552825814758e+00 7.82614063021825e-06
3.55000000000000e-01 2.51713338205509e+00 2.51712605526309e+00 7.32679200599051e-06
3.60000000000000e-01 2.55837069720621e+00 2.55836407535859e+00 6.62184762578732e-06
3.65000000000000e-01 2.59900720904698e+00 2.59900139115685e+00 5.81789012965572e-06
3.70000000000000e-01 2.63880510878655e+00 2.63880007775179e+00 5.03103475946176e-06
3.75000000000000e-01 2.67753104509658e+00 2.67752667638138e+00 4.36871520115290e-06
3.80000000000000e-01 2.71495754362611e+00 2.71495363083915e+00 3.91278696065811e-06
3.85000000000000e-01 2.75086439430055e+00 2.75086068766886e+00 3.70663169002583e-06
3.90000000000000e-01 2.78503999985625e+00 2.78503625151058e+00 3.74834566851945e-06
3.95000000000000e-01 2.81728267839864e+00 2.81727868724248e+00 3.99115616067647e-06
4.00000000000000e-01 2.84740191196225e+00 2.84739756089084e+00 4.35107140361879e-06
4.05000000000000e-01 2.87521953226895e+00 2.87521481165829e+00 4.72061065304175e-06
4.10000000000000e-01 2.90057083430937e+00 2.90056584784471e+00 4.98646465985075e-06
4.15000000000000e-01 2.92330560817256e+00 2.92330055990464e+00 5.04826792813162e-06
4.20000000000000e-01 2.94328907983305e+00 2.94328424439572e+00 4.83543732920921e-06
4.25000000000000e-01 2.96040275241772e+00 2.96039843312221e+00 4.31929551547583e-06
4.30000000000000e-01 2.97454514078249e+00 2.97454162236171e+00 3.51842077606079e-06
4.35000000000000e-01 2.98563239392224e+00 2.98562989767982e+00 2.49624241366320e-06
4.40000000000000e-01 2.99359880164531e+00 2.99359745048043e+00 1.35116487287590e-06
4.45000000000000e-01 2.99839718385992e+00 2.99839698310739e+00 2.00752523049630e-07
4.50000000000000e-01 2.99999916253179e+00 3.00000000000000e+00 8.37468206338343e-07
4.55000000000000e-01 2.99839531769886e+00 2.99839698310739e+00 1.66540853374642e-06
4.60000000000000e-01 2.99359522974640e+00 2.99359745048043e+00 2.22073403266521e-06
4.65000000000000e-01 2.98562741041548e+00 2.98562989767982e+00 2.48726434470825e-06
4.70000000000000e-01 2.97453912479005e+00 2.97454162236171e+00 2.49757166459474e-06
4.75000000000000e-01 2.96039610592499e+00 2.96039843312221e+00 2.32719722026431e-06
4.80000000000000e-01 2.94328216304630e+00 2.94328424439572e+00 2.08134942347726e-06
4.85000000000000e-01 2.92329868362022e+00 2.92330055990464e+00 1.87628441761234e-06
4.90000000000000e-01 2.90056402928660e+00 2.90056584784471e+00 1.81855811476339e-06
4.95000000000000e-01 2.87521282587105e+00 2.87521481165829e+00 1.98578724752707e-06
5.00000000000000e-01 2.84739514852683e+00 2.84739756089084e+00 2.41236401077316e-06
5.05000000000000e-01 2.81727560449595e+00 2.81727868724248e+00 3.08274653360030e-06
5.10000000000000e-01 2.78503231788448e+00 2.78503625151058e+00 3.93362609774073e-06
5.15000000000000e-01 2.75085582298643e+00 2.75086068766886e+00 4.86468242755222e-06
5.20000000000000e-01 2.71494787476826e+00 2.71495363083915e+00 5.75607089103869e-06
5.25000000000000e-01 2.67752018684553e+00 2.67752667638138e+00 6.48953585402623e-06
5.30000000000000e-01 2.63879310839718e+00 2.63880007775179e+00 6.96935460720027e-06
5.35000000000000e-01 2.59899425183220e+00 2.59900139115685e+00 7.13932464790901e-06
5.40000000000000e-01 2.55835708264086e+00 2.55836407535859e+00 6.99271772397481e-06
5.45000000000000e-01 2.51711948185842e+00 2.51712605526309e+00 6.57340466680978e-06
5.50000000000000e-01 2.47552229018382e+00 2.47552825814758e+00 5.96796375562647e-06
5.55000000000000e-01 2.43380784133151e+00 2.43381313154985e+00 5.29021833539645e-06
5.60000000000000e-01 2.39221849095400e+00 2.39222315195700e+00 4.66100299378880e-06
5.65000000000000e-01 2.35099514670034e+00 2.35099933348698e+00 4.18678664049210e-06
5.70000000000000e-01 2.31037580481213e+00 2.31037974575665e+00 3.94094452182969e-06
5.75000000000000e-01 2.27059409911813e+00 2.27059805007310e+00 3.95095496363851e-06
5.80000000000000e-01 2.23187786926150e+00 2.23188206297222e+00 4.19371072002406e-06
5.85000000000000e-01 2.19444775627303e+00 2.19445235595975e+00 4.59968672128497e-06
5.90000000000000e-01 2.15851583492594e+00 2.15852090008677e+00 5.06516083031983e-06
5.95000000000000e-01 2.12428429340309e+00 2.12428976371522e+00 5.47031212771998e-06
6.00000000000000e-01 2.09194417144740e+00 2.09194987150091e+00 5.70005351230307e-06
6.05000000000000e-01 2.06167416820136e+00 2.06167983224433e+00 5.66404297597245e-06
6.10000000000000e-01 2.03363953032136e+00 2.03364484283446e+00 5.31251309787706e-06
6.15000000000000e-01 2.00799102973392e+00 2.00799567504205e+00 4.64530812749331e-06
6.20000000000000e-01 1.98486403872734e+00 1.98486775140779e+00 3.71268045196160e-06
6.25000000000000e-01 1.96437770815204e+00 1.96438031592140e+00 2.60776935934182e-06
6.30000000000000e-01 1.94663425256768e+00 1.94663570460343e+00 1.45203575496744e-06
6.35000000000000e-01 1.93171834444322e+00 1.93171872048530e+00 3.76042078809036e-07
6.40000000000000e-01 1.91969661816144e+00 1.91969611683971e+00 5.01321725465687e-07
6.45000000000000e-01 1.91061728370096e+00 1.91061619184595e+00 1.09185501062647e-06
6.50000000000000e-01 1.90450984949105e+00 1.90450849718747e+00 1.35230357489746e-06
6.55000000000000e-01 1.90138495399603e+00 1.90138366237698e+00 1.29161905282338e-06
6.60000000000000e-01 1.90123430596753e+00 1.90123333589028e+00 9.70077249862200e-07
6.65000000000000e-01 1.90403073383532e+00 1.90403024347033e+00 4.90364989946812e-07
6.70000000000000e-01 1.90972834521021e+00 1.90972836324032e+00 1.80301069629962e-08
6.75000000000000e-01 1.91826279776863e+00 1.91826321654437e+00 4.18775744304156e-07
6.80000000000000e-01 1.92955168273947e+00 1.92955227272105e+00 5.89981579590670e-07
6.85000000000000e-01 1.94349502172764e+00 1.94349546531226e+00 4.43584615483772e-07
6.90000000000000e-01 1.95997587666080e+00 1.95997581652323e+00 6.01375649278424e-08
6.95000000000000e-01 1.97886107127495e+00 1.97886016608158e+00 9.05193371814050e-07
7.00000000000000e-01 2.00000202086578e+00 2.00000000000000e+00 2.02086578182659e-06
7.05000000000000e-01 2.02323566517540e+00 2.02323237413106e+00 3.29104433660632e-06
7.10000000000000e-01 2.04838549744388e+00 2.04838092681811e+00 4.57062577652323e-06
7.15000000000000e-01 2.07526268101771e+00 2.07525697439691e+00 5.70662079324435e-06
7.20000000000000e-01 2.10366724364295e+00 2.10366068279205e+00 6.56085089767444e-06
7.25000000000000e-01 2.13338933880232e+00 2.13338230798255e+00 7.03081977526665e-06
7.30000000000000e-01 2.16421056324214e+00 2.16420349768687e+00 7.06555526441832e-06
7.35000000000000e-01 2.19590532016162e+00 2.19589864623990e+00 6.67392172504222e-06
7.40000000000000e-01 2.22824221831163e+00 2.22823629430637e+00 5.92400525256664e-06
7.45000000000000e-01 2.26098549831562e+00 2.26098056479902e+00 4.93351659835994e-06
7.50000000000000e-01 2.29389647868462e+00 2.29389262614624e+00 3.85253838208754e-06
7.55000000000000e-01 2.32673501503615e+00 2.32673217388556e+00 2.84115058546419e-06
7.60000000000000e-01 2.35926096675364e+00 2.35925892144618e+00 2.04530745762099e-06
7.65000000000000e-01 2.39123566559617e+00 2.39123409092702e+00 1.57466914751936e-06
7.70000000000000e-01 2.42242338052439e+00 2.42242189467697e+00 1.48584741488378e-06
7.75000000000000e-01 2.45259277227227e+00 2.45259099854052e+00 1.77373175258566e-06
7.80000000000000e-01 2.48151833007870e+00 2.48151595774496e+00 2.37233373701073e-06
7.85000000000000e-01 2.50898178168354e+00 2.50897861657418e+00 3.16510935682857e-06
7.90000000000000e-01 2.53477346641913e+00 2.53476946319709e+00 4.00322203519821e-06
7.95000000000000e-01 2.55869366022717e+00 2.55868893129538e+00 4.72893178882217e-06
8.00000000000000e-01 2.58055384090964e+00 2.58054864046305e+00 5.20044659246821e-06
8.05000000000000e-01 2.60017788202247e+00 2.60017256772797e+00 5.31429449734944e-06
8.10000000000000e-01 2.61740316459420e+00 2.61739814297001e+00 5.02162419024899e-06
8.15000000000000e-01 2.63208159725323e+00 2.63207726147960e+00 4.33577362679571e-06
8.20000000000000e-01 2.64408053723463e+00 2.64407720741157e+00 3.32982305284446e-06
8.25000000000000e-01 2.65328360689714e+00 2.65328148243819e+00 2.12445895364510e-06
8.30000000000000e-01 2.65959140255474e+00 2.65959053448992e+00 8.68064823134063e-07
8.35000000000000e-01 2.66292209435504e+00 2.66292238208847e+00 2.87733422865699e-07
8.40000000000000e-01 2.66321191739279e+00 2.66321313042021e+00 1.21302742783769e-06
8.45000000000000e-01 2.66041555507741e+00 2.66041737596564e+00 1.82088822731075e-06
8.50000000000000e-01 2.65450641592347e+00 2.65450849718747e+00 2.08126399936504e-06
8.55000000000000e-01 2.64547680445670e+00 2.64547882948272e+00 2.02502601220900e-06
8.60000000000000e-01 2.63333798599167e+00 2.63333972331718e+00 1.73732551278505e-06
8.65000000000000e-01 2.61812014389413e+00 2.61812148518153e+00 1.34128739626149e-06
8.70000000000000e-01 2.59987222690225e+00 2.59987320173000e+00 9.74827750077623e-07
8.75000000000000e-01 2.57866168346318e+00 2.57866244818360e+00 7.64720420320941e-07
8.80000000000000e-01 2.55457408011216e+00 2.55457488279246e+00 8.02680296896341e-07
8.85000000000000e-01 2.52771260184486e+00 2.52771372985530e+00 1.12801044638289e-06
8.90000000000000e-01 2.49819743422203e+00 2.49819915448034e+00 1.72025830913469e-06
8.95000000000000e-01 2.46616502944375e+00 2.46616753293972e+00 2.50349597052946e-06
9.00000000000000e-01 2.43176726151880e+00 2.43177062311339e+00 3.36159459113361e-06
9.05000000000000e-01 2.39517047850143e+00 2.39517464013388e+00 4.16163244798540e-06
9.10000000000000e-01 2.35655446210417e+00 2.35655924292839e+00 4.78082422050718e-06
9.15000000000000e-01 2.31611130641664e+00 2.31611643790350e+00 5.13148686032139e-06
9.20000000000000e-01 2.27404422772157e+00 2.27404940652903e+00 5.17880745531940e-06
9.25000000000000e-01 2.23056631648527e+00 2.23057126404647e+00 4.94756119406858e-06
9.30000000000000e-01 2.18589924075079e+00 2.18590375695213e+00 4.51620134356290e-06
9.35000000000000e-01 2.14027190783581e+00 2.14027590728277e+00 3.99944696694021e-06
9.40000000000000e-01 2.09391908901799e+00 2.09392261205918e+00 3.52304118678148e-06
9.45000000000000e-01 2.04708001036014e+00 2.04708320651983e+00 3.19615969335274e-06
9.50000000000000e-01 1.99999691242753e+00 2.00000000000000e+00 3.08757247124980e-06
9.55000000000000e-01 1.95291358256671e+00 1.95291679348017e+00 3.21091345845126e-06
9.60000000000000e-01 1.90607386552379e+00 1.90607738794082e+00 3.52241702872291e-06
9.65000000000000e-01 1.85972016105535e+00 1.85972409271723e+00 3.93166187984129e-06
9.70000000000000e-01 1.81409192018743e+00 1.81409624304787e+00 4.32286044338426e-06
9.75000000000000e-01 1.76942415419901e+00 1.76942873595353e+00 4.58175452289211e-06
9.80000000000000e-01 1.72594597163544e+00 1.72595059347097e+00 4.62183552674134e-06
9.85000000000000e-01 1.68387915834130e+00 1.68388356209650e+00 4.40375520871505e-06
9.90000000000000e-01 1.64343681364463e+00 1.64344075707161e+00 3.94342698251116e-06
9.95000000000000e-01 1.60482205280454e+00 1.60482535986612e+00 3.30706157880556e-06
1.00000000000000e+00 1.56822678232553e+00 1.56822937688661e+00 2.59456107642997e-06
1.00500000000000e+00 1.53383055155024e+00 1.53383246706028e+00 1.91551004213864e-06
1.01000000000000e+00 1.50179948179122e+00 1.50180084551966e+00 1.36372844572463e-06
1.01500000000000e+00 1.47228527359830e+00 1.47228627014470e+00 9.96546398734921e-07
1.02000000000000e+00 1.44542429361642e+00 1.44542511720755e+00 8.23591127518952e-07
1.02500000000000e+00 1.42133674448202e+00 1.42133755181640e+00 8.07334379571145e-07
1.03000000000000e+00 1.40012592363132e+00 1.40012679827000e+00 8.74638671488626e-07
1.03500000000000e+00 1.38187757893909e+00 1.38187851481848e+00 9.35879387542471e-07
1.04000000000000e+00 1.36665937008879e+00 1.36666027668282e+00 9.06594026073293e-07
1.04500000000000e+00 1.35452044413330e+00 1.35452117051728e+00 7.26383981630718e-07
1.05000000000000e+00 1.34549113189127e+00 1.34549150281253e+00 3.70921253933787e-07
1.05500000000000e+00 1.33958276906203e+00 1.33958262403436e+00 1.45027669651299e-07
1.06000000000000e+00 1.33678764287383e+00 1.33678686957979e+00 7.73294046574335e-07
1.06500000000000e+00 1.33707906236416e+00 1.33707761791153e+00 1.44445263017268e-06
1.07000000000000e+00 1.34041154850499e+00 1.34040946551008e+00 2.08299490789265e-06
1.07500000000000e+00 1.34672113951437e+00 1.34671851756181e+00 2.62195256239828e-06
1.08000000000000e+00 1.35592580671244e+00 1.35592279258843e+00 3.01412401415568e-06
1.08500000000000e+00 1.36792597683441e+00 1.36792273852040e+00 3.23831400805830e-06
1.09000000000000e+00 1.38260515737127e+00 1.38260185702999e+00 3.30034127826728e-06
1.09500000000000e+00 1.39983066190233e+00 1.39982743227203e+00 3.22963030785495e-06
1.10000000000000e+00 1.41945443231506e+00 1.41945135953695e+00 3.07277810596140e-06
1.10500000000000e+00 1.44131395427989e+00 1.44131106870462e+00 2.88557526584299e-06
1.11000000000000e+00 1.46523326152014e+00 1.46523053680291e+00 2.72471723672396e-06
1.11500000000000e+00 1.49102402351133e+00 1.49102138342582e+00 2.64008550354689e-06
1.12000000000000e+00 1.51848671044582e+00 1.51848404225504e+00 2.66819077920921e-06
1.12500000000000e+00 1.54741182869069e+00 1.54740900145948e+00 2.82723121114437e-06
1.13000000000000e+00 1.57758121951883e+00 1.57757810532303e+00 3.11419580412142e-06
1.13500000000000e+00 1.60876941350492e+00 1.60876590907298e+00 3.50443193530836e-06
1.14000000000000e+00 1.64074503253757e+00 1.64074107855382e+00 3.95398375374612e-06
1.14500000000000e+00 1.67327223084846e+00 1.67326782611444e+00 4.40473402307795e-06
1.15000000000000e+00 1.70611216581733e+00 1.70610737385376e+00 4.79196356262257e-06
1.15500000000000e+00 1.73902448867054e+00 1.73901943520098e+00 5.05346956214403e-06
1.16000000000000e+00 1.77176884467672e+00 1.77176370569363e+00 5.13898309040250e-06
1.16500000000000e+00 1.80410637217589e+00 1.80410135376010e+00 5.01841578537388e-06
1.17000000000000e+00 1.83580118983336e+00 1.83579650231313e+00 4.68752023530250e-06
1.17500000000000e+00 1.86662186189499e+00 1.86661769201745e+00 4.16987753459885e-06
1.18000000000000e+00 1.89634283188509e+00 1.89633931720795e+00 3.51467713999298e-06
1.18500000000000e+00 1.92474581603159e+00 1.92474302560309e+00 2.79042850270805e-06
1.19000000000000e+00 1.95162114860240e+00 1.95161907318189e+00 2.07542050789655e-06
1.19500000000000e+00 1.97676907217375e+00 1.97676762586894e+00 1.44630481013763e-06
1.20000000000000e+00 2.00000096652852e+00 2.00000000000000e+00 9.66528523660415e-07
1.20500000000000e+00 2.02114051034088e+00 2.02113983391842e+00 6.76422459378045e-07
1.21000000000000e+00 2.04002477002522e+00 2.04002418347677e+00 5.86548451142477e-07
1.21500000000000e+00 2.05650521013917e+00 2.05650453468774e+00 6.75451426346285e-07
1.22000000000000e+00 2.07044861959237e+00 2.07044772727895e+00 8.92313420486346e-07
1.22500000000000e+00 2.08173794771616e+00 2.08173678345563e+00 1.16426053553553e-06
1.23000000000000e+00 2.09027304409851e+00 2.09027163675968e+00 1.40733882814104e-06
1.23500000000000e+00 2.09597129609207e+00 2.09596975652967e+00 1.53956239357100e-06
1.24000000000000e+00 2.09876815815460e+00 2.09876666410972e+00 1.49404487226334e-06
1.24500000000000e+00 2.09861756774962e+00 2.09861633762302e+00 1.23012659836164e-06
1.25000000000000e+00 2.09549224344868e+00 2.09549150281253e+00 7.40636150631246e-07
1.25500000000000e+00 2.08938386211664e+00 2.08938380815405e+00 5.39625895079610e-08
1.26000000000000e+00 2.08030311355915e+00 2.08030388316029e+00 7.69601141481502e-07
1.26500000000000e+00 2.06827963265195e+00 2.06828127951470e+00 1.64686275017090e-06
1.27000000000000e+00 2.05336181060924e+00 2.05336429539657e+00 2.48478733277935e-06
1.27500000000000e+00 2.03561648852173e+00 2.03561968407860e+00 3.19555686267847e-06
1.28000000000000e+00 2.01512853745954e+00 2.01513224859221e+00 3.71113267583212e-06
1.28500000000000e+00 1.99200033017893e+00 1.99200432495795e+00 3.99477902557344e-06
1.29000000000000e+00 1.96635110975265e+00 1.96635515716554e+00 4.04741288706489e-06
1.29500000000000e+00 1.93831626028963e+00 1.93832016775567e+00 3.90746603717851e-06
1.30000000000000e+00 1.90804648443618e+00 1.90805012849909e+00 3.64406290920272e-06
1.30500000000000e+00 1.87570689173930e+00 1.87571023628478e+00 3.34454548189811e-06
1.31000000000000e+00 1.84147600142593e+00 1.84147909991323e+00 3.09848729629358e-06
1.31500000000000e+00 1.80554466293555e+00 1.80554764404025e+00 2.98110470553503e-06
1.32000000000000e+00 1.76811489781400e+00 1.76811793702778e+00 3.03921377708960e-06
1.32500000000000e+00 1.72939866742087e+00 1.72940194992690e+00 3.28250602810165e-06
1.33000000000000e+00 1.68961657228530e+00 1.68962025424335e+00 3.68195805044991e-06
1.33500000000000e+00 1.64899649070262e+00 1.64900066651302e+00 4.17581040212944e-06
1.34000000000000e+00 1.60777216602500e+00 1.60777684804300e+00 4.68201800152279e-06
1.34500000000000e+00 1.56618175373894e+00 1.56618686845015e+00 5.11471120989704e-06
1.35000000000000e+00 1.52446634053023e+00 1.52447174185242e+00 5.40132219173373e-06
1.35500000000000e+00 1.48286844789467e+00 1.48287394473691e+00 5.49684223960512e-06
1.36000000000000e+00 1.44163053238980e+00 1.44163592464141e+00 5.39225160900436e-06
1.36500000000000e+00 1.40099349344716e+00 1.40099860884315e+00 5.11539598613275e-06
1.37000000000000e+00 1.36119519804035e+00 1.36119992224821e+00 4.72420785979644e-06
1.37500000000000e+00 1.32246902979685e+00 1.32247332361862e+00 4.29382176636572e-06
1.38000000000000e+00 1.28504246872685e+00 1.28504636916085e+00 3.90043400311235e-06
1.38500000000000e+00 1.24913570691741e+00 1.24913931233114e+00 3.60541373178869e-06
1.39000000000000e+00 1.21496030544665e+00 1.21496374848942e+00 3.44304277088980e-06
1.39500000000000e+00 1.18271789836735e+00 1.18272131275752e+00 3.41439016660061e-06
1.40000000000000e+00 1.15259895067712e+00 1.15260243910916e+00 3.48843203945570e-06
1.40500000000000e+00 1.12478157840443e+00 1.12478518834171e+00 3.60993727865910e-06
1.41000000000000e+00 1.09943043993947e+00 1.09943415215529e+00 3.71221581274561e-06
1.41500000000000e+00 1.07669570822261e+00 1.07669944009536e+00 3.73187275282127e-06
1.42000000000000e+00 1.05671213319421e+00 1.05671575560428e+00 3.62241006812702e-06
1.42500000000000e+00 1.03959820298280e+00 1.03960156687779e+00 3.36389499699941e-06
1.43000000000000e+00 1.02545541078899e+00 1.02545837763829e+00 2.96684929490532e-06
1.43500000000000e+00 1.01436763254383e+00 1.01437010232018e+00 2.46977634699164e-06
1.44000000000000e+00 1.00640061846591e+00 1.00640254951957e+00 1.93105365231538e-06
1.44500000000000e+00 1.00160159988264e+00 1.00160301689261e+00 1.41700996469929e-06
1.45000000000000e+00 9.99999011321618e-01 1.00000000000000e+00 9.88678381941277e-07
1.45500000000000e+00 1.00160232702596e+00 1.00160301689261e+00 6.89866643144299e-07
1.46000000000000e+00 1.00640201069920e+00 1.00640254951957e+00 5.38820361883907e-07
1.46500000000000e+00 1.01436957734304e+00 1.01437010232018e+00 5.24977136873161e-07
1.47000000000000e+00 1.02545776634784e+00 1.02545837763829e+00 6.11290445151624e-07
1.47500000000000e+00 1.03960082533288e+00 1.03960156687779e+00 7.41544910143332e-07
1.48000000000000e+00 1.05671490442062e+00 1.05671575560428e+00 8.51183653116649e-07
1.48500000000000e+00 1.07669856051821e+00 1.07669944009536e+00 8.79577152668176e-07
1.49000000000000e+00 1.09943337068517e+00 1.09943415215529e+00 7.81470114619154e-07
1.49500000000000e+00 1.12478465278106e+00 1.12478518834171e+00 5.35560648051714e-07
1.50000000000000e+00 1.15260229037409e+00 1.15260243910916e+00 1.48735064042782e-07
1.50500000000000e+00 1.18272165747313e+00 1.18272131275752e+00 3.44715609612578e-07
1.51000000000000e+00 1.21496463717375e+00 1.21496374848942e+00 8.88684335675904e-07
1.51500000000000e+00 1.24914072694498e+00 1.24913931233114e+00 1.41461383429409e-06
1.52000000000000e+00 1.28504822216083e+00 1.28504636916085e+00 1.85299997612631e-06
1.52500000000000e+00 1.32247546869606e+00 1.32247332361862e+00 2.14507744322745e-06
1.53000000000000e+00 1.36120217499555e+00 1.36119992224821e+00 2.25274733511860e-06
1.53500000000000e+00 1.40100077397602e+00 1.40099860884315e+00 2.16513286721565e-06
1.54000000000000e+00 1.44163782536213e+00 1.44163592464141e+00 1.90072071659664e-06
1.54500000000000e+00 1.48287544949977e+00 1.48287394473691e+00 1.50476286076007e-06
1.55000000000000e+00 1.52447278421412e+00 1.52447174185242e+00 1.04236169584659e-06
1.55500000000000e+00 1.56618745677943e+00 1.56618686845015e+00 5.88329282402711e-07
1.56000000000000e+00 1.60777706344696e+00 1.60777684804300e+00 2.15403959114013e-07
1.56500000000000e+00 1.64900064917157e+00 1.64900066651302e+00 1.73414469450961e-08
1.57000000000000e+00 1.68962018015418e+00 1.68962025424335e+00 7.40891727968318e-08
1.57500000000000e+00 1.72940200158125e+00 1.72940194992690e+00 5.16543472439679e-08
1.58000000000000e+00 1.76811827253414e+00 1.76811793702778e+00 3.35506360027438e-07
1.58500000000000e+00 1.80554836953214e+00 1.80554764404025e+00 7.25491891229169e-07
1.59000000000000e+00 1.84148024965799e+00 1.84147909991323e+00 1.14974476250751e-06
1.59500000000000e+00 1.87571176379935e+00 1.87571023628478e+00 1.52751456683475e-06
1.60000000000000e+00 1.90805191032760e+00 1.90805012849909e+00 1.78182850674169e-06
1.60500000000000e+00 1.93832201961171e+00 1.93832016775567e+00 1.85185603962523e-06
1.61000000000000e+00 1.96635686018272e+00 1.96635515716554e+00 1.70301717505872e-06
1.61500000000000e+00 1.99200565813331e+00 1.99200432495795e+00 1.33317535944144e-06
1.62000000000000e+00 2.01513302241968e+00 2.01513224859221e+00 7.73827464772836e-07
1.62500000000000e+00 2.03561977004634e+00 2.03561968407860e+00 8.59677387055058e-08
1.63000000000000e+00 2.05336364654125e+00 2.05336429539657e+00 6.48855315255048e-07
1.63500000000000e+00 2.06827993853306e+00 2.06828127951470e+00 1.34098164483731e-06
1.64000000000000e+00 2.08030197649100e+00 2.08030388316029e+00 1.90666929356098e-06
1.64500000000000e+00 2.08938152667213e+00 2.08938380815405e+00 2.28148192471522e-06
1.65000000000000e+00 2.09548907197182e+00 2.09549150281253e+00 2.43084070339350e-06
1.65500000000000e+00 2.09861398168009e+00 2.09861633762302e+00 2.35594292430363e-06
1.66000000000000e+00 2.09876457015360e+00 2.09876666410972e+00 2.09395612404961e-06
1.66500000000000e+00 2.09596804422082e+00 2.09596975652967e+00 1.71230885426255e-06
1.67000000000000e+00 2.09027033888453e+00 2.09027163675968e+00 1.29787515401603e-06
1.67500000000000e+00 2.08173584072789e+00 2.08173678345563e+00 9.42727734987159e-07
1.68000000000000e+00 2.07044699851611e+00 2.07044772727895e+00 7.28762847845843e-07
1.68500000000000e+00 2.05650382092847e+00 2.05650453468774e+00 7.13759271686598e-07
1.69000000000000e+00 2.04002326221217e+00 2.04002418347677e+00 9.21264599718086e-07
1.69500000000000e+00 2.02113849780397e+00 2.02113983391842e+00 1.33611445019000e-06
1.70000000000000e+00 1.99999809353072e+00 2.00000000000000e+00 1.90646927733518e-06
1.70500000000000e+00 1.97676507372066e+00 1.97676762586893e+00 2.55214826938577e-06
1.71000000000000e+00 1.95161589524241e+00 1.95161907318189e+00 3.17793947934852e-06
1.71500000000000e+00 1.92473933593553e+00 1.92474302560309e+00 3.68966755481814e-06
1.72000000000000e+00 1.89633530693364e+00 1.89633931720795e+00 4.01027430507739e-06
1.72500000000000e+00 1.86661359889853e+00 1.86661769201745e+00 4.09311891824693e-06
1.73000000000000e+00 1.83579257215773e+00 1.83579650231313e+00 3.93015540356423e-06
1.73500000000000e+00 1.80409780023792e+00 1.80410135376010e+00 3.55352218295302e-06
1.74000000000000e+00 1.77176067546554e+00 1.77176370569363e+00 3.03022808423314e-06
1.74500000000000e+00 1.73901698436876e+00 1.73901943520098e+00 2.45083221628306e-06
1.75000000000000e+00 1.70610545978409e+00 1.70610737385376e+00 1.91406967142704e-06
1.75500000000000e+00 1.67326631603598e+00 1.67326782611444e+00 1.51007845317075e-06
1.76000000000000e+00 1.64073977344422e+00 1.64074107855382e+00 1.30510960394403e-06
1.76500000000000e+00 1.60876457875468e+00 1.60876590907298e+00 1.33031829951946e-06
1.77000000000000e+00 1.57757652882369e+00 1.57757810532303e+00 1.57649933574255e-06
1.77500000000000e+00 1.54740700587090e+00 1.54740900145948e+00 1.99558858215987e-06
1.78000000000000e+00 1.51848153365979e+00 1.51848404225504e+00 2.50859525130487e-06
1.78500000000000e+00 1.49101836486188e+00 1.49102138342582e+00 3.01856393680744e-06
1.79000000000000e+00 1.46522711043384e+00 1.46523053680291e+00 3.42636906558447e-06
1.79500000000000e+00 1.44130742196485e+00 1.44131106870462e+00 3.64673977393259e-06
1.80000000000000e+00 1.41944773758848e+00 1.41945135953695e+00 3.62194846892372e-06
1.80500000000000e+00 1.39982410123045e+00 1.39982743227203e+00 3.33104157634878e-06
1.81000000000000e+00 1.38259906377707e+00 1.38260185702999e+00 2.79325291541177e-06
1.81500000000000e+00 1.36792067334025e+00 1.36792273852040e+00 2.06518015288815e-06
1.82000000000000e+00 1.35592156032001e+00 1.35592279258843e+00 1.23226841108881e-06
1.82500000000000e+00 1.34671812157599e+00 1.34671851756181e+00 3.95985820800249e-07
1.83000000000000e+00 1.34040980683324e+00 1.34040946551008e+00 3.41323153518758e-07
1.83500000000000e+00 1.33707850954332e+00 1.33707761791153e+00 8.91631785071567e-07
1.84000000000000e+00 1.33678806382459e+00 1.33678686957979e+00 1.19424480637953e-06
1.84500000000000e+00 1.33958384879776e+00 1.33958262403436e+00 1.22476340091993e-06
1.85000000000000e+00 1.34549250155350e+00 1.34549150281253e+00 9.98740975477475e-07
1.85500000000000e+00 1.35452174005220e+00 1.35452117051728e+00 5.69534918115622e-07
1.86000000000000e+00 1.36666029735907e+00 1.36666027668282e+00 2.06762507115599e-08
1.86500000000000e+00 1.38187796865863e+00 1.38187851481848e+00 5.46159847347738e-07
1.87000000000000e+00 1.40012577237797e+00 1.40012679827000e+00 1.02589202799486e-06
1.87500000000000e+00 1.42133622640704e+00 1.42133755181640e+00 1.32540936603753e-06
1.88000000000000e+00 1.44542373979352e+00 1.44542511720755e+00 1.37741402173042e-06
1.88500000000000e+00 1.47228511939895e+00 1.47228627014470e+00 1.15074574646989e-06
1.89000000000000e+00 1.50180018985732e+00 1.50180084551967e+00 6.55662343085339e-07
1.89500000000000e+00 1.53383252383529e+00 1.53383246706028e+00 5.67750133573242e-08
1.90000000000000e+00 1.56823027814113e+00 1.56822937688661e+00 9.01254514795724e-07
1.90500000000000e+00 1.60482712977496e+00 1.60482535986612e+00 1.76990884903638e-06
1.91000000000000e+00 1.64344330467212e+00 1.64344075707161e+00 2.54760050899527e-06
1.91500000000000e+00 1.68388669077487e+00 1.68388356209650e+00 3.12867836882447e-06
1.92000000000000e+00 1.72595402626975e+00 1.72595059347097e+00 3.43279877812463e-06
1.92500000000000e+00 1.76943215340500e+00 1.76942873595353e+00 3.41745146426042e-06
1.93000000000000e+00 1.81409932827269e+00 1.81409624304787e+00 3.08522482117546e-06
1.93500000000000e+00 1.85972657726631e+00 1.85972409271723e+00 2.48454908380324e-06
1.94000000000000e+00 1.90607909152400e+00 1.90607738794082e+00 1.70358317785890e-06
1.94500000000000e+00 1.95291765141449e+00 1.95291679348017e+00 8.57934318698739e-07
1.95000000000000e+00 2.00000007386799e+00 2.00000000000000e+00 7.38679883927063e-08
1.95500000000000e+00 2.04708267594472e+00 2.04708320651983e+00 5.30575110069265e-07
1.96000000000000e+00 2.09392174833944e+00 2.09392261205918e+00 8.63719737509427e-07
1.96500000000000e+00 2.14027503245580e+00 2.14027590728277e+00 8.74826972196985e-07
1.97000000000000e+00 2.18590319422844e+00 2.18590375695213e+00 5.62723685870736e-07
1.97500000000000e+00 2.23057128707458e+00 2.23057126404646e+00 2.30281145263689e-08
1.98000000000000e+00 2.27405019533957e+00 2.27404940652903e+00 7.88810547103225e-07
1.98500000000000e+00 2.31611804853570e+00 2.31611643790350e+00 1.61063220405211e-06
1.99000000000000e+00 2.35656159575678e+00 2.35655924292839e+00 2.35282838811912e-06
1.99500000000000e+00 2.39517752907527e+00 2.39517464013388e+00 2.88894138744666e-06
2.00000000000000e+00 2.43177374464082e+00 2.43177062311339e+00 3.12152743564553e-06
2.00500000000000e+00 2.46617053068051e+00 2.46616753293972e+00 2.99774079204340e-06
2.01000000000000e+00 2.49820167264423e+00 2.49819915448034e+00 2.51816389162940e-06
2.01500000000000e+00 2.52771546724996e+00 2.52771372985530e+00 1.73739466324818e-06
2.02000000000000e+00 2.55457563899433e+00 2.55457488279245e+00 7.56201877116780e-07
2.02500000000000e+00 2.57866215458928e+00 2.57866244818359e+00 2.93594318190316e-07
2.03000000000000e+00 2.59987193254153e+00 2.59987320173000e+00 1.26918847298541e-06
2.03500000000000e+00 2.61811944650910e+00 2.61812148518152e+00 2.03867242642986e-06
2.04000000000000e+00 2.63333722201296e+00 2.63333972331718e+00 2.50130422241313e-06
2.04500000000000e+00 2.64547622649905e+00 2.64547882948272e+00 2.60298366994149e-06
2.05000000000000e+00 2.65450615267363e+00 2.65450849718747e+00 2.34451383951395e-06
2.05500000000000e+00 2.66041559459581e+00 2.66041737596564e+00 1.78136982675881e-06
2.06000000000000e+00 2.66321211538642e+00 2.66321313042021e+00 1.01503378946433e-06
2.06500000000000e+00 2.66292220481507e+00 2.66292238208847e+00 1.77273392854005e-07
2.07000000000000e+00 2.65959112466033e+00 2.65959053448992e+00 5.90170416980840e-07
2.07500000000000e+00 2.65328263976695e+00 2.65328148243819e+00 1.15732875904939e-06
2.08000000000000e+00 2.64407863324497e+00 2.64407720741157e+00 1.42583339401980e-06
2.08500000000000e+00 2.63207860528535e+00 2.63207726147960e+00 1.34380574579041e-06
2.09000000000000e+00 2.61739905654014e+00 2.61739814297001e+00 9.13570130212094e-07
2.09500000000000e+00 2.60017275879906e+00 2.60017256772797e+00 1.91071086952377e-07
2.10000000000000e+00 2.58054791760770e+00 2.58054864046305e+00 7.22855350687723e-07
2.10500000000000e+00 2.55868723331874e+00 2.55868893129538e+00 1.69797664240079e-06
2.11000000000000e+00 2.53476686865951e+00 2.53476946319710e+00 2.59453758877370e-06
2.11500000000000e+00 2.50897533208845e+00 2.50897861657418e+00 3.28448572606277e-06
2.12000000000000e+00 2.48151228690814e+00 2.48151595774496e+00 3.67083681895863e-06
2.12500000000000e+00 2.45258729627773e+00 2.45259099854052e+00 3.70226278878505e-06
2.13000000000000e+00 2.42241851396805e+00 2.42242189467697e+00 3.38070892125231e-06
2.13500000000000e+00 2.39123133003080e+00 2.39123409092702e+00 2.76089622186504e-06
2.14000000000000e+00 2.35925697966123e+00 2.35925892144618e+00 1.94178494838937e-06
2.14500000000000e+00 2.32673112259556e+00 2.32673217388556e+00 1.05128999905446e-06
2.15000000000000e+00 2.29389239957786e+00 2.29389262614624e+00 2.26568378280945e-07
2.15500000000000e+00 2.26098097191037e+00 2.26098056479902e+00 4.07111345968048e-07
2.16000000000000e+00 2.22823704997377e+00 2.22823629430637e+00 7.55667393104176e-07
2.16500000000000e+00 2.19589941691506e+00 2.19589864623990e+00 7.70675159689205e-07
2.17000000000000e+00 2.16420395442187e+00 2.16420349768687e+00 4.56734994269681e-07
2.17500000000000e+00 2.13338217853244e+00 2.13338230798255e+00 1.29450109298546e-07
2.18000000000000e+00 2.10365979460932e+00 2.10366068279205e+00 8.88182734914977e-07
2.18500000000000e+00 2.07525528173256e+00 2.07525697439691e+00 1.69266435445792e-06
2.19000000000000e+00 2.04837851763964e+00 2.04838092681811e+00 2.40917846916489e-06
2.19500000000000e+00 2.02322945577345e+00 2.02323237413107e+00 2.91835761956349e-06
2.20000000000000e+00 1.99999686587482e+00 2.00000000000000e+00 3.13412518537781e-06
2.20500000000000e+00 1.97885714882951e+00 1.97886016608158e+00 3.01725206863779e-06
2.21000000000000e+00 1.95997323520025e+00 1.95997581652323e+00 2.58132298402991e-06
2.21500000000000e+00 1.94349357517652e+00 1.94349546531226e+00 1.89013573548280e-06
2.22000000000000e+00 1.92955122575972e+00 1.92955227272105e+00 1.04696132963156e-06
2.22500000000000e+00 1.91826303910338e+00 1.91826321654437e+00 1.77440990567490e-07
2.23000000000000e+00 1.90972895428005e+00 1.90972836324032e+00 5.91039729158638e-07
2.23500000000000e+00 1.90403139353449e+00 1.90403024347033e+00 1.15006416478991e-06
2.24000000000000e+00 1.90123476342134e+00 1.90123333589028e+00 1.42753106779914e-06
2.24500000000000e+00 1.90138506112752e+00 1.90138366237698e+00 1.39875053939420e-06
2.25000000000000e+00 1.90450958666087e+00 1.90450849718747e+00 1.08947339438892e-06
2.25500000000000e+00 1.91061676227043e+00 1.91061619184595e+00 5.70424484314103e-07
2.26000000000000e+00 1.91969606121524e+00 1.91969611683971e+00 5.56244745819612e-08
2.26500000000000e+00 1.93171804856336e+00 1.93171872048530e+00 6.71921931205688e-07
2.27000000000000e+00 1.94663453685378e+00 1.94663570460343e+00 1.16774965341904e-06
2.27500000000000e+00 1.96437885903423e+00 1.96438031592140e+00 1.45688717312353e-06
2.28000000000000e+00 1.98486626004674e+00 1.98486775140779e+00 1.49136104909964e-06
2.28500000000000e+00 2.00799440683260e+00 2.00799567504205e+00 1.26820944990058e-06
2.29000000000000e+00 2.03364401454530e+00 2.03364484283446e+00 8.28289157261963e-07
2.29500000000000e+00 2.06167958464297e+00 2.06167983224433e+00 2.47601355862770e-07
2.30000000000000e+00 2.09195024856243e+00 2.09194987150091e+00 3.77061521561473e-07
2.30500000000000e+00 2.12429070910777e+00 2.12428976371522e+00 9.45392550910640e-07
2.31000000000000e+00 2.15852227069370e+00 2.15852090008677e+00 1.37060693061741e-06
2.31500000000000e+00 2.19445394922959e+00 2.19445235595975e+00 1.59326984672248e-06
2.32000000000000e+00 2.23188365265481e+00 2.23188206297221e+00 1.58968259578174e-06
2.32500000000000e+00 2.27059942377413e+00 2.27059805007310e+00 1.37370103292511e-06
2.33000000000000e+00 2.31038073786131e+00 2.31037974575665e+00 9.92104661090565e-07
2.33500000000000e+00 2.35099984825598e+00 2.35099933348698e+00 5.14768999870796e-07
2.34000000000000e+00 2.39222317366777e+00 2.39222315195699e+00 2.17107753996970e-08
2.34500000000000e+00 2.43381272099776e+00 2.43381313154985e+00 4.10552088769833e-07
2.35000000000000e+00 2.47552753716318e+00 2.47552825814758e+00 7.20984400182090e-07
2.35500000000000e+00 2.51712518273673e+00 2.51712605526309e+00 8.72526359607662e-07
2.36000000000000e+00 2.55836321932438e+00 2.55836407535858e+00 8.56034206631051e-07
2.36500000000000e+00 2.59900070167893e+00 2.59900139115685e+00 6.89477916537840e-07
2.37000000000000e+00 2.63879966474867e+00 2.63880007775179e+00 4.13003116594979e-07
2.37500000000000e+00 2.67752659532173e+00 2.67752667638138e+00 8.10596558764587e-08
2.38000000000000e+00 2.71495387772155e+00 2.71495363083914e+00 2.46882407850535e-07
2.38500000000000e+00 2.75086120314847e+00 2.75086068766886e+00 5.15479611884473e-07
2.39000000000000e+00 2.78503693270570e+00 2.78503625151058e+00 6.81195115870281e-07
2.39500000000000e+00 2.81727940481676e+00 2.81727868724248e+00 7.17574285324929e-07
2.40000000000000e+00 2.84739817854172e+00 2.84739756089084e+00 6.17650875334164e-07
2.40500000000000e+00 2.87521520514216e+00 2.87521481165829e+00 3.93483865934741e-07
2.41000000000000e+00 2.90056592105917e+00 2.90056584784471e+00 7.32144607162866e-08
2.41500000000000e+00 2.92330025620846e+00 2.92330055990463e+00 3.03696177095247e-07
2.42000000000000e+00 2.94328355214605e+00 2.94328424439572e+00 6.92249672695766e-07
2.42500000000000e+00 2.96039738522152e+00 2.96039843312221e+00 1.04790068888860e-06
2.43000000000000e+00 2.97454029033420e+00 2.97454162236171e+00 1.33202750829398e-06
2.43500000000000e+00 2.98562838137085e+00 2.98562989767982e+00 1.51630897526900e-06
2.44000000000000e+00 2.99359586485816e+00 2.99359745048043e+00 1.58562227836612e-06
2.44500000000000e+00 2.99839544383545e+00 2.99839698310739e+00 1.53927194457282e-06
2.45000000000000e+00 2.99999860945630e+00 3.00000000000000e+00 1.39054370018599e-06
2.45500000000000e+00 2.99839581837255e+00 2.99839698310739e+00 1.16473484723656e-06
2.46000000000000e+00 2.99359655454068e+00 2.99359745048044e+00 8.95939758382980e-07
2.46500000000000e+00 2.98562927471711e+00 2.98562989767982e+00 6.22962718743736e-07
2.47000000000000e+00 2.97454123757098e+00 2.97454162236171e+00 3.84790733498619e-07
2.47500000000000e+00 2.96039821703595e+00 2.96039843312221e+00 2.16086259996473e-07
2.48000000000000e+00 2.94328410124212e+00 2.94328424439572e+00 1.43153603193724e-07
2.48500000000000e+00 2.92330037911219e+00 2.92330055990464e+00 1.80792448567502e-07
2.49000000000000e+00 2.90056551746735e+00 2.90056584784471e+00 3.30377358803702e-07
2.49500000000000e+00 2.87521423226333e+00 2.87521481165830e+00 5.79394965338764e-07
2.50000000000000e+00 2.84739665835519e+00 2.84739756089084e+00 9.02535657765213e-07
2.50500000000000e+00 2.81727742295992e+00 2.81727868724248e+00 1.26428255953215e-06
2.51000000000000e+00 2.78503462873063e+00 2.78503625151058e+00 1.62277994553151e-06
2.51500000000000e+00 2.75085875305734e+00 2.75086068766886e+00 1.93461152075969e-06
2.52000000000000e+00 2.71495147084538e+00 2.71495363083915e+00 2.15999377228826e-06
2.52500000000000e+00 2.67752440857393e+00 2.67752667638138e+00 2.26780745338218e-06
2.53000000000000e+00 2.63879783788587e+00 2.63880007775179e+00 2.23986591985081e-06
2.53500000000000e+00 2.59899931729546e+00 2.59900139115685e+00 2.07386139106092e-06
2.54000000000000e+00 2.55836229081622e+00 2.55836407535859e+00 1.78454237120818e-06
2.54500000000000e+00 2.51712465241172e+00 2.51712605526309e+00 1.40285137195661e-06
2.55000000000000e+00 2.47552728516925e+00 2.47552825814758e+00 9.72978332569596e-07
2.55500000000000e+00 2.43381258401043e+00 2.43381313154985e+00 5.47539425799215e-07
2.56000000000000e+00 2.39222297061175e+00 2.39222315195700e+00 1.81345245930942e-07
2.56500000000000e+00 2.35099940904263e+00 2.35099933348698e+00 7.55556404108404e-08
2.57000000000000e+00 2.31037993047081e+00 2.31037974575666e+00 1.84714153750321e-07
2.57500000000000e+00 2.27059817516442e+00 2.27059805007310e+00 1.25091325298143e-07
2.58000000000000e+00 2.23188195995570e+00 2.23188206297222e+00 1.03016517982724e-07
2.58500000000000e+00 2.19445187933346e+00 2.19445235595975e+00 4.76626286882720e-07
2.59000000000000e+00 2.15851994839201e+00 2.15852090008678e+00 9.51694769657507e-07
2.59500000000000e+00 2.12428829595911e+00 2.12428976371522e+00 1.46775610332384e-06
2.60000000000000e+00 2.09194791631586e+00 2.09194987150091e+00 1.95518505297088e-06
2.60500000000000e+00 2.06167748795194e+00 2.06167983224433e+00 2.34429239176492e-06
2.61000000000000e+00 2.03364226771421e+00 2.03364484283446e+00 2.57512025036988e-06
2.61500000000000e+00 2.00799306844543e+00 2.00799567504205e+00 2.60659661810436e-06
2.62000000000000e+00 1.98486532773128e+00 1.98486775140779e+00 2.42367650638009e-06
2.62500000000000e+00 1.96437827465392e+00 1.96438031592140e+00 2.04126748726274e-06
2.63000000000000e+00 1.94663420049677e+00 1.94663570460343e+00 1.50410665766820e-06
2.63500000000000e+00 1.93171783819756e+00 1.93171872048530e+00 8.82287739090160e-07
2.64000000000000e+00 1.91969585407462e+00 1.91969611683971e+00 2.62765090353057e-07
2.64500000000000e+00 1.91061645405009e+00 1.91061619184595e+00 2.62204141288080e-07
2.65000000000000e+00 1.90450910536492e+00 1.90450849718747e+00 6.08177443073288e-07
2.65500000000000e+00 1.90138437372629e+00 1.90138366237698e+00 7.11349305460018e-07
2.66000000000000e+00 1.90123387502274e+00 1.90123333589028e+00 5.39132461341296e-07
2.66500000000000e+00 1.90403034022869e+00 1.90403024347033e+00 9.67583677624617e-08
2.67000000000000e+00 1.90972779189147e+00 1.90972836324032e+00 5.71348846234443e-07
2.67500000000000e+00 1.91826183059718e+00 1.91826321654437e+00 1.38594719345519e-06
2.68000000000000e+00 1.92955002995098e+00 1.92955227272105e+00 2.24277006366513e-06
2.68500000000000e+00 1.94349243875769e+00 1.94349546531226e+00 3.02655456407841e-06
2.69000000000000e+00 1.95997218911748e+00 1.95997581652323e+00 3.62740575221565e-06
2.69500000000000e+00 1.97885620894019e+00 1.97886016608158e+00 3.95714138567982e-06
2.70000000000000e+00 1.99999603684784e+00 2.00000000000000e+00 3.96315216133480e-06
2.70500000000000e+00 2.02322873654725e+00 2.02323237413106e+00 3.63758381283219e-06
2.71000000000000e+00 2.04837790654544e+00 2.04838092681811e+00 3.02027266485538e-06
2.71500000000000e+00 2.07525477963717e+00 2.07525697439691e+00 2.19475974283512e-06
2.72000000000000e+00 2.10365940505471e+00 2.10366068279205e+00 1.27773734348580e-06
2.72500000000000e+00 2.13338190469494e+00 2.13338230798255e+00 4.03287601979940e-07
2.73000000000000e+00 2.16420379359164e+00 2.16420349768687e+00 2.95904774016975e-07
2.73500000000000e+00 2.19589935391599e+00 2.19589864623990e+00 7.07676090616616e-07
2.74000000000000e+00 2.22823705135368e+00 2.22823629430637e+00 7.57047309285497e-07
2.74500000000000e+00 2.26098098274543e+00 2.26098056479902e+00 4.17946414810189e-07
2.75000000000000e+00 2.29389234434669e+00 2.29389262614624e+00 2.81799546364425e-07
2.75500000000000e+00 2.32673091085873e+00 2.32673217388556e+00 1.26302682712520e-06
2.76000000000000e+00 2.35925651636180e+00 2.35925892144618e+00 2.40508437654441e-06
2.76500000000000e+00 2.39123052927751e+00 2.39123409092702e+00 3.56164951265114e-06
2.77000000000000e+00 2.42241731434598e+00 2.42242189467697e+00 4.58033098693633e-06
2.77500000000000e+00 2.45258567519818e+00 2.45259099854052e+00 5.32334233982468e-06
2.78000000000000e+00 2.48151027136091e+00 2.48151595774496e+00 5.68638404319088e-06
2.78500000000000e+00 2.50897300343761e+00 2.50897861657418e+00 5.61313656932683e-06
2.79000000000000e+00 2.53476435980536e+00 2.53476946319709e+00 5.10339173587226e-06
2.79500000000000e+00 2.55868471755659e+00 2.55868893129538e+00 4.21373878456421e-06
2.80000000000000e+00 2.58054558972016e+00 2.58054864046305e+00 3.05074288897700e-06
2.80500000000000e+00 2.60017081016623e+00 2.60017256772797e+00 1.75756174636277e-06
2.81000000000000e+00 2.61739764716786e+00 2.61739814297001e+00 4.95802149558244e-07
2.81500000000000e+00 2.63207783646664e+00 2.63207726147960e+00 5.74987040646846e-07
2.82000000000000e+00 2.64407852493814e+00 2.64407720741157e+00 1.31752656873374e-06
2.82500000000000e+00 2.65328311659334e+00 2.65328148243819e+00 1.63415515253007e-06
2.83000000000000e+00 2.65959201365447e+00 2.65959053448992e+00 1.47916455217612e-06
2.83500000000000e+00 2.66292324673716e+00 2.66292238208847e+00 8.64648693088554e-07
2.84000000000000e+00 2.66321298965328e+00 2.66321313042021e+00 1.40766931444603e-07
2.84500000000000e+00 2.66041595590506e+00 2.66041737596564e+00 1.42006057490818e-06
2.85000000000000e+00 2.65450567545431e+00 2.65450849718747e+00 2.82173316223933e-06
2.85500000000000e+00 2.64547465171983e+00 2.64547882948272e+00 4.17776288941241e-06
2.86000000000000e+00 2.63333439990481e+00 2.63333972331719e+00 5.32341237580169e-06
2.86500000000000e+00 2.61811536864013e+00 2.61812148518152e+00 6.11654139603957e-06
2.87000000000000e+00 2.59986674753823e+00 2.59987320173000e+00 6.45419177347506e-06
2.87500000000000e+00 2.57865616360824e+00 2.57866244818360e+00 6.28457535478688e-06
2.88000000000000e+00 2.55456926963361e+00 2.55457488279246e+00 5.61315884173297e-06
2.88500000000000e+00 2.52770922762632e+00 2.52771372985530e+00 4.50222898384922e-06
2.89000000000000e+00 2.49819609042238e+00 2.49819915448034e+00 3.06405795313935e-06
2.89500000000000e+00 2.46616608444880e+00 2.46616753293972e+00 1.44849091743282e-06
2.90000000000000e+00 2.43177079674010e+00 2.43177062311339e+00 1.73626705013419e-07
2.90500000000000e+00 2.39517626946788e+00 2.39517464013388e+00 1.62933399305842e-06
2.91000000000000e+00 2.35656200560379e+00 2.35655924292839e+00 2.76267540089137e-06
2.91500000000000e+00 2.31611988987843e+00 2.31611643790350e+00 3.45197492901406e-06
2.92000000000000e+00 2.27405302991909e+00 2.27404940652904e+00 3.62339005244294e-06
2.92500000000000e+00 2.23057452331922e+00 2.23057126404647e+00 3.25927275479643e-06
2.93000000000000e+00 2.18590615736805e+00 2.18590375695213e+00 2.40041591492712e-06
2.93500000000000e+00 2.14027704919217e+00 2.14027590728278e+00 1.14190939326519e-06
2.94000000000000e+00 2.09392223506694e+00 2.09392261205918e+00 3.76992239647933e-07
2.94500000000000e+00 2.04708121857443e+00 2.04708320651984e+00 1.98794540517966e-06
2.95000000000000e+00 1.99999648805135e+00 2.00000000000000e+00 3.51194865566562e-06
2.95500000000000e+00 1.95291201432549e+00 1.95291679348017e+00 4.77915468133361e-06
2.96000000000000e+00 1.90607174003798e+00 1.90607738794082e+00 5.64790283941186e-06
2.96500000000000e+00 1.85971807186417e+00 1.85972409271723e+00 6.02085306367073e-06
2.97000000000000e+00 1.81409038667335e+00 1.81409624304787e+00 5.85637452510390e-06
2.97500000000000e+00 1.76942356212680e+00 1.76942873595354e+00 5.17382673481670e-06
2.98000000000000e+00 1.72594654144819e+00 1.72595059347097e+00 4.05202278397354e-06
2.98500000000000e+00 1.68388094117767e+00 1.68388356209651e+00 2.62091883596050e-06
2.99000000000000e+00 1.64343970972242e+00 1.64344075707161e+00 1.04734919381677e-06
2.99500000000000e+00 1.60482584353281e+00 1.60482535986612e+00 4.83666687589590e-07
3.00000000000000e+00 1.56823116685324e+00 1.56822937688661e+00 1.78996662669739e-06
3.00500000000000e+00 1.53383518029436e+00 1.53383246706028e+00 2.71323408163049e-06
3.01000000000000e+00 1.50180398299988e+00 1.50180084551966e+00 3.13748021851801e-06
3.01500000000000e+00 1.47228927295610e+00 1.47228627014470e+00 3.00281140375169e-06
3.02000000000000e+00 1.44542742999823e+00 1.44542511720755e+00 2.31279068496626e-06
3.02500000000000e+00 1.42133868625340e+00 1.42133755181641e+00 1.13443699878424e-06
3.03000000000000e+00 1.40012638904354e+00 1.40012679827000e+00 4.09226458719658e-07
3.03500000000000e+00 1.38187636155124e+00 1.38187851481848e+00 2.15326723185250e-06
3.04000000000000e+00 1.36665636672070e+00 1.36666027668282e+00 3.90996211452332e-06
3.04500000000000e+00 1.35451567982350e+00 1.35452117051728e+00 5.49069378030786e-06
3.05000000000000e+00 1.34548477478949e+00 1.34549150281253e+00 6.72802303824938e-06
3.05500000000000e+00 1.33957512874023e+00 1.33958262403436e+00 7.49529413535122e-06
3.06000000000000e+00 1.33677914816420e+00 1.33678686957979e+00 7.72141558580408e-06
3.06500000000000e+00 1.33707021887498e+00 1.33707761791153e+00 7.39903655522234e-06
3.07000000000000e+00 1.34040288037234e+00 1.34040946551008e+00 6.58513774598468e-06
3.07500000000000e+00 1.34671312358456e+00 1.34671851756181e+00 5.39397725218826e-06
3.08000000000000e+00 1.35591880932767e+00 1.35592279258843e+00 3.98326075390365e-06
3.08500000000000e+00 1.36792020329456e+00 1.36792273852040e+00 2.53522583393284e-06
3.09000000000000e+00 1.38260062209004e+00 1.38260185702999e+00 1.23493994497181e-06
3.09500000000000e+00 1.39982718383628e+00 1.39982743227203e+00 2.48435749528042e-07
3.10000000000000e+00 1.41945165622955e+00 1.41945135953695e+00 2.96692598711346e-07
3.10500000000000e+00 1.44131139463569e+00 1.44131106870462e+00 3.25931068134722e-07
3.11000000000000e+00 1.46523036282821e+00 1.46523053680290e+00 1.73974690875767e-07
3.11500000000000e+00 1.49102022922707e+00 1.49102138342582e+00 1.15419874835432e-06
3.12000000000000e+00 1.51848153188765e+00 1.51848404225504e+00 2.51036739573607e-06
3.12500000000000e+00 1.54740490590979e+00 1.54740900145948e+00 4.09554969138526e-06
3.13000000000000e+00 1.57757236727805e+00 1.57757810532302e+00 5.73804497405739e-06
3.13500000000000e+00 1.60875864731672e+00 1.60876590907298e+00 7.26175626075687e-06
3.14000000000000e+00 1.64073257188513e+00 1.64074107855382e+00 8.50666868545957e-06
3.14500000000000e+00 1.67325847912396e+00 1.67326782611444e+00 9.34699047916432e-06
3.15000000000000e+00 1.70609766900409e+00 1.70610737385376e+00 9.70484966922314e-06
3.15500000000000e+00 1.73900987717632e+00 1.73901943520098e+00 9.55802466440225e-06
3.16000000000000e+00 1.77175476474968e+00 1.77176370569363e+00 8.94094394299216e-06
3.16500000000000e+00 1.80409341473867e+00 1.80410135376010e+00 7.93902142670611e-06
3.17000000000000e+00 1.83578982511715e+00 1.83579650231313e+00 6.67719598124172e-06
3.17500000000000e+00 1.86661238779947e+00 1.86661769201745e+00 5.30421798661251e-06
3.18000000000000e+00 1.89633534251486e+00 1.89633931720795e+00 3.97469308843768e-06
3.18500000000000e+00 1.92474019450138e+00 1.92474302560309e+00 2.83110170595791e-06
3.19000000000000e+00 1.95161708523846e+00 1.95161907318189e+00 1.98794342742836e-06
3.19500000000000e+00 1.97676610604388e+00 1.97676762586893e+00 1.51982505736115e-06
3.20000000000000e+00 1.99999854523287e+00 2.00000000000000e+00 1.45476713475645e-06
3.20500000000000e+00 2.02113806059808e+00 2.02113983391842e+00 1.77332034256850e-06
3.21000000000000e+00 2.04002177012827e+00 2.04002418347677e+00 2.41334849704344e-06
3.21500000000000e+00 2.05650125504535e+00 2.05650453468774e+00 3.27964238699963e-06
3.22000000000000e+00 2.07044347031515e+00 2.07044772727895e+00 4.25696380901286e-06
3.22500000000000e+00 2.08173155870575e+00 2.08173678345563e+00 5.22474987230126e-06
3.23000000000000e+00 2.09026556518436e+00 2.09027163675968e+00 6.07157532073188e-06
3.23500000000000e+00 2.09596304894350e+00 2.09596975652967e+00 6.70758617316025e-06
3.24000000000000e+00 2.09875959064987e+00 2.09876666410972e+00 7.07345985206942e-06
3.24500000000000e+00 2.09860919265827e+00 2.09861633762302e+00 7.14496474563120e-06
3.25000000000000e+00 2.09548456999965e+00 2.09549150281253e+00 6.93281287755809e-06
3.25500000000000e+00 2.08937733001658e+00 2.08938380815405e+00 6.47813747400861e-06
3.26000000000000e+00 2.08029803866453e+00 2.08030388316029e+00 5.84449575802282e-06
3.26500000000000e+00 2.06827617179514e+00 2.06828127951470e+00 5.10771956863110e-06
3.27000000000000e+00 2.05335995023915e+00 2.05336429539657e+00 4.34515742320229e-06
3.27500000000000e+00 2.03561605823386e+00 2.03561968407860e+00 3.62584473823091e-06
3.28000000000000e+00 2.01512924568128e+00 2.01513224859221e+00 3.00291093013882e-06
3.28500000000000e+00 1.99200181583566e+00 1.99200432495795e+00 2.50912229016187e-06
3.29000000000000e+00 1.96635300123244e+00 1.96635515716554e+00 2.15593310692874e-06
3.29500000000000e+00 1.93831823189800e+00 1.93832016775567e+00 1.93585766639082e-06
3.30000000000000e+00 1.90804830102962e+00 1.90805012849909e+00 1.82746946553181e-06
3.30500000000000e+00 1.87570843432587e+00 1.87571023628479e+00 1.80195891097412e-06
3.31000000000000e+00 1.84147726991959e+00 1.84147909991323e+00 1.82999363640413e-06
3.31500000000000e+00 1.80554575638861e+00 1.80554764404025e+00 1.88765164299554e-06
3.32000000000000e+00 1.76811597660020e+00 1.76811793702778e+00 1.96042758116022e-06
3.32500000000000e+00 1.72939990522297e+00 1.72940194992690e+00 2.04470392972667e-06
3.33000000000000e+00 1.68961810768065e+00 1.68962025424335e+00 2.14656269981184e-06
3.33500000000000e+00 1.64899838820719e+00 1.64900066651302e+00 2.27830583376942e-06
3.34000000000000e+00 1.60777439457336e+00 1.60777684804301e+00 2.45346964788951e-06
3.34500000000000e+00 1.56618418706008e+00 1.56618686845015e+00 2.68139007464363e-06
3.35000000000000e+00 1.52446877939662e+00 1.52447174185243e+00 2.96245580666543e-06
3.35500000000000e+00 1.48287065967285e+00 1.48287394473692e+00 3.28506406988005e-06
3.36000000000000e+00 1.44163229965088e+00 1.44163592464142e+00 3.62499053463416e-06
3.36500000000000e+00 1.40099466138884e+00 1.40099860884315e+00 3.94745430343235e-06
3.37000000000000e+00 1.36119571057410e+00 1.36119992224821e+00 4.21167410924461e-06
3.37500000000000e+00 1.32246894636335e+00 1.32247332361862e+00 4.37725526314381e-06
3.38000000000000e+00 1.28504195776525e+00 1.28504636916086e+00 4.41139560747317e-06
3.38500000000000e+00 1.24913501662118e+00 1.24913931233114e+00 4.29570996596240e-06
3.39000000000000e+00 1.21495971700990e+00 1.21496374848942e+00 4.03147951621996e-06
3.39500000000000e+00 1.18271767042427e+00 1.18272131275752e+00 3.64233325189645e-06
3.40000000000000e+00 1.15259926537636e+00 1.15260243910916e+00 3.17373280123157e-06
3.40500000000000e+00 1.12478249923867e+00 1.12478518834171e+00 2.68910303269365e-06
3.41000000000000e+00 1.09943188919867e+00 1.09943415215529e+00 2.26295662053566e-06
3.41500000000000e+00 1.07669746827000e+00 1.07669944009537e+00 1.97182536143536e-06
3.42000000000000e+00 1.05671387143914e+00 1.05671575560428e+00 1.88416513724476e-06
3.42500000000000e+00 1.03959951628382e+00 1.03960156687779e+00 2.05059396995999e-06
3.43000000000000e+00 1.02545588181273e+00 1.02545837763829e+00 2.49582555511552e-06
3.43500000000000e+00 1.01436688884593e+00 1.01437010232018e+00 3.21347424359075e-06
3.44000000000000e+00 1.00639838496201e+00 1.00640254951957e+00 4.16455755902767e-06
3.44500000000000e+00 1.00159773683611e+00 1.00160301689261e+00 5.28005649980123e-06
3.45000000000000e+00 9.99993532625445e-01 1.00000000000000e+00 6.46737455467505e-06
3.45500000000000e+00 1.00159539686103e+00 1.00160301689261e+00 7.62003157350755e-06
3.46000000000000e+00 1.00639392001678e+00 1.00640254951956e+00 8.62950278301966e-06
3.46500000000000e+00 1.01436070449990e+00 1.01437010232018e+00 9.39782027642444e-06
3.47000000000000e+00 1.02544852820844e+00 1.02545837763829e+00 9.84942984660897e-06
3.47500000000000e+00 1.03959162602285e+00 1.03960156687779e+00 9.94085493899455e-06
3.48000000000000e+00 1.05670608865028e+00 1.05671575560427e+00 9.66695398996187e-06
3.48500000000000e+00 1.07669037715610e+00 1.07669944009536e+00 9.06293926417057e-06
3.49000000000000e+00 1.09942595034655e+00 1.09943415215529e+00 8.20180873462029e-06
3.49500000000000e+00 1.12477800096989e+00 1.12478518834171e+00 7.18737181215623e-06
3.50000000000000e+00 1.15259629554671e+00 1.15260243910915e+00 6.14356244676983e-06
3.50500000000000e+00 1.18271611158593e+00 1.18272131275752e+00 5.20117158875344e-06
3.51000000000000e+00 1.21495926504560e+00 1.21496374848942e+00 4.48344382442123e-06
3.51500000000000e+00 1.24913522019568e+00 1.24913931233114e+00 4.09213545626841e-06
3.52000000000000e+00 1.28504227355661e+00 1.28504636916085e+00 4.09560424508015e-06
3.52500000000000e+00 1.32246880332080e+00 1.32247332361861e+00 4.52029781672358e-06
3.53000000000000e+00 1.36119457559913e+00 1.36119992224821e+00 5.34664907680948e-06
3.53500000000000e+00 1.40099209893079e+00 1.40099860884315e+00 6.50991235340292e-06
3.54000000000000e+00 1.44162801870560e+00 1.44163592464141e+00 7.90593580934917e-06
3.54500000000000e+00 1.48286454341436e+00 1.48287394473691e+00 9.40132255267123e-06
3.55000000000000e+00 1.52446089490663e+00 1.52447174185242e+00 1.08469457877902e-05
3.55500000000000e+00 1.56617477504401e+00 1.56618686845015e+00 1.20934061402789e-05
3.56000000000000e+00 1.60776384124894e+00 1.60777684804300e+00 1.30067940578016e-05
3.56500000000000e+00 1.64898718344025e+00 1.64900066651302e+00 1.34830727633872e-05
3.57000000000000e+00 1.68960679471068e+00 1.68962025424335e+00 1.34595326668485e-05
3.57500000000000e+00 1.72938902785421e+00 1.72940194992690e+00 1.29220726907686e-05
3.58000000000000e+00 1.76810602952464e+00 1.76811793702778e+00 1.19075031443927e-05
3.58500000000000e+00 1.80553714344875e+00 1.80554764404025e+00 1.05005915007617e-05
3.59000000000000e+00 1.84147027378478e+00 1.84147909991322e+00 8.82612844410602e-06
3.59500000000000e+00 1.87570319946813e+00 1.87571023628478e+00 7.03681665115141e-06
3.60000000000000e+00 1.90804483027641e+00 1.90805012849909e+00 5.29822268413582e-06
3.60500000000000e+00 1.93831639541922e+00 1.93832016775567e+00 3.77233644677233e-06
3.61000000000000e+00 1.96635255574325e+00 1.96635515716554e+00 2.60142229357996e-06
3.61500000000000e+00 1.99200243115027e+00 1.99200432495795e+00 1.89380768489400e-06
3.62000000000000e+00 2.01513053554590e+00 2.01513224859221e+00 1.71304631413349e-06
3.62500000000000e+00 2.03561761254144e+00 2.03561968407860e+00 2.07153715425790e-06
3.63000000000000e+00 2.05336136617781e+00 2.05336429539657e+00 2.92921875733043e-06
3.63500000000000e+00 2.06827708207524e+00 2.06828127951470e+00 4.19743946089568e-06
3.64000000000000e+00 2.08029813557702e+00 2.08030388316029e+00 5.74758326798985e-06
3.64500000000000e+00 2.08937638459199e+00 2.08938380815405e+00 7.42356205618577e-06
3.65000000000000e+00 2.09548244589929e+00 2.09549150281253e+00 9.05691324071256e-06
3.65500000000000e+00 2.09860585461934e+00 2.09861633762302e+00 1.04830036815606e-05
3.66000000000000e+00 2.09875510735395e+00 2.09876666410972e+00 1.15567557776863e-05
3.66500000000000e+00 2.09595759014554e+00 2.09596975652967e+00 1.21663841330388e-05
3.67000000000000e+00 2.09025939290982e+00 2.09027163675968e+00 1.22438498606492e-05
3.67500000000000e+00 2.08172501237758e+00 2.08173678345563e+00 1.17710780531688e-05
3.68000000000000e+00 2.07043694587296e+00 2.07044772727895e+00 1.07814059902012e-05
3.68500000000000e+00 2.05649517849591e+00 2.05650453468774e+00 9.35619182884651e-06
3.69000000000000e+00 2.04001656650622e+00 2.04002418347677e+00 7.61697054674215e-06
3.69500000000000e+00 2.02113411996576e+00 2.02113983391842e+00 5.71395266524277e-06
3.70000000000000e+00 1.99999618801434e+00 2.00000000000000e+00 3.81198565868601e-06
3.70500000000000e+00 1.97676555055821e+00 1.97676762586894e+00 2.07531072304867e-06
3.71000000000000e+00 1.95161842064832e+00 1.95161907318189e+00 6.52533572065295e-07
3.71500000000000e+00 1.92474336241943e+00 1.92474302560309e+00 3.36816337709323e-07
3.72000000000000e+00 1.89634013013742e+00 1.89633931720795e+00 8.12929476845525e-07
3.72500000000000e+00 1.86661843464101e+00 1.86661769201745e+00 7.42623551985844e-07
3.73000000000000e+00 1.83579664423425e+00 1.83579650231313e+00 1.41921121299404e-07
3.73500000000000e+00 1.80410042785630e+00 1.80410135376010e+00 9.25903801851646e-07
3.74000000000000e+00 1.77176134908606e+00 1.77176370569363e+00 2.35660756642275e-06
3.74500000000000e+00 1.73901542019942e+00 1.73901943520098e+00 4.01500156521628e-06
3.75000000000000e+00 1.70610162605088e+00 1.70610737385376e+00 5.74780288764565e-06
3.75500000000000e+00 1.67326042797435e+00 1.67326782611444e+00 7.39814008898776e-06
3.76000000000000e+00 1.64073225816683e+00 1.64074107855382e+00 8.82038699234755e-06
3.76500000000000e+00 1.60875601512064e+00 1.60876590907298e+00 9.89395234429757e-06
3.77000000000000e+00 1.57756757059843e+00 1.57757810532303e+00 1.05347245988874e-05
3.77500000000000e+00 1.54739829840193e+00 1.54740900145948e+00 1.07030575589029e-05
3.78000000000000e+00 1.51847363478162e+00 1.51848404225504e+00 1.04074734228465e-05
3.78500000000000e+00 1.49101167978945e+00 1.49102138342582e+00 9.70363637153859e-06
3.79000000000000e+00 1.46522184821708e+00 1.46523053680291e+00 8.68858582392384e-06
3.79500000000000e+00 1.44130357802502e+00 1.44131106870462e+00 7.49067960592598e-06
3.80000000000000e+00 1.41944510339259e+00 1.41945135953695e+00 6.25614436344790e-06
3.80500000000000e+00 1.39982229875230e+00 1.39982743227203e+00 5.13351972974974e-06
3.81000000000000e+00 1.38259759945890e+00 1.38260185702999e+00 4.25757108923897e-06
3.81500000000000e+00 1.36791900412710e+00 1.36792273852040e+00 3.73439330370040e-06
3.82000000000000e+00 1.35591916318506e+00 1.35592279258843e+00 3.62940336851025e-06
3.82500000000000e+00 1.34671455785538e+00 1.34671851756181e+00 3.95970643296550e-06
3.83000000000000e+00 1.34040477359208e+00 1.34040946551008e+00 4.69191800855917e-06
3.83500000000000e+00 1.33707187195338e+00 1.33707761791153e+00 5.74595815217016e-06
3.84000000000000e+00 1.33677986493165e+00 1.33678686957979e+00 7.00464813641055e-06
3.84500000000000e+00 1.33957429582905e+00 1.33958262403436e+00 8.32820530893841e-06
3.85000000000000e+00 1.34548193077722e+00 1.34549150281253e+00 9.57203530971285e-06
3.85500000000000e+00 1.35451056485789e+00 1.35452117051728e+00 1.06056593920378e-05
3.86000000000000e+00 1.36664894639864e+00 1.36666027668282e+00 1.13302841799889e-05
3.86500000000000e+00 1.38186682231788e+00 1.38187851481848e+00 1.16925005977375e-05
3.87000000000000e+00 1.40011510633377e+00 1.40012679826999e+00 1.16919362262990e-05
3.87500000000000e+00 1.42132617043443e+00 1.42133755181640e+00 1.13813819704323e-05
3.88000000000000e+00 1.44541425829135e+00 1.44542511720754e+00 1.08589161937900e-05
3.88500000000000e+00 1.47227601740049e+00 1.47228627014469e+00 1.02527442027434e-05
3.89000000000000e+00 1.50179114482711e+00 1.50180084551966e+00 9.70069255523676e-06
3.89500000000000e+00 1.53382313971186e+00 1.53383246706028e+00 9.32734842007399e-06
3.90000000000000e+00 1.56822015437757e+00 1.56822937688661e+00 9.22250904067390e-06
3.90500000000000e+00 1.60481593513304e+00 1.60482535986612e+00 9.42473307707914e-06
3.91000000000000e+00 1.64343084381015e+00 1.64344075707161e+00 9.91326145838300e-06
3.91500000000000e+00 1.68387295169653e+00 1.68388356209650e+00 1.06103999659712e-05
3.92000000000000e+00 1.72593919872029e+00 1.72595059347097e+00 1.13947506732437e-05
3.92500000000000e+00 1.76941661226787e+00 1.76942873595353e+00 1.21236856616136e-05
3.93000000000000e+00 1.81408358153951e+00 1.81409624304787e+00 1.26615083535508e-05
3.93500000000000e+00 1.85971118449599e+00 1.85972409271722e+00 1.29082212299014e-05
3.94000000000000e+00 1.90606456487421e+00 1.90607738794081e+00 1.28230666061047e-05
3.94500000000000e+00 1.95290435619237e+00 1.95291679348016e+00 1.24372877885470e-05
3.95000000000000e+00 1.99998814802661e+00 2.00000000000000e+00 1.18519733931510e-05
3.95500000000000e+00 2.04707198720740e+00 2.04708320651983e+00 1.12193124364168e-05
3.96000000000000e+00 2.09391190323795e+00 2.09392261205918e+00 1.07088212275563e-05
3.96500000000000e+00 2.14026544361393e+00 2.14027590728278e+00 1.04636688464943e-05
3.97000000000000e+00 2.18589320135655e+00 2.18590375695213e+00 1.05555955784986e-05
3.97500000000000e+00 2.23056031449646e+00 2.23057126404647e+00 1.09495500084655e-05
3.98000000000000e+00 2.27403791592752e+00 2.27404940652903e+00 1.14906015080685e-05
3.98500000000000e+00 2.31610451229949e+00 2.31611643790350e+00 1.19256040109761e-05
3.99000000000000e+00 2.35654727255427e+00 2.35655924292839e+00 1.19703741190413e-05
3.99500000000000e+00 2.39516321023899e+00 2.39517464013388e+00 1.14298948949987e-05
4.00000000000000e+00 2.43176024856467e+00 2.43177062311338e+00 1.03745487125551e-05
