variables = x, value-predict, value-true, error
0.00000000000000e+00 2.43123076995919e+00 2.43177062311339e+00 5.39853154201797e-04
5.00000000000000e-03 2.46561240907934e+00 2.46616753293972e+00 5.55123860384477e-04
1.00000000000000e-02 2.49762316180757e+00 2.49819915448034e+00 5.75992672770642e-04
1.50000000000000e-02 2.52711300751137e+00 2.52771372985530e+00 6.00722343936599e-04
2.00000000000000e-02 2.55394749214068e+00 2.55457488279246e+00 6.27390651777748e-04
2.50000000000000e-02 2.57800840897833e+00 2.57866244818360e+00 6.54039205267409e-04
3.00000000000000e-02 2.59919440511161e+00 2.59987320173000e+00 6.78796618391875e-04
3.50000000000000e-02 2.61742150831868e+00 2.61812148518152e+00 6.99976862844842e-04
4.00000000000000e-02 2.63262356938472e+00 2.63333972331718e+00 7.16153932462049e-04
4.50000000000000e-02 2.64475261523496e+00 2.64547882948272e+00 7.26214247757540e-04
5.00000000000000e-02 2.65377910870261e+00 2.65450849718747e+00 7.29388484860483e-04
5.50000000000000e-02 2.65969211123514e+00 2.66041737596564e+00 7.25264730495390e-04
6.00000000000000e-02 2.66249934538097e+00 2.66321313042021e+00 7.13785039240467e-04
6.50000000000000e-02 2.66222715448634e+00 2.66292238208847e+00 6.95227602130810e-04
7.00000000000000e-02 2.65892035766967e+00 2.65959053448992e+00 6.70176820242396e-04
7.50000000000000e-02 2.65264199881845e+00 2.65328148243819e+00 6.39483619733650e-04
8.00000000000000e-02 2.64347298906944e+00 2.64407720741157e+00 6.04218342131979e-04
8.50000000000000e-02 2.63151164298288e+00 2.63207726147960e+00 5.65618496723097e-04
9.00000000000000e-02 2.61687310939239e+00 2.61739814297001e+00 5.25033577621237e-04
9.50000000000000e-02 2.59968869870564e+00 2.60017256772797e+00 4.83869022337213e-04
1.00000000000000e-01 2.58010510923128e+00 2.58054864046305e+00 4.43531231769434e-04
1.05000000000000e-01 2.55828355591233e+00 2.55868893129538e+00 4.05375383051521e-04
1.10000000000000e-01 2.53439880564344e+00 2.53476946319709e+00 3.70657553651288e-04
1.15000000000000e-01 2.50863812413162e+00 2.50897861657418e+00 3.40492442561846e-04
1.20000000000000e-01 2.48120014002017e+00 2.48151595774496e+00 3.15817724790168e-04
1.25000000000000e-01 2.45229363271954e+00 2.45259099854052e+00 2.97365820979500e-04
1.30000000000000e-01 2.42213625107555e+00 2.42242189467697e+00 2.85643601420471e-04
1.35000000000000e-01 2.39095317063959e+00 2.39123409092702e+00 2.80920287429431e-04
1.40000000000000e-01 2.35897569788455e+00 2.35925892144618e+00 2.83223561629686e-04
1.45000000000000e-01 2.32643983022303e+00 2.32673217388556e+00 2.92343662533057e-04
1.50000000000000e-01 2.29358478112743e+00 2.29389262614624e+00 3.07845018802766e-04
1.55000000000000e-01 2.26065148001773e+00 2.26098056479902e+00 3.29084781289790e-04
1.60000000000000e-01 2.22788105686645e+00 2.22823629430637e+00 3.55237439927159e-04
1.65000000000000e-01 2.19551332167095e+00 2.19589864623990e+00 3.85324568946910e-04
1.70000000000000e-01 2.16378524905226e+00 2.16420349768687e+00 4.18248634615814e-04
1.75000000000000e-01 2.13292947826381e+00 2.13338230798255e+00 4.52829718733394e-04
1.80000000000000e-01 2.10317283882343e+00 2.10366068279205e+00 4.87843968618229e-04
1.85000000000000e-01 2.07473491182476e+00 2.07525697439691e+00 5.22062572155146e-04
1.90000000000000e-01 2.04782663673942e+00 2.04838092681811e+00 5.54290078690567e-04
1.95000000000000e-01 2.02264897319122e+00 2.02323237413107e+00 5.83400939846879e-04
2.00000000000000e-01 1.99939162677343e+00 2.00000000000000e+00 6.08373226567593e-04
2.05000000000000e-01 1.97823184749469e+00 1.97886016608158e+00 6.28318586893828e-04
2.10000000000000e-01 1.95933330888203e+00 1.95997581652323e+00 6.42507641199996e-04
2.15000000000000e-01 1.94284507515279e+00 1.94349546531226e+00 6.50390159467884e-04
2.20000000000000e-01 1.92890066318950e+00 1.92955227272105e+00 6.51609531549191e-04
2.25000000000000e-01 1.91761720533113e+00 1.91826321654437e+00 6.46011213244035e-04
2.30000000000000e-01 1.90909471822940e+00 1.90972836324032e+00 6.33645010918560e-04
2.35000000000000e-01 1.90341548222470e+00 1.90403024347033e+00 6.14761245623097e-04
2.40000000000000e-01 1.90064353487933e+00 1.90123333589028e+00 5.89801010945523e-04
2.45000000000000e-01 1.90082428147143e+00 1.90138366237698e+00 5.59380905550189e-04
2.50000000000000e-01 1.90398422441753e+00 1.90450849718747e+00 5.24272769944378e-04
2.55000000000000e-01 1.91013081275244e+00 1.91061619184595e+00 4.85379093503990e-04
2.60000000000000e-01 1.91925241197095e+00 1.91969611683971e+00 4.43704868758443e-04
2.65000000000000e-01 1.93131839372306e+00 1.93171872048530e+00 4.00326762241665e-04
2.70000000000000e-01 1.94627934407012e+00 1.94663570460343e+00 3.56360533308564e-04
2.75000000000000e-01 1.96406738824973e+00 1.96438031592140e+00 3.12927671676899e-04
2.80000000000000e-01 1.98459662917390e+00 1.98486775140779e+00 2.71122233885812e-04
2.85000000000000e-01 2.00776369620105e+00 2.00799567504205e+00 2.31978841001901e-04
2.90000000000000e-01 2.03344840007794e+00 2.03364484283446e+00 1.96442756519311e-04
2.95000000000000e-01 2.06151448935089e+00 2.06167983224433e+00 1.65342893438059e-04
3.00000000000000e-01 2.09181050299392e+00 2.09194987150091e+00 1.39368506985704e-04
3.05000000000000e-01 2.12417071349786e+00 2.12428976371522e+00 1.19050217359806e-04
3.10000000000000e-01 2.15841615421190e+00 2.15852090008677e+00 1.04745874871970e-04
3.15000000000000e-01 2.19435572432057e+00 2.19445235595975e+00 9.66316391801669e-05
3.20000000000000e-01 2.23178736448337e+00 2.23188206297222e+00 9.46984888483549e-05
3.25000000000000e-01 2.27049929585225e+00 2.27059805007310e+00 9.87542208497061e-05
3.30000000000000e-01 2.31027131491603e+00 2.31037974575665e+00 1.08430840620510e-04
3.35000000000000e-01 2.35087613639917e+00 2.35099933348698e+00 1.23197087806837e-04
3.40000000000000e-01 2.39208077626084e+00 2.39222315195700e+00 1.42375696154939e-04
3.45000000000000e-01 2.43364796669914e+00 2.43381313154985e+00 1.65164850714827e-04
3.50000000000000e-01 2.47533759496199e+00 2.47552825814758e+00 1.90663185582807e-04
3.55000000000000e-01 2.51690815769664e+00 2.51712605526309e+00 2.17897566451963e-04
3.60000000000000e-01 2.55811822253600e+00 2.55836407535859e+00 2.45852822589487e-04
3.65000000000000e-01 2.59872788861787e+00 2.59900139115685e+00 2.73502538983728e-04
3.70000000000000e-01 2.63850023775994e+00 2.63880007775179e+00 2.99839991845019e-04
3.75000000000000e-01 2.67720276807460e+00 2.67752667638138e+00 3.23908306780307e-04
3.80000000000000e-01 2.71460880189409e+00 2.71495363083915e+00 3.44828945058051e-04
3.85000000000000e-01 2.75049885999477e+00 2.75086068766886e+00 3.61827674084658e-04
3.90000000000000e-01 2.78466199425877e+00 2.78503625151058e+00 3.74257251809507e-04
3.95000000000000e-01 2.81689707108723e+00 2.81727868724248e+00 3.81616155251230e-04
4.00000000000000e-01 2.84701399809151e+00 2.84739756089084e+00 3.83562799328718e-04
4.05000000000000e-01 2.87483488683078e+00 2.87521481165829e+00 3.79924827516476e-04
4.10000000000000e-01 2.90019514464154e+00 2.90056584784471e+00 3.70703203174561e-04
4.15000000000000e-01 2.92294448891843e+00 2.92330055990464e+00 3.56070986201829e-04
4.20000000000000e-01 2.94294787755546e+00 2.94328424439572e+00 3.36366840267832e-04
4.25000000000000e-01 2.96008634964802e+00 2.96039843312221e+00 3.12083474182323e-04
4.30000000000000e-01 2.97425777098440e+00 2.97454162236171e+00 2.83851377309574e-04
4.35000000000000e-01 2.98537747932900e+00 2.98562989767982e+00 2.52418350825678e-04
4.40000000000000e-01 2.99337882501195e+00 2.99359745048043e+00 2.18625468487943e-04
4.45000000000000e-01 2.99821360289550e+00 2.99839698310739e+00 1.83380211895567e-04
4.50000000000000e-01 2.99985237238634e+00 3.00000000000000e+00 1.47627613655388e-04
4.55000000000000e-01 2.99828466279900e+00 2.99839698310739e+00 1.12320308391034e-04
4.60000000000000e-01 2.99351906205179e+00 2.99359745048043e+00 7.83884286441605e-05
4.65000000000000e-01 2.98558318738900e+00 2.98562989767982e+00 4.67102908245920e-05
4.70000000000000e-01 2.97452353756451e+00 2.97454162236171e+00 1.80847972028886e-05
4.75000000000000e-01 2.96040522669137e+00 2.96039843312221e+00 6.79356915833651e-06
4.80000000000000e-01 2.94331160075429e+00 2.94328424439572e+00 2.73563585628800e-05
4.85000000000000e-01 2.92334373858526e+00 2.92330055990464e+00 4.31786806251999e-05
4.90000000000000e-01 2.90061983991757e+00 2.90056584784471e+00 5.39920728566123e-05
4.95000000000000e-01 2.87527450394494e+00 2.87521481165829e+00 5.96922866442640e-05
5.00000000000000e-01 2.84745790261757e+00 2.84739756089084e+00 6.03417267224238e-05
5.05000000000000e-01 2.81733485369318e+00 2.81727868724248e+00 5.61664507054971e-05
5.10000000000000e-01 2.78508379932104e+00 2.78503625151058e+00 4.75478104573490e-05
5.15000000000000e-01 2.75089569666107e+00 2.75086068766886e+00 3.50089922132035e-05
5.20000000000000e-01 2.71497282772027e+00 2.71495363083915e+00 1.91968811220633e-05
5.25000000000000e-01 2.67752753621295e+00 2.67752667638138e+00 8.59831567723290e-07
5.30000000000000e-01 2.63878089981741e+00 2.63880007775179e+00 1.91779343818865e-05
5.35000000000000e-01 2.59896134669438e+00 2.59900139115685e+00 4.00444624686358e-05
5.40000000000000e-01 2.55830322555414e+00 2.55836407535859e+00 6.08498044436523e-05
5.45000000000000e-01 2.51704533889533e+00 2.51712605526309e+00 8.07163677558620e-05
5.50000000000000e-01 2.47542944929111e+00 2.47552825814758e+00 9.88088564617406e-05
5.55000000000000e-01 2.43369876876492e+00 2.43381313154985e+00 1.14362784928268e-04
5.60000000000000e-01 2.39209644136816e+00 2.39222315195700e+00 1.26710588834733e-04
5.65000000000000e-01 2.35086402906097e+00 2.35099933348698e+00 1.35304426006400e-04
5.70000000000000e-01 2.31024001089006e+00 2.31037974575665e+00 1.39734866587471e-04
5.75000000000000e-01 2.27045830526962e+00 2.27059805007310e+00 1.39744803481889e-04
5.80000000000000e-01 2.23174682490057e+00 2.23188206297222e+00 1.35238071647059e-04
5.85000000000000e-01 2.19432607351666e+00 2.19445235595975e+00 1.26282443090542e-04
5.90000000000000e-01 2.15840779323171e+00 2.15852090008677e+00 1.13106855061051e-04
5.95000000000000e-01 2.12419367078537e+00 2.12428976371522e+00 9.60929298474689e-05
6.00000000000000e-01 2.09187411045685e+00 2.09194987150091e+00 7.57610440587086e-05
6.05000000000000e-01 2.06162708084233e+00 2.06167983224433e+00 5.27514020012276e-05
6.10000000000000e-01 2.03361704208622e+00 2.03364484283446e+00 2.78007482359399e-05
6.15000000000000e-01 2.00799395952302e+00 2.00799567504205e+00 1.71551902772293e-06
6.20000000000000e-01 1.98489240903937e+00 1.98486775140779e+00 2.46576315821034e-05
6.25000000000000e-01 1.96443077880891e+00 1.96438031592140e+00 5.04628875028779e-05
6.30000000000000e-01 1.94671057139770e+00 1.94663570460343e+00 7.48667942729320e-05
6.35000000000000e-01 1.93181580959057e+00 1.93171872048530e+00 9.70891052725076e-05
6.40000000000000e-01 1.91981254865154e+00 1.91969611683971e+00 1.16431811832074e-04
6.45000000000000e-01 1.91074849711642e+00 1.91061619184595e+00 1.32305270476696e-04
6.50000000000000e-01 1.90465274761920e+00 1.90450849718747e+00 1.44250431730830e-04
6.55000000000000e-01 1.90153561867882e+00 1.90138366237698e+00 1.51956301841505e-04
6.60000000000000e-01 1.90138860782695e+00 1.90123333589028e+00 1.55271936670420e-04
6.65000000000000e-01 1.90418445592791e+00 1.90403024347033e+00 1.54212457586622e-04
6.70000000000000e-01 1.90987732203781e+00 1.90972836324032e+00 1.48958797491883e-04
6.75000000000000e-01 1.91840306766196e+00 1.91826321654437e+00 1.39851117592071e-04
6.80000000000000e-01 1.92967964879616e+00 1.92955227272105e+00 1.27376075115704e-04
6.85000000000000e-01 1.94360761367275e+00 1.94349546531226e+00 1.12148360489339e-04
6.90000000000000e-01 1.96007070367304e+00 1.95997581652323e+00 9.48871498094306e-05
6.95000000000000e-01 1.97893655440893e+00 1.97886016608158e+00 7.63883273473542e-05
7.00000000000000e-01 2.00005749351068e+00 2.00000000000000e+00 5.74935106754104e-05
7.05000000000000e-01 2.02327143118633e+00 2.02323237413106e+00 3.90570552601943e-05
7.10000000000000e-01 2.04840283913330e+00 2.04838092681811e+00 2.19123151969924e-05
7.15000000000000e-01 2.07526381288494e+00 2.07525697439691e+00 6.83848803051390e-06
7.20000000000000e-01 2.10365521216490e+00 2.10366068279205e+00 5.47062714817415e-06
7.25000000000000e-01 2.13336787329764e+00 2.13338230798255e+00 1.44346849082488e-05
7.30000000000000e-01 2.16418388719449e+00 2.16420349768687e+00 1.96104923793072e-05
7.35000000000000e-01 2.19587793589904e+00 2.19589864623990e+00 2.07103408569331e-05
7.40000000000000e-01 2.22821868014525e+00 2.22823629430637e+00 1.76141611243352e-05
7.45000000000000e-01 2.26097018986717e+00 2.26098056479902e+00 1.03749318518531e-05
7.50000000000000e-01 2.29389340910326e+00 2.29389262614624e+00 7.82957027656295e-07
7.55000000000000e-01 2.32674764628387e+00 2.32673217388556e+00 1.54723983096794e-05
7.60000000000000e-01 2.35929208048075e+00 2.35925892144618e+00 3.31590345696853e-05
7.65000000000000e-01 2.39128727385133e+00 2.39123409092702e+00 5.31829243088922e-05
7.70000000000000e-01 2.42249668023914e+00 2.42242189467697e+00 7.47855621718863e-05
7.75000000000000e-01 2.45268813970825e+00 2.45259099854052e+00 9.71411677261891e-05
7.80000000000000e-01 2.48163534870337e+00 2.48151595774496e+00 1.19390958405852e-04
7.85000000000000e-01 2.50911929555103e+00 2.50897861657418e+00 1.40678976847219e-04
7.90000000000000e-01 2.53492965115405e+00 2.53476946319709e+00 1.60187956951940e-04
7.95000000000000e-01 2.55886610498794e+00 2.55868893129538e+00 1.77173692557986e-04
8.00000000000000e-01 2.58073963688344e+00 2.58054864046305e+00 1.90996420397216e-04
8.05000000000000e-01 2.60037371557280e+00 2.60017256772797e+00 2.01147844821836e-04
8.10000000000000e-01 2.61760541557903e+00 2.61739814297001e+00 2.07272609019871e-04
8.15000000000000e-01 2.63228644473439e+00 2.63207726147960e+00 2.09183254791689e-04
8.20000000000000e-01 2.64428407540303e+00 2.64407720741157e+00 2.06867991455972e-04
8.25000000000000e-01 2.65348197335188e+00 2.65328148243819e+00 2.00490913693230e-04
8.30000000000000e-01 2.65978091912936e+00 2.65959053448992e+00 1.90384639446428e-04
8.35000000000000e-01 2.66309941777031e+00 2.66292238208847e+00 1.77035681839577e-04
8.40000000000000e-01 2.66337419361418e+00 2.66321313042021e+00 1.61063193969024e-04
8.45000000000000e-01 2.66056056799144e+00 2.66041737596564e+00 1.43192025801930e-04
8.50000000000000e-01 2.65463271847750e+00 2.65450849718747e+00 1.24221290028981e-04
8.55000000000000e-01 2.64558381931742e+00 2.64547882948272e+00 1.04989834709190e-04
8.60000000000000e-01 2.63342606347683e+00 2.63333972331718e+00 8.63401596431501e-05
8.65000000000000e-01 2.61819056755959e+00 2.61812148518153e+00 6.90823780638006e-05
8.70000000000000e-01 2.59992716154682e+00 2.59987320173000e+00 5.39598168138866e-05
8.75000000000000e-01 2.57870406594953e+00 2.57866244818360e+00 4.16177659285921e-05
8.80000000000000e-01 2.55460745952652e+00 2.55457488279246e+00 3.25767340689787e-05
8.85000000000000e-01 2.52774094120835e+00 2.52771372985530e+00 2.72113530499496e-05
8.90000000000000e-01 2.49822489028795e+00 2.49819915448034e+00 2.57358076134473e-05
8.95000000000000e-01 2.46619572930246e+00 2.46616753293972e+00 2.81963627370985e-05
9.00000000000000e-01 2.43180509434813e+00 2.43177062311339e+00 3.44712347448706e-05
9.05000000000000e-01 2.39521891785131e+00 2.39517464013388e+00 4.42777174254338e-05
9.10000000000000e-01 2.35661642907935e+00 2.35655924292839e+00 5.71861509652827e-05
9.15000000000000e-01 2.31618907792516e+00 2.31611643790350e+00 7.26400216608525e-05
9.20000000000000e-01 2.27413938774626e+00 2.27404940652903e+00 8.99812172288073e-05
9.25000000000000e-01 2.23067974329847e+00 2.23057126404647e+00 1.08479252001192e-04
9.30000000000000e-01 2.18603112007398e+00 2.18590375695213e+00 1.27363121849466e-04
9.35000000000000e-01 2.14042176164265e+00 2.14027590728277e+00 1.45854359881792e-04
9.40000000000000e-01 2.09408581190019e+00 2.09392261205918e+00 1.63199841015427e-04
9.45000000000000e-01 2.04726190944762e+00 2.04708320651983e+00 1.78702927786212e-04
9.50000000000000e-01 2.00019175165316e+00 2.00000000000000e+00 1.91751653156214e-04
9.55000000000000e-01 1.95311863627939e+00 1.95291679348017e+00 2.01842799219420e-04
9.60000000000000e-01 1.90628598887458e+00 1.90607738794082e+00 2.08600933763181e-04
9.65000000000000e-01 1.85993588442894e+00 1.85972409271723e+00 2.11791711709264e-04
9.70000000000000e-01 1.81430757205848e+00 1.81409624304787e+00 2.11329010614270e-04
9.75000000000000e-01 1.76963601169955e+00 1.76942873595353e+00 2.07275746014757e-04
9.80000000000000e-01 1.72615043195651e+00 1.72595059347097e+00 1.99838485540615e-04
9.85000000000000e-01 1.68407291833592e+00 1.68388356209650e+00 1.89356239419070e-04
9.90000000000000e-01 1.64361704111264e+00 1.64344075707161e+00 1.76284041027319e-04
9.95000000000000e-01 1.60498653199637e+00 1.60482535986612e+00 1.61172130247023e-04
1.00000000000000e+00 1.56837401859996e+00 1.56822937688661e+00 1.44641713348825e-04
1.00500000000000e+00 1.53395982544686e+00 1.53383246706028e+00 1.27358386576182e-04
1.01000000000000e+00 1.50191084989323e+00 1.50180084551966e+00 1.10004373569561e-04
1.01500000000000e+00 1.47237952088813e+00 1.47228627014470e+00 9.32507434370233e-05
1.02000000000000e+00 1.44550284794689e+00 1.44542511720755e+00 7.77307393438065e-05
1.02500000000000e+00 1.42140156708733e+00 1.42133755181640e+00 6.40152709272535e-05
1.03000000000000e+00 1.40017938977236e+00 1.40012679827000e+00 5.25915023676937e-05
1.03500000000000e+00 1.38192236013466e+00 1.38187851481848e+00 4.38453161857311e-05
1.04000000000000e+00 1.36669832493525e+00 1.36666027668282e+00 3.80482524315884e-05
1.04500000000000e+00 1.35455651984437e+00 1.35452117051728e+00 3.53493270899286e-05
1.05000000000000e+00 1.34552727473744e+00 1.34549150281253e+00 3.57719249173272e-05
1.05500000000000e+00 1.33962183978934e+00 1.33958262403436e+00 3.92157549820027e-05
1.06000000000000e+00 1.33683233323683e+00 1.33678686957979e+00 4.54636570477174e-05
1.06500000000000e+00 1.33713181077093e+00 1.33707761791153e+00 5.41928593955632e-05
1.07000000000000e+00 1.34047445563578e+00 1.34040946551008e+00 6.49901256992713e-05
1.07500000000000e+00 1.34679588765212e+00 1.34671851756181e+00 7.73700903038410e-05
1.08000000000000e+00 1.35601358856386e+00 1.35592279258843e+00 9.07959754306020e-05
1.08500000000000e+00 1.36802744033323e+00 1.36792273852040e+00 1.04701812828401e-04
1.09000000000000e+00 1.38272037228645e+00 1.38260185702999e+00 1.18515256458007e-04
1.09500000000000e+00 1.39995911234653e+00 1.39982743227203e+00 1.31680074504370e-04
1.10000000000000e+00 1.41959503698289e+00 1.41945135953695e+00 1.43677445932244e-04
1.10500000000000e+00 1.44146511396015e+00 1.44131106870462e+00 1.54045255529534e-04
1.11000000000000e+00 1.46539293148410e+00 1.46523053680291e+00 1.62394681195943e-04
1.11500000000000e+00 1.49118980691714e+00 1.49102138342582e+00 1.68423491321290e-04
1.12000000000000e+00 1.51865596786823e+00 1.51848404225504e+00 1.71925613190904e-04
1.12500000000000e+00 1.54758179815059e+00 1.54740900145948e+00 1.72796691109589e-04
1.13000000000000e+00 1.57774914084078e+00 1.57757810532303e+00 1.71035517753104e-04
1.13500000000000e+00 1.60893265045993e+00 1.60876590907298e+00 1.66741386943725e-04
1.14000000000000e+00 1.64090118613077e+00 1.64074107855382e+00 1.60107576950397e-04
1.14500000000000e+00 1.67341923743525e+00 1.67326782611444e+00 1.51411320807426e-04
1.15000000000000e+00 1.70624837460521e+00 1.70610737385376e+00 1.41000751450626e-04
1.15500000000000e+00 1.73914871461981e+00 1.73901943520098e+00 1.29279418829675e-04
1.16000000000000e+00 1.77188039475148e+00 1.77176370569363e+00 1.16689057855890e-04
1.16500000000000e+00 1.80420504510163e+00 1.80410135376010e+00 1.03691341526879e-04
1.17000000000000e+00 1.83588725168910e+00 1.83579650231313e+00 9.07493759672029e-05
1.17500000000000e+00 1.86669600170419e+00 1.86661769201745e+00 7.83096867325028e-05
1.18000000000000e+00 1.89640610261599e+00 1.89633931720795e+00 6.67854080422803e-05
1.18500000000000e+00 1.92479956692265e+00 1.92474302560309e+00 5.65413195614539e-05
1.19000000000000e+00 1.95166695446598e+00 1.95161907318189e+00 4.78812840907228e-05
1.19500000000000e+00 1.97680866439536e+00 1.97676762586894e+00 4.10385264231206e-05
1.20000000000000e+00 2.00003616906505e+00 2.00000000000000e+00 3.61690650534374e-05
1.20500000000000e+00 2.02117318238632e+00 2.02113983391842e+00 3.33484679009288e-05
1.21000000000000e+00 2.04005675543737e+00 2.04002418347677e+00 3.25719606038000e-05
1.21500000000000e+00 2.05653829246045e+00 2.05650453468774e+00 3.37577727056448e-05
1.22000000000000e+00 2.07048448075290e+00 2.07044772727895e+00 3.67534739433850e-05
1.22500000000000e+00 2.08177812838719e+00 2.08173678345563e+00 4.13449315588288e-05
1.23000000000000e+00 2.09031890417882e+00 2.09027163675968e+00 4.72674191347444e-05
1.23500000000000e+00 2.09602397485830e+00 2.09596975652967e+00 5.42183286262876e-05
1.24000000000000e+00 2.09882853499548e+00 2.09876666410972e+00 6.18708857547112e-05
1.24500000000000e+00 2.09868622586820e+00 2.09861633762302e+00 6.98882451826144e-05
1.25000000000000e+00 2.09556944015982e+00 2.09549150281253e+00 7.79373472963307e-05
1.25500000000000e+00 2.08946951010625e+00 2.08938380815405e+00 8.57019521975921e-05
1.26000000000000e+00 2.08039677748550e+00 2.08030388316029e+00 9.28943252147540e-05
1.26500000000000e+00 2.06838054464569e+00 2.06828127951470e+00 9.92651309870141e-05
1.27000000000000e+00 2.05346890658938e+00 2.05336429539657e+00 1.04611192812687e-04
1.27500000000000e+00 2.03572846496531e+00 2.03561968407860e+00 1.08780886717952e-04
1.28000000000000e+00 2.01524392565230e+00 2.01513224859221e+00 1.11677060085746e-04
1.28500000000000e+00 1.99211758244215e+00 1.99200432495795e+00 1.13257484196883e-04
1.29000000000000e+00 1.96646869013149e+00 1.96635515716554e+00 1.13532965949181e-04
1.29500000000000e+00 1.93843273110303e+00 1.93832016775567e+00 1.12563347356875e-04
1.30000000000000e+00 1.90816058020869e+00 1.90805012849909e+00 1.10451709595560e-04
1.30500000000000e+00 1.87581757345102e+00 1.87571023628478e+00 1.07337166240340e-04
1.31000000000000e+00 1.84158248658766e+00 1.84147909991323e+00 1.03386674431327e-04
1.31500000000000e+00 1.80564643035434e+00 1.80554764404025e+00 9.87863140906597e-05
1.32000000000000e+00 1.76821166950755e+00 1.76811793702778e+00 9.37324797687378e-05
1.32500000000000e+00 1.72949037333023e+00 1.72940194992690e+00 8.84234033291520e-05
1.33000000000000e+00 1.68970330562048e+00 1.68962025424335e+00 8.30513771303831e-05
1.33500000000000e+00 1.64907846249485e+00 1.64900066651302e+00 7.77959818276663e-05
1.34000000000000e+00 1.60784966658855e+00 1.60777684804300e+00 7.28185455520780e-05
1.34500000000000e+00 1.56625512642723e+00 1.56618686845015e+00 6.82579770789893e-05
1.35000000000000e+00 1.52453596987963e+00 1.52447174185242e+00 6.42280272031837e-05
1.35500000000000e+00 1.48293476068711e+00 1.48287394473691e+00 6.08159501973571e-05
1.36000000000000e+00 1.44169400710275e+00 1.44163592464141e+00 5.80824613418685e-05
1.36500000000000e+00 1.40105467166631e+00 1.40099860884315e+00 5.60628231616178e-05
1.37000000000000e+00 1.36125469109382e+00 1.36119992224821e+00 5.47688456054019e-05
1.37500000000000e+00 1.32252751517343e+00 1.32247332361862e+00 5.41915548093463e-05
1.38000000000000e+00 1.28510067343451e+00 1.28504636916085e+00 5.43042736542709e-05
1.38500000000000e+00 1.24919437819422e+00 1.24913931233114e+00 5.50658630813494e-05
1.39000000000000e+00 1.21502017238554e+00 1.21496374848942e+00 5.64238961227037e-05
1.39500000000000e+00 1.18277963033035e+00 1.18272131275752e+00 5.83175728319230e-05
1.40000000000000e+00 1.15266311934113e+00 1.15260243910916e+00 6.06802319689237e-05
1.40500000000000e+00 1.12484862971007e+00 1.12478518834171e+00 6.34413683653356e-05
1.41000000000000e+00 1.09950068027759e+00 1.09943415215529e+00 6.65281223040104e-05
1.41500000000000e+00 1.07676930635596e+00 1.07669944009536e+00 6.98662605960187e-05
1.42000000000000e+00 1.05678913632331e+00 1.05671575560428e+00 7.33807190353986e-05
1.42500000000000e+00 1.03967856269338e+00 1.03960156687779e+00 7.69958155912853e-05
1.43000000000000e+00 1.02553901290968e+00 1.02545837763829e+00 8.06352713929037e-05
1.43500000000000e+00 1.01445432451313e+00 1.01437010232018e+00 8.42221929515663e-05
1.44000000000000e+00 1.00649022868741e+00 1.00640254951957e+00 8.76791678443567e-05
1.44500000000000e+00 1.00169394550797e+00 1.00160301689261e+00 9.09286153660815e-05
1.45000000000000e+00 1.00009389350565e+00 1.00000000000000e+00 9.38935056531420e-05
1.45500000000000e+00 1.00169951541851e+00 1.00160301689261e+00 9.64985259077622e-05
1.46000000000000e+00 1.00650122124636e+00 1.00640254951957e+00 9.86717267910109e-05
1.46500000000000e+00 1.01447044895473e+00 1.01437010232018e+00 1.00346634548165e-04
1.47000000000000e+00 1.02555984240093e+00 1.02545837763829e+00 1.01464762645165e-04
1.47500000000000e+00 1.03970354528872e+00 1.03960156687779e+00 1.01978410929071e-04
1.48000000000000e+00 1.05681760920203e+00 1.05671575560428e+00 1.01853597755497e-04
1.48500000000000e+00 1.07680051303420e+00 1.07669944009536e+00 1.01072938839764e-04
1.49000000000000e+00 1.09953379042137e+00 1.09943415215529e+00 9.96382660796158e-05
1.49500000000000e+00 1.12488276111350e+00 1.12478518834171e+00 9.75727717977826e-05
1.50000000000000e+00 1.15269736158107e+00 1.15260243910916e+00 9.49224719115627e-05
1.50500000000000e+00 1.18281306956031e+00 1.18272131275752e+00 9.17568027887228e-05
1.51000000000000e+00 1.21505191669174e+00 1.21496374848942e+00 8.81682023230468e-05
1.51500000000000e+00 1.24922358290465e+00 1.24913931233114e+00 8.42705735082383e-05
1.52000000000000e+00 1.28512656574708e+00 1.28504636916085e+00 8.01965862249343e-05
1.52500000000000e+00 1.32254941745572e+00 1.32247332361862e+00 7.60938371004993e-05
1.53000000000000e+00 1.36127204220301e+00 1.36119992224821e+00 7.21199548010532e-05
1.53500000000000e+00 1.40106704564834e+00 1.40099860884315e+00 6.84368051888651e-05
1.54000000000000e+00 1.44170112865426e+00 1.44163592464141e+00 6.52040128494846e-05
1.54500000000000e+00 1.48293651680709e+00 1.48287394473691e+00 6.25720701803445e-05
1.55000000000000e+00 1.52453241720039e+00 1.52447174185242e+00 6.06753479677202e-05
1.55500000000000e+00 1.56624649379878e+00 1.56618686845015e+00 5.96253486260245e-05
1.56000000000000e+00 1.60783635259846e+00 1.60777684804300e+00 5.95045554543372e-05
1.56500000000000e+00 1.64906102773623e+00 1.64900066651302e+00 6.03612232159545e-05
1.57000000000000e+00 1.68968245967309e+00 1.68962025424335e+00 6.22054297436669e-05
1.57500000000000e+00 1.72946695658965e+00 1.72940194992690e+00 6.50066627514434e-05
1.58000000000000e+00 1.76818663018292e+00 1.76811793702778e+00 6.86931551328041e-05
1.58500000000000e+00 1.80562079714505e+00 1.80554764404025e+00 7.31531047959422e-05
1.59000000000000e+00 1.84155733774060e+00 1.84147909991323e+00 7.82378273724849e-05
1.59500000000000e+00 1.87579400307887e+00 1.87571023628478e+00 8.37667940893905e-05
1.60000000000000e+00 1.90813966290886e+00 1.90805012849909e+00 8.95344097706641e-05
1.60500000000000e+00 1.93841548604437e+00 1.93832016775567e+00 9.53182887026838e-05
1.61000000000000e+00 1.96645604586383e+00 1.96635515716554e+00 1.00888698288060e-04
1.61500000000000e+00 1.99211034372142e+00 1.99200432495795e+00 1.06018763474269e-04
1.62000000000000e+00 2.01524274355858e+00 2.01513224859221e+00 1.10494966363728e-04
1.62500000000000e+00 2.03573381151542e+00 2.03561968407860e+00 1.14127436820155e-04
1.63000000000000e+00 2.05348105491313e+00 2.05336429539657e+00 1.16759516561871e-04
1.63500000000000e+00 2.06839955560668e+00 2.06828127951470e+00 1.18276091976455e-04
1.64000000000000e+00 2.08042249338989e+00 2.08030388316029e+00 1.18610229602467e-04
1.64500000000000e+00 2.08950155586943e+00 2.08938380815405e+00 1.17747715373095e-04
1.65000000000000e+00 2.09560723200022e+00 2.09549150281253e+00 1.15729187696534e-04
1.65500000000000e+00 2.09872898728856e+00 2.09861633762302e+00 1.12649665542364e-04
1.66000000000000e+00 2.09887531950822e+00 2.09876666410972e+00 1.08655398494584e-04
1.66500000000000e+00 2.09607369463170e+00 2.09596975652967e+00 1.03938102030465e-04
1.67000000000000e+00 2.09037036353846e+00 2.09027163675968e+00 9.87267787788682e-05
1.67500000000000e+00 2.08183006091618e+00 2.08173678345563e+00 9.32774605528763e-05
1.68000000000000e+00 2.07053558860609e+00 2.07044772727895e+00 8.78613271315665e-05
1.68500000000000e+00 2.05658728644659e+00 2.05650453468774e+00 8.27517588484206e-05
1.69000000000000e+00 2.04010239443304e+00 2.04002418347677e+00 7.82109562713629e-05
1.69500000000000e+00 2.02121431072208e+00 2.02113983391842e+00 7.44768036584631e-05
1.70000000000000e+00 2.00007175066253e+00 2.00000000000000e+00 7.17506625256270e-05
1.70500000000000e+00 1.97683781262183e+00 1.97676762586893e+00 7.01867528944966e-05
1.71000000000000e+00 1.95168895689707e+00 1.95161907318189e+00 6.98837151777987e-05
1.71500000000000e+00 1.92481390444889e+00 1.92474302560309e+00 7.08788458023690e-05
1.72000000000000e+00 1.89641246257754e+00 1.89633931720795e+00 7.31453695939077e-05
1.72500000000000e+00 1.86669428497556e+00 1.86661769201745e+00 7.65929581052482e-05
1.73000000000000e+00 1.83587757384605e+00 1.83579650231313e+00 8.10715329246925e-05
1.73500000000000e+00 1.80418773197708e+00 1.80410135376010e+00 8.63782169804317e-05
1.74000000000000e+00 1.77185597281577e+00 1.77176370569363e+00 9.22671221421645e-05
1.74500000000000e+00 1.73911789670371e+00 1.73901943520098e+00 9.84615027290747e-05
1.75000000000000e+00 1.70621204151903e+00 1.70610737385376e+00 1.04667665266955e-04
1.75500000000000e+00 1.67337841603433e+00 1.67326782611444e+00 1.10589919889659e-04
1.76000000000000e+00 1.64085702434291e+00 1.64074107855382e+00 1.15945789089578e-04
1.76500000000000e+00 1.60888638973816e+00 1.60876590907298e+00 1.20480665181111e-04
1.77000000000000e+00 1.57770208644914e+00 1.57757810532303e+00 1.23981126107786e-04
1.77500000000000e+00 1.54753528764323e+00 1.54740900145948e+00 1.26286183749880e-04
1.78000000000000e+00 1.51861133809949e+00 1.51848404225504e+00 1.27295844446262e-04
1.78500000000000e+00 1.49114835992836e+00 1.49102138342582e+00 1.26976502540899e-04
1.79000000000000e+00 1.46535589966119e+00 1.46523053680291e+00 1.25362858283129e-04
1.79500000000000e+00 1.44143362494369e+00 1.44131106870462e+00 1.22556239067872e-04
1.80000000000000e+00 1.41957007893704e+00 1.41945135953695e+00 1.18719400083123e-04
1.80500000000000e+00 1.39994150034516e+00 1.39982743227203e+00 1.14068073135742e-04
1.81000000000000e+00 1.38271071674123e+00 1.38260185702999e+00 1.08859711241749e-04
1.81500000000000e+00 1.36802611855121e+00 1.36792273852040e+00 1.03380030807898e-04
1.82000000000000e+00 1.35602072066176e+00 1.35592279258843e+00 9.79280733308663e-05
1.82500000000000e+00 1.34681131815093e+00 1.34671851756181e+00 9.28005891172035e-05
1.83000000000000e+00 1.34049774209059e+00 1.34040946551008e+00 8.82765805094721e-05
1.83500000000000e+00 1.33716222074346e+00 1.33707761791153e+00 8.46028319241299e-05
1.84000000000000e+00 1.33686885077512e+00 1.33678686957979e+00 8.19811953385319e-05
1.84500000000000e+00 1.33966318233771e+00 1.33958262403436e+00 8.05583033522961e-05
1.85000000000000e+00 1.34557192105716e+00 1.34549150281253e+00 8.04182446310087e-05
1.85500000000000e+00 1.35460274909160e+00 1.35452117051728e+00 8.15785743175645e-05
1.86000000000000e+00 1.36674426653208e+00 1.36666027668282e+00 8.39898492639435e-05
1.86500000000000e+00 1.38196605350543e+00 1.38187851481848e+00 8.75386869516603e-05
1.87000000000000e+00 1.40021885242819e+00 1.40012679827000e+00 9.20541581939105e-05
1.87500000000000e+00 1.42143486896300e+00 1.42133755181640e+00 9.73171465936673e-05
1.88000000000000e+00 1.44552818936157e+00 1.44542511720755e+00 1.03072154023387e-04
1.88500000000000e+00 1.47239531104989e+00 1.47228627014470e+00 1.09040905188262e-04
1.89000000000000e+00 1.50191578253632e+00 1.50180084551967e+00 1.14937016658656e-04
1.89500000000000e+00 1.53395294800696e+00 1.53383246706028e+00 1.20480946676160e-04
1.90000000000000e+00 1.56835479132297e+00 1.56822937688661e+00 1.25414436357385e-04
1.90500000000000e+00 1.60495487355429e+00 1.60482535986612e+00 1.29513688175376e-04
1.91000000000000e+00 1.64357335767497e+00 1.64344075707161e+00 1.32600603355293e-04
1.91500000000000e+00 1.68401811360588e+00 1.68388356209650e+00 1.34551509372693e-04
1.92000000000000e+00 1.72608589641782e+00 1.72595059347097e+00 1.35302946852933e-04
1.92500000000000e+00 1.76956359019873e+00 1.76942873595353e+00 1.34854245191551e-04
1.93000000000000e+00 1.81422950983433e+00 1.81409624304787e+00 1.33266786460862e-04
1.93500000000000e+00 1.85985475274974e+00 1.85972409271723e+00 1.30660032513275e-04
1.94000000000000e+00 1.90620459249949e+00 1.90607738794082e+00 1.27204558670879e-04
1.94500000000000e+00 1.95303990597096e+00 1.95291679348017e+00 1.23112490793220e-04
1.95000000000000e+00 2.00011862587565e+00 2.00000000000000e+00 1.18625875645817e-04
1.95500000000000e+00 2.04719721013561e+00 2.04708320651983e+00 1.14003615783620e-04
1.96000000000000e+00 2.09403211973029e+00 2.09392261205918e+00 1.09507671109732e-04
1.96500000000000e+00 2.14038129654303e+00 2.14027590728277e+00 1.05389260252942e-04
1.97000000000000e+00 2.18600563274123e+00 2.18590375695213e+00 1.01875789104700e-04
1.97500000000000e+00 2.23067042323644e+00 2.23057126404646e+00 9.91591899732747e-05
1.98000000000000e+00 2.27414679280409e+00 2.27404940652903e+00 9.73862750588417e-05
1.98500000000000e+00 2.31621308950136e+00 2.31611643790350e+00 9.66515978571003e-05
1.99000000000000e+00 2.35665623610823e+00 2.35655924292839e+00 9.69931798380230e-05
1.99500000000000e+00 2.39527303143987e+00 2.39517464013388e+00 9.83913059871000e-05
2.00000000000000e+00 2.43187139354166e+00 2.43177062311339e+00 1.00770428269836e-04
2.00500000000000e+00 2.46627153698984e+00 2.46616753293972e+00 1.04004050117901e-04
2.01000000000000e+00 2.49830707678634e+00 2.49819915448034e+00 1.07922306005648e-04
2.01500000000000e+00 2.52782605166157e+00 2.52771372985530e+00 1.12321806268856e-04
2.02000000000000e+00 2.55469185998974e+00 2.55457488279245e+00 1.16977197285539e-04
2.02500000000000e+00 2.57878410197852e+00 2.57866244818359e+00 1.21653794928456e-04
2.03000000000000e+00 2.59999932232370e+00 2.59987320173000e+00 1.26120593693990e-04
2.03500000000000e+00 2.61825164811599e+00 2.61812148518152e+00 1.30162934464995e-04
2.04000000000000e+00 2.63347331745132e+00 2.63333972331718e+00 1.33594134142268e-04
2.04500000000000e+00 2.64561509492194e+00 2.64547882948272e+00 1.36265439225625e-04
2.05000000000000e+00 2.65464657094666e+00 2.65450849718747e+00 1.38073759182955e-04
2.05500000000000e+00 2.66055634272524e+00 2.66041737596564e+00 1.38966759604564e-04
2.06000000000000e+00 2.66335207546408e+00 2.66321313042021e+00 1.38945043862027e-04
2.06500000000000e+00 2.66306044340407e+00 2.66292238208847e+00 1.38061315599458e-04
2.07000000000000e+00 2.65972695107521e+00 2.65959053448992e+00 1.36416585292398e-04
2.07500000000000e+00 2.65341563609039e+00 2.65328148243819e+00 1.34153652200375e-04
2.08000000000000e+00 2.64420865565954e+00 2.64407720741157e+00 1.31448247966848e-04
2.08500000000000e+00 2.63220575984198e+00 2.63207726147960e+00 1.28498362373719e-04
2.09000000000000e+00 2.61752365534627e+00 2.61739814297001e+00 1.25512376257575e-04
2.09500000000000e+00 2.60029526442309e+00 2.60017256772797e+00 1.22696695112889e-04
2.10000000000000e+00 2.58066888406894e+00 2.58054864046305e+00 1.20243605890469e-04
2.10500000000000e+00 2.55880725136125e+00 2.55868893129538e+00 1.18320065867650e-04
2.11000000000000e+00 2.53488652127515e+00 2.53476946319710e+00 1.17058078053844e-04
2.11500000000000e+00 2.50909516378704e+00 2.50897861657418e+00 1.16547212863694e-04
2.12000000000000e+00 2.48163278745510e+00 2.48151595774496e+00 1.16829710137711e-04
2.12500000000000e+00 2.45270889698194e+00 2.45259099854052e+00 1.17898441416298e-04
2.13000000000000e+00 2.42254159251966e+00 2.42242189467697e+00 1.19697842689614e-04
2.13500000000000e+00 2.39135621867808e+00 2.39123409092702e+00 1.22127751063239e-04
2.14000000000000e+00 2.35938397135127e+00 2.35925892144618e+00 1.25049905084218e-04
2.14500000000000e+00 2.32686047059533e+00 2.32673217388556e+00 1.28296709763998e-04
2.15000000000000e+00 2.29402430787840e+00 2.29389262614624e+00 1.31681732165045e-04
2.15500000000000e+00 2.26111557608893e+00 2.26098056479902e+00 1.35011289914999e-04
2.16000000000000e+00 2.22837439073745e+00 2.22823629430637e+00 1.38096431073098e-04
2.16500000000000e+00 2.19603941082064e+00 2.19589864623990e+00 1.40764580737862e-04
2.17000000000000e+00 2.16434636783877e+00 2.16420349768687e+00 1.42870151896179e-04
2.17500000000000e+00 2.13352661146374e+00 2.13338230798255e+00 1.44303481194985e-04
2.18000000000000e+00 2.10380568034520e+00 2.10366068279205e+00 1.44997553152226e-04
2.18500000000000e+00 2.07540190650695e+00 2.07525697439691e+00 1.44932110034190e-04
2.19000000000000e+00 2.04852506172178e+00 2.04838092681811e+00 1.44134903667492e-04
2.19500000000000e+00 2.02337505414811e+00 2.02323237413107e+00 1.42680017038099e-04
2.20000000000000e+00 2.00014068336022e+00 2.00000000000000e+00 1.40683360223992e-04
2.20500000000000e+00 1.97899846169582e+00 1.97886016608158e+00 1.38295614242390e-04
2.21000000000000e+00 1.96011150957161e+00 1.95997581652323e+00 1.35693048378460e-04
2.21500000000000e+00 1.94362853207512e+00 1.94349546531226e+00 1.33066762862954e-04
2.22000000000000e+00 1.92968288372218e+00 1.92955227272105e+00 1.30611001131209e-04
2.22500000000000e+00 1.91839172777446e+00 1.91826321654437e+00 1.28511230083728e-04
2.23000000000000e+00 1.90985529593904e+00 1.90972836324032e+00 1.26932698725879e-04
2.23500000000000e+00 1.90415625362736e+00 1.90403024347033e+00 1.26010157033507e-04
2.24000000000000e+00 1.90135917523648e+00 1.90123333589028e+00 1.25839346206025e-04
2.24500000000000e+00 1.90151013314503e+00 1.90138366237698e+00 1.26470768048170e-04
2.25000000000000e+00 1.90463640329455e+00 1.90450849718747e+00 1.27906107075137e-04
2.25500000000000e+00 1.91074628937024e+00 1.91061619184595e+00 1.30097524294825e-04
2.26000000000000e+00 1.91982906671559e+00 1.91969611683971e+00 1.32949875877753e-04
2.26500000000000e+00 1.93185504622571e+00 1.93171872048530e+00 1.36325740418552e-04
2.27000000000000e+00 1.94677575758182e+00 1.94663570460343e+00 1.40052978387262e-04
2.27500000000000e+00 1.96452425032277e+00 1.96438031592140e+00 1.43934401371615e-04
2.28000000000000e+00 1.98501551041724e+00 1.98486775140779e+00 1.47759009450521e-04
2.28500000000000e+00 2.00814698920594e+00 2.00799567504205e+00 1.51314163893357e-04
2.29000000000000e+00 2.03379924084404e+00 2.03364484283446e+00 1.54398009581058e-04
2.29500000000000e+00 2.06183666368872e+00 2.06167983224433e+00 1.56831444389827e-04
2.30000000000000e+00 2.09210834045700e+00 2.09194987150091e+00 1.58468956088953e-04
2.30500000000000e+00 2.12444897142209e+00 2.12428976371522e+00 1.59207706869946e-04
2.31000000000000e+00 2.15867989442623e+00 2.15852090008677e+00 1.58994339457763e-04
2.31500000000000e+00 2.19461018506100e+00 2.19445235595975e+00 1.57829101256723e-04
2.32000000000000e+00 2.23203782999897e+00 2.23188206297221e+00 1.55767026754905e-04
2.32500000000000e+00 2.27075096615054e+00 2.27059805007310e+00 1.52916077440501e-04
2.33000000000000e+00 2.31052917805950e+00 2.31037974575665e+00 1.49432302855246e-04
2.33500000000000e+00 2.35114484573491e+00 2.35099933348698e+00 1.45512247931023e-04
2.34000000000000e+00 2.39236453493983e+00 2.39222315195699e+00 1.41382982833171e-04
2.34500000000000e+00 2.43395042181299e+00 2.43381313154985e+00 1.37290263139800e-04
2.35000000000000e+00 2.47566174358153e+00 2.47552825814758e+00 1.33485433958747e-04
2.35500000000000e+00 2.51725626702989e+00 2.51712605526309e+00 1.30211766806720e-04
2.36000000000000e+00 2.55849176631509e+00 2.55836407535858e+00 1.27690956502224e-04
2.36500000000000e+00 2.59912750166472e+00 2.59900139115685e+00 1.26110507865373e-04
2.37000000000000e+00 2.63892569045643e+00 2.63880007775179e+00 1.25612704645395e-04
2.37500000000000e+00 2.67765296216217e+00 2.67752667638138e+00 1.26285780789548e-04
2.38000000000000e+00 2.71508178864648e+00 2.71495363083914e+00 1.28157807337992e-04
2.38500000000000e+00 2.75099188134237e+00 2.75086068766886e+00 1.31193673509777e-04
2.39000000000000e+00 2.78517154689482e+00 2.78503625151058e+00 1.35295384236400e-04
2.39500000000000e+00 2.81741899296725e+00 2.81727868724248e+00 1.40305724775303e-04
2.40000000000000e+00 2.84754357605834e+00 2.84739756089084e+00 1.46015167495683e-04
2.40500000000000e+00 2.87536698337957e+00 2.87521481165829e+00 1.52171721278016e-04
2.41000000000000e+00 2.90072434110814e+00 2.90056584784471e+00 1.58493263429094e-04
2.41500000000000e+00 2.92346524165812e+00 2.92330055990463e+00 1.64681753480167e-04
2.42000000000000e+00 2.94345468301132e+00 2.94328424439572e+00 1.70438615595625e-04
2.42500000000000e+00 2.96057391362200e+00 2.96039843312221e+00 1.75480499796876e-04
2.43000000000000e+00 2.97472117695649e+00 2.97454162236171e+00 1.79554594776032e-04
2.43500000000000e+00 2.98581235035008e+00 2.98562989767982e+00 1.82452670258737e-04
2.44000000000000e+00 2.99378147355662e+00 2.99359745048043e+00 1.84023076184925e-04
2.44500000000000e+00 2.99858116312456e+00 2.99839698310739e+00 1.84180017165136e-04
2.45000000000000e+00 3.00018290954946e+00 3.00000000000000e+00 1.82909549458543e-04
2.45500000000000e+00 2.99857725501813e+00 2.99839698310739e+00 1.80271910734220e-04
2.46000000000000e+00 2.99377385045910e+00 2.99359745048044e+00 1.76399978666364e-04
2.46500000000000e+00 2.98580139153647e+00 2.98562989767982e+00 1.71493856650606e-04
2.47000000000000e+00 2.97470743415388e+00 2.97454162236171e+00 1.65811792170345e-04
2.47500000000000e+00 2.96055809095571e+00 2.96039843312221e+00 1.59657833497917e-04
2.48000000000000e+00 2.94343761120989e+00 2.94328424439572e+00 1.53366814160893e-04
2.48500000000000e+00 2.92344784731457e+00 2.92330055990464e+00 1.47287409930641e-04
2.49000000000000e+00 2.90070761197719e+00 2.90056584784471e+00 1.41764132474798e-04
2.49500000000000e+00 2.87535193085574e+00 2.87521481165830e+00 1.37119197449298e-04
2.50000000000000e+00 2.84753119612139e+00 2.84739756089084e+00 1.33635230548101e-04
2.50500000000000e+00 2.81741022698943e+00 2.81727868724248e+00 1.31539746949016e-04
2.51000000000000e+00 2.78516724377324e+00 2.78503625151058e+00 1.30992262664442e-04
2.51500000000000e+00 2.75099276243587e+00 2.75086068766886e+00 1.32074767013268e-04
2.52000000000000e+00 2.71508841695776e+00 2.71495363083915e+00 1.34786118608066e-04
2.52500000000000e+00 2.67766571710418e+00 2.67752667638138e+00 1.39040722793027e-04
2.53000000000000e+00 2.63894474937600e+00 2.63880007775179e+00 1.44671624207060e-04
2.53500000000000e+00 2.59915282906798e+00 2.59900139115685e+00 1.51437911124042e-04
2.54000000000000e+00 2.55852311145384e+00 2.55836407535859e+00 1.59036095247256e-04
2.54500000000000e+00 2.51729317017580e+00 2.51712605526309e+00 1.67114912712485e-04
2.55000000000000e+00 2.47570355094899e+00 2.47552825814758e+00 1.75292801409377e-04
2.55500000000000e+00 2.43399630870904e+00 2.43381313154985e+00 1.83177159191583e-04
2.56000000000000e+00 2.39241353634092e+00 2.39222315195700e+00 1.90384383919717e-04
2.56500000000000e+00 2.35119589313374e+00 2.35099933348698e+00 1.96559646755023e-04
2.57000000000000e+00 2.31058114111377e+00 2.31037974575666e+00 2.01395357117828e-04
2.57500000000000e+00 2.27080269741509e+00 2.27059805007310e+00 2.04647341990771e-04
2.58000000000000e+00 2.23208821085218e+00 2.23188206297222e+00 2.06147879959317e-04
2.58500000000000e+00 2.19465817085323e+00 2.19445235595975e+00 2.05814893482259e-04
2.59000000000000e+00 2.15872455689309e+00 2.15852090008678e+00 2.03656806311958e-04
2.59500000000000e+00 2.12448953651527e+00 2.12428976371522e+00 1.99772800053566e-04
2.60000000000000e+00 2.09214421994838e+00 2.09194987150091e+00 1.94348447470905e-04
2.60500000000000e+00 2.06186747918584e+00 2.06167983224433e+00 1.87646941504305e-04
2.61000000000000e+00 2.03382483920494e+00 2.03364484283446e+00 1.79996370480495e-04
2.61500000000000e+00 2.00816744873518e+00 2.00799567504205e+00 1.71773693125044e-04
2.62000000000000e+00 1.98503113764482e+00 1.98486775140779e+00 1.63386237030050e-04
2.62500000000000e+00 1.96453556758834e+00 1.96438031592140e+00 1.55251666936085e-04
2.63000000000000e+00 1.94678348204625e+00 1.94663570460343e+00 1.47777442819130e-04
2.63500000000000e+00 1.93186006129157e+00 1.93171872048530e+00 1.41340806274926e-04
2.64000000000000e+00 1.91983238713784e+00 1.91969611683971e+00 1.36270298127350e-04
2.64500000000000e+00 1.91074902156998e+00 1.91061619184595e+00 1.32829724034611e-04
2.65000000000000e+00 1.90463970253780e+00 1.90450849718747e+00 1.31205350323738e-04
2.65500000000000e+00 1.90151515932003e+00 1.90138366237698e+00 1.31496943047260e-04
2.66000000000000e+00 1.90136704895201e+00 1.90123333589028e+00 1.33713061732932e-04
2.66500000000000e+00 1.90416801427323e+00 1.90403024347033e+00 1.37770802900672e-04
2.67000000000000e+00 1.90987186320483e+00 1.90972836324032e+00 1.43499964511573e-04
2.67500000000000e+00 1.91841386792908e+00 1.91826321654437e+00 1.50651384704714e-04
2.68000000000000e+00 1.92971118172625e+00 1.92955227272105e+00 1.58909005207875e-04
2.68500000000000e+00 1.94366337034844e+00 1.94349546531226e+00 1.67905036178251e-04
2.69000000000000e+00 1.96015305397852e+00 1.95997581652323e+00 1.77237455293744e-04
2.69500000000000e+00 1.97904665505672e+00 1.97886016608158e+00 1.86488975142174e-04
2.70000000000000e+00 2.00019524655403e+00 2.00000000000000e+00 1.95246554032025e-04
2.70500000000000e+00 2.02343549464805e+00 2.02323237413106e+00 2.03120516981681e-04
2.71000000000000e+00 2.04859068920434e+00 2.04838092681811e+00 2.09762386238488e-04
2.71500000000000e+00 2.07547185499620e+00 2.07525697439691e+00 2.14880599292755e-04
2.72000000000000e+00 2.10387893619872e+00 2.10366068279205e+00 2.18253406663926e-04
2.72500000000000e+00 2.13360204637024e+00 2.13338230798255e+00 2.19738387695401e-04
2.73000000000000e+00 2.16442277587944e+00 2.16420349768687e+00 2.19278192571171e-04
2.73500000000000e+00 2.19611554854283e+00 2.19589864623990e+00 2.16902302935473e-04
2.74000000000000e+00 2.22844901909994e+00 2.22823629430637e+00 2.12724793569929e-04
2.74500000000000e+00 2.26118750306368e+00 2.26098056479902e+00 2.06938264665446e-04
2.75000000000000e+00 2.29409243043495e+00 2.29389262614624e+00 1.99804288716798e-04
2.75500000000000e+00 2.32692381475713e+00 2.32673217388556e+00 1.91640871569199e-04
2.76000000000000e+00 2.35944172900145e+00 2.35925892144618e+00 1.82807555268116e-04
2.76500000000000e+00 2.39140777981389e+00 2.39123409092702e+00 1.73688886868195e-04
2.77000000000000e+00 2.42258657171554e+00 2.42242189467697e+00 1.64677038565486e-04
2.77500000000000e+00 2.45274715292765e+00 2.45259099854052e+00 1.56154387131568e-04
2.78000000000000e+00 2.48166443459108e+00 2.48151595774496e+00 1.48476846122403e-04
2.78500000000000e+00 2.50912057526788e+00 2.50897861657418e+00 1.41958693702371e-04
2.79000000000000e+00 2.53490632274994e+00 2.53476946319709e+00 1.36859552849256e-04
2.79500000000000e+00 2.55882230536451e+00 2.55868893129538e+00 1.33374069131609e-04
2.80000000000000e+00 2.58068026515766e+00 2.58054864046305e+00 1.31624694613919e-04
2.80500000000000e+00 2.60030422556166e+00 2.60017256772797e+00 1.31657833687182e-04
2.81000000000000e+00 2.61753158641702e+00 2.61739814297001e+00 1.33443447016823e-04
2.81500000000000e+00 2.63221413952766e+00 2.63207726147960e+00 1.36878048059952e-04
2.82000000000000e+00 2.64421899828283e+00 2.64407720741157e+00 1.41790871256653e-04
2.82500000000000e+00 2.65342943528926e+00 2.65328148243819e+00 1.47952851072386e-04
2.83000000000000e+00 2.65974562242031e+00 2.65959053448992e+00 1.55087930395315e-04
2.83500000000000e+00 2.66308526821074e+00 2.66292238208847e+00 1.62886122274664e-04
2.84000000000000e+00 2.66338414810414e+00 2.66321313042021e+00 1.71017683927133e-04
2.84500000000000e+00 2.66059652369599e+00 2.66041737596564e+00 1.79147730356988e-04
2.85000000000000e+00 2.65469544780130e+00 2.65450849718747e+00 1.86950613829229e-04
2.85500000000000e+00 2.64567295291283e+00 2.64547882948272e+00 1.94123430113713e-04
2.86000000000000e+00 2.63354012139075e+00 2.63333972331719e+00 2.00398073563868e-04
2.86500000000000e+00 2.61832703653432e+00 2.61812148518152e+00 2.05551352794764e-04
2.87000000000000e+00 2.60008261451732e+00 2.59987320173000e+00 2.09412787313568e-04
2.87500000000000e+00 2.57887431801368e+00 2.57866244818360e+00 2.11869830080591e-04
2.88000000000000e+00 2.55478775318476e+00 2.55457488279246e+00 2.12870392303444e-04
2.88500000000000e+00 2.52792615253513e+00 2.52771372985530e+00 2.12422679829238e-04
2.89000000000000e+00 2.49840974695687e+00 2.49819915448034e+00 2.10592476535432e-04
2.89500000000000e+00 2.46637503106401e+00 2.46616753293972e+00 2.07498124283667e-04
2.90000000000000e+00 2.43197392665905e+00 2.43177062311339e+00 2.03303545657008e-04
2.90500000000000e+00 2.39537284986130e+00 2.39517464013388e+00 1.98209727417353e-04
2.91000000000000e+00 2.35675168806184e+00 2.35655924292839e+00 1.92445133452068e-04
2.91500000000000e+00 2.31630269343872e+00 2.31611643790350e+00 1.86255535223445e-04
2.92000000000000e+00 2.27422930027316e+00 2.27404940652904e+00 1.79893744125970e-04
2.92500000000000e+00 2.23074487374651e+00 2.23057126404647e+00 1.73609700041322e-04
2.93000000000000e+00 2.18607139827054e+00 2.18590375695213e+00 1.67641318409739e-04
2.93500000000000e+00 2.14043811371306e+00 2.14027590728278e+00 1.62206430286638e-04
2.94000000000000e+00 2.09408010812667e+00 2.09392261205918e+00 1.57496067484608e-04
2.94500000000000e+00 2.04723687577729e+00 2.04708320651984e+00 1.53669257456190e-04
2.95000000000000e+00 2.00015084940354e+00 2.00000000000000e+00 1.50849403543596e-04
2.95500000000000e+00 1.95306591572182e+00 1.95291679348017e+00 1.49122241647648e-04
2.96000000000000e+00 1.90622592322903e+00 1.90607738794082e+00 1.48535288208240e-04
2.96500000000000e+00 1.85987319135056e+00 1.85972409271723e+00 1.49098633330125e-04
2.97000000000000e+00 1.81424702993314e+00 1.81409624304787e+00 1.50786885272147e-04
2.97500000000000e+00 1.76958227799827e+00 1.76942873595354e+00 1.53542044730060e-04
2.98000000000000e+00 1.72610787054593e+00 1.72595059347097e+00 1.57277074959383e-04
2.98500000000000e+00 1.68404544203678e+00 1.68388356209651e+00 1.61879940273835e-04
2.99000000000000e+00 1.64360797497612e+00 1.64344075707161e+00 1.67217904511574e-04
2.99500000000000e+00 1.60499850177873e+00 1.60482535986612e+00 1.73141912611419e-04
3.00000000000000e+00 1.56840886780368e+00 1.56822937688661e+00 1.79490917068925e-04
3.00500000000000e+00 1.53401856311400e+00 1.53383246706028e+00 1.86096053722551e-04
3.01000000000000e+00 1.50199363013272e+00 1.50180084551966e+00 1.92784613056940e-04
3.01500000000000e+00 1.47248565393612e+00 1.47228627014470e+00 1.99383791418040e-04
3.02000000000000e+00 1.44563084144363e+00 1.44542511720755e+00 2.05724236082894e-04
3.02500000000000e+00 1.42154919523645e+00 1.42133755181641e+00 2.11643420043650e-04
3.03000000000000e+00 1.40034378716055e+00 1.40012679827000e+00 2.16988890552550e-04
3.03500000000000e+00 1.38210013625233e+00 1.38187851481848e+00 2.21621433855290e-04
3.04000000000000e+00 1.36688569486853e+00 1.36666027668282e+00 2.25418185715531e-04
3.04500000000000e+00 1.35474944621105e+00 1.35452117051728e+00 2.28275693766378e-04
3.05000000000000e+00 1.34572161572181e+00 1.34549150281253e+00 2.30112909286762e-04
3.05500000000000e+00 1.33981349808569e+00 1.33958262403436e+00 2.30874051329266e-04
3.06000000000000e+00 1.33701740083308e+00 1.33678686957979e+00 2.30531253296196e-04
3.06500000000000e+00 1.33730670478056e+00 1.33707761791153e+00 2.29086869024897e-04
3.07000000000000e+00 1.34063604080231e+00 1.34040946551008e+00 2.26575292230802e-04
3.07500000000000e+00 1.34694158168780e+00 1.34671851756181e+00 2.23064125987271e-04
3.08000000000000e+00 1.35614144712394e+00 1.35592279258843e+00 2.18654535517171e-04
3.08500000000000e+00 1.36813621914620e+00 1.36792273852040e+00 2.13480625802287e-04
3.09000000000000e+00 1.38280956473878e+00 1.38260185702999e+00 2.07707708794524e-04
3.09500000000000e+00 1.40002896163248e+00 1.39982743227203e+00 2.01529360454256e-04
3.10000000000000e+00 1.41964652275378e+00 1.41945135953695e+00 1.95163216832661e-04
3.10500000000000e+00 1.44149991422070e+00 1.44131106870462e+00 1.88845516083891e-04
3.11000000000000e+00 1.46541336126223e+00 1.46523053680290e+00 1.82824459327158e-04
3.11500000000000e+00 1.49119873595758e+00 1.49102138342582e+00 1.77352531762764e-04
3.12000000000000e+00 1.51865672024965e+00 1.51848404225504e+00 1.72677994612513e-04
3.12500000000000e+00 1.54757803728109e+00 1.54740900145948e+00 1.69035821614427e-04
3.13000000000000e+00 1.57774474373358e+00 1.57757810532302e+00 1.66638410556086e-04
3.13500000000000e+00 1.60893157551479e+00 1.60876590907298e+00 1.65666441810153e-04
3.14000000000000e+00 1.64090733883859e+00 1.64074107855382e+00 1.66260284770736e-04
3.14500000000000e+00 1.67343633847532e+00 1.67326782611444e+00 1.68512360888995e-04
3.15000000000000e+00 1.70627983471640e+00 1.70610737385376e+00 1.72460862640778e-04
3.15500000000000e+00 1.73919752039626e+00 1.73901943520098e+00 1.78085195280620e-04
3.16000000000000e+00 1.77194900915120e+00 1.77176370569363e+00 1.85303457577390e-04
3.16500000000000e+00 1.80429532596724e+00 1.80410135376010e+00 1.93972207143123e-04
3.17000000000000e+00 1.83600039098272e+00 1.83579650231313e+00 2.03888669594754e-04
3.17500000000000e+00 1.86683248746793e+00 1.86661769201745e+00 2.14795450476535e-04
3.18000000000000e+00 1.89656570491022e+00 1.89633931720795e+00 2.26387702275677e-04
3.18500000000000e+00 1.92498134818774e+00 1.92474302560309e+00 2.38322584649620e-04
3.19000000000000e+00 1.95186930392820e+00 1.95161907318189e+00 2.50230746313473e-04
3.19500000000000e+00 1.97702935532197e+00 1.97676762586893e+00 2.61729453031379e-04
3.20000000000000e+00 2.00027243689216e+00 2.00000000000000e+00 2.72436892156058e-04
3.20500000000000e+00 2.02142182102877e+00 2.02113983391842e+00 2.81987110353654e-04
3.21000000000000e+00 2.04031422846190e+00 2.04002418347677e+00 2.90044985133964e-04
3.21500000000000e+00 2.05680085528969e+00 2.05650453468774e+00 2.96320601953060e-04
3.22000000000000e+00 2.07074830968370e+00 2.07044772727895e+00 3.00582404741512e-04
3.22500000000000e+00 2.08203945196884e+00 2.08173678345563e+00 3.02668513213700e-04
3.23000000000000e+00 2.09057413241393e+00 2.09027163675968e+00 3.02495654249668e-04
3.23500000000000e+00 2.09626982176391e+00 2.09596975652967e+00 3.00065234231983e-04
3.24000000000000e+00 2.09906213029405e+00 2.09876666410972e+00 2.95466184329296e-04
3.24500000000000e+00 2.09890521195845e+00 2.09861633762302e+00 2.88874335432787e-04
3.25000000000000e+00 2.09577205103279e+00 2.09549150281253e+00 2.80548220258581e-04
3.25500000000000e+00 2.08965462950380e+00 2.08938380815405e+00 2.70821349752204e-04
3.26000000000000e+00 2.08056397432468e+00 2.08030388316029e+00 2.60091164389298e-04
3.26500000000000e+00 2.06853008452538e+00 2.06828127951470e+00 2.48805010676811e-04
3.27000000000000e+00 2.05360173902860e+00 2.05336429539657e+00 2.37443632027823e-04
3.27500000000000e+00 2.03584618686388e+00 2.03561968407860e+00 2.26502785278804e-04
3.28000000000000e+00 2.01534872228568e+00 2.01513224859221e+00 2.16473693470665e-04
3.28500000000000e+00 1.99221214807368e+00 1.99200432495795e+00 2.07823115727424e-04
3.29000000000000e+00 1.96655613102019e+00 1.96635515716554e+00 2.00973854644459e-04
3.29500000000000e+00 1.93851645428115e+00 1.93832016775567e+00 1.96286525475653e-04
3.30000000000000e+00 1.90824417187895e+00 1.90805012849909e+00 1.94043379861064e-04
3.30500000000000e+00 1.87590467119554e+00 1.87571023628479e+00 1.94434910758767e-04
3.31000000000000e+00 1.84167664977848e+00 1.84147909991323e+00 1.97549865249780e-04
3.31500000000000e+00 1.80575101320356e+00 1.80554764404025e+00 2.03369163307210e-04
3.32000000000000e+00 1.76832970109527e+00 1.76811793702778e+00 2.11764067488351e-04
3.32500000000000e+00 1.72962444870470e+00 1.72940194992690e+00 2.22498777795899e-04
3.33000000000000e+00 1.68985549168648e+00 1.68962025424335e+00 2.35237443129144e-04
3.33500000000000e+00 1.64925022191011e+00 1.64900066651302e+00 2.49555397089818e-04
3.34000000000000e+00 1.60804180228792e+00 1.60777684804301e+00 2.64954244915128e-04
3.34500000000000e+00 1.56646774871064e+00 1.56618686845015e+00 2.80880260486116e-04
3.35000000000000e+00 1.52476848725986e+00 1.52447174185243e+00 2.96745407433185e-04
3.35500000000000e+00 1.48318589491119e+00 1.48287394473692e+00 3.11950174276099e-04
3.36000000000000e+00 1.44196183197042e+00 1.44163592464142e+00 3.25907328997399e-04
3.36500000000000e+00 1.40133667448696e+00 1.40099860884315e+00 3.38065643815444e-04
3.37000000000000e+00 1.36154785487719e+00 1.36119992224821e+00 3.47932628981473e-04
3.37500000000000e+00 1.32282841895970e+00 1.32247332361862e+00 3.55095341084910e-04
3.38000000000000e+00 1.28540560755689e+00 1.28504636916086e+00 3.59238396034023e-04
3.38500000000000e+00 1.24949947075162e+00 1.24913931233114e+00 3.60158420471102e-04
3.39000000000000e+00 1.21532152279731e+00 1.21496374848942e+00 3.57774307889080e-04
3.39500000000000e+00 1.18307344556615e+00 1.18272131275752e+00 3.52132808621564e-04
3.40000000000000e+00 1.15294584827337e+00 1.15260243910916e+00 3.43409164208275e-04
3.40500000000000e+00 1.12511709103243e+00 1.12478518834171e+00 3.31902690728025e-04
3.41000000000000e+00 1.09975217957266e+00 1.09943415215529e+00 3.18027417375966e-04
3.41500000000000e+00 1.07700173817651e+00 1.07669944009537e+00 3.02298081148233e-04
3.42000000000000e+00 1.05700106757072e+00 1.05671575560428e+00 2.85311966443436e-04
3.42500000000000e+00 1.03986929412211e+00 1.03960156687779e+00 2.67727244320559e-04
3.43000000000000e+00 1.02570861624768e+00 1.02545837763829e+00 2.50238609395215e-04
3.43500000000000e+00 1.01460365344330e+00 1.01437010232018e+00 2.33551123124176e-04
3.44000000000000e+00 1.00662090276837e+00 1.00640254951957e+00 2.18353248805592e-04
3.44500000000000e+00 1.00180830699512e+00 1.00160301689261e+00 2.05290102516464e-04
3.45000000000000e+00 1.00019493794220e+00 1.00000000000000e+00 1.94937942199047e-04
3.45500000000000e+00 1.00179079777046e+00 1.00160301689261e+00 1.87780877856314e-04
3.46000000000000e+00 1.00658674022738e+00 1.00640254951956e+00 1.84190707818832e-04
3.46500000000000e+00 1.01455451299381e+00 1.01437010232018e+00 1.84410673630175e-04
3.47000000000000e+00 1.02564692142337e+00 1.02545837763829e+00 1.88543785081485e-04
3.47500000000000e+00 1.03979811307775e+00 1.03960156687779e+00 1.96546199956682e-04
3.48000000000000e+00 1.05692398156364e+00 1.05671575560427e+00 2.08225959366981e-04
3.48500000000000e+00 1.07692268727832e+00 1.07669944009536e+00 2.23247182959518e-04
3.49000000000000e+00 1.09967529178645e+00 1.09943415215529e+00 2.41139631166565e-04
3.49500000000000e+00 1.12504650168514e+00 1.12478518834171e+00 2.61313343433933e-04
3.50000000000000e+00 1.15288551698688e+00 1.15260243910915e+00 2.83077877727633e-04
3.50500000000000e+00 1.18302697826552e+00 1.18272131275752e+00 3.05665508001596e-04
3.51000000000000e+00 1.21529200607996e+00 1.21496374848942e+00 3.28257590540559e-04
3.51500000000000e+00 1.24948932552408e+00 1.24913931233114e+00 3.50013192938370e-04
3.52000000000000e+00 1.28541646815543e+00 1.28504636916085e+00 3.70098994574075e-04
3.52500000000000e+00 1.32286104303313e+00 1.32247332361861e+00 3.87719414512322e-04
3.53000000000000e+00 1.36160206815830e+00 1.36119992224821e+00 4.02145910091356e-04
3.53500000000000e+00 1.40141135325197e+00 1.40099860884315e+00 4.12744408820220e-04
3.54000000000000e+00 1.44205492453533e+00 1.44163592464141e+00 4.18999893923466e-04
3.54500000000000e+00 1.48329448199145e+00 1.48287394473691e+00 4.20537254542719e-04
3.55000000000000e+00 1.52488887948222e+00 1.52447174185242e+00 4.17137629802555e-04
3.55500000000000e+00 1.56659561807523e+00 1.56618686845015e+00 4.08749625078864e-04
3.56000000000000e+00 1.60817234298725e+00 1.60777684804300e+00 3.95494944254393e-04
3.56500000000000e+00 1.64937833467832e+00 1.64900066651302e+00 3.77668165298495e-04
3.57000000000000e+00 1.68997598482411e+00 1.68962025424335e+00 3.55730580763325e-04
3.57500000000000e+00 1.72973224814639e+00 1.72940194992690e+00 3.30298219493486e-04
3.58000000000000e+00 1.76842006138884e+00 1.76811793702778e+00 3.02124361062583e-04
3.58500000000000e+00 1.80581972107900e+00 1.80554764404025e+00 2.72077038753427e-04
3.59000000000000e+00 1.84172021211109e+00 1.84147909991322e+00 2.41112197865823e-04
3.59500000000000e+00 1.87592047961050e+00 1.87571023628478e+00 2.10243325717174e-04
3.60000000000000e+00 1.90823063699593e+00 1.90805012849909e+00 1.80508496840925e-04
3.60500000000000e+00 1.93847310362808e+00 1.93832016775567e+00 1.52935872408388e-04
3.61000000000000e+00 1.96648366592515e+00 1.96635515716554e+00 1.28508759608570e-04
3.61500000000000e+00 1.99211245632476e+00 1.99200432495795e+00 1.08131366811426e-04
3.62000000000000e+00 2.01522484497929e+00 2.01513224859221e+00 9.25963870779256e-05
3.62500000000000e+00 2.03570223958179e+00 2.03561968407860e+00 8.25555031944702e-05
3.63000000000000e+00 2.05344278922920e+00 2.05336429539657e+00 7.84938326305884e-05
3.63500000000000e+00 2.06836198874013e+00 2.06828127951470e+00 8.07092254295760e-05
3.64000000000000e+00 2.08039318034989e+00 2.08030388316029e+00 8.92971896062633e-05
3.64500000000000e+00 2.08948795021225e+00 2.08938380815405e+00 1.04142058195755e-04
3.65000000000000e+00 2.09561641763730e+00 2.09549150281253e+00 1.24914824769284e-04
3.65500000000000e+00 2.09876741549843e+00 2.09861633762302e+00 1.51077875407246e-04
3.66000000000000e+00 2.09894856074156e+00 2.09876666410972e+00 1.81896631835432e-04
3.66500000000000e+00 2.09618621443454e+00 2.09596975652967e+00 2.16457904868239e-04
3.67000000000000e+00 2.09052533130050e+00 2.09027163675968e+00 2.53694540814919e-04
3.67500000000000e+00 2.08202919919500e+00 2.08173678345563e+00 2.92415739372220e-04
3.68000000000000e+00 2.07077906950492e+00 2.07044772727895e+00 3.31342225969422e-04
3.68500000000000e+00 2.05687367998021e+00 2.05650453468774e+00 3.69145292472339e-04
3.69000000000000e+00 2.04042867204940e+00 2.04002418347677e+00 4.04488572626871e-04
3.69500000000000e+00 2.02157590522232e+00 2.02113983391842e+00 4.36071303898888e-04
3.70000000000000e+00 2.00046267174812e+00 2.00000000000000e+00 4.62671748119092e-04
3.70500000000000e+00 1.97725081526952e+00 1.97676762586894e+00 4.83189400587225e-04
3.71000000000000e+00 1.95211575779895e+00 1.95161907318189e+00 4.96684617055099e-04
3.71500000000000e+00 1.92524543993051e+00 1.92474302560309e+00 5.02414327424372e-04
3.72000000000000e+00 1.89683917979559e+00 1.89633931720795e+00 4.99862587642674e-04
3.72500000000000e+00 1.86710645685893e+00 1.86661769201745e+00 4.88764841477751e-04
3.73000000000000e+00 1.83626562723862e+00 1.83579650231313e+00 4.69124925490672e-04
3.73500000000000e+00 1.80454257780128e+00 1.80410135376010e+00 4.41224041177746e-04
3.74000000000000e+00 1.77216932683665e+00 1.77176370569363e+00 4.05621143018564e-04
3.74500000000000e+00 1.73938257963752e+00 1.73901943520098e+00 3.63144436534846e-04
3.75000000000000e+00 1.70642224779662e+00 1.70610737385376e+00 3.14873942859339e-04
3.75500000000000e+00 1.67352994147498e+00 1.67326782611444e+00 2.62115360540660e-04
3.76000000000000e+00 1.64094744428375e+00 1.64074107855382e+00 2.06365729929381e-04
3.76500000000000e+00 1.60891518074876e+00 1.60876590907298e+00 1.49271675780049e-04
3.77000000000000e+00 1.57767068658116e+00 1.57757810532303e+00 9.25812581262786e-05
3.77500000000000e+00 1.54744709215783e+00 1.54740900145948e+00 3.80906983421525e-05
3.78000000000000e+00 1.51847162970523e+00 1.51848404225504e+00 1.24125498091043e-05
3.78500000000000e+00 1.49096417468381e+00 1.49102138342582e+00 5.72087420134260e-05
3.79000000000000e+00 1.46513583177310e+00 1.46523053680291e+00 9.47050298092389e-05
3.79500000000000e+00 1.44118757566407e+00 1.44131106870462e+00 1.23493040556699e-04
3.80000000000000e+00 1.41930895656597e+00 1.41945135953695e+00 1.42402970985112e-04
3.80500000000000e+00 1.39967687993652e+00 1.39982743227203e+00 1.50552335511867e-04
3.81000000000000e+00 1.38245446944087e+00 1.38260185702999e+00 1.47387589120473e-04
3.81500000000000e+00 1.36779002154328e+00 1.36792273852040e+00 1.32716977125025e-04
3.82000000000000e+00 1.35581605944015e+00 1.35592279258843e+00 1.06733148272475e-04
3.82500000000000e+00 1.34664849325740e+00 1.34671851756181e+00 7.00243044087223e-05
3.83000000000000e+00 1.34038589256981e+00 1.34040946551008e+00 2.35729402688900e-05
3.83500000000000e+00 1.33710887636212e+00 1.33707761791153e+00 3.12584505857139e-05
3.84000000000000e+00 1.33687962455264e+00 1.33678686957979e+00 9.27549728526600e-05
3.84500000000000e+00 1.33974151415135e+00 1.33958262403436e+00 1.58890116983779e-04
3.85000000000000e+00 1.34571888203849e+00 1.34549150281253e+00 2.27379225959723e-04
3.85500000000000e+00 1.35481691523994e+00 1.35452117051728e+00 2.95744722653701e-04
3.86000000000000e+00 1.36702166845521e+00 1.36666027668282e+00 3.61391772396358e-04
3.86500000000000e+00 1.38230020747886e+00 1.38187851481848e+00 4.21692660383499e-04
3.87000000000000e+00 1.40060087605703e+00 1.40012679826999e+00 4.74077787037785e-04
3.87500000000000e+00 1.42185368265463e+00 1.42133755181640e+00 5.16130838225770e-04
3.88000000000000e+00 1.44597080258725e+00 1.44542511720754e+00 5.45685379704786e-04
3.88500000000000e+00 1.47284719000678e+00 1.47228627014469e+00 5.60919862087061e-04
3.89000000000000e+00 1.50236129333494e+00 1.50180084551966e+00 5.60447815274312e-04
3.89500000000000e+00 1.53437586692108e+00 1.53383246706028e+00 5.43399860801097e-04
3.90000000000000e+00 1.56873887097303e+00 1.56822937688661e+00 5.09494086424311e-04
3.90500000000000e+00 1.60528445117696e+00 1.60482535986612e+00 4.59091310847093e-04
3.91000000000000e+00 1.64383398889067e+00 1.64344075707161e+00 3.93231819057815e-04
3.91500000000000e+00 1.68419721237181e+00 1.68388356209650e+00 3.13650275308941e-04
3.92000000000000e+00 1.72617335918489e+00 1.72595059347097e+00 2.22765713919326e-04
3.92500000000000e+00 1.76955237972860e+00 1.76942873595353e+00 1.23643775068016e-04
3.93000000000000e+00 1.81411617172869e+00 1.81409624304787e+00 1.99286808262311e-05
3.93500000000000e+00 1.85963983555507e+00 1.85972409271722e+00 8.42571621544330e-05
3.94000000000000e+00 1.90589294034095e+00 1.90607738794081e+00 1.84447599868021e-04
3.94500000000000e+00 1.95264079109845e+00 1.95291679348016e+00 2.76002381713658e-04
3.95000000000000e+00 1.99964568733818e+00 2.00000000000000e+00 3.54312661814626e-04
3.95500000000000e+00 2.04666816409948e+00 2.04708320651983e+00 4.15042420358169e-04
3.96000000000000e+00 2.09346820677448e+00 2.09392261205918e+00 4.54405284697756e-04
3.96500000000000e+00 2.13980643165941e+00 2.14027590728278e+00 4.69475623374294e-04
3.97000000000000e+00 2.18544522477339e+00 2.18590375695213e+00 4.58532178744253e-04
3.97500000000000e+00 2.23014983214756e+00 2.23057126404647e+00 4.21431898913749e-04
3.98000000000000e+00 2.27368939548597e+00 2.27404940652903e+00 3.60011043060826e-04
3.98500000000000e+00 2.31583792783425e+00 2.31611643790350e+00 2.78510069249283e-04
3.99000000000000e+00 2.35637522464477e+00 2.35655924292839e+00 1.84018283612808e-04
3.99500000000000e+00 2.39508770639082e+00 2.39517464013388e+00 8.69337430660089e-05
4.00000000000000e+00 2.43176918965131e+00 2.43177062311338e+00 1.43346207304162e-06
