variables = x, value-predict, value-true, error
0.00000000000000e+00 2.43160719529793e+00 2.43177062311339e+00 1.63427815457862e-04
5.00000000000000e-03 2.46599899119864e+00 2.46616753293972e+00 1.68541741079054e-04
1.00000000000000e-02 2.49802742973031e+00 2.49819915448034e+00 1.71724750027913e-04
1.50000000000000e-02 2.52754226388762e+00 2.52771372985530e+00 1.71465967678142e-04
2.00000000000000e-02 2.55440718744016e+00 2.55457488279246e+00 1.67695352298658e-04
2.50000000000000e-02 2.57850122650713e+00 2.57866244818360e+00 1.61221676464596e-04
3.00000000000000e-02 2.59971993534522e+00 2.59987320173000e+00 1.53266384787187e-04
3.50000000000000e-02 2.61797638325218e+00 2.61812148518152e+00 1.45101929347025e-04
4.00000000000000e-02 2.63320192600361e+00 2.63333972331718e+00 1.37797313574772e-04
4.50000000000000e-02 2.64534676209506e+00 2.64547882948272e+00 1.32067387656587e-04
5.00000000000000e-02 2.65438028088800e+00 2.65450849718747e+00 1.28216299474015e-04
5.50000000000000e-02 2.66029121608547e+00 2.66041737596564e+00 1.26159880169840e-04
6.00000000000000e-02 2.66308762324609e+00 2.66321313042021e+00 1.25507174128625e-04
6.50000000000000e-02 2.66279670372347e+00 2.66292238208847e+00 1.25678364994553e-04
7.00000000000000e-02 2.65946449900160e+00 2.65959053448992e+00 1.26035488315690e-04
7.50000000000000e-02 2.65315547857506e+00 2.65328148243819e+00 1.26003863124780e-04
8.00000000000000e-02 2.64395204127192e+00 2.64407720741157e+00 1.25166139649746e-04
8.50000000000000e-02 2.63195394457476e+00 2.63207726147960e+00 1.23316904839132e-04
9.00000000000000e-02 2.61727766978750e+00 2.61739814297001e+00 1.20473182511294e-04
9.50000000000000e-02 2.60005572386635e+00 2.60017256772797e+00 1.16843861622140e-04
1.00000000000000e-01 2.58043587259529e+00 2.58054864046305e+00 1.12767867761487e-04
1.05000000000000e-01 2.55858029569220e+00 2.55868893129538e+00 1.08635603181195e-04
1.10000000000000e-01 2.53466465321504e+00 2.53476946319709e+00 1.04809982049314e-04
1.15000000000000e-01 2.50887705458998e+00 2.50897861657418e+00 1.01561984199527e-04
1.20000000000000e-01 2.48141692633790e+00 2.48151595774496e+00 9.90314070583587e-05
1.25000000000000e-01 2.45249378114033e+00 2.45259099854052e+00 9.72174001852011e-05
1.30000000000000e-01 2.42232589784945e+00 2.42242189467697e+00 9.59968275191514e-05
1.35000000000000e-01 2.39113892791744e+00 2.39123409092702e+00 9.51630095737954e-05
1.40000000000000e-01 2.35916444730193e+00 2.35925892144618e+00 9.44741442476804e-05
1.45000000000000e-01 2.32663847361493e+00 2.32673217388556e+00 9.37002706291601e-05
1.50000000000000e-01 2.29379996630335e+00 2.29389262614624e+00 9.26598428883096e-05
1.55000000000000e-01 2.26088932384919e+00 2.26098056479902e+00 9.12409498274869e-05
1.60000000000000e-01 2.22814688764021e+00 2.22823629430637e+00 8.94066661651927e-05
1.65000000000000e-01 2.19581145857454e+00 2.19589864623990e+00 8.71876653616432e-05
1.70000000000000e-01 2.16411883052781e+00 2.16420349768687e+00 8.46671590584158e-05
1.75000000000000e-01 2.13330034478071e+00 2.13338230798255e+00 8.19632018411731e-05
1.80000000000000e-01 2.10358147095306e+00 2.10366068279205e+00 7.92118389929541e-05
1.85000000000000e-01 2.07518042201426e+00 2.07525697439691e+00 7.65523826542491e-05
1.90000000000000e-01 2.04830681252614e+00 2.04838092681811e+00 7.41142919671312e-05
1.95000000000000e-01 2.02316036968808e+00 2.02323237413107e+00 7.20044429871614e-05
2.00000000000000e-01 1.99992970580669e+00 2.00000000000000e+00 7.02941933119483e-05
2.05000000000000e-01 1.97879115890845e+00 1.97886016608158e+00 6.90071731332953e-05
2.10000000000000e-01 1.95990770616042e+00 1.95997581652323e+00 6.81103628108470e-05
2.15000000000000e-01 1.94342795342806e+00 1.94349546531226e+00 6.75118841948485e-05
2.20000000000000e-01 1.92948520425124e+00 1.92955227272105e+00 6.70684698040880e-05
2.25000000000000e-01 1.91819661280547e+00 1.91826321654437e+00 6.66037389034368e-05
2.30000000000000e-01 1.90966242754536e+00 1.90972836324032e+00 6.59356949537226e-05
2.35000000000000e-01 1.90396533436135e+00 1.90403024347033e+00 6.49091089806042e-05
2.40000000000000e-01 1.90116990934030e+00 1.90123333589028e+00 6.34265499754871e-05
2.45000000000000e-01 1.90132219098502e+00 1.90138366237698e+00 6.14713919624421e-05
2.50000000000000e-01 1.90444937984306e+00 1.90450849718747e+00 5.91173444135507e-05
2.55000000000000e-01 1.91055967021854e+00 1.91061619184595e+00 5.65216274064362e-05
2.60000000000000e-01 1.91964221463614e+00 1.91969611683971e+00 5.39022035750403e-05
2.65000000000000e-01 1.93166721778036e+00 1.93171872048530e+00 5.15027049337036e-05
2.70000000000000e-01 1.94658615345839e+00 1.94663570460343e+00 4.95511450400166e-05
2.75000000000000e-01 1.96433209621014e+00 1.96438031592140e+00 4.82197112643412e-05
2.80000000000000e-01 1.98482015868634e+00 1.98486775140779e+00 4.75927214504956e-05
2.85000000000000e-01 2.00794802670506e+00 2.00799567504205e+00 4.76483369893366e-05
2.90000000000000e-01 2.03359658562498e+00 2.03364484283446e+00 4.82572094755440e-05
2.95000000000000e-01 2.06163063385739e+00 2.06167983224433e+00 4.91983869377322e-05
3.00000000000000e-01 2.09189968147901e+00 2.09194987150091e+00 5.01900219043172e-05
3.05000000000000e-01 2.12423883356802e+00 2.12428976371522e+00 5.09301471929291e-05
3.10000000000000e-01 2.15846975875723e+00 2.15852090008677e+00 5.11413295432028e-05
3.15000000000000e-01 2.19440174342265e+00 2.19445235595975e+00 5.06125370964838e-05
3.20000000000000e-01 2.23183283090177e+00 2.23188206297222e+00 4.92320704421623e-05
3.25000000000000e-01 2.27055104329480e+00 2.27059805007310e+00 4.70067782938344e-05
3.30000000000000e-01 2.31033568098231e+00 2.31037974575665e+00 4.40647743440437e-05
3.35000000000000e-01 2.35095869229357e+00 2.35099933348698e+00 4.06411934159578e-05
3.40000000000000e-01 2.39218610310421e+00 2.39222315195700e+00 3.70488527896562e-05
3.45000000000000e-01 2.43377949383366e+00 2.43381313154985e+00 3.36377161906931e-05
3.50000000000000e-01 2.47549750960516e+00 2.47552825814758e+00 3.07485424184684e-05
3.55000000000000e-01 2.51709738839768e+00 2.51712605526309e+00 2.86668654103650e-05
3.60000000000000e-01 2.55833649194040e+00 2.55836407535859e+00 2.75834181882040e-05
3.65000000000000e-01 2.59897382485773e+00 2.59900139115685e+00 2.75662991255921e-05
3.70000000000000e-01 2.63877152905525e+00 2.63880007775179e+00 2.85486965356796e-05
3.75000000000000e-01 2.67749634235610e+00 2.67752667638138e+00 3.03340252809647e-05
3.80000000000000e-01 2.71492101271262e+00 2.71495363083915e+00 3.26181265251080e-05
3.85000000000000e-01 2.75082566166280e+00 2.75086068766886e+00 3.50260060568708e-05
3.90000000000000e-01 2.78499909281491e+00 2.78503625151058e+00 3.71586956720016e-05
3.95000000000000e-01 2.81724004279634e+00 2.81727868724248e+00 3.86444461359936e-05
4.00000000000000e-01 2.84735837312241e+00 2.84739756089084e+00 3.91877684320363e-05
4.05000000000000e-01 2.87517620172679e+00 2.87521481165829e+00 3.86099315012878e-05
4.10000000000000e-01 2.90052897243320e+00 2.90056584784471e+00 3.68754115127601e-05
4.15000000000000e-01 2.92326645950921e+00 2.92330055990464e+00 3.41003954238417e-05
4.20000000000000e-01 2.94325370278533e+00 2.94328424439572e+00 3.05416103909550e-05
4.25000000000000e-01 2.96037186687738e+00 2.96039843312221e+00 2.65662448266646e-05
4.30000000000000e-01 2.97451901610573e+00 2.97454162236171e+00 2.26062559871565e-05
4.35000000000000e-01 2.98561079508091e+00 2.98562989767982e+00 1.91025989146887e-05
4.40000000000000e-01 2.99358100393638e+00 2.99359745048043e+00 1.64465440586348e-05
4.45000000000000e-01 2.99838205710605e+00 2.99839698310739e+00 1.49260013397878e-05
4.50000000000000e-01 2.99998531554463e+00 3.00000000000000e+00 1.46844553667869e-05
4.55000000000000e-01 2.99838128441596e+00 2.99839698310739e+00 1.56986914388035e-05
4.60000000000000e-01 2.99357967140727e+00 2.99359745048043e+00 1.77790731670235e-05
4.65000000000000e-01 2.98560930467138e+00 2.98562989767982e+00 2.05930084411499e-05
4.70000000000000e-01 2.97451791351226e+00 2.97454162236171e+00 2.37088494512427e-05
4.75000000000000e-01 2.96037177878143e+00 2.96039843312221e+00 2.66543407807518e-05
4.80000000000000e-01 2.94325526300952e+00 2.94328424439572e+00 2.89813862064392e-05
4.85000000000000e-01 2.92327023212545e+00 2.92330055990464e+00 3.03277791839918e-05
4.90000000000000e-01 2.90053538097169e+00 2.90056584784471e+00 3.04668730204405e-05
4.95000000000000e-01 2.87518547371779e+00 2.87521481165829e+00 2.93379405080785e-05
5.00000000000000e-01 2.84737050797639e+00 2.84739756089084e+00 2.70529144517084e-05
5.05000000000000e-01 2.81725480842642e+00 2.81727868724248e+00 2.38788160564773e-05
5.10000000000000e-01 2.78501605265734e+00 2.78503625151058e+00 2.01988532424480e-05
5.15000000000000e-01 2.75084422938227e+00 2.75086068766886e+00 1.64582865878060e-05
5.20000000000000e-01 2.71494052762158e+00 2.71495363083915e+00 1.31032175700874e-05
5.25000000000000e-01 2.67751615522070e+00 2.67752667638138e+00 1.05211606875599e-05
5.30000000000000e-01 2.63879108617230e+00 2.63880007775179e+00 8.99157949119100e-06
5.35000000000000e-01 2.59899273845791e+00 2.59900139115685e+00 8.65269893912668e-06
5.40000000000000e-01 2.55835458712012e+00 2.55836407535859e+00 9.48823846425029e-06
5.45000000000000e-01 2.51711472054044e+00 2.51712605526309e+00 1.13347226480265e-05
5.50000000000000e-01 2.47551435094716e+00 2.47552825814758e+00 1.39072004134988e-05
5.55000000000000e-01 2.43379629261192e+00 2.43381313154985e+00 1.68389379258116e-05
5.60000000000000e-01 2.39220342275158e+00 2.39222315195700e+00 1.97292054213705e-05
5.65000000000000e-01 2.35097714073071e+00 2.35099933348698e+00 2.21927562704671e-05
5.70000000000000e-01 2.31035584080756e+00 2.31037974575665e+00 2.39049490926568e-05
5.75000000000000e-01 2.27057341254702e+00 2.27059805007310e+00 2.46375260783971e-05
5.80000000000000e-01 2.23185778137343e+00 2.23188206297222e+00 2.42815987876455e-05
5.85000000000000e-01 2.19442949981223e+00 2.19445235595975e+00 2.28561475150713e-05
5.90000000000000e-01 2.15850039801251e+00 2.15852090008677e+00 2.05020742591877e-05
5.95000000000000e-01 2.12427230034513e+00 2.12428976371522e+00 1.74633700873450e-05
6.00000000000000e-01 2.09193581336436e+00 2.09194987150091e+00 1.40581365513093e-05
6.05000000000000e-01 2.06166918927128e+00 2.06167983224433e+00 1.06429730499791e-05
6.10000000000000e-01 2.03363726823538e+00 2.03364484283446e+00 7.57459907863023e-06
6.15000000000000e-01 2.00799050248577e+00 2.00799567504205e+00 5.17255627663360e-06
6.20000000000000e-01 1.98486406491743e+00 1.98486775140779e+00 3.68649035942248e-06
6.25000000000000e-01 1.96437704500232e+00 1.96438031592140e+00 3.27091907870170e-06
6.30000000000000e-01 1.94663173498126e+00 1.94663570460343e+00 3.96962217319441e-06
6.35000000000000e-01 1.93171300957636e+00 1.93171872048530e+00 5.71090893575210e-06
6.40000000000000e-01 1.91968780275245e+00 1.91969611683971e+00 8.31408726598148e-06
6.45000000000000e-01 1.91060468532040e+00 1.91061619184595e+00 1.15065255523739e-05
6.50000000000000e-01 1.90449354737315e+00 1.90450849718747e+00 1.49498143195981e-05
6.55000000000000e-01 1.90136538963133e+00 1.90138366237698e+00 1.82727456499165e-05
6.60000000000000e-01 1.90121222770422e+00 1.90123333589028e+00 2.11081860559403e-05
6.65000000000000e-01 1.90400711299480e+00 1.90403024347033e+00 2.31304755222705e-05
6.70000000000000e-01 1.90970427344679e+00 1.90972836324032e+00 2.40897935248618e-05
6.75000000000000e-01 1.91823937650815e+00 1.91826321654437e+00 2.38400362209124e-05
6.80000000000000e-01 1.92952991554616e+00 1.92955227272105e+00 2.23571748836360e-05
6.85000000000000e-01 1.94347571949648e+00 1.94349546531226e+00 1.97458157757957e-05
6.90000000000000e-01 1.95995958380031e+00 1.95997581652323e+00 1.62327229191739e-05
6.95000000000000e-01 1.97884801875594e+00 1.97886016608158e+00 1.21473256420312e-05
7.00000000000000e-01 1.99999210939798e+00 2.00000000000000e+00 7.89060202199821e-06
7.05000000000000e-01 2.02322847906586e+00 2.02323237413106e+00 3.89506520193095e-06
7.10000000000000e-01 2.04838034709498e+00 2.04838092681811e+00 5.79723128169007e-07
7.15000000000000e-01 2.07525866971985e+00 2.07525697439691e+00 1.69532293936570e-06
7.20000000000000e-01 2.10366335245297e+00 2.10366068279205e+00 2.66966091322374e-06
7.25000000000000e-01 2.13338452198098e+00 2.13338230798255e+00 2.21399843480796e-06
7.30000000000000e-01 2.16420384602125e+00 2.16420349768687e+00 3.48334375122050e-07
7.35000000000000e-01 2.19589589054740e+00 2.19589864623990e+00 2.75569250041130e-06
7.40000000000000e-01 2.22822950519026e+00 2.22823629430637e+00 6.78911611018407e-06
7.45000000000000e-01 2.26096922925319e+00 2.26098056479902e+00 1.13355458273290e-05
7.50000000000000e-01 2.29387671241635e+00 2.29389262614624e+00 1.59137298814116e-05
7.55000000000000e-01 2.32671214560300e+00 2.32673217388556e+00 2.00282825630893e-05
7.60000000000000e-01 2.35923569843290e+00 2.35925892144618e+00 2.32230132835021e-05
7.65000000000000e-01 2.39120896004516e+00 2.39123409092702e+00 2.51308818541851e-05
7.70000000000000e-01 2.42239637976977e+00 2.42242189467697e+00 2.55149071985983e-05
7.75000000000000e-01 2.45256670319418e+00 2.45259099854052e+00 2.42953463409634e-05
7.80000000000000e-01 2.48149439772979e+00 2.48151595774496e+00 2.15600151673989e-05
7.85000000000000e-01 2.50896106002642e+00 2.50897861657418e+00 1.75565477560369e-05
7.90000000000000e-01 2.53475679575143e+00 2.53476946319709e+00 1.26674456675246e-05
7.95000000000000e-01 2.55868156059500e+00 2.55868893129538e+00 7.37070038248078e-06
8.00000000000000e-01 2.58054645011252e+00 2.58054864046305e+00 2.19035052584360e-06
8.05000000000000e-01 2.60017492534511e+00 2.60017256772797e+00 2.35761713485161e-06
8.10000000000000e-01 2.61740396117388e+00 2.61739814297001e+00 5.81820386891252e-06
8.15000000000000e-01 2.63208510508324e+00 2.63207726147960e+00 7.84360364169956e-06
8.20000000000000e-01 2.64408543537442e+00 2.64407720741157e+00 8.22796284749572e-06
8.25000000000000e-01 2.65328840975655e+00 2.65328148243819e+00 6.92731836027249e-06
8.30000000000000e-01 2.65959459747372e+00 2.65959053448992e+00 4.06298380806192e-06
8.35000000000000e-01 2.66292229050496e+00 2.66292238208847e+00 9.15835056680692e-08
8.40000000000000e-01 2.66320799170068e+00 2.66321313042021e+00 5.13871953033984e-06
8.45000000000000e-01 2.66040677981892e+00 2.66041737596564e+00 1.05961467227189e-05
8.50000000000000e-01 2.65449255315857e+00 2.65450849718747e+00 1.59440289051460e-05
8.55000000000000e-01 2.64545815476868e+00 2.64547882948272e+00 2.06747140345520e-05
8.60000000000000e-01 2.63331538300630e+00 2.63333972331718e+00 2.43403108797224e-05
8.65000000000000e-01 2.61809489154051e+00 2.61812148518153e+00 2.65936410173140e-05
8.70000000000000e-01 2.59984598281736e+00 2.59987320173000e+00 2.72189126420130e-05
8.75000000000000e-01 2.57863629860889e+00 2.57866244818360e+00 2.61495747109208e-05
8.80000000000000e-01 2.55455141068642e+00 2.55457488279246e+00 2.34721060374810e-05
8.85000000000000e-01 2.52769431401393e+00 2.52771372985530e+00 1.94158413671097e-05
8.90000000000000e-01 2.49818482427260e+00 2.49819915448034e+00 1.43302077333374e-05
8.95000000000000e-01 2.46615888111262e+00 2.46616753293972e+00 8.65182709963719e-06
9.00000000000000e-01 2.43176775836534e+00 2.43177062311339e+00 2.86474804855885e-06
9.05000000000000e-01 2.39517718259115e+00 2.39517464013388e+00 2.54245726560853e-06
9.10000000000000e-01 2.35656636180510e+00 2.35655924292839e+00 7.11887671389633e-06
9.15000000000000e-01 2.31612692699987e+00 2.31611643790350e+00 1.04890963701365e-05
9.20000000000000e-01 2.27406179012947e+00 2.27404940652903e+00 1.23836004433109e-05
9.25000000000000e-01 2.23058392345931e+00 2.23057126404647e+00 1.26594128455615e-05
9.30000000000000e-01 2.18591506654325e+00 2.18590375695213e+00 1.13095911165040e-05
9.35000000000000e-01 2.14028436846350e+00 2.14027590728277e+00 8.46118072894697e-06
9.40000000000000e-01 2.09392697427264e+00 2.09392261205918e+00 4.36221345712084e-06
9.45000000000000e-01 2.04708256572436e+00 2.04708320651983e+00 6.40795476680722e-07
9.50000000000000e-01 1.99999386730602e+00 2.00000000000000e+00 6.13269398286320e-06
9.55000000000000e-01 1.95290512924182e+00 1.95291679348017e+00 1.16642383480858e-05
9.60000000000000e-01 1.90606059949798e+00 1.90607738794082e+00 1.67884428379228e-05
9.65000000000000e-01 1.85970299688801e+00 1.85972409271723e+00 2.10958292208296e-05
9.70000000000000e-01 1.81407199716258e+00 1.81409624304787e+00 2.42458852939276e-05
9.75000000000000e-01 1.76940274351096e+00 1.76942873595353e+00 2.59924425753955e-05
9.80000000000000e-01 1.72592439223989e+00 1.72595059347097e+00 2.62012310796589e-05
9.85000000000000e-01 1.68385870358491e+00 1.68388356209650e+00 2.48585115931732e-05
9.90000000000000e-01 1.64341868669719e+00 1.64344075707161e+00 2.20703744187034e-05
9.95000000000000e-01 1.60480730688790e+00 1.60482535986612e+00 1.80529782205507e-05
1.00000000000000e+00 1.56821626224553e+00 1.56822937688661e+00 1.31146410828897e-05
1.00500000000000e+00 1.53382483580912e+00 1.53383246706028e+00 7.63125116276520e-06
1.01000000000000e+00 1.50179882861341e+00 1.50180084551966e+00 2.01690625467599e-06
1.01500000000000e+00 1.47228957814648e+00 1.47228627014470e+00 3.30800178738322e-06
1.02000000000000e+00 1.44543306609252e+00 1.44542511720755e+00 7.94888497290813e-06
1.02500000000000e+00 1.42134911868550e+00 1.42133755181640e+00 1.15668690989779e-05
1.03000000000000e+00 1.40014070257491e+00 1.40012679827000e+00 1.39043049098841e-05
1.03500000000000e+00 1.38189331879938e+00 1.38187851481848e+00 1.48039809031442e-05
1.04000000000000e+00 1.36667449726657e+00 1.36666027668282e+00 1.42205837565523e-05
1.04500000000000e+00 1.35453339402564e+00 1.35452117051728e+00 1.22235083517275e-05
1.05000000000000e+00 1.34550049356509e+00 1.34549150281253e+00 8.99075256244330e-06
1.05500000000000e+00 1.33958741833691e+00 1.33958262403436e+00 4.79430255162505e-06
1.06000000000000e+00 1.33678684765499e+00 1.33678686957979e+00 2.19247970889569e-08
1.06500000000000e+00 1.33707254799868e+00 1.33707761791153e+00 5.06991284932035e-06
1.07000000000000e+00 1.34039951652453e+00 1.34040946551008e+00 9.94898555228829e-06
1.07500000000000e+00 1.34670423921126e+00 1.34671851756181e+00 1.42783505556743e-05
1.08000000000000e+00 1.35590506450287e+00 1.35592279258843e+00 1.77280855531148e-05
1.08500000000000e+00 1.36790269255237e+00 1.36792273852040e+00 2.00459680244069e-05
1.09000000000000e+00 1.38258077920142e+00 1.38260185702999e+00 2.10778285660851e-05
1.09500000000000e+00 1.39980665267357e+00 1.39982743227203e+00 2.07795984554782e-05
1.10000000000000e+00 1.41943213964512e+00 1.41945135953695e+00 1.92198918296249e-05
1.10500000000000e+00 1.44129449594051e+00 1.44131106870462e+00 1.65727641159297e-05
1.11000000000000e+00 1.46521743564690e+00 1.46523053680291e+00 1.31011560047245e-05
1.11500000000000e+00 1.49101225103457e+00 1.49102138342582e+00 9.13239124789023e-06
1.12000000000000e+00 1.51847901438950e+00 1.51848404225504e+00 5.02786553768786e-06
1.12500000000000e+00 1.54740785179424e+00 1.54740900145948e+00 1.14966523856452e-06
1.13000000000000e+00 1.57758027810340e+00 1.57757810532303e+00 2.17278036718227e-06
1.13500000000000e+00 1.60877058190291e+00 1.60876590907298e+00 4.67282992455686e-06
1.14000000000000e+00 1.64074724914555e+00 1.64074107855382e+00 6.17059172847156e-06
1.14500000000000e+00 1.67327441441520e+00 1.67326782611444e+00 6.58830075739303e-06
1.15000000000000e+00 1.70611332935364e+00 1.70610737385376e+00 5.95549987814081e-06
1.15500000000000e+00 1.73902383861930e+00 1.73901943520098e+00 4.40341832197433e-06
1.16000000000000e+00 1.77176585474153e+00 1.77176370569363e+00 2.14904790629689e-06
1.16500000000000e+00 1.80410082427537e+00 1.80410135376010e+00 5.29484726286000e-07
1.17000000000000e+00 1.83579317862722e+00 1.83579650231313e+00 3.32368591271504e-06
1.17500000000000e+00 1.86661176369718e+00 1.86661769201745e+00 5.92832027646040e-06
1.18000000000000e+00 1.89633124297452e+00 1.89633931720795e+00 8.07423342874536e-06
1.18500000000000e+00 1.92473346886539e+00 1.92474302560309e+00 9.55673769320597e-06
1.19000000000000e+00 1.95160881681112e+00 1.95161907318189e+00 1.02563707711223e-05
1.19500000000000e+00 1.97675747620157e+00 1.97676762586894e+00 1.01496673667878e-05
1.20000000000000e+00 1.99999069128355e+00 2.00000000000000e+00 9.30871644810871e-06
1.20500000000000e+00 2.02113194433332e+00 2.02113983391842e+00 7.88958510611337e-06
1.21000000000000e+00 2.04001807245708e+00 2.04002418347677e+00 6.11101968361893e-06
1.21500000000000e+00 2.05650030866754e+00 2.05650453468774e+00 4.22602020400120e-06
1.22000000000000e+00 2.07044523750882e+00 2.07044772727895e+00 2.48977013228568e-06
1.22500000000000e+00 2.08173565558567e+00 2.08173678345563e+00 1.12786995609682e-06
1.23000000000000e+00 2.09027132796037e+00 2.09027163675968e+00 3.08799312787045e-07
1.23500000000000e+00 2.09596963251936e+00 2.09596975652967e+00 1.24010312241296e-07
1.24000000000000e+00 2.09876608601472e+00 2.09876666410972e+00 5.78095004755141e-07
1.24500000000000e+00 2.09861474743417e+00 2.09861633762302e+00 1.59018884549056e-06
1.25000000000000e+00 2.09548849647698e+00 2.09549150281253e+00 3.00633554184415e-06
1.25500000000000e+00 2.08937918702168e+00 2.08938380815405e+00 4.62113237587047e-06
1.26000000000000e+00 2.08029767737630e+00 2.08030388316029e+00 6.20578398891070e-06
1.26500000000000e+00 2.06827374064000e+00 2.06828127951470e+00 7.53887470583692e-06
1.27000000000000e+00 2.05335585956510e+00 2.05336429539657e+00 8.43583147203120e-06
1.27500000000000e+00 2.03561091084119e+00 2.03561968407860e+00 8.77323740766656e-06
1.28000000000000e+00 2.01512374374883e+00 2.01513224859221e+00 8.50484337711066e-06
1.28500000000000e+00 1.99199665773608e+00 1.99200432495795e+00 7.66722186806845e-06
1.29000000000000e+00 1.96634878279705e+00 1.96635515716554e+00 6.37436849015849e-06
1.29500000000000e+00 1.93831536575117e+00 1.93832016775567e+00 4.80200449715085e-06
1.30000000000000e+00 1.90804696482009e+00 1.90805012849909e+00 3.16367899899639e-06
1.30500000000000e+00 1.87570855444609e+00 1.87571023628478e+00 1.68183869919680e-06
1.31000000000000e+00 1.84147854222508e+00 1.84147909991323e+00 5.57688151658908e-07
1.31500000000000e+00 1.80554770021954e+00 1.80554764404025e+00 5.61792905529046e-08
1.32000000000000e+00 1.76811801378625e+00 1.76811793702778e+00 7.67584691363510e-08
1.32500000000000e+00 1.72940145235145e+00 1.72940194992690e+00 4.97575447511167e-07
1.33000000000000e+00 1.68961866818138e+00 1.68962025424335e+00 1.58606197131483e-06
1.33500000000000e+00 1.64899763097196e+00 1.64900066651302e+00 3.03554105851589e-06
1.34000000000000e+00 1.60777220783814e+00 1.60777684804300e+00 4.64020486568018e-06
1.34500000000000e+00 1.56618069983352e+00 1.56618686845015e+00 6.16861663216284e-06
1.35000000000000e+00 1.52446434731198e+00 1.52447174185242e+00 7.39454044063059e-06
1.35500000000000e+00 1.48286581712962e+00 1.48287394473691e+00 8.12760729052009e-06
1.36000000000000e+00 1.44162768481071e+00 1.44163592464141e+00 8.23983070441514e-06
1.36500000000000e+00 1.40099092436317e+00 1.40099860884315e+00 7.68447997967492e-06
1.37000000000000e+00 1.36119341748706e+00 1.36119992224821e+00 6.50476114905096e-06
1.37500000000000e+00 1.32246849259396e+00 1.32247332361862e+00 4.83102465453911e-06
1.38000000000000e+00 1.28504350250334e+00 1.28504636916085e+00 2.86665751447757e-06
1.38500000000000e+00 1.24913844808578e+00 1.24913931233114e+00 8.64245360610028e-07
1.39000000000000e+00 1.21496465366062e+00 1.21496374848942e+00 9.05171200660249e-07
1.39500000000000e+00 1.18272349878295e+00 1.18272131275752e+00 2.18602543333724e-06
1.40000000000000e+00 1.15260521028587e+00 1.15260243910916e+00 2.77117671543259e-06
1.40500000000000e+00 1.12478771813444e+00 1.12478518834171e+00 2.52979273773768e-06
1.41000000000000e+00 1.09943557879290e+00 1.09943415215529e+00 1.42663761049100e-06
1.41500000000000e+00 1.07669897034203e+00 1.07669944009536e+00 4.69753337117851e-07
1.42000000000000e+00 1.05671276438671e+00 1.05671575560428e+00 2.99121756519583e-06
1.42500000000000e+00 1.03959568071264e+00 1.03960156687779e+00 5.88616515040385e-06
1.43000000000000e+00 1.02544953150896e+00 1.02545837763829e+00 8.84612933216289e-06
1.43500000000000e+00 1.01435856260383e+00 1.01437010232018e+00 1.15397163427122e-05
1.44000000000000e+00 1.00638889941453e+00 1.00640254951957e+00 1.36501050385096e-05
1.44500000000000e+00 1.00158810509382e+00 1.00160301689261e+00 1.49117987886527e-05
1.45000000000000e+00 9.99984857611631e-01 1.00000000000000e+00 1.51423883694157e-05
1.45500000000000e+00 1.00158875125907e+00 1.00160301689261e+00 1.42656335360147e-05
1.46000000000000e+00 1.00639022637405e+00 1.00640254951957e+00 1.23231455120276e-05
1.46500000000000e+00 1.01436062908517e+00 1.01437010232018e+00 9.47323501043762e-06
1.47000000000000e+00 1.02545240070813e+00 1.02545837763829e+00 5.97693015524925e-06
1.47500000000000e+00 1.03959939428067e+00 1.03960156687779e+00 2.17259712531614e-06
1.48000000000000e+00 1.05671731375076e+00 1.05671575560428e+00 1.55814648383767e-06
1.48500000000000e+00 1.07670426968502e+00 1.07669944009536e+00 4.82958965886127e-06
1.49000000000000e+00 1.09944144414151e+00 1.09943415215529e+00 7.29198622240190e-06
1.49500000000000e+00 1.12479385660888e+00 1.12478518834171e+00 8.66826717293989e-06
1.50000000000000e+00 1.15261122265458e+00 1.15260243910916e+00 8.78354542033222e-06
1.50500000000000e+00 1.18272889709917e+00 1.18272131275752e+00 7.58434164982447e-06
1.51000000000000e+00 1.21496889405087e+00 1.21496374848942e+00 5.14556144715073e-06
1.51500000000000e+00 1.24914097687352e+00 1.24913931233114e+00 1.66454237771063e-06
1.52000000000000e+00 1.28504381198452e+00 1.28504636916085e+00 2.55717633246277e-06
1.52500000000000e+00 1.32246618115156e+00 1.32247332361862e+00 7.14246706023935e-06
1.53000000000000e+00 1.36118824755460e+00 1.36119992224821e+00 1.16746936151824e-05
1.53500000000000e+00 1.40098287120973e+00 1.40099860884315e+00 1.57376334140036e-05
1.54000000000000e+00 1.44161696935206e+00 1.44163592464141e+00 1.89552893514744e-05
1.54500000000000e+00 1.48285291702754e+00 1.48287394473691e+00 2.10277093728450e-05
1.55000000000000e+00 1.52444998246900e+00 1.52447174185242e+00 2.17593834221930e-05
1.55500000000000e+00 1.56616579088496e+00 1.56618686845015e+00 2.10775651927619e-05
1.56000000000000e+00 1.60775780916023e+00 1.60777684804300e+00 1.90388827749910e-05
1.56500000000000e+00 1.64898484275880e+00 1.64900066651302e+00 1.58237542160489e-05
1.57000000000000e+00 1.68960853494923e+00 1.68962025424335e+00 1.17192941204713e-05
1.57500000000000e+00 1.72939485745196e+00 1.72940194992690e+00 7.09247493890786e-06
1.58000000000000e+00 1.76811558083863e+00 1.76811793702778e+00 2.35618915733760e-06
1.58500000000000e+00 1.80554971256918e+00 1.80554764404025e+00 2.06852892947751e-06
1.59000000000000e+00 1.84148489048591e+00 1.84147909991323e+00 5.79057268601524e-06
1.59500000000000e+00 1.87571871990713e+00 1.87571023628478e+00 8.48362234706634e-06
1.60000000000000e+00 1.90806004316234e+00 1.90805012849909e+00 9.91466325217516e-06
1.60500000000000e+00 1.93833013143771e+00 1.93832016775567e+00 9.96368204098097e-06
1.61000000000000e+00 1.96636379008532e+00 1.96635515716554e+00 8.63291978170366e-06
1.61500000000000e+00 1.99201037000271e+00 1.99200432495795e+00 6.04504475698597e-06
1.62000000000000e+00 2.01513467921524e+00 2.01513224859221e+00 2.43062302462960e-06
1.62500000000000e+00 2.03561779029690e+00 2.03561968407860e+00 1.89378169768162e-06
1.63000000000000e+00 2.05335774065759e+00 2.05336429539657e+00 6.55473897781533e-06
1.63500000000000e+00 2.06827012393696e+00 2.06828127951470e+00 1.11555777473349e-05
1.64000000000000e+00 2.08028857172613e+00 2.08030388316029e+00 1.53114341632232e-05
1.64500000000000e+00 2.08936512556323e+00 2.08938380815405e+00 1.86825908192745e-05
1.65000000000000e+00 2.09547049961649e+00 2.09549150281253e+00 2.10031960343748e-05
1.65500000000000e+00 2.09859423470052e+00 2.09861633762302e+00 2.21029225007108e-05
1.66000000000000e+00 2.09874474431260e+00 2.09876666410972e+00 2.19197971227381e-05
1.66500000000000e+00 2.09594925328141e+00 2.09596975652967e+00 2.05032482658574e-05
1.67000000000000e+00 2.09025362946210e+00 2.09027163675968e+00 1.80072975859424e-05
1.67500000000000e+00 2.08172210875979e+00 2.08173678345563e+00 1.46746958424870e-05
1.68000000000000e+00 2.07043691368868e+00 2.07044772727895e+00 1.08135902783246e-05
1.68500000000000e+00 2.05649776574051e+00 2.05650453468774e+00 6.76894723605770e-06
1.69000000000000e+00 2.04002129209146e+00 2.04002418347677e+00 2.89138530717992e-06
1.69500000000000e+00 2.02114032765426e+00 2.02113983391842e+00 4.93735841988752e-07
1.70000000000000e+00 2.00000311419427e+00 2.00000000000000e+00 3.11419427045934e-06
1.70500000000000e+00 1.97677239916292e+00 1.97676762586893e+00 4.77329399073412e-06
1.71000000000000e+00 1.95162443802875e+00 1.95161907318189e+00 5.36484685964567e-06
1.71500000000000e+00 1.92474790515043e+00 1.92474302560309e+00 4.87954733952023e-06
1.72000000000000e+00 1.89634271957062e+00 1.89633931720795e+00 3.40236267271088e-06
1.72500000000000e+00 1.86661879343117e+00 1.86661769201745e+00 1.10141372244854e-06
1.73000000000000e+00 1.83579471193604e+00 1.83579650231313e+00 1.79037709280294e-06
1.73500000000000e+00 1.80409635483496e+00 1.80410135376010e+00 4.99892514449485e-06
1.74000000000000e+00 1.77175547019916e+00 1.77176370569363e+00 8.23549446282712e-06
1.74500000000000e+00 1.73900821175822e+00 1.73901943520098e+00 1.12234427602775e-05
1.75000000000000e+00 1.70609365123987e+00 1.70610737385376e+00 1.37226138905433e-05
1.75500000000000e+00 1.67325227700484e+00 1.67326782611444e+00 1.55491095972238e-05
1.76000000000000e+00 1.64072448983108e+00 1.64074107855382e+00 1.65887227427941e-05
1.76500000000000e+00 1.60874910603680e+00 1.60876590907298e+00 1.68030361817895e-05
1.77000000000000e+00 1.57756187732273e+00 1.57757810532303e+00 1.62280003008775e-05
1.77500000000000e+00 1.54739403585459e+00 1.54740900145948e+00 1.49656048873403e-05
1.78000000000000e+00 1.51847087229239e+00 1.51848404225504e+00 1.31699626546578e-05
1.78500000000000e+00 1.49101035378618e+00 1.49102138342582e+00 1.10296396447218e-05
1.79000000000000e+00 1.46522178845862e+00 1.46523053680291e+00 8.74834428366000e-06
1.79500000000000e+00 1.44130454261043e+00 1.44131106870462e+00 6.52609418905215e-06
1.80000000000000e+00 1.41944681680830e+00 1.41945135953695e+00 4.54272864969241e-06
1.80500000000000e+00 1.39982448710220e+00 1.39982743227203e+00 2.94516982313198e-06
1.81000000000000e+00 1.38260001779860e+00 1.38260185702999e+00 1.83923139163156e-06
1.81500000000000e+00 1.36792145239688e+00 1.36792273852040e+00 1.28612351568691e-06
1.82000000000000e+00 1.35592148938534e+00 1.35592279258843e+00 1.30320308988630e-06
1.82500000000000e+00 1.34671664950592e+00 1.34671851756181e+00 1.86805589685868e-06
1.83000000000000e+00 1.34040654077674e+00 1.34040946551008e+00 2.92473334218002e-06
1.83500000000000e+00 1.33707322698333e+00 1.33707761791153e+00 4.39092819992659e-06
1.84000000000000e+00 1.33678070452921e+00 1.33678686957979e+00 6.16505057271510e-06
1.84500000000000e+00 1.33957449152555e+00 1.33958262403436e+00 8.13250881503969e-06
1.85000000000000e+00 1.34548133187731e+00 1.34549150281253e+00 1.01709352149371e-05
1.85500000000000e+00 1.35450901598647e+00 1.35452117051728e+00 1.21545308107152e-05
1.86000000000000e+00 1.36664631863405e+00 1.36666027668282e+00 1.39580487710234e-05
1.86500000000000e+00 1.38186305370371e+00 1.38187851481848e+00 1.54611147644701e-05
1.87000000000000e+00 1.40011024471768e+00 1.40012679827000e+00 1.65535523204419e-05
1.87500000000000e+00 1.42132040968124e+00 1.42133755181640e+00 1.71421351611301e-05
1.88000000000000e+00 1.44540795844795e+00 1.44542511720755e+00 1.71587595969580e-05
1.88500000000000e+00 1.47226970065019e+00 1.47228627014470e+00 1.65694945035710e-05
1.89000000000000e+00 1.50178546209926e+00 1.50180084551967e+00 1.53834204079661e-05
1.89500000000000e+00 1.53381880732969e+00 1.53383246706028e+00 1.36597305866459e-05
1.90000000000000e+00 1.56821786554587e+00 1.56822937688661e+00 1.15113407388456e-05
1.90500000000000e+00 1.60481625653977e+00 1.60482535986612e+00 9.10332634473932e-06
1.91000000000000e+00 1.64343411215182e+00 1.64344075707161e+00 6.64491979529558e-06
1.91500000000000e+00 1.68387918755397e+00 1.68388356209650e+00 4.37454253110481e-06
1.92000000000000e+00 1.72594805512351e+00 1.72595059347097e+00 2.53834746355430e-06
1.92500000000000e+00 1.76942737207689e+00 1.76942873595353e+00 1.36387664007032e-06
1.93000000000000e+00 1.81409521152342e+00 1.81409624304787e+00 1.03152445163346e-06
1.93500000000000e+00 1.85972244537225e+00 1.85972409271723e+00 1.64734497576369e-06
1.94000000000000e+00 1.90607416677222e+00 1.90607738794082e+00 3.22116860207444e-06
1.94500000000000e+00 1.95291113962128e+00 1.95291679348017e+00 5.65385888351422e-06
1.95000000000000e+00 1.99999126321933e+00 2.00000000000000e+00 8.73678066537487e-06
1.95500000000000e+00 2.04707104132031e+00 2.04708320651983e+00 1.21651995188543e-05
1.96000000000000e+00 2.09390704652724e+00 2.09392261205918e+00 1.55655319393766e-05
1.96500000000000e+00 2.14025737293193e+00 2.14027590728277e+00 1.85343508460889e-05
1.97000000000000e+00 2.18588307182732e+00 2.18590375695213e+00 2.06851248085727e-05
1.97500000000000e+00 2.23054956689832e+00 2.23057126404646e+00 2.16971481492578e-05
1.98000000000000e+00 2.27402804624261e+00 2.27404940652903e+00 2.13602864156393e-05
1.98500000000000e+00 2.31609682869798e+00 2.31611643790350e+00 1.96092055206876e-05
1.99000000000000e+00 2.35654270119493e+00 2.35655924292839e+00 1.65417334629936e-05
1.99500000000000e+00 2.39516222230417e+00 2.39517464013388e+00 1.24178297133959e-05
2.00000000000000e+00 2.43176298503569e+00 2.43177062311339e+00 7.63807770098879e-06
2.00500000000000e+00 2.46616482960622e+00 2.46616753293972e+00 2.70333350282925e-06
2.01000000000000e+00 2.49820099471384e+00 2.49819915448034e+00 1.84023350202622e-06
2.01500000000000e+00 2.52771919421771e+00 2.52771372985530e+00 5.46436241233295e-06
2.02000000000000e+00 2.55458260532645e+00 2.55457488279245e+00 7.72253399183853e-06
2.02500000000000e+00 2.57867075463655e+00 2.57866244818359e+00 8.30645295302190e-06
2.03000000000000e+00 2.59988028967817e+00 2.59987320173000e+00 7.08794816617342e-06
2.03500000000000e+00 2.61812562591651e+00 2.61812148518152e+00 4.14073498244960e-06
2.04000000000000e+00 2.63333946219565e+00 2.63333972331718e+00 2.61121527955765e-07
2.04500000000000e+00 2.64547316108064e+00 2.64547882948272e+00 5.66840207305574e-06
2.05000000000000e+00 2.65449699409323e+00 2.65450849718747e+00 1.15030942393624e-05
2.05500000000000e+00 2.66040025509477e+00 2.66041737596564e+00 1.71208708645842e-05
2.06000000000000e+00 2.66319124773924e+00 2.66321313042021e+00 2.18826809783579e-05
2.06500000000000e+00 2.66289715477806e+00 2.66292238208847e+00 2.52273104068834e-05
2.07000000000000e+00 2.65956379792070e+00 2.65959053448992e+00 2.67365692190324e-05
2.07500000000000e+00 2.65325529692542e+00 2.65328148243819e+00 2.61855127683397e-05
2.08000000000000e+00 2.64405363569955e+00 2.64407720741157e+00 2.35717120213863e-05
2.08500000000000e+00 2.63205814160028e+00 2.63207726147960e+00 1.91198793184633e-05
2.09000000000000e+00 2.61738488209017e+00 2.61739814297001e+00 1.32608798377731e-05
2.09500000000000e+00 2.60016598069892e+00 2.60017256772797e+00 6.58702905598219e-06
2.10000000000000e+00 2.58054885217600e+00 2.58054864046305e+00 2.11712955611176e-07
2.10500000000000e+00 2.55869535507739e+00 2.55868893129538e+00 6.42378200721438e-06
2.11000000000000e+00 2.53478085906399e+00 2.53476946319710e+00 1.13958668896963e-05
2.11500000000000e+00 2.50899322408753e+00 2.50897861657418e+00 1.46075133518053e-05
2.12000000000000e+00 2.48153168950532e+00 2.48151595774496e+00 1.57317603588503e-05
2.12500000000000e+00 2.45260567299877e+00 2.45259099854052e+00 1.46744582472103e-05
2.13000000000000e+00 2.42243348186590e+00 2.42242189467697e+00 1.15871889212471e-05
2.13500000000000e+00 2.39124094259475e+00 2.39123409092702e+00 6.85166773006785e-06
2.14000000000000e+00 2.35925995829205e+00 2.35925892144618e+00 1.03684586560959e-06
2.14500000000000e+00 2.32672700715286e+00 2.32673217388556e+00 5.16673270745116e-06
2.15000000000000e+00 2.29388159830067e+00 2.29389262614624e+00 1.10278455731638e-05
2.15500000000000e+00 2.26096470360592e+00 2.26098056479902e+00 1.58611931029284e-05
2.16000000000000e+00 2.22821718518623e+00 2.22823629430637e+00 1.91091201395821e-05
2.16500000000000e+00 2.19587823800694e+00 2.19589864623990e+00 2.04082329604560e-05
2.17000000000000e+00 2.16418386531306e+00 2.16420349768687e+00 1.96323738150816e-05
2.17500000000000e+00 2.13336540169289e+00 2.13338230798255e+00 1.69062896606675e-05
2.18000000000000e+00 2.10364809474517e+00 2.10366068279205e+00 1.25880468813122e-05
2.18500000000000e+00 2.07524975208129e+00 2.07525697439691e+00 7.22231562866327e-06
2.19000000000000e+00 2.04837945630703e+00 2.04838092681811e+00 1.47051108001506e-06
2.19500000000000e+00 2.02323634725409e+00 2.02323237413107e+00 3.97312302435893e-06
2.20000000000000e+00 2.00000846853101e+00 2.00000000000000e+00 8.46853100489042e-06
2.20500000000000e+00 1.97887167472647e+00 1.97886016608158e+00 1.15086448866375e-05
2.21000000000000e+00 1.95998859638503e+00 1.95997581652323e+00 1.27798617968189e-05
2.21500000000000e+00 1.94350766200898e+00 1.94349546531226e+00 1.21966967159270e-05
2.22000000000000e+00 1.92956217942921e+00 1.92955227272105e+00 9.90670816203298e-06
2.22500000000000e+00 1.91826948239506e+00 1.91826321654437e+00 6.26585068319585e-06
2.23000000000000e+00 1.90973015156355e+00 1.90972836324032e+00 1.78832323594058e-06
2.23500000000000e+00 1.90402732167005e+00 1.90403024347033e+00 2.92180027661182e-06
2.24000000000000e+00 1.90122608811069e+00 1.90123333589028e+00 7.24777958849288e-06
2.24500000000000e+00 1.90137302622830e+00 1.90138366237698e+00 1.06361486824635e-05
2.25000000000000e+00 1.90449583524867e+00 1.90450849718747e+00 1.26619388018945e-05
2.25500000000000e+00 1.91060311624771e+00 1.91061619184595e+00 1.30755982383768e-05
2.26000000000000e+00 1.91968429008364e+00 1.91969611683971e+00 1.18267560722529e-05
2.26500000000000e+00 1.93170965733963e+00 1.93171872048530e+00 9.06314566240241e-06
2.27000000000000e+00 1.94663059844591e+00 1.94663570460343e+00 5.10615752058463e-06
2.27500000000000e+00 1.96437990869850e+00 1.96438031592140e+00 4.07222897402804e-07
2.28000000000000e+00 1.98487226017649e+00 1.98486775140779e+00 4.50876870150552e-06
2.28500000000000e+00 2.00800478076503e+00 2.00799567504205e+00 9.10572297829759e-06
2.29000000000000e+00 2.03365773966772e+00 2.03364484283446e+00 1.28968332653301e-05
2.29500000000000e+00 2.06169532886398e+00 2.06167983224433e+00 1.54966196537210e-05
2.30000000000000e+00 2.09196653076336e+00 2.09194987150091e+00 1.66592624535333e-05
2.30500000000000e+00 2.12430606359656e+00 2.12428976371522e+00 1.62998813419968e-05
2.31000000000000e+00 2.15853539760405e+00 2.15852090008677e+00 1.44975172826634e-05
2.31500000000000e+00 2.19446383658727e+00 2.19445235595975e+00 1.14806275197665e-05
2.32000000000000e+00 2.23188966066263e+00 2.23188206297221e+00 7.59769041769331e-06
2.32500000000000e+00 2.27060132694683e+00 2.27059805007310e+00 3.27687373413710e-06
2.33000000000000e+00 2.31037872530714e+00 2.31037974575665e+00 1.02044951288960e-06
2.33500000000000e+00 2.35099448620777e+00 2.35099933348698e+00 4.84727921046257e-06
2.34000000000000e+00 2.39221533709975e+00 2.39222315195699e+00 7.81485724710151e-06
2.34500000000000e+00 2.43380350282060e+00 2.43381313154985e+00 9.62872924903380e-06
2.35000000000000e+00 2.47551814420245e+00 2.47552825814758e+00 1.01139451307297e-05
2.35500000000000e+00 2.51711682766891e+00 2.51712605526309e+00 9.22759417720798e-06
2.36000000000000e+00 2.55835701716782e+00 2.55836407535858e+00 7.05819076651792e-06
2.36500000000000e+00 2.59899757847009e+00 2.59900139115685e+00 3.81268675830881e-06
2.37000000000000e+00 2.63880028477163e+00 2.63880007775179e+00 2.07019842157763e-07
2.37500000000000e+00 2.67753131175244e+00 2.67752667638138e+00 4.63537105410694e-06
2.38000000000000e+00 2.71496270982113e+00 2.71495363083914e+00 9.07898198265755e-06
2.38500000000000e+00 2.75087384123177e+00 2.75086068766886e+00 1.31535629104285e-05
2.39000000000000e+00 2.78505277008456e+00 2.78503625151058e+00 1.65185739793294e-05
2.39500000000000e+00 2.81729759388514e+00 2.81727868724248e+00 1.89066426643514e-05
2.40000000000000e+00 2.84741770627431e+00 2.84739756089084e+00 2.01453834667298e-05
2.40500000000000e+00 2.87523498168866e+00 2.87521481165829e+00 2.01700303623653e-05
2.41000000000000e+00 2.90058487398917e+00 2.90056584784471e+00 1.90261444568129e-05
2.41500000000000e+00 2.92331742242871e+00 2.92330055990463e+00 1.68625240704046e-05
2.42000000000000e+00 2.94329815964564e+00 2.94328424439572e+00 1.39152499212258e-05
2.42500000000000e+00 2.96040891761178e+00 2.96039843312221e+00 1.04844895711942e-05
2.43000000000000e+00 2.97454852858131e+00 2.97454162236171e+00 6.90621960064419e-06
2.43500000000000e+00 2.98563341905029e+00 2.98562989767982e+00 3.52137046766288e-06
2.44000000000000e+00 2.99359809552843e+00 2.99359745048043e+00 6.45047992797743e-07
2.44500000000000e+00 2.99839552154097e+00 2.99839698310739e+00 1.46156642388817e-06
2.45000000000000e+00 2.99999738572701e+00 3.00000000000000e+00 2.61427298520189e-06
2.45500000000000e+00 2.99839426119683e+00 2.99839698310739e+00 2.72191056760462e-06
2.46000000000000e+00 2.99359565647751e+00 2.99359745048044e+00 1.79400292665832e-06
2.46500000000000e+00 2.98562995844048e+00 2.98562989767982e+00 6.07606565061758e-08
2.47000000000000e+00 2.97454426759617e+00 2.97454162236171e+00 2.64523445636655e-06
2.47500000000000e+00 2.96040412609533e+00 2.96039843312221e+00 5.69297311825423e-06
2.48000000000000e+00 2.94329313873428e+00 2.94328424439572e+00 8.89433855810751e-06
2.48500000000000e+00 2.92331248726765e+00 2.92330055990464e+00 1.19273630110328e-05
2.49000000000000e+00 2.90058033844309e+00 2.90056584784471e+00 1.44905983723298e-05
2.49500000000000e+00 2.87523114644722e+00 2.87521481165830e+00 1.63347889285959e-05
2.50000000000000e+00 2.84741485095259e+00 2.84739756089084e+00 1.72900617476657e-05
2.50500000000000e+00 2.81729597273843e+00 2.81727868724248e+00 1.72854959479274e-05
2.51000000000000e+00 2.78505260996268e+00 2.78503625151058e+00 1.63584521009064e-05
2.51500000000000e+00 2.75087533959582e+00 2.75086068766886e+00 1.46519269610401e-05
2.52000000000000e+00 2.71496603025389e+00 2.71495363083915e+00 1.23994147438466e-05
2.52500000000000e+00 2.67753657459459e+00 2.67752667638138e+00 9.89821320329654e-06
2.53000000000000e+00 2.63880755141771e+00 2.63880007775179e+00 7.47366591724585e-06
2.53500000000000e+00 2.59900682943382e+00 2.59900139115685e+00 5.43827696253274e-06
2.54000000000000e+00 2.55836812610125e+00 2.55836407535859e+00 4.05074265952265e-06
2.54500000000000e+00 2.51712953574511e+00 2.51712605526309e+00 3.48048201681550e-06
2.55000000000000e+00 2.47553204117667e+00 2.47552825814758e+00 3.78302909176398e-06
2.55500000000000e+00 2.43381802212929e+00 2.43381313154985e+00 4.89057943431348e-06
2.56000000000000e+00 2.39222977205282e+00 2.39222315195700e+00 6.62009581597900e-06
2.56500000000000e+00 2.35100803235392e+00 2.35099933348698e+00 8.69886693788402e-06
2.57000000000000e+00 2.31039055037530e+00 2.31037974575666e+00 1.08046186388933e-05
2.57500000000000e+00 2.27061066472974e+00 2.27059805007310e+00 1.26146566419294e-05
2.58000000000000e+00 2.23189591954298e+00 2.23188206297222e+00 1.38565707583638e-05
2.58500000000000e+00 2.19446670816117e+00 2.19445235595975e+00 1.43522014184327e-05
2.59000000000000e+00 2.15853494723579e+00 2.15852090008678e+00 1.40471490142069e-05
2.59500000000000e+00 2.12430278386338e+00 2.12428976371522e+00 1.30201481667314e-05
2.60000000000000e+00 2.09196134138836e+00 2.09194987150091e+00 1.14698874527086e-05
2.60500000000000e+00 2.06168951305822e+00 2.06167983224433e+00 9.68081388430519e-06
2.61000000000000e+00 2.03365281622782e+00 2.03364484283446e+00 7.97339335534275e-06
2.61500000000000e+00 2.00800232245725e+00 2.00799567504205e+00 6.64741519740275e-06
2.62000000000000e+00 1.98487367994659e+00 1.98486775140779e+00 5.92853880521105e-06
2.62500000000000e+00 1.96438624388524e+00 1.96438031592140e+00 5.92796383269700e-06
2.63000000000000e+00 1.94664232743101e+00 1.94663570460343e+00 6.62282757479815e-06
2.63500000000000e+00 1.93172658156914e+00 1.93171872048530e+00 7.86108384520645e-06
2.64000000000000e+00 1.91970550679333e+00 1.91969611683971e+00 9.38995361909889e-06
2.64500000000000e+00 1.91062709436166e+00 1.91061619184595e+00 1.09025157133402e-05
2.65000000000000e+00 1.90452059076768e+00 1.90450849718747e+00 1.20935802090383e-05
2.65500000000000e+00 1.90139637674997e+00 1.90138366237698e+00 1.27143729891088e-05
2.66000000000000e+00 1.90124595196075e+00 1.90123333589028e+00 1.26160704712053e-05
2.66500000000000e+00 1.90404201816281e+00 1.90403024347033e+00 1.17746924876982e-05
2.67000000000000e+00 1.90973865693073e+00 1.90972836324032e+00 1.02936904076145e-05
2.67500000000000e+00 1.91827160142905e+00 1.91826321654437e+00 8.38488467969078e-06
2.68000000000000e+00 1.92955860500436e+00 1.92955227272105e+00 6.33228331237135e-06
2.68500000000000e+00 1.94349991130704e+00 1.94349546531226e+00 4.44599477766872e-06
2.69000000000000e+00 1.95997883103419e+00 1.95997581652323e+00 3.01451095841010e-06
2.69500000000000e+00 1.97886242914140e+00 1.97886016608158e+00 2.26305982686803e-06
2.70000000000000e+00 2.00000232384870e+00 2.00000000000000e+00 2.32384869969238e-06
2.70500000000000e+00 2.02323559553193e+00 2.02323237413106e+00 3.22140086650435e-06
2.71000000000000e+00 2.04838580027378e+00 2.04838092681811e+00 4.87345566968500e-06
2.71500000000000e+00 2.07526407997290e+00 2.07525697439691e+00 7.10557599381545e-06
2.72000000000000e+00 2.10367035880803e+00 2.10366068279205e+00 9.67601598045320e-06
2.72500000000000e+00 2.13339461462253e+00 2.13338230798255e+00 1.23066399866367e-05
2.73000000000000e+00 2.16421821334427e+00 2.16420349768687e+00 1.47156574006324e-05
2.73500000000000e+00 2.19591529467943e+00 2.19589864623990e+00 1.66484395314193e-05
2.74000000000000e+00 2.22825419778340e+00 2.22823629430637e+00 1.79034770266817e-05
2.74500000000000e+00 2.26099891622381e+00 2.26098056479902e+00 1.83514247931171e-05
2.75000000000000e+00 2.29391057218727e+00 2.29389262614624e+00 1.79460410332233e-05
2.75500000000000e+00 2.32674890049182e+00 2.32673217388556e+00 1.67266062658378e-05
2.76000000000000e+00 2.35927373355004e+00 2.35925892144618e+00 1.48121038581195e-05
2.76500000000000e+00 2.39124647899282e+00 2.39123409092702e+00 1.23880658051689e-05
2.77000000000000e+00 2.42243158221550e+00 2.42242189467697e+00 9.68753853092252e-06
2.77500000000000e+00 2.45259796662094e+00 2.45259099854052e+00 6.96808041888985e-06
2.78000000000000e+00 2.48152044476891e+00 2.48151595774496e+00 4.48702395061673e-06
2.78500000000000e+00 2.50898109394514e+00 2.50897861657418e+00 2.47737096570333e-06
2.79000000000000e+00 2.53477058980002e+00 2.53476946319709e+00 1.12660292295175e-06
2.79500000000000e+00 2.55868949166397e+00 2.55868893129538e+00 5.60368587088078e-07
2.80000000000000e+00 2.58054947294513e+00 2.58054864046305e+00 8.32482081047914e-07
2.80500000000000e+00 2.60017448971366e+00 2.60017256772797e+00 1.92198568971236e-06
2.81000000000000e+00 2.61740188025197e+00 2.61739814297001e+00 3.73728196656486e-06
2.81500000000000e+00 2.63208338809638e+00 2.63207726147960e+00 6.12661677790172e-06
2.82000000000000e+00 2.64408610099351e+00 2.64407720741157e+00 8.89358193401080e-06
2.82500000000000e+00 2.65329329831266e+00 2.65328148243819e+00 1.18158744708552e-05
2.83000000000000e+00 2.65960519982819e+00 2.65959053448992e+00 1.46653382735451e-05
2.83500000000000e+00 2.66293960941992e+00 2.66292238208847e+00 1.72273314507088e-05
2.84000000000000e+00 2.66323244810847e+00 2.66321313042021e+00 1.93176882579138e-05
2.84500000000000e+00 2.66043817189612e+00 2.66041737596564e+00 2.07959304852068e-05
2.85000000000000e+00 2.65453007105785e+00 2.65450849718747e+00 2.15738703710500e-05
2.85500000000000e+00 2.64550044875113e+00 2.64547882948272e+00 2.16192684150407e-05
2.86000000000000e+00 2.63336067802119e+00 2.63333972331719e+00 2.09547040030955e-05
2.86500000000000e+00 2.61814113741410e+00 2.61812148518152e+00 1.96522325772719e-05
2.87000000000000e+00 2.59989102643817e+00 2.59987320173000e+00 1.78247081659144e-05
2.87500000000000e+00 2.57867806301054e+00 2.57866244818360e+00 1.56148269425671e-05
2.88000000000000e+00 2.55458806578963e+00 2.55457488279246e+00 1.31829971730113e-05
2.88500000000000e+00 2.52772442493610e+00 2.52771372985530e+00 1.06950807952089e-05
2.89000000000000e+00 2.49820746538663e+00 2.49819915448034e+00 8.31090629604958e-06
2.89500000000000e+00 2.46617370719248e+00 2.46616753293972e+00 6.17425275883932e-06
2.90000000000000e+00 2.43177502789679e+00 2.43177062311339e+00 4.40478339447381e-06
2.90500000000000e+00 2.39517773232496e+00 2.39517464013388e+00 3.09219107563763e-06
2.91000000000000e+00 2.35656153555755e+00 2.35655924292839e+00 2.29262915985018e-06
2.91500000000000e+00 2.31611846525596e+00 2.31611643790350e+00 2.02735246190855e-06
2.92000000000000e+00 2.27405168991856e+00 2.27404940652904e+00 2.28338952723561e-06
2.92500000000000e+00 2.23057428005181e+00 2.23057126404647e+00 3.01600534058366e-06
2.93000000000000e+00 2.18590790963636e+00 2.18590375695213e+00 4.15268423381576e-06
2.93500000000000e+00 2.14028150563776e+00 2.14027590728278e+00 5.59835498670225e-06
2.94000000000000e+00 2.09392985363820e+00 2.09392261205918e+00 7.24157901776934e-06
2.94500000000000e+00 2.04709216793947e+00 2.04708320651984e+00 8.96141963169228e-06
2.95000000000000e+00 2.00001063469711e+00 2.00000000000000e+00 1.06346971127103e-05
2.95500000000000e+00 1.95292893679068e+00 1.95291679348017e+00 1.21433105098046e-05
2.96000000000000e+00 1.90609076921620e+00 1.90607738794082e+00 1.33812753770890e-05
2.96500000000000e+00 1.85973835381491e+00 1.85972409271723e+00 1.42610976767710e-05
2.97000000000000e+00 1.81411096213590e+00 1.81409624304787e+00 1.47190880310788e-05
2.97500000000000e+00 1.76944345518514e+00 1.76942873595354e+00 1.47192316077849e-05
2.98000000000000e+00 1.72596484874892e+00 1.72595059347097e+00 1.42552779511806e-05
2.98500000000000e+00 1.68389691290398e+00 1.68388356209651e+00 1.33508074768862e-05
2.99000000000000e+00 1.64345281424038e+00 1.64344075707161e+00 1.20571687665105e-05
2.99500000000000e+00 1.60483580921953e+00 1.60482535986612e+00 1.04493534165417e-05
3.00000000000000e+00 1.56823799695544e+00 1.56822937688661e+00 8.62006883028954e-06
3.00500000000000e+00 1.53383913952080e+00 1.53383246706028e+00 6.67246052099557e-06
3.01000000000000e+00 1.50180555761902e+00 1.50180084551966e+00 4.71209935248851e-06
3.01500000000000e+00 1.47228910910404e+00 1.47228627014470e+00 2.83895933961276e-06
3.02000000000000e+00 1.44542625735402e+00 1.44542511720755e+00 1.14014647678573e-06
3.02500000000000e+00 1.42133723590168e+00 1.42133755181641e+00 3.15914727266886e-07
3.03000000000000e+00 1.40012531499526e+00 1.40012679827000e+00 1.48327473836751e-06
3.03500000000000e+00 1.38187617492435e+00 1.38187851481848e+00 2.33989412645741e-06
3.04000000000000e+00 1.36665739002199e+00 1.36666027668282e+00 2.88666082615130e-06
3.04500000000000e+00 1.35451802628814e+00 1.35452117051728e+00 3.14422914193813e-06
3.05000000000000e+00 1.34548835461505e+00 1.34549150281253e+00 3.14819748004069e-06
3.05500000000000e+00 1.33957968067805e+00 1.33958262403436e+00 2.94335631223497e-06
3.06000000000000e+00 1.33678429172725e+00 1.33678686957979e+00 2.57785253232612e-06
3.06500000000000e+00 1.33707551980284e+00 1.33707761791153e+00 2.09810869344906e-06
3.07000000000000e+00 1.34040792031176e+00 1.34040946551008e+00 1.54519832706868e-06
3.07500000000000e+00 1.34671756443560e+00 1.34671851756181e+00 9.53126207292598e-07
3.08000000000000e+00 1.35592244346045e+00 1.35592279258843e+00 3.49127976750907e-07
3.08500000000000e+00 1.36792298278367e+00 1.36792273852040e+00 2.44263273163625e-07
3.09000000000000e+00 1.38260266300609e+00 1.38260185702999e+00 8.05976102080663e-07
3.09500000000000e+00 1.39982874510431e+00 1.39982743227203e+00 1.31283228088641e-06
3.10000000000000e+00 1.41945309615187e+00 1.41945135953695e+00 1.73661491453814e-06
3.10500000000000e+00 1.44131311139150e+00 1.44131106870462e+00 2.04268687920006e-06
3.11000000000000e+00 1.46523272765140e+00 1.46523053680290e+00 2.19084849728546e-06
3.11500000000000e+00 1.49102352217391e+00 1.49102138342582e+00 2.13874808530079e-06
3.12000000000000e+00 1.51848588993986e+00 1.51848404225504e+00 1.84768482114350e-06
3.12500000000000e+00 1.54741029160263e+00 1.54740900145948e+00 1.29014315031206e-06
3.13000000000000e+00 1.57757856328013e+00 1.57757810532302e+00 4.57957106458906e-07
3.13500000000000e+00 1.60876527877691e+00 1.60876590907298e+00 6.30296067782865e-07
3.14000000000000e+00 1.64073915438884e+00 1.64074107855382e+00 1.92416498245862e-06
3.14500000000000e+00 1.67326448632001e+00 1.67326782611444e+00 3.33979443056798e-06
3.15000000000000e+00 1.70610261091479e+00 1.70610737385376e+00 4.76293896745084e-06
3.15500000000000e+00 1.73901337833702e+00 1.73901943520098e+00 6.05686396104588e-06
3.16000000000000e+00 1.77175663093478e+00 1.77176370569363e+00 7.07475885075581e-06
3.16500000000000e+00 1.80409367821013e+00 1.80410135376010e+00 7.67554996494724e-06
3.17000000000000e+00 1.83578876095156e+00 1.83579650231313e+00 7.74136157088989e-06
3.17500000000000e+00 1.86661049757806e+00 1.86661769201745e+00 7.19443939556363e-06
3.18000000000000e+00 1.89633330600538e+00 1.89633931720795e+00 6.01120256193965e-06
3.18500000000000e+00 1.92473879433530e+00 1.92474302560309e+00 4.23126778947847e-06
3.19000000000000e+00 1.95161711339506e+00 1.95161907318189e+00 1.95978683104059e-06
3.19500000000000e+00 1.97676826367050e+00 1.97676762586893e+00 6.37801568892371e-07
3.20000000000000e+00 2.00000334857705e+00 2.00000000000000e+00 3.34857704809011e-06
3.20500000000000e+00 2.02114576542002e+00 2.02113983391842e+00 5.93150159833300e-06
3.21000000000000e+00 2.04003232493825e+00 2.04002418347677e+00 8.14146148497841e-06
3.21500000000000e+00 2.05651429012133e+00 2.05650453468774e+00 9.75543359116315e-06
3.22000000000000e+00 2.07045832513050e+00 2.07044772727895e+00 1.05978515452243e-05
3.22500000000000e+00 2.08174734568493e+00 2.08173678345563e+00 1.05622293040675e-05
3.23000000000000e+00 2.09028126319975e+00 2.09027163675968e+00 9.62644006952118e-06
3.23500000000000e+00 2.09597761623393e+00 2.09596975652967e+00 7.85970425765115e-06
3.24000000000000e+00 2.09877208434060e+00 2.09876666410972e+00 5.42023088012655e-06
3.24500000000000e+00 2.09861888109628e+00 2.09861633762302e+00 2.54347325956417e-06
3.25000000000000e+00 2.09549102479548e+00 2.09549150281253e+00 4.78017045502099e-07
3.25500000000000e+00 2.08938048691163e+00 2.08938380815405e+00 3.32124242774512e-06
3.26000000000000e+00 2.08029821984019e+00 2.08030388316029e+00 5.66332009865889e-06
3.26500000000000e+00 2.06827406658059e+00 2.06828127951470e+00 7.21293411709567e-06
3.27000000000000e+00 2.05335655583675e+00 2.05336429539657e+00 7.73955982014130e-06
3.27500000000000e+00 2.03561258651758e+00 2.03561968407860e+00 7.09756102423853e-06
3.28000000000000e+00 2.01512700582548e+00 2.01513224859221e+00 5.24276673585788e-06
3.28500000000000e+00 1.99200208508912e+00 1.99200432495795e+00 2.23986883551852e-06
3.29000000000000e+00 1.96635689730110e+00 1.96635515716554e+00 1.74013556053509e-06
3.29500000000000e+00 1.93832660004785e+00 1.93832016775567e+00 6.43229218422192e-06
3.30000000000000e+00 1.90806162725435e+00 1.90805012849909e+00 1.14987552604084e-05
3.30500000000000e+00 1.87572679298964e+00 1.87571023628479e+00 1.65567048526771e-05
3.31000000000000e+00 1.84150031055507e+00 1.84147909991323e+00 2.12106418380209e-05
3.31500000000000e+00 1.80557273025117e+00 1.80554764404025e+00 2.50862109185679e-05
3.32000000000000e+00 1.76814579961383e+00 1.76811793702778e+00 2.78625860457016e-05
3.32500000000000e+00 1.72943125052545e+00 1.72940194992690e+00 2.93005985465555e-05
3.33000000000000e+00 1.68964951841953e+00 1.68962025424335e+00 2.92641761774348e-05
3.33500000000000e+00 1.64902839976517e+00 1.64900066651302e+00 2.77332521485540e-05
3.34000000000000e+00 1.60780165508457e+00 1.60777684804301e+00 2.48070415613810e-05
3.34500000000000e+00 1.56620756585402e+00 1.56618686845015e+00 2.06974038692298e-05
3.35000000000000e+00 1.52448745469563e+00 1.52447174185243e+00 1.57128431985676e-05
3.35500000000000e+00 1.48288417921239e+00 1.48287394473692e+00 1.02344754764339e-05
3.36000000000000e+00 1.44164061059002e+00 1.44163592464142e+00 4.68594860403293e-06
3.36500000000000e+00 1.40099810863257e+00 1.40099860884315e+00 5.00210573850524e-07
3.37000000000000e+00 1.36119500517892e+00 1.36119992224821e+00 4.91706929239832e-06
3.37500000000000e+00 1.32246510784345e+00 1.32247332361862e+00 8.21577516574301e-06
3.38000000000000e+00 1.28503623573778e+00 1.28504636916086e+00 1.01334230733219e-05
3.38500000000000e+00 1.24912879827619e+00 1.24913931233114e+00 1.05140549537808e-05
3.39000000000000e+00 1.21495442738252e+00 1.21496374848942e+00 9.32110689566557e-06
3.39500000000000e+00 1.18271467244574e+00 1.18272131275752e+00 6.64031177932678e-06
3.40000000000000e+00 1.15259976627501e+00 1.15260243910916e+00 2.67283415356090e-06
3.40500000000000e+00 1.12478746914354e+00 1.12478518834171e+00 2.28080183006796e-06
3.41000000000000e+00 1.09944199684981e+00 1.09943415215529e+00 7.84469452508318e-06
3.41500000000000e+00 1.07671303762266e+00 1.07669944009537e+00 1.35975272965716e-05
3.42000000000000e+00 1.05673486170659e+00 1.05671575560428e+00 1.91061023151473e-05
3.42500000000000e+00 1.03962552662606e+00 1.03960156687779e+00 2.39597482714071e-05
3.43000000000000e+00 1.02548618046744e+00 1.02545837763829e+00 2.78028291478272e-05
3.43500000000000e+00 1.01440046504688e+00 1.01437010232018e+00 3.03627267033146e-05
3.44000000000000e+00 1.00643402054554e+00 1.00640254951957e+00 3.14710259754492e-05
3.44500000000000e+00 1.00163409306696e+00 1.00160301689261e+00 3.10761743551602e-05
3.45000000000000e+00 1.00002924657166e+00 1.00000000000000e+00 2.92465716575929e-05
3.45500000000000e+00 1.00162918072047e+00 1.00160301689261e+00 2.61638278671317e-05
3.46000000000000e+00 1.00642465625602e+00 1.00640254951956e+00 2.21067364538641e-05
3.46500000000000e+00 1.01438752961002e+00 1.01437010232018e+00 1.74272898485484e-05
3.47000000000000e+00 1.02547089838254e+00 1.02545837763829e+00 1.25207442511766e-05
3.47500000000000e+00 1.03960935914307e+00 1.03960156687779e+00 7.79226528280219e-06
3.48000000000000e+00 1.05671937860890e+00 1.05671575560427e+00 3.62300462741771e-06
3.48500000000000e+00 1.07669977863241e+00 1.07669944009536e+00 3.38537045507792e-07
3.49000000000000e+00 1.09943233456731e+00 1.09943415215529e+00 1.81758798012410e-06
3.49500000000000e+00 1.12478248549252e+00 1.12478518834171e+00 2.70284918935104e-06
3.50000000000000e+00 1.15260015348568e+00 1.15260243910915e+00 2.28562347159844e-06
3.50500000000000e+00 1.18272066770931e+00 1.18272131275752e+00 6.45048214842348e-07
3.51000000000000e+00 1.21496578757406e+00 1.21496374848942e+00 2.03908463713987e-06
3.51500000000000e+00 1.24914481776157e+00 1.24913931233114e+00 5.50543043220664e-06
3.52000000000000e+00 1.28505580651541e+00 1.28504636916085e+00 9.43735455560812e-06
3.52500000000000e+00 1.32248681743437e+00 1.32247332361861e+00 1.34938157541065e-05
3.53000000000000e+00 1.36121726410685e+00 1.36119992224821e+00 1.73418586402185e-05
3.53500000000000e+00 1.40101929636837e+00 1.40099860884315e+00 2.06875252257710e-05
3.54000000000000e+00 1.44165922677963e+00 1.44163592464141e+00 2.33021382234355e-05
3.54500000000000e+00 1.48289898610894e+00 1.48287394473691e+00 2.50413720266351e-05
3.55000000000000e+00 1.52449759712564e+00 1.52447174185242e+00 2.58552732133044e-05
3.55500000000000e+00 1.56621265680031e+00 1.56618686845015e+00 2.57883501630918e-05
3.56000000000000e+00 1.60780181796592e+00 1.60777684804300e+00 2.49699229228906e-05
3.56500000000000e+00 1.64902426250471e+00 1.64900066651302e+00 2.35959916938810e-05
3.57000000000000e+00 1.68964215906609e+00 1.68962025424335e+00 2.19048227436680e-05
3.57500000000000e+00 1.72942209907622e+00 1.72940194992690e+00 2.01491493205808e-05
3.58000000000000e+00 1.76813650527836e+00 1.76811793702778e+00 1.85682505742246e-05
3.58500000000000e+00 1.80556500718966e+00 1.80554764404025e+00 1.73631494120308e-05
3.59000000000000e+00 1.84149577766426e+00 1.84147909991322e+00 1.66777510399729e-05
3.59500000000000e+00 1.87572682425431e+00 1.87571023628478e+00 1.65879695310789e-05
3.60000000000000e+00 1.90806722834846e+00 1.90805012849909e+00 1.70998493742580e-05
3.60500000000000e+00 1.93833832426693e+00 1.93832016775567e+00 1.81565112651327e-05
3.61000000000000e+00 1.96637480975525e+00 1.96635515716554e+00 1.96525897135924e-05
3.61500000000000e+00 1.99202577879998e+00 1.99200432495795e+00 2.14538420315602e-05
3.62000000000000e+00 2.01515566752708e+00 2.01513224859221e+00 2.34189348744529e-05
3.62500000000000e+00 2.03564510423796e+00 2.03561968407860e+00 2.54201593676839e-05
3.63000000000000e+00 2.05339165543385e+00 2.05336429539657e+00 2.73600372868721e-05
3.63500000000000e+00 2.06831046095748e+00 2.06828127951470e+00 2.91814427733073e-05
3.64000000000000e+00 2.08033475305427e+00 2.08030388316029e+00 3.08698939806007e-05
3.64500000000000e+00 2.08941625607963e+00 2.08938380815405e+00 3.24479255739973e-05
3.65000000000000e+00 2.09552546556621e+00 2.09549150281253e+00 3.39627536867226e-05
3.65500000000000e+00 2.09865180721292e+00 2.09861633762302e+00 3.54695898989732e-05
3.66000000000000e+00 2.09880367787148e+00 2.09876666410972e+00 3.70137617546895e-05
3.66500000000000e+00 2.09600837163644e+00 2.09596975652967e+00 3.86151067672813e-05
3.67000000000000e+00 2.09031189460303e+00 2.09027163675968e+00 4.02578433460477e-05
3.67500000000000e+00 2.08177867174455e+00 2.08173678345563e+00 4.18882889219319e-05
3.68000000000000e+00 2.07049114876677e+00 2.07044772727895e+00 4.34214878199946e-05
3.68500000000000e+00 2.05654929089824e+00 2.05650453468774e+00 4.47562105003740e-05
3.69000000000000e+00 2.04006997961650e+00 2.04002418347677e+00 4.57961397266615e-05
3.69500000000000e+00 2.02118630756904e+00 2.02113983391842e+00 4.64736506202712e-05
3.70000000000000e+00 2.00004677169438e+00 2.00000000000000e+00 4.67716943801655e-05
3.70500000000000e+00 1.97681436499799e+00 1.97676762586894e+00 4.67391290555064e-05
3.71000000000000e+00 1.95166556870427e+00 1.95161907318189e+00 4.64955223731245e-05
3.71500000000000e+00 1.92478924856534e+00 1.92474302560309e+00 4.62229622497645e-05
3.72000000000000e+00 1.89638546178445e+00 1.89633931720795e+00 4.61445764994295e-05
3.72500000000000e+00 1.86666418398156e+00 1.86661769201745e+00 4.64919641045558e-05
3.73000000000000e+00 1.83584396845931e+00 1.83579650231313e+00 4.74661461793424e-05
3.73500000000000e+00 1.80415055224164e+00 1.80410135376010e+00 4.91984815382818e-05
3.74000000000000e+00 1.77181542452101e+00 1.77176370569363e+00 5.17188273834179e-05
3.74500000000000e+00 1.73907437296528e+00 1.73901943520098e+00 5.49377643017657e-05
3.75000000000000e+00 1.70616602172152e+00 1.70610737385376e+00 5.86478677546687e-05
3.75500000000000e+00 1.67333037209995e+00 1.67326782611444e+00 6.25459855065902e-05
3.76000000000000e+00 1.64080735328250e+00 1.64074107855382e+00 6.62747286757082e-05
3.76500000000000e+00 1.60883538664224e+00 1.60876590907298e+00 6.94775692555716e-05
3.77000000000000e+00 1.57764996414114e+00 1.57757810532303e+00 7.18588181103375e-05
3.77500000000000e+00 1.54748223949469e+00 1.54740900145948e+00 7.32380352088668e-05
3.78000000000000e+00 1.51855763083435e+00 1.51848404225504e+00 7.35885793028412e-05
3.78500000000000e+00 1.49109443559811e+00 1.49102138342582e+00 7.30521722864808e-05
3.79000000000000e+00 1.46530246206020e+00 1.46523053680291e+00 7.19252572964901e-05
3.79500000000000e+00 1.44138168661344e+00 1.44131106870462e+00 7.06179088183490e-05
3.80000000000000e+00 1.41952095071480e+00 1.41945135953695e+00 6.95911778449965e-05
3.80500000000000e+00 1.39989671528559e+00 1.39982743227203e+00 6.92830135571310e-05
3.81000000000000e+00 1.38267189244385e+00 1.38260185702999e+00 7.00354138629677e-05
3.81500000000000e+00 1.36799477418512e+00 1.36792273852040e+00 7.20356647199161e-05
3.82000000000000e+00 1.35599807491529e+00 1.35592279258843e+00 7.52823268670433e-05
3.82500000000000e+00 1.34679809995486e+00 1.34671851756181e+00 7.95823930503925e-05
3.83000000000000e+00 1.34049404605940e+00 1.34040946551008e+00 8.45805493157048e-05
3.83500000000000e+00 1.33716743367220e+00 1.33707761791153e+00 8.98157606710193e-05
3.84000000000000e+00 1.33688166511721e+00 1.33678686957979e+00 9.47955374233089e-05
3.84500000000000e+00 1.33968169916828e+00 1.33958262403436e+00 9.90751339138285e-05
3.85000000000000e+00 1.34559383097327e+00 1.34549150281253e+00 1.02328160740850e-04
3.85500000000000e+00 1.35462556730725e+00 1.35452117051728e+00 1.04396789969652e-04
3.86000000000000e+00 1.36676559025411e+00 1.36666027668282e+00 1.05313571289178e-04
3.86500000000000e+00 1.38198380693820e+00 1.38187851481848e+00 1.05292119728650e-04
3.87000000000000e+00 1.40023148783611e+00 1.40012679826999e+00 1.04689566112537e-04
3.87500000000000e+00 1.42144150038162e+00 1.42133755181640e+00 1.03948565220779e-04
3.88000000000000e+00 1.44552864703826e+00 1.44542511720754e+00 1.03529830716820e-04
3.88500000000000e+00 1.47239011707915e+00 1.47228627014469e+00 1.03846934456309e-04
3.89000000000000e+00 1.50190605882608e+00 1.50180084551966e+00 1.05213306414775e-04
3.89500000000000e+00 1.53394027451709e+00 1.53383246706028e+00 1.07807456805498e-04
3.90000000000000e+00 1.56834103437546e+00 1.56822937688661e+00 1.11657488855332e-04
3.90500000000000e+00 1.60494200137042e+00 1.60482535986612e+00 1.16641504299686e-04
3.91000000000000e+00 1.64356325522574e+00 1.64344075707161e+00 1.22498154126793e-04
3.91500000000000e+00 1.68401240467101e+00 1.68388356209650e+00 1.28842574507182e-04
3.92000000000000e+00 1.72608578095832e+00 1.72595059347097e+00 1.35187487356969e-04
3.92500000000000e+00 1.76956971198314e+00 1.76942873595353e+00 1.40976029605389e-04
3.93000000000000e+00 1.81424188193138e+00 1.81409624304787e+00 1.45638883513710e-04
3.93500000000000e+00 1.85987278191176e+00 1.85972409271722e+00 1.48689194531926e-04
3.94000000000000e+00 1.90622724814279e+00 1.90607738794081e+00 1.49860201971164e-04
3.94500000000000e+00 1.95306606357917e+00 1.95291679348016e+00 1.49270099009113e-04
3.95000000000000e+00 2.00014756852605e+00 2.00000000000000e+00 1.47568526055464e-04
3.95500000000000e+00 2.04722919454001e+00 2.04708320651983e+00 1.45988020180621e-04
3.96000000000000e+00 2.09406881941565e+00 2.09392261205918e+00 1.46207356472861e-04
3.96500000000000e+00 2.14042585912759e+00 2.14027590728278e+00 1.49951844806484e-04
3.97000000000000e+00 2.18606208259283e+00 2.18590375695213e+00 1.58325640700507e-04
3.97500000000000e+00 2.23074226212935e+00 2.23057126404647e+00 1.70998082875684e-04
3.98000000000000e+00 2.27423493916539e+00 2.27404940652903e+00 1.85532636356012e-04
3.98500000000000e+00 2.31631374563305e+00 2.31611643790350e+00 1.97307729548069e-04
3.99000000000000e+00 2.35675980758566e+00 2.35655924292839e+00 2.00564657272917e-04
3.99500000000000e+00 2.39536569542689e+00 2.39517464013388e+00 1.91055293005782e-04
4.00000000000000e+00 2.43194112863201e+00 2.43177062311338e+00 1.70505518622299e-04
