variables = x, value-predict, value-true, error
0.00000000000000e+00 2.43229362607017e+00 2.43177062311339e+00 5.23002956782648e-04
5.00000000000000e-03 2.46666046801814e+00 2.46616753293972e+00 4.92935078422629e-04
1.00000000000000e-02 2.49865325843687e+00 2.49819915448034e+00 4.54103956537999e-04
1.50000000000000e-02 2.52812759966339e+00 2.52771372985530e+00 4.13869808086886e-04
2.00000000000000e-02 2.55495287899735e+00 2.55457488279246e+00 3.77996204891318e-04
2.50000000000000e-02 2.57901319858794e+00 2.57866244818360e+00 3.50750404339184e-04
3.00000000000000e-02 2.60020822737913e+00 2.59987320173000e+00 3.35025649127907e-04
3.50000000000000e-02 2.61845396607031e+00 2.61812148518152e+00 3.32480888781905e-04
4.00000000000000e-02 2.63368341664398e+00 2.63333972331718e+00 3.43693326794625e-04
4.50000000000000e-02 2.64584714873250e+00 2.64547882948272e+00 3.68319249782534e-04
5.00000000000000e-02 2.65491375591859e+00 2.65450849718747e+00 4.05258731119851e-04
5.50000000000000e-02 2.66087019599420e+00 2.66041737596564e+00 4.52820028556733e-04
6.00000000000000e-02 2.66372201021691e+00 2.66321313042021e+00 5.08879796700334e-04
6.50000000000000e-02 2.66349341769694e+00 2.66292238208847e+00 5.71035608476933e-04
7.00000000000000e-02 2.66022728219933e+00 2.65959053448992e+00 6.36747709415797e-04
7.50000000000000e-02 2.65398494984597e+00 2.65328148243819e+00 7.03467407783265e-04
8.00000000000000e-02 2.64484595742580e+00 2.64407720741157e+00 7.68750014226161e-04
8.50000000000000e-02 2.63290761225826e+00 2.63207726147960e+00 8.30350778657785e-04
9.00000000000000e-02 2.61828444578274e+00 2.61739814297001e+00 8.86302812728612e-04
9.50000000000000e-02 2.60110754424813e+00 2.60017256772797e+00 9.34976520159836e-04
1.00000000000000e-01 2.58152376103615e+00 2.58054864046305e+00 9.75120573103450e-04
1.05000000000000e-01 2.55969481625352e+00 2.55868893129538e+00 1.00588495814113e-03
1.10000000000000e-01 2.53579629025388e+00 2.53476946319709e+00 1.02682705678969e-03
1.15000000000000e-01 2.51001651869266e+00 2.50897861657418e+00 1.03790211847743e-03
1.20000000000000e-01 2.48255539755961e+00 2.48151595774496e+00 1.03943981464827e-03
1.25000000000000e-01 2.45362310737098e+00 2.45259099854052e+00 1.03210883046456e-03
1.30000000000000e-01 2.42343876632509e+00 2.42242189467697e+00 1.01687164812159e-03
1.35000000000000e-01 2.39222902272989e+00 2.39123409092702e+00 9.94931802866805e-04
1.40000000000000e-01 2.36022659739444e+00 2.35925892144618e+00 9.67675948256641e-04
1.45000000000000e-01 2.32766878694018e+00 2.32673217388556e+00 9.36613054615787e-04
1.50000000000000e-01 2.29479593913301e+00 2.29389262614624e+00 9.03312986770377e-04
1.55000000000000e-01 2.26184991136843e+00 2.26098056479902e+00 8.69346569409402e-04
1.60000000000000e-01 2.22907252336520e+00 2.22823629430637e+00 8.36229058831517e-04
1.65000000000000e-01 2.19670401494652e+00 2.19589864623990e+00 8.05368706618736e-04
1.70000000000000e-01 2.16498151951724e+00 2.16420349768687e+00 7.78021830366793e-04
1.75000000000000e-01 2.13413756349498e+00 2.13338230798255e+00 7.55255512435049e-04
1.80000000000000e-01 2.10439860153002e+00 2.10366068279205e+00 7.37918737967025e-04
1.85000000000000e-01 2.07598359686212e+00 2.07525697439691e+00 7.26622465209381e-04
1.90000000000000e-01 2.04910265562839e+00 2.04838092681811e+00 7.21728810280986e-04
1.95000000000000e-01 2.02395572335761e+00 2.02323237413107e+00 7.23349226548820e-04
2.00000000000000e-01 2.00073135128040e+00 2.00000000000000e+00 7.31351280403469e-04
2.05000000000000e-01 1.97960553945431e+00 1.97886016608158e+00 7.45373372735836e-04
2.10000000000000e-01 1.96074066305975e+00 1.95997581652323e+00 7.64846536522645e-04
2.15000000000000e-01 1.94428448757339e+00 1.94349546531226e+00 7.89022261134642e-04
2.20000000000000e-01 1.93036927787704e+00 1.92955227272105e+00 8.17005155990369e-04
2.25000000000000e-01 1.91911100571323e+00 1.91826321654437e+00 8.47789168858304e-04
2.30000000000000e-01 1.91060865926508e+00 1.90972836324032e+00 8.80296024766025e-04
2.35000000000000e-01 1.90494365801180e+00 1.90403024347033e+00 9.13414541473756e-04
2.40000000000000e-01 1.90217937540222e+00 1.90123333589028e+00 9.46039511939611e-04
2.45000000000000e-01 1.90236077129089e+00 1.90138366237698e+00 9.77108913910563e-04
2.50000000000000e-01 1.90551413550060e+00 1.90450849718747e+00 1.00563831312872e-03
2.55000000000000e-01 1.91164694330739e+00 1.91061619184595e+00 1.03075146144693e-03
2.60000000000000e-01 1.92074782309022e+00 1.91969611683971e+00 1.05170625050355e-03
2.65000000000000e-01 1.93278663584392e+00 1.93171872048530e+00 1.06791535862083e-03
2.70000000000000e-01 1.94771466572346e+00 1.94663570460343e+00 1.07896112002948e-03
2.75000000000000e-01 1.96546492026278e+00 1.96438031592140e+00 1.08460434138102e-03
2.80000000000000e-01 1.98595253839643e+00 1.98486775140779e+00 1.08478698864412e-03
2.85000000000000e-01 2.00907530390108e+00 2.00799567504205e+00 1.07962885903223e-03
2.90000000000000e-01 2.03471426136990e+00 2.03364484283446e+00 1.06941853543985e-03
2.95000000000000e-01 2.06273443133156e+00 2.06167983224433e+00 1.05459908722816e-03
3.00000000000000e-01 2.09298562062948e+00 2.09194987150091e+00 1.03574912857285e-03
3.05000000000000e-01 2.12530332368596e+00 2.12428976371522e+00 1.01355997073993e-03
3.10000000000000e-01 2.15950970979042e+00 2.15852090008677e+00 9.88809703645899e-04
3.15000000000000e-01 2.19541469107290e+00 2.19445235595975e+00 9.62335113148693e-04
3.20000000000000e-01 2.23281706535636e+00 2.23188206297222e+00 9.35002384143679e-04
3.25000000000000e-01 2.27150572762564e+00 2.27059805007310e+00 9.07677552541397e-04
3.30000000000000e-01 2.31126094341098e+00 2.31037974575665e+00 8.81197654331700e-04
3.35000000000000e-01 2.35185567696424e+00 2.35099933348698e+00 8.56343477259269e-04
3.40000000000000e-01 2.39305696670866e+00 2.39222315195700e+00 8.33814751664441e-04
3.45000000000000e-01 2.43462734007554e+00 2.43381313154985e+00 8.14208525691917e-04
3.50000000000000e-01 2.47632625950384e+00 2.47552825814758e+00 7.98001356260958e-04
3.55000000000000e-01 2.51791159108329e+00 2.51712605526309e+00 7.85535820202021e-04
3.60000000000000e-01 2.55914108706338e+00 2.55836407535859e+00 7.77011704790276e-04
3.65000000000000e-01 2.59977387324514e+00 2.59900139115685e+00 7.72482088286619e-04
3.70000000000000e-01 2.63957193211570e+00 2.63880007775179e+00 7.71854363911029e-04
3.75000000000000e-01 2.67830157248733e+00 2.67752667638138e+00 7.74896105943057e-04
3.80000000000000e-01 2.71573487636427e+00 2.71495363083915e+00 7.81245525121932e-04
3.85000000000000e-01 2.75165111378737e+00 2.75086068766886e+00 7.90426118513654e-04
3.90000000000000e-01 2.78583811649980e+00 2.78503625151058e+00 8.01864989221635e-04
3.95000000000000e-01 2.81809360144184e+00 2.81727868724248e+00 8.14914199364747e-04
4.00000000000000e-01 2.84822643531599e+00 2.84739756089084e+00 8.28874425150339e-04
4.05000000000000e-01 2.87605783177257e+00 2.87521481165829e+00 8.43020114272175e-04
4.10000000000000e-01 2.90142247314406e+00 2.90056584784471e+00 8.56625299350711e-04
4.15000000000000e-01 2.92416954910623e+00 2.92330055990464e+00 8.68989201594506e-04
4.20000000000000e-01 2.94416370516360e+00 2.94328424439572e+00 8.79460767875706e-04
4.25000000000000e-01 2.96128589443968e+00 2.96039843312221e+00 8.87461317477634e-04
4.30000000000000e-01 2.97543412689854e+00 2.97454162236171e+00 8.92504536823768e-04
4.35000000000000e-01 2.98652411082583e+00 2.98562989767982e+00 8.94213146003242e-04
4.40000000000000e-01 2.99448978214904e+00 2.99359745048043e+00 8.92331668603585e-04
4.45000000000000e-01 2.99928371797075e+00 2.99839698310739e+00 8.86734863356775e-04
4.50000000000000e-01 3.00087743152061e+00 3.00000000000000e+00 8.77431520614369e-04
4.55000000000000e-01 2.99926154658668e+00 2.99839698310739e+00 8.64563479284985e-04
4.60000000000000e-01 2.99444585036344e+00 2.99359745048043e+00 8.48399883008444e-04
4.65000000000000e-01 2.98645922453664e+00 2.98562989767982e+00 8.29326856817136e-04
4.70000000000000e-01 2.97534945530709e+00 2.97454162236171e+00 8.07832945372677e-04
4.75000000000000e-01 2.96118292392818e+00 2.96039843312221e+00 7.84490805976645e-04
4.80000000000000e-01 2.94404418018144e+00 2.94328424439572e+00 7.59935785711541e-04
4.85000000000000e-01 2.92403540203658e+00 2.92330055990464e+00 7.34842131946856e-04
4.90000000000000e-01 2.90127574552441e+00 2.90056584784471e+00 7.09897679697313e-04
4.95000000000000e-01 2.87590058958580e+00 2.87521481165829e+00 6.85777927506681e-04
5.00000000000000e-01 2.84806068134179e+00 2.84739756089084e+00 6.63120450949961e-04
5.05000000000000e-01 2.81792118784897e+00 2.81727868724248e+00 6.42500606490959e-04
5.10000000000000e-01 2.78566066095975e+00 2.78503625151058e+00 6.24409449169860e-04
5.15000000000000e-01 2.75146992239132e+00 2.75086068766886e+00 6.09234722463547e-04
5.20000000000000e-01 2.71555087652013e+00 2.71495363083915e+00 5.97245680985292e-04
5.25000000000000e-01 2.67811525875897e+00 2.67752667638138e+00 5.88582377585301e-04
5.30000000000000e-01 2.63938332764140e+00 2.63880007775179e+00 5.83249889613224e-04
5.35000000000000e-01 2.59958250893702e+00 2.59900139115685e+00 5.81117780166007e-04
5.40000000000000e-01 2.55894600025144e+00 2.55836407535859e+00 5.81924892854246e-04
5.45000000000000e-01 2.51771134463775e+00 2.51712605526309e+00 5.85289374660736e-04
5.50000000000000e-01 2.47611898175909e+00 2.47552825814758e+00 5.90723611517241e-04
5.55000000000000e-01 2.43441078510973e+00 2.43381313154985e+00 5.97653559877731e-04
5.60000000000000e-01 2.39282859372834e+00 2.39222315195700e+00 6.05441771348136e-04
5.65000000000000e-01 2.35161274672757e+00 2.35099933348698e+00 6.13413240591054e-04
5.70000000000000e-01 2.31100062883167e+00 2.31037974575665e+00 6.20883075020728e-04
5.75000000000000e-01 2.27122523495899e+00 2.27059805007310e+00 6.27184885888976e-04
5.80000000000000e-01 2.23251376172048e+00 2.23188206297222e+00 6.31698748259968e-04
5.85000000000000e-01 2.19508623352827e+00 2.19445235595975e+00 6.33877568525953e-04
5.90000000000000e-01 2.15915417082743e+00 2.15852090008677e+00 6.33270740657110e-04
5.95000000000000e-01 2.12491930777765e+00 2.12428976371522e+00 6.29544062432430e-04
6.00000000000000e-01 2.09257236651965e+00 2.09194987150091e+00 6.22495018744562e-04
6.05000000000000e-01 2.06229189496255e+00 2.06167983224433e+00 6.12062718223338e-04
6.10000000000000e-01 2.03424317481757e+00 2.03364484283446e+00 5.98331983109990e-04
6.15000000000000e-01 2.00857720637433e+00 2.00799567504205e+00 5.81531332281671e-04
6.20000000000000e-01 1.98542977626348e+00 1.98486775140779e+00 5.62024855691012e-04
6.25000000000000e-01 1.96492061416163e+00 1.96438031592140e+00 5.40298240228054e-04
6.30000000000000e-01 1.94715264406910e+00 1.94663570460343e+00 5.16939465668997e-04
6.35000000000000e-01 1.93221133541249e+00 1.93171872048530e+00 4.92614927191548e-04
6.40000000000000e-01 1.92016415879190e+00 1.91969611683971e+00 4.68041952189635e-04
6.45000000000000e-01 1.91106015069510e+00 1.91061619184595e+00 4.43958849154491e-04
6.50000000000000e-01 1.90492959093792e+00 1.90450849718747e+00 4.21093750451407e-04
6.55000000000000e-01 1.90178379595603e+00 1.90138366237698e+00 4.00133579046447e-04
6.60000000000000e-01 1.90161503037084e+00 1.90123333589028e+00 3.81694480563688e-04
6.65000000000000e-01 1.90439653848280e+00 1.90403024347033e+00 3.66295012471207e-04
6.70000000000000e-01 1.91008269651679e+00 1.90972836324032e+00 3.54333276473717e-04
6.75000000000000e-01 1.91860928556292e+00 1.91826321654437e+00 3.46069018552386e-04
6.80000000000000e-01 1.92989388423410e+00 1.92955227272105e+00 3.41611513051676e-04
6.85000000000000e-01 1.94383637911490e+00 1.94349546531226e+00 3.40913802642895e-04
6.90000000000000e-01 1.96031959011443e+00 1.95997581652323e+00 3.43773591193308e-04
6.95000000000000e-01 1.97921000688098e+00 1.97886016608158e+00 3.49840799398704e-04
7.00000000000000e-01 2.00035863150290e+00 2.00000000000000e+00 3.58631502904494e-04
7.05000000000000e-01 2.02360192182300e+00 2.02323237413106e+00 3.69547691934091e-04
7.10000000000000e-01 2.04876282885502e+00 2.04838092681811e+00 3.81902036910464e-04
7.15000000000000e-01 2.07565192101910e+00 2.07525697439691e+00 3.94946622187753e-04
7.20000000000000e-01 2.10406858722579e+00 2.10366068279205e+00 4.07904433733286e-04
7.25000000000000e-01 2.13380231024544e+00 2.13338230798255e+00 4.20002262892183e-04
7.30000000000000e-01 2.16463400130866e+00 2.16420349768687e+00 4.30503621789757e-04
7.35000000000000e-01 2.19633738650048e+00 2.19589864623990e+00 4.38740260580772e-04
7.40000000000000e-01 2.22868043523942e+00 2.22823629430637e+00 4.44140933047787e-04
7.45000000000000e-01 2.26142682096868e+00 2.26098056479902e+00 4.46256169662540e-04
7.50000000000000e-01 2.29433740413290e+00 2.29389262614624e+00 4.44777986660760e-04
7.55000000000000e-01 2.32717172755704e+00 2.32673217388556e+00 4.39553671479409e-04
7.60000000000000e-01 2.35968951448218e+00 2.35925892144618e+00 4.30593036003568e-04
7.65000000000000e-01 2.39165215973346e+00 2.39123409092702e+00 4.18068806437244e-04
7.70000000000000e-01 2.42282420478450e+00 2.42242189467697e+00 4.02310107523896e-04
7.75000000000000e-01 2.45297478783467e+00 2.45259099854052e+00 3.83789294155612e-04
7.80000000000000e-01 2.48187906040884e+00 2.48151595774496e+00 3.63102663882398e-04
7.85000000000000e-01 2.50931956241933e+00 2.50897861657418e+00 3.40945845149765e-04
7.90000000000000e-01 2.53508754808050e+00 2.53476946319709e+00 3.18084883402570e-04
7.95000000000000e-01 2.55898425552632e+00 2.55868893129538e+00 2.95324230944249e-04
8.00000000000000e-01 2.58082211344499e+00 2.58054864046305e+00 2.73472981942469e-04
8.05000000000000e-01 2.60042587849837e+00 2.60017256772797e+00 2.53310770395032e-04
8.10000000000000e-01 2.61763369774022e+00 2.61739814297001e+00 2.35554770208424e-04
8.15000000000000e-01 2.63229809067247e+00 2.63207726147960e+00 2.20829192869143e-04
8.20000000000000e-01 2.64428684599133e+00 2.64407720741157e+00 2.09638579751203e-04
8.25000000000000e-01 2.65348382846883e+00 2.65328148243819e+00 2.02346030637290e-04
8.30000000000000e-01 2.65978969179661e+00 2.65959053448992e+00 1.99157306693731e-04
8.35000000000000e-01 2.66312249359103e+00 2.66292238208847e+00 2.00111502564493e-04
8.40000000000000e-01 2.66341820912810e+00 2.66321313042021e+00 2.05078707886663e-04
8.45000000000000e-01 2.66063114075119e+00 2.66041737596564e+00 2.13764785546910e-04
8.50000000000000e-01 2.65473422028059e+00 2.65450849718747e+00 2.25723093113750e-04
8.55000000000000e-01 2.64571920216247e+00 2.64547882948272e+00 2.40372679753520e-04
8.60000000000000e-01 2.63359674553054e+00 2.63333972331718e+00 2.57022213358216e-04
8.65000000000000e-01 2.61839638382844e+00 2.61812148518153e+00 2.74898646919652e-04
8.70000000000000e-01 2.60016638115465e+00 2.59987320173000e+00 2.93179424644574e-04
8.75000000000000e-01 2.57897347505751e+00 2.57866244818360e+00 3.11026873908826e-04
8.80000000000000e-01 2.55490250612008e+00 2.55457488279246e+00 3.27623327623705e-04
8.85000000000000e-01 2.52805593533927e+00 2.52771372985530e+00 3.42205483965241e-04
8.90000000000000e-01 2.49855325101626e+00 2.49819915448034e+00 3.54096535923887e-04
8.95000000000000e-01 2.46653026763207e+00 2.46616753293972e+00 3.62734692352706e-04
9.00000000000000e-01 2.43213831997446e+00 2.43177062311339e+00 3.67696861073963e-04
9.05000000000000e-01 2.39554335660161e+00 2.39517464013388e+00 3.68716467724184e-04
9.10000000000000e-01 2.35692493756279e+00 2.35655924292839e+00 3.65694634398395e-04
9.15000000000000e-01 2.31647514212762e+00 2.31611643790350e+00 3.58704224119766e-04
9.20000000000000e-01 2.27439739309618e+00 2.27404940652903e+00 3.47986567155623e-04
9.25000000000000e-01 2.23090520504683e+00 2.23057126404647e+00 3.33941000366877e-04
9.30000000000000e-01 2.18622086461601e+00 2.18590375695213e+00 3.17107663875937e-04
9.35000000000000e-01 2.14057405157689e+00 2.14027590728277e+00 2.98144294117897e-04
9.40000000000000e-01 2.09420041007324e+00 2.09392261205918e+00 2.77798014060249e-04
9.45000000000000e-01 2.04734007986196e+00 2.04708320651983e+00 2.56873342128205e-04
9.50000000000000e-01 2.00023619780550e+00 2.00000000000000e+00 2.36197805498328e-04
9.55000000000000e-01 1.95313338012997e+00 1.95291679348017e+00 2.16586649800288e-04
9.60000000000000e-01 1.90627619611537e+00 1.90607738794082e+00 1.98808174549425e-04
9.65000000000000e-01 1.85990764391271e+00 1.85972409271723e+00 1.83551195484633e-04
9.70000000000000e-01 1.81426763908664e+00 1.81409624304787e+00 1.71396038767258e-04
9.75000000000000e-01 1.76959152626669e+00 1.76942873595353e+00 1.62790313160466e-04
9.80000000000000e-01 1.72610862396510e+00 1.72595059347097e+00 1.58030494133543e-04
9.85000000000000e-01 1.68404081219046e+00 1.68388356209650e+00 1.57250093951955e-04
9.90000000000000e-01 1.64360117197126e+00 1.64344075707161e+00 1.60414899649908e-04
9.95000000000000e-01 1.60499268531393e+00 1.60482535986612e+00 1.67325447815836e-04
1.00000000000000e+00 1.56840700347335e+00 1.56822937688661e+00 1.77626586739255e-04
1.00500000000000e+00 1.53402329072492e+00 1.53383246706028e+00 1.90823664641515e-04
1.01000000000000e+00 1.50200715011560e+00 1.50180084551966e+00 2.06304595934403e-04
1.01500000000000e+00 1.47250963694752e+00 1.47228627014470e+00 2.23366802823088e-04
1.02000000000000e+00 1.44566636503216e+00 1.44542511720755e+00 2.41247824610991e-04
1.02500000000000e+00 1.42159671005030e+00 1.42133755181640e+00 2.59158233894219e-04
1.03000000000000e+00 1.40040311368104e+00 1.40012679827000e+00 2.76315411044337e-04
1.03500000000000e+00 1.38217049152086e+00 1.38187851481848e+00 2.91976702384122e-04
1.04000000000000e+00 1.36696574721309e+00 1.36666027668282e+00 3.05470530269636e-04
1.04500000000000e+00 1.35483739464406e+00 1.35452117051728e+00 3.16224126780007e-04
1.05000000000000e+00 1.34581528953795e+00 1.34549150281253e+00 3.23786725425546e-04
1.05500000000000e+00 1.33991047129234e+00 1.33958262403436e+00 3.27847257976632e-04
1.06000000000000e+00 1.33711511543473e+00 1.33678686957979e+00 3.28245854948728e-04
1.06500000000000e+00 1.33740259664069e+00 1.33707761791153e+00 3.24978729152381e-04
1.07000000000000e+00 1.34072766182660e+00 1.34040946551008e+00 3.18196316513308e-04
1.07500000000000e+00 1.34702671240707e+00 1.34671851756181e+00 3.08194845263010e-04
1.08000000000000e+00 1.35621819437948e+00 1.35592279258843e+00 2.95401791050143e-04
1.08500000000000e+00 1.36820309445514e+00 1.36792273852040e+00 2.80355934740628e-04
1.09000000000000e+00 1.38286553999691e+00 1.38260185702999e+00 2.63682966919809e-04
1.09500000000000e+00 1.40007350003446e+00 1.39982743227203e+00 2.46067762428304e-04
1.10000000000000e+00 1.41967958411225e+00 1.41945135953695e+00 2.28224575295144e-04
1.10500000000000e+00 1.44152193518090e+00 1.44131106870462e+00 2.10866476279881e-04
1.11000000000000e+00 1.46542521216590e+00 1.46523053680291e+00 1.94675362997776e-04
1.11500000000000e+00 1.49120165725193e+00 1.49102138342582e+00 1.80273826108968e-04
1.12000000000000e+00 1.51865224230320e+00 1.51848404225504e+00 1.68200048155320e-04
1.12500000000000e+00 1.54756788821775e+00 1.54740900145948e+00 1.58886758264476e-04
1.13000000000000e+00 1.57773075038984e+00 1.57757810532303e+00 1.52645066811008e-04
1.13500000000000e+00 1.60891556284873e+00 1.60876590907298e+00 1.49653775747050e-04
1.14000000000000e+00 1.64089103306182e+00 1.64074107855382e+00 1.49954507999039e-04
1.14500000000000e+00 1.67342127885292e+00 1.67326782611444e+00 1.53452738478332e-04
1.15000000000000e+00 1.70626729840433e+00 1.70610737385376e+00 1.59924550566348e-04
1.15500000000000e+00 1.73918846389827e+00 1.73901943520098e+00 1.69028697284634e-04
1.16000000000000e+00 1.77194402901961e+00 1.77176370569363e+00 1.80323325987608e-04
1.16500000000000e+00 1.80429464029979e+00 1.80410135376010e+00 1.93286539690085e-04
1.17000000000000e+00 1.83600384213666e+00 1.83579650231313e+00 2.07339823533381e-04
1.17500000000000e+00 1.86683956528455e+00 1.86661769201745e+00 2.21873267092665e-04
1.18000000000000e+00 1.89657558867420e+00 1.89633931720795e+00 2.36271466252047e-04
1.18500000000000e+00 1.92499296459323e+00 1.92474302560309e+00 2.49938990141363e-04
1.19000000000000e+00 1.95188139753343e+00 1.95161907318189e+00 2.62324351534060e-04
1.19500000000000e+00 1.97704056738452e+00 1.97676762586894e+00 2.72941515584657e-04
1.20000000000000e+00 2.00028138811617e+00 2.00000000000000e+00 2.81388116171177e-04
1.20500000000000e+00 2.02142719363765e+00 2.02113983391842e+00 2.87359719227442e-04
1.21000000000000e+00 2.04031484313661e+00 2.04002418347677e+00 2.90659659845538e-04
1.21500000000000e+00 2.05679573887252e+00 2.05650453468774e+00 2.91204184778238e-04
1.22000000000000e+00 2.07073675011915e+00 2.07044772727895e+00 2.89022840191056e-04
1.22500000000000e+00 2.08202103770141e+00 2.08173678345563e+00 2.84254245777049e-04
1.23000000000000e+00 2.09054877434423e+00 2.09027163675968e+00 2.77137584545173e-04
1.23500000000000e+00 2.09623775683359e+00 2.09596975652967e+00 2.68000303917937e-04
1.24000000000000e+00 2.09902390677092e+00 2.09876666410972e+00 2.57242661196422e-04
1.24500000000000e+00 2.09886165747514e+00 2.09861633762302e+00 2.45319852124837e-04
1.25000000000000e+00 2.09572422534257e+00 2.09549150281253e+00 2.32722530048690e-04
1.25500000000000e+00 2.08960376470904e+00 2.08938380815405e+00 2.19956554986744e-04
1.26000000000000e+00 2.08051140596927e+00 2.08030388316029e+00 2.07522808984173e-04
1.26500000000000e+00 2.06847717738762e+00 2.06828127951470e+00 1.95897872917516e-04
1.27000000000000e+00 2.05354981169032e+00 2.05336429539657e+00 1.85516293747412e-04
1.27500000000000e+00 2.03579643915113e+00 2.03561968407860e+00 1.76755072537116e-04
1.28000000000000e+00 2.01530216948134e+00 2.01513224859221e+00 1.69920889132147e-04
1.28500000000000e+00 1.99216956540685e+00 1.99200432495795e+00 1.65240448898984e-04
1.29000000000000e+00 1.96651801136245e+00 1.96635515716554e+00 1.62854196904094e-04
1.29500000000000e+00 1.93848298126176e+00 1.93832016775567e+00 1.62813506090931e-04
1.30000000000000e+00 1.90821520980607e+00 1.90805012849909e+00 1.65081306983117e-04
1.30500000000000e+00 1.87587977228618e+00 1.87571023628478e+00 1.69536001390691e-04
1.31000000000000e+00 1.84165507829867e+00 1.84147909991323e+00 1.75978385441145e-04
1.31500000000000e+00 1.80573178525243e+00 1.80554764404025e+00 1.84141212176581e-04
1.32000000000000e+00 1.76831163797326e+00 1.76811793702778e+00 1.93700945479991e-04
1.32500000000000e+00 1.72960624112616e+00 1.72940194992690e+00 2.04291199260798e-04
1.33000000000000e+00 1.68983577156417e+00 1.68962025424335e+00 2.15517320817815e-04
1.33500000000000e+00 1.64922763807623e+00 1.64900066651302e+00 2.26971563206391e-04
1.34000000000000e+00 1.60801509633725e+00 1.60777684804300e+00 2.38248294247789e-04
1.34500000000000e+00 1.56643582716486e+00 1.56618686845015e+00 2.48958714712089e-04
1.35000000000000e+00 1.52473048644771e+00 1.52447174185242e+00 2.58744595285743e-04
1.35500000000000e+00 1.48314123533096e+00 1.48287394473691e+00 2.67290594048619e-04
1.36000000000000e+00 1.44191025941917e+00 1.44163592464141e+00 2.74334777761620e-04
1.36500000000000e+00 1.40127828588372e+00 1.40099860884315e+00 2.79677040570636e-04
1.37000000000000e+00 1.36148310743630e+00 1.36119992224821e+00 2.83185188088897e-04
1.37500000000000e+00 1.32275812215309e+00 1.32247332361862e+00 2.84798534472053e-04
1.38000000000000e+00 1.28533089809865e+00 1.28504636916085e+00 2.84528937797290e-04
1.38500000000000e+00 1.24942177161028e+00 1.24913931233114e+00 2.82459279136837e-04
1.39000000000000e+00 1.21524248795585e+00 1.21496374848942e+00 2.78739466436084e-04
1.39500000000000e+00 1.18299489287579e+00 1.18272131275752e+00 2.73580118268280e-04
1.40000000000000e+00 1.15286968325945e+00 1.15260243910916e+00 2.67244150288892e-04
1.40500000000000e+00 1.12504522489304e+00 1.12478518834171e+00 2.60036551336995e-04
1.41000000000000e+00 1.09968644484657e+00 1.09943415215529e+00 2.52292691280687e-04
1.41500000000000e+00 1.07694380564774e+00 1.07669944009536e+00 2.44365552379833e-04
1.42000000000000e+00 1.05695236791878e+00 1.05671575560428e+00 2.36612314505447e-04
1.42500000000000e+00 1.03983094763167e+00 1.03960156687779e+00 2.29380753878239e-04
1.43000000000000e+00 1.02568137357008e+00 1.02545837763829e+00 2.22995931792092e-04
1.43500000000000e+00 1.01458784997366e+00 1.01437010232018e+00 2.17747653488365e-04
1.44000000000000e+00 1.00661642868572e+00 1.00640254951957e+00 2.13879166158559e-04
1.44500000000000e+00 1.00181459443045e+00 1.00160301689261e+00 2.11577537843066e-04
1.45000000000000e+00 1.00021096611471e+00 1.00000000000000e+00 2.10966114714051e-04
1.45500000000000e+00 1.00181511628698e+00 1.00160301689261e+00 2.12099394370835e-04
1.46000000000000e+00 1.00661751009270e+00 1.00640254951957e+00 2.14960573129641e-04
1.46500000000000e+00 1.01458956425455e+00 1.01437010232018e+00 2.19461934372278e-04
1.47000000000000e+00 1.02568382577637e+00 1.02545837763829e+00 2.25448138081230e-04
1.47500000000000e+00 1.03983426923265e+00 1.03960156687779e+00 2.32702354856062e-04
1.48000000000000e+00 1.05695671067165e+00 1.05671575560428e+00 2.40955067372539e-04
1.48500000000000e+00 1.07694933533381e+00 1.07669944009536e+00 2.49895238443099e-04
1.49000000000000e+00 1.09969333558424e+00 1.09943415215529e+00 2.59183428954035e-04
1.49500000000000e+00 1.12505365468277e+00 1.12478518834171e+00 2.68466341066365e-04
1.50000000000000e+00 1.15287983128491e+00 1.15260243910916e+00 2.77392175748403e-04
1.50500000000000e+00 1.18300693888545e+00 1.18272131275752e+00 2.85626127932925e-04
1.51000000000000e+00 1.21525661379713e+00 1.21496374848942e+00 2.92865307711221e-04
1.51500000000000e+00 1.24943816470655e+00 1.24913931233114e+00 2.98852375403058e-04
1.52000000000000e+00 1.28534975637132e+00 1.28504636916085e+00 3.03387210464523e-04
1.52500000000000e+00 1.32277965962729e+00 1.32247332361862e+00 3.06336008668362e-04
1.53000000000000e+00 1.36150755955514e+00 1.36119992224821e+00 3.07637306931507e-04
1.53500000000000e+00 1.40130591341943e+00 1.40099860884315e+00 3.07304576278478e-04
1.54000000000000e+00 1.44194134982966e+00 1.44163592464141e+00 3.05425188248609e-04
1.54500000000000e+00 1.48317610048124e+00 1.48287394473691e+00 3.02155744325905e-04
1.55000000000000e+00 1.52476945580197e+00 1.52447174185242e+00 2.97713949542810e-04
1.55500000000000e+00 1.56647923585292e+00 1.56618686845015e+00 2.92367402773941e-04
1.56000000000000e+00 1.60806326789293e+00 1.60777684804300e+00 2.86419849926611e-04
1.56500000000000e+00 1.64928086211111e+00 1.64900066651302e+00 2.80195598093558e-04
1.57000000000000e+00 1.68989427714549e+00 1.68962025424335e+00 2.74022902142512e-04
1.57500000000000e+00 1.72967016713309e+00 1.72940194992690e+00 2.68217206192300e-04
1.58000000000000e+00 1.76838100216913e+00 1.76811793702778e+00 2.63065141344443e-04
1.58500000000000e+00 1.80580645418895e+00 1.80554764404025e+00 2.58810148701105e-04
1.59000000000000e+00 1.84173474042227e+00 1.84147909991323e+00 2.55640509040367e-04
1.59500000000000e+00 1.87596391671276e+00 1.87571023628478e+00 2.53680427978908e-04
1.60000000000000e+00 1.90830311314716e+00 1.90805012849909e+00 2.52984648072552e-04
1.60500000000000e+00 1.93857370461151e+00 1.93832016775567e+00 2.53536855838066e-04
1.61000000000000e+00 1.96661040909269e+00 1.96635515716554e+00 2.55251927151701e-04
1.61500000000000e+00 1.99226230679035e+00 1.99200432495795e+00 2.57981832400445e-04
1.62000000000000e+00 2.01539377339877e+00 2.01513224859221e+00 2.61524806557389e-04
1.62500000000000e+00 2.03588532128527e+00 2.03561968407860e+00 2.65637206673386e-04
1.63000000000000e+00 2.05363434272505e+00 2.05336429539657e+00 2.70047328484235e-04
1.63500000000000e+00 2.06855574987103e+00 2.06828127951470e+00 2.74470356327772e-04
1.64000000000000e+00 2.08058250673455e+00 2.08030388316029e+00 2.78623574261783e-04
1.64500000000000e+00 2.08966604913055e+00 2.08938380815405e+00 2.82240976496873e-04
1.65000000000000e+00 2.09577658929161e+00 2.09549150281253e+00 2.85086479083319e-04
1.65500000000000e+00 2.09890330267189e+00 2.09861633762302e+00 2.86965048873267e-04
1.66000000000000e+00 2.09905439532335e+00 2.09876666410972e+00 2.87731213625353e-04
1.66500000000000e+00 2.09625705112805e+00 2.09596975652967e+00 2.87294598375176e-04
1.67000000000000e+00 2.09055725908219e+00 2.09027163675968e+00 2.85622322505841e-04
1.67500000000000e+00 2.08201952174151e+00 2.08173678345563e+00 2.82738285879436e-04
1.68000000000000e+00 2.07072644682971e+00 2.07044772727895e+00 2.78719550755646e-04
1.68500000000000e+00 2.05677822487124e+00 2.05650453468774e+00 2.73690183496100e-04
1.69000000000000e+00 2.04029199651912e+00 2.04002418347677e+00 2.67813042354792e-04
1.69500000000000e+00 2.02140111400111e+00 2.02113983391842e+00 2.61280082686444e-04
1.70000000000000e+00 2.00025430179593e+00 2.00000000000000e+00 2.54301795933110e-04
1.70500000000000e+00 1.97701472226786e+00 1.97676762586893e+00 2.47096398926061e-04
1.71000000000000e+00 1.95185895254008e+00 1.95161907318189e+00 2.39879358185036e-04
1.71500000000000e+00 1.92497587936849e+00 1.92474302560309e+00 2.32853765401497e-04
1.72000000000000e+00 1.89656551919624e+00 1.89633931720795e+00 2.26201988295260e-04
1.72500000000000e+00 1.86683777093222e+00 1.86661769201745e+00 2.20078914768607e-04
1.73000000000000e+00 1.83601110930278e+00 1.83579650231313e+00 2.14606989652033e-04
1.73500000000000e+00 1.80431122688956e+00 1.80410135376010e+00 2.09873129459304e-04
1.74000000000000e+00 1.77196963318348e+00 1.77176370569363e+00 2.05927489853153e-04
1.74500000000000e+00 1.73922221916732e+00 1.73901943520098e+00 2.02783966342990e-04
1.75000000000000e+00 1.70630779608481e+00 1.70610737385376e+00 2.00422231050545e-04
1.75500000000000e+00 1.67346661716357e+00 1.67326782611444e+00 1.98791049132119e-04
1.76000000000000e+00 1.64093889113857e+00 1.64074107855382e+00 1.97812584754375e-04
1.76500000000000e+00 1.60896329646238e+00 1.60876590907298e+00 1.97387389396342e-04
1.77000000000000e+00 1.57777550509213e+00 1.57757810532303e+00 1.97399769106266e-04
1.77500000000000e+00 1.54760672470928e+00 1.54740900145948e+00 1.97723249795168e-04
1.78000000000000e+00 1.51868226814500e+00 1.51848404225504e+00 1.98225889958437e-04
1.78500000000000e+00 1.49122015866102e+00 1.49102138342582e+00 1.98775235200177e-04
1.79000000000000e+00 1.46542977955937e+00 1.46523053680291e+00 1.99242756465878e-04
1.79500000000000e+00 1.44151057636900e+00 1.44131106870462e+00 1.99507664382814e-04
1.80000000000000e+00 1.41965081957692e+00 1.41945135953695e+00 1.99460039961963e-04
1.80500000000000e+00 1.40002643554082e+00 1.39982743227203e+00 1.99003268788411e-04
1.81000000000000e+00 1.38279991283105e+00 1.38260185702999e+00 1.98055801063912e-04
1.81500000000000e+00 1.36811929081488e+00 1.36792273852040e+00 1.96552294481123e-04
1.82000000000000e+00 1.35611723680310e+00 1.35592279258843e+00 1.94444214674849e-04
1.82500000000000e+00 1.34691021754655e+00 1.34671851756181e+00 1.91699984737781e-04
1.83000000000000e+00 1.34059777028645e+00 1.34040946551008e+00 1.88304776365111e-04
1.83500000000000e+00 1.33726187794635e+00 1.33707761791153e+00 1.84260034812755e-04
1.84000000000000e+00 1.33696645239735e+00 1.33678686957979e+00 1.79582817562363e-04
1.84500000000000e+00 1.33975692904589e+00 1.33958262403436e+00 1.74305011529041e-04
1.85000000000000e+00 1.34565997528837e+00 1.34549150281253e+00 1.68472475842840e-04
1.85500000000000e+00 1.35468331465353e+00 1.35452117051728e+00 1.62144136242937e-04
1.86000000000000e+00 1.36681566771696e+00 1.36666027668282e+00 1.55391034145413e-04
1.86500000000000e+00 1.38202681013726e+00 1.38187851481848e+00 1.48295318785241e-04
1.87000000000000e+00 1.40026774741938e+00 1.40012679827000e+00 1.40949149381342e-04
1.87500000000000e+00 1.42147100528356e+00 1.42133755181640e+00 1.33453467160649e-04
1.88000000000000e+00 1.44555103379473e+00 1.44542511720755e+00 1.25916587182751e-04
1.88500000000000e+00 1.47240472270495e+00 1.47228627014470e+00 1.18452560252891e-04
1.89000000000000e+00 1.50191202478155e+00 1.50180084551967e+00 1.11179261880201e-04
1.89500000000000e+00 1.53393668323409e+00 1.53383246706028e+00 1.04216173807181e-04
1.90000000000000e+00 1.56832705872922e+00 1.56822937688661e+00 9.76818426128290e-05
1.90500000000000e+00 1.60491705088751e+00 1.60482535986612e+00 9.16910213915045e-05
1.91000000000000e+00 1.64352710859600e+00 1.64344075707161e+00 8.63515243909596e-05
1.91500000000000e+00 1.68396532294851e+00 1.68388356209650e+00 8.17608520058410e-05
1.92000000000000e+00 1.72602859614444e+00 1.72595059347097e+00 7.80026734761297e-05
1.92500000000000e+00 1.76950387923168e+00 1.76942873595353e+00 7.51432781433969e-05
1.93000000000000e+00 1.81416947118059e+00 1.81409624304787e+00 7.32281327207041e-05
1.93500000000000e+00 1.85979637141673e+00 1.85972409271723e+00 7.22786995093205e-05
1.94000000000000e+00 1.90614967762602e+00 1.90607738794082e+00 7.22896851996779e-05
1.94500000000000e+00 1.95299002037314e+00 1.95291679348017e+00 7.32268929677371e-05
1.95000000000000e+00 2.00007502585029e+00 2.00000000000000e+00 7.50258502935086e-05
1.95500000000000e+00 2.04716079788906e+00 2.04708320651983e+00 7.75913692319108e-05
1.96000000000000e+00 2.09400341023448e+00 2.09392261205918e+00 8.07981753010445e-05
1.96500000000000e+00 2.14036039999102e+00 2.14027590728277e+00 8.44927082508384e-05
1.97000000000000e+00 2.18599225310888e+00 2.18590375695213e+00 8.84961567493292e-05
1.97500000000000e+00 2.23066387278676e+00 2.23057126404646e+00 9.26087402985942e-05
1.98000000000000e+00 2.27414602172557e+00 2.27404940652903e+00 9.66151965435813e-05
1.98500000000000e+00 2.31621672927666e+00 2.31611643790350e+00 1.00291373161809e-04
1.99000000000000e+00 2.35666265469088e+00 2.35655924292839e+00 1.03411762489625e-04
1.99500000000000e+00 2.39528039789194e+00 2.39517464013388e+00 1.05757758054548e-04
2.00000000000000e+00 2.43187774946973e+00 2.43177062311339e+00 1.07126356345688e-04
2.00500000000000e+00 2.46627487192016e+00 2.46616753293972e+00 1.07338980444016e-04
2.01000000000000e+00 2.49830540454387e+00 2.49819915448034e+00 1.06250063534485e-04
2.01500000000000e+00 2.52781748486136e+00 2.52771372985530e+00 1.03755006056971e-04
2.02000000000000e+00 2.55467467990543e+00 2.55457488279245e+00 9.97971129779174e-05
2.02500000000000e+00 2.57875682130779e+00 2.57866244818359e+00 9.43731241975776e-05
2.03000000000000e+00 2.59996073870995e+00 2.59987320173000e+00 8.75369799495651e-05
2.03500000000000e+00 2.61820088669111e+00 2.61812148518152e+00 7.94015095895162e-05
2.04000000000000e+00 2.63340986111439e+00 2.63333972331718e+00 7.01377972118777e-05
2.04500000000000e+00 2.64553880154381e+00 2.64547882948272e+00 5.99720610980903e-05
2.05000000000000e+00 2.65455767716941e+00 2.65450849718747e+00 4.91799819331007e-05
2.05500000000000e+00 2.66045545449048e+00 2.66041737596564e+00 3.80785248421667e-05
2.06000000000000e+00 2.66324014583894e+00 2.66321313042021e+00 2.70154187260729e-05
2.06500000000000e+00 2.66293873866513e+00 2.66292238208847e+00 1.63565766650997e-05
2.07000000000000e+00 2.65959700635081e+00 2.65959053448992e+00 6.47186089075547e-06
2.07500000000000e+00 2.65327920214216e+00 2.65328148243819e+00 2.28029602977742e-06
2.08000000000000e+00 2.64406763860600e+00 2.64407720741157e+00 9.56880557190232e-06
2.08500000000000e+00 2.63206215578915e+00 2.63207726147960e+00 1.51056904518221e-05
2.09000000000000e+00 2.61737948199698e+00 2.61739814297001e+00 1.86609730268295e-05
2.09500000000000e+00 2.60015249179192e+00 2.60017256772797e+00 2.00759360495795e-05
2.10000000000000e+00 2.58052936644071e+00 2.58054864046305e+00 1.92740223337040e-05
2.10500000000000e+00 2.55867266260027e+00 2.55868893129538e+00 1.62686951150626e-05
2.11000000000000e+00 2.53475829552635e+00 2.53476946319710e+00 1.11676707450492e-05
2.11500000000000e+00 2.50897444350954e+00 2.50897861657418e+00 4.17306464273182e-06
2.12000000000000e+00 2.48152038059167e+00 2.48151595774496e+00 4.42284671464677e-06
2.12500000000000e+00 2.45260524489479e+00 2.45259099854052e+00 1.42463542696092e-05
2.13000000000000e+00 2.42244675010544e+00 2.42242189467697e+00 2.48554284620894e-05
2.13500000000000e+00 2.39126984780989e+00 2.39123409092702e+00 3.57568828754928e-05
2.14000000000000e+00 2.35930534847223e+00 2.35925892144618e+00 4.64270260516209e-05
2.14500000000000e+00 2.32678850890645e+00 2.32673217388556e+00 5.63350208819813e-05
2.15000000000000e+00 2.29395759411475e+00 2.29389262614624e+00 6.49679685116311e-05
2.15500000000000e+00 2.26105242136858e+00 2.26098056479902e+00 7.18565695616569e-05
2.16000000000000e+00 2.22831289440082e+00 2.22823629430637e+00 7.66000944416589e-05
2.16500000000000e+00 2.19597753557137e+00 2.19589864623990e+00 7.88893314718209e-05
2.17000000000000e+00 2.16428202386961e+00 2.16420349768687e+00 7.85261827376260e-05
2.17500000000000e+00 2.13345774663535e+00 2.13338230798255e+00 7.54386528036832e-05
2.18000000000000e+00 2.10373037291670e+00 2.10366068279205e+00 6.96901246479698e-05
2.18500000000000e+00 2.07531845643903e+00 2.07525697439691e+00 6.14820421209750e-05
2.19000000000000e+00 2.04843207623077e+00 2.04838092681811e+00 5.11494126649303e-05
2.19500000000000e+00 2.02327152302843e+00 2.02323237413107e+00 3.91488973665588e-05
2.20000000000000e+00 2.00002603965714e+00 2.00000000000000e+00 2.60396571354349e-05
2.20500000000000e+00 1.97887262363008e+00 1.97886016608158e+00 1.24575485018763e-05
2.21000000000000e+00 1.95997490021732e+00 1.95997581652323e+00 9.16305915588111e-07
2.21500000000000e+00 1.94348207417322e+00 1.94349546531226e+00 1.33911390352015e-05
2.22000000000000e+00 1.92952796815937e+00 1.92955227272105e+00 2.43045616772353e-05
2.22500000000000e+00 1.91823015563298e+00 1.91826321654437e+00 3.30609113898817e-05
2.23000000000000e+00 1.90968919556243e+00 1.90972836324032e+00 3.91676778901395e-05
2.23500000000000e+00 1.90398797576921e+00 1.90403024347033e+00 4.22677011153727e-05
2.24000000000000e+00 1.90119117096044e+00 1.90123333589028e+00 4.21649298392168e-05
2.24500000000000e+00 1.90134482060603e+00 1.90138366237698e+00 3.88417709540345e-05
2.25000000000000e+00 1.90447603073699e+00 1.90450849718747e+00 3.24664504800509e-05
2.25500000000000e+00 1.91059280250565e+00 1.91061619184595e+00 2.33893403005503e-05
2.26000000000000e+00 1.91968398899002e+00 1.91969611683971e+00 1.21278496889587e-05
2.26500000000000e+00 1.93171938027658e+00 1.93171872048530e+00 6.59791279389310e-07
2.27000000000000e+00 1.94664991536870e+00 1.94663570460343e+00 1.42107652727486e-05
2.27500000000000e+00 1.96440801800102e+00 1.96438031592140e+00 2.77020796224381e-05
2.28000000000000e+00 1.98490805204972e+00 1.98486775140779e+00 4.03006419293916e-05
2.28500000000000e+00 2.00804689098118e+00 2.00799567504205e+00 5.12159391270472e-05
2.29000000000000e+00 2.03370459473036e+00 2.03364484283446e+00 5.97518959017940e-05
2.29500000000000e+00 2.06174518659363e+00 2.06167983224433e+00 6.53543493029929e-05
2.30000000000000e+00 2.09201752219199e+00 2.09194987150091e+00 6.76506910770591e-05
2.30500000000000e+00 2.12435624232327e+00 2.12428976371522e+00 6.64786080575297e-05
2.31000000000000e+00 2.15858280156956e+00 2.15852090008677e+00 6.19014827862863e-05
2.31500000000000e+00 2.19450656482792e+00 2.19445235595975e+00 5.42088681796393e-05
2.32000000000000e+00 2.23192596444150e+00 2.23188206297221e+00 4.39014692874551e-05
2.32500000000000e+00 2.27062971124963e+00 2.27059805007310e+00 3.16611765289743e-05
2.33000000000000e+00 2.31039805357602e+00 2.31037974575665e+00 1.83078193658481e-05
2.33500000000000e+00 2.35100407883527e+00 2.35099933348698e+00 4.74534829608686e-06
2.34000000000000e+00 2.39221505298522e+00 2.39222315195699e+00 8.09897177367347e-06
2.34500000000000e+00 2.43379379339892e+00 2.43381313154985e+00 1.93381509312474e-05
2.35000000000000e+00 2.47550007082579e+00 2.47552825814758e+00 2.81873217882200e-05
2.35500000000000e+00 2.51709203591747e+00 2.51712605526309e+00 3.40193456143112e-05
2.36000000000000e+00 2.55832766530417e+00 2.55836407535858e+00 3.64100544150148e-05
2.36500000000000e+00 2.59896622144937e+00 2.59900139115685e+00 3.51697074849611e-05
2.37000000000000e+00 2.63876971953000e+00 2.63880007775179e+00 3.03582217844323e-05
2.37500000000000e+00 2.67750439346747e+00 2.67752667638138e+00 2.22829139087111e-05
2.38000000000000e+00 2.71494215205997e+00 2.71495363083914e+00 1.14787791756221e-05
2.38500000000000e+00 2.75086201504377e+00 2.75086068766886e+00 1.32737491531643e-06
2.39000000000000e+00 2.78505151794113e+00 2.78503625151058e+00 1.52664305548278e-05
2.39500000000000e+00 2.81730807382580e+00 2.81727868724248e+00 2.93865833209672e-05
2.40000000000000e+00 2.84744027973322e+00 2.84739756089084e+00 4.27188423786085e-05
2.40500000000000e+00 2.87526915540912e+00 2.87521481165829e+00 5.43437508269129e-05
2.41000000000000e+00 2.90062930245492e+00 2.90056584784471e+00 6.34546102111777e-05
2.41500000000000e+00 2.92336997268540e+00 2.92330055990463e+00 6.94127807645550e-05
2.42000000000000e+00 2.94335603563206e+00 2.94328424439572e+00 7.17912363334960e-05
2.42500000000000e+00 2.96046883654886e+00 2.96039843312221e+00 7.04034266552078e-05
2.43000000000000e+00 2.97460693793253e+00 2.97454162236171e+00 6.53155708221220e-05
2.43500000000000e+00 2.98568673936634e+00 2.98562989767982e+00 5.68416865203147e-05
2.44000000000000e+00 2.99364297234725e+00 2.99359745048043e+00 4.55218668182766e-05
2.44500000000000e+00 2.99842906856669e+00 2.99839698310739e+00 3.20854592921194e-05
2.45000000000000e+00 3.00001740180618e+00 3.00000000000000e+00 1.74018061822601e-05
2.45500000000000e+00 2.99839940510598e+00 2.99839698310739e+00 2.42199858346837e-06
2.46000000000000e+00 2.99358556612260e+00 2.99359745048044e+00 1.18843578311711e-05
2.46500000000000e+00 2.98560530457134e+00 2.98562989767982e+00 2.45931084807971e-05
2.47000000000000e+00 2.97450673634051e+00 2.97454162236171e+00 3.48860212047164e-05
2.47500000000000e+00 2.96035632927718e+00 2.96039843312221e+00 4.21038450260092e-05
2.48000000000000e+00 2.94323845579867e+00 2.94328424439572e+00 4.57885970543970e-05
2.48500000000000e+00 2.92325484742337e+00 2.92330055990464e+00 4.57124812656140e-05
2.49000000000000e+00 2.90052395609156e+00 2.90056584784471e+00 4.18917531521679e-05
2.49500000000000e+00 2.87518022681437e+00 2.87521481165830e+00 3.45848439238239e-05
2.50000000000000e+00 2.84737328581758e+00 2.84739756089084e+00 2.42750732630803e-05
2.50500000000000e+00 2.81726704798905e+00 2.81727868724248e+00 1.16392534335041e-05
2.51000000000000e+00 2.78503874715530e+00 2.78503625151058e+00 2.49564472420971e-06
2.51500000000000e+00 2.75087789255026e+00 2.75086068766886e+00 1.72048813986692e-05
2.52000000000000e+00 2.71498515483383e+00 2.71495363083915e+00 3.15239946768742e-05
2.52500000000000e+00 2.67757118519221e+00 2.67752667638138e+00 4.45088108285141e-05
2.53000000000000e+00 2.63885537142008e+00 2.63880007775179e+00 5.52936682884919e-05
2.53500000000000e+00 2.59906453543438e+00 2.59900139115685e+00 6.31442775262947e-05
2.54000000000000e+00 2.55843157738974e+00 2.55836407535859e+00 6.75020311513563e-05
2.54500000000000e+00 2.51719407242153e+00 2.51712605526309e+00 6.80171584410694e-05
2.55000000000000e+00 2.47559282698967e+00 2.47552825814758e+00 6.45688420903845e-05
2.55500000000000e+00 2.43387040279509e+00 2.43381313154985e+00 5.72712452351354e-05
2.56000000000000e+00 2.39226961722696e+00 2.39222315195700e+00 4.64652699649903e-05
2.56500000000000e+00 2.35103203022257e+00 2.35099933348698e+00 3.26967355839258e-05
2.57000000000000e+00 2.31039642823193e+00 2.31037974575666e+00 1.66824752758643e-05
2.57500000000000e+00 2.27059731662356e+00 2.27059805007310e+00 7.33449533552033e-07
2.58000000000000e+00 2.23186343230891e+00 2.23188206297222e+00 1.86306633129796e-05
2.58500000000000e+00 2.19441628857270e+00 2.19445235595975e+00 3.60673870538619e-05
2.59000000000000e+00 2.15846876405454e+00 2.15852090008678e+00 5.21360322363051e-05
2.59500000000000e+00 2.12422374753088e+00 2.12428976371522e+00 6.60161843328844e-05
2.60000000000000e+00 2.09187284960309e+00 2.09194987150091e+00 7.70218978196624e-05
2.60500000000000e+00 2.06159519162664e+00 2.06167983224433e+00 8.46406176964187e-05
2.61000000000000e+00 2.03355628124961e+00 2.03364484283446e+00 8.85615848518206e-05
2.61500000000000e+00 2.00790698280359e+00 2.00799567504205e+00 8.86922384610855e-05
2.62000000000000e+00 1.98478258955247e+00 1.98486775140779e+00 8.51618553232569e-05
2.62500000000000e+00 1.96430200350125e+00 1.96438031592140e+00 7.83124201522156e-05
2.63000000000000e+00 1.94656702714909e+00 1.94663570460343e+00 6.86774543465773e-05
2.63500000000000e+00 1.93166177027849e+00 1.93171872048530e+00 5.69502068015204e-05
2.64000000000000e+00 1.91965217365422e+00 1.91969611683971e+00 4.39431854917238e-05
2.64500000000000e+00 1.91058565038880e+00 1.91061619184595e+00 3.05414571446505e-05
2.65000000000000e+00 1.90449084474508e+00 1.90450849718747e+00 1.76524423982638e-05
2.65500000000000e+00 1.90137750730808e+00 1.90138366237698e+00 6.15506890566664e-06
2.66000000000000e+00 1.90123648476987e+00 1.90123333589028e+00 3.14887959107502e-06
2.66500000000000e+00 1.90403982203688e+00 1.90403024347033e+00 9.57856655237066e-06
2.67000000000000e+00 1.90974097397145e+00 1.90972836324032e+00 1.26107311340107e-05
2.67500000000000e+00 1.91827512380499e+00 1.91826321654437e+00 1.19072606159509e-05
2.68000000000000e+00 1.92955960508140e+00 1.92955227272105e+00 7.33236035577178e-06
2.68500000000000e+00 1.94349442388230e+00 1.94349546531226e+00 1.04142996004697e-06
2.69000000000000e+00 1.95996287801493e+00 1.95997581652323e+00 1.29385083040834e-05
2.69500000000000e+00 1.97883226978659e+00 1.97886016608158e+00 2.78962949831207e-05
2.70000000000000e+00 1.99995470891130e+00 2.00000000000000e+00 4.52910886949986e-05
2.70500000000000e+00 2.02316800197454e+00 2.02323237413106e+00 6.43721565252164e-05
2.71000000000000e+00 2.04829662469933e+00 2.04838092681811e+00 8.43021187804105e-05
2.71500000000000e+00 2.07515277299647e+00 2.07525697439691e+00 1.04201400443760e-04
2.72000000000000e+00 2.10353748843575e+00 2.10366068279205e+00 1.23194356305145e-04
2.72500000000000e+00 2.13324185334234e+00 2.13338230798255e+00 1.40454640205068e-04
2.73000000000000e+00 2.16404825020871e+00 2.16420349768687e+00 1.55247478152987e-04
2.73500000000000e+00 2.19573167952522e+00 2.19589864623990e+00 1.66966714674199e-04
2.74000000000000e+00 2.22806112949426e+00 2.22823629430637e+00 1.75164812115547e-04
2.74500000000000e+00 2.26080099041887e+00 2.26098056479902e+00 1.79574380145819e-04
2.75000000000000e+00 2.29371250587364e+00 2.29389262614624e+00 1.80120272600615e-04
2.75500000000000e+00 2.32655525210124e+00 2.32673217388556e+00 1.76921784322825e-04
2.76000000000000e+00 2.35908863645604e+00 2.35925892144618e+00 1.70284990137048e-04
2.76500000000000e+00 2.39107340516474e+00 2.39123409092702e+00 1.60685762280011e-04
2.77000000000000e+00 2.42227315021923e+00 2.42242189467697e+00 1.48744457745043e-04
2.77500000000000e+00 2.45245580487608e+00 2.45259099854052e+00 1.35193664435818e-04
2.78000000000000e+00 2.48139511703209e+00 2.48151595774496e+00 1.20840712864556e-04
2.78500000000000e+00 2.50887208968744e+00 2.50897861657418e+00 1.06526886742397e-04
2.79000000000000e+00 2.53467637780254e+00 2.53476946319709e+00 9.30853945524390e-05
2.79500000000000e+00 2.55860763110964e+00 2.55868893129538e+00 8.13001857409290e-05
2.80000000000000e+00 2.58047677284512e+00 2.58054864046305e+00 7.18676179247701e-05
2.80500000000000e+00 2.60010720492126e+00 2.60017256772797e+00 6.53628067075473e-05
2.81000000000000e+00 2.61733593074003e+00 2.61739814297001e+00 6.22122299822614e-05
2.81500000000000e+00 2.63201458765022e+00 2.63207726147960e+00 6.26738293751927e-05
2.82000000000000e+00 2.64401038194263e+00 2.64407720741157e+00 6.68254689446535e-05
2.82500000000000e+00 2.65320692024372e+00 2.65328148243819e+00 7.45621944693298e-05
2.83000000000000e+00 2.65950493218077e+00 2.65959053448992e+00 8.56023091504454e-05
2.83500000000000e+00 2.66282288022884e+00 2.66292238208847e+00 9.95018596294805e-05
2.84000000000000e+00 2.66309745368711e+00 2.66321313042021e+00 1.15676733099424e-04
2.84500000000000e+00 2.66028394474746e+00 2.66041737596564e+00 1.33431218176217e-04
2.85000000000000e+00 2.65435650559295e+00 2.65450849718747e+00 1.51991594524503e-04
2.85500000000000e+00 2.64530828638107e+00 2.64547882948272e+00 1.70543101643883e-04
2.86000000000000e+00 2.63315145481354e+00 2.63333972331719e+00 1.88268503643396e-04
2.86500000000000e+00 2.61791709876311e+00 2.61812148518152e+00 2.04386418416913e-04
2.87000000000000e+00 2.59965501411131e+00 2.59987320173000e+00 2.18187618698185e-04
2.87500000000000e+00 2.57843338055141e+00 2.57866244818360e+00 2.29067632186997e-04
2.88000000000000e+00 2.55433832862754e+00 2.55457488279246e+00 2.36554164919855e-04
2.88500000000000e+00 2.52747340172210e+00 2.52771372985530e+00 2.40328133205292e-04
2.89000000000000e+00 2.49795891707900e+00 2.49819915448034e+00 2.40237401340604e-04
2.89500000000000e+00 2.46593123026567e+00 2.46616753293972e+00 2.36302674055278e-04
2.90000000000000e+00 2.43154190775424e+00 2.43177062311339e+00 2.28715359148257e-04
2.90500000000000e+00 2.39495681254338e+00 2.39517464013388e+00 2.17827590500264e-04
2.91000000000000e+00 2.35635510797070e+00 2.35655924292839e+00 2.04134957691782e-04
2.91500000000000e+00 2.31592818508678e+00 2.31611643790350e+00 1.88252816724965e-04
2.92000000000000e+00 2.27387851919062e+00 2.27404940652904e+00 1.70887338418080e-04
2.92500000000000e+00 2.23041846136957e+00 2.23057126404647e+00 1.52802676899988e-04
2.93000000000000e+00 2.18576897115248e+00 2.18590375695213e+00 1.34785799653869e-04
2.93500000000000e+00 2.14015829667557e+00 2.14027590728278e+00 1.17610607202945e-04
2.94000000000000e+00 2.09382060907770e+00 2.09392261205918e+00 1.02002981486660e-04
2.94500000000000e+00 2.04699459818133e+00 2.04708320651984e+00 8.86083385012171e-05
2.95000000000000e+00 1.99992203687422e+00 2.00000000000000e+00 7.79631257841196e-05
2.95500000000000e+00 1.95284632197318e+00 1.95291679348017e+00 7.04715069865802e-05
2.96000000000000e+00 1.90601099971523e+00 1.90607738794082e+00 6.63882255960146e-05
2.96500000000000e+00 1.85965828437355e+00 1.85972409271723e+00 6.58083436790857e-05
2.97000000000000e+00 1.81402757881329e+00 1.81409624304787e+00 6.86642345768540e-05
2.97500000000000e+00 1.76935400607995e+00 1.76942873595354e+00 7.47298735856994e-05
2.98000000000000e+00 1.72586696132841e+00 1.72595059347097e+00 8.36321425670139e-05
2.98500000000000e+00 1.68378869354400e+00 1.68388356209651e+00 9.48685525057336e-05
2.99000000000000e+00 1.64333292656131e+00 1.64344075707161e+00 1.07830510304385e-04
2.99500000000000e+00 1.60470352884676e+00 1.60482535986612e+00 1.21831019355367e-04
3.00000000000000e+00 1.56809324136139e+00 1.56822937688661e+00 1.36135525223846e-04
3.00500000000000e+00 1.53368247256346e+00 1.53383246706028e+00 1.49994496827066e-04
3.01000000000000e+00 1.50163816923934e+00 1.50180084551966e+00 1.62676280322849e-04
3.01500000000000e+00 1.47211277136876e+00 1.47228627014470e+00 1.73498775935421e-04
3.02000000000000e+00 1.44524325864093e+00 1.44542511720755e+00 1.81858566617787e-04
3.02500000000000e+00 1.42115029555428e+00 1.42133755181641e+00 1.87256262129676e-04
3.03000000000000e+00 1.39993748125472e+00 1.40012679827000e+00 1.89317015272916e-04
3.03500000000000e+00 1.38169070942300e+00 1.38187851481848e+00 1.87805395472029e-04
3.04000000000000e+00 1.36647764261273e+00 1.36666027668282e+00 1.82634070090115e-04
3.04500000000000e+00 1.35434730449366e+00 1.35452117051728e+00 1.73866023626790e-04
3.05000000000000e+00 1.34532979247995e+00 1.34549150281253e+00 1.61710332574616e-04
3.05500000000000e+00 1.33943611224271e+00 1.33958262403436e+00 1.46511791653925e-04
3.06000000000000e+00 1.33665813463239e+00 1.33678686957979e+00 1.28734947399067e-04
3.06500000000000e+00 1.33696867458806e+00 1.33707761791153e+00 1.08943323475774e-04
3.07000000000000e+00 1.34032169069879e+00 1.34040946551008e+00 8.77748112975141e-05
3.07500000000000e+00 1.34665260321979e+00 1.34671851756181e+00 6.59143420178587e-05
3.08000000000000e+00 1.35587872754210e+00 1.35592279258843e+00 4.40650463273684e-05
3.08500000000000e+00 1.36789981937495e+00 1.36792273852040e+00 2.29191454499400e-05
3.09000000000000e+00 1.38259872723034e+00 1.38260185702999e+00 3.12979964456339e-06
3.09500000000000e+00 1.39984214720076e+00 1.39982743227203e+00 1.47149287377246e-05
3.10000000000000e+00 1.41948147449242e+00 1.41945135953695e+00 3.01149554702285e-05
3.10500000000000e+00 1.44135374571773e+00 1.44131106870462e+00 4.26770131056742e-05
3.11000000000000e+00 1.46528266555463e+00 1.46523053680290e+00 5.21287517281088e-05
3.11500000000000e+00 1.49107971104451e+00 1.49102138342582e+00 5.83276186918447e-05
3.12000000000000e+00 1.51854530651674e+00 1.51848404225504e+00 6.12642617006109e-05
3.12500000000000e+00 1.54747006189005e+00 1.54740900145948e+00 6.10604305661955e-05
3.13000000000000e+00 1.57763606690310e+00 1.57757810532302e+00 5.79615800786470e-05
3.13500000000000e+00 1.60881823366064e+00 1.60876590907298e+00 5.23245876622447e-05
3.14000000000000e+00 1.64078567974258e+00 1.64074107855382e+00 4.46011887587083e-05
3.14500000000000e+00 1.67330314400763e+00 1.67326782611444e+00 3.53178931897791e-05
3.15000000000000e+00 1.70613242712242e+00 1.70610737385376e+00 2.50532686567606e-05
3.15500000000000e+00 1.73903384876606e+00 1.73901943520098e+00 1.44135650739230e-05
3.16000000000000e+00 1.77176771338843e+00 1.77176370569363e+00 4.00769480135565e-06
3.16500000000000e+00 1.80409577634766e+00 1.80410135376010e+00 5.57741243945031e-06
3.17000000000000e+00 1.83578270221271e+00 1.83579650231313e+00 1.38001004166277e-05
3.17500000000000e+00 1.86659750699595e+00 1.86661769201745e+00 2.01850215020283e-05
3.18000000000000e+00 1.89631497608401e+00 1.89633931720795e+00 2.43411239395641e-05
3.18500000000000e+00 1.92471704966222e+00 1.92474302560309e+00 2.59759408676175e-05
3.19000000000000e+00 1.95159416749139e+00 1.95161907318189e+00 2.49056905046174e-05
3.19500000000000e+00 1.97674656499164e+00 1.97676762586893e+00 2.10608772985843e-05
3.20000000000000e+00 1.99998551273313e+00 2.00000000000000e+00 1.44872668683682e-05
3.20500000000000e+00 2.02113449162319e+00 2.02113983391842e+00 5.34229522708429e-06
3.21000000000000e+00 2.04003029632476e+00 2.04002418347677e+00 6.11284799845180e-06
3.21500000000000e+00 2.05652405974519e+00 2.05650453468774e+00 1.95250574517303e-05
3.22000000000000e+00 2.07048219179926e+00 2.07044772727895e+00 3.44645203100846e-05
3.22500000000000e+00 2.08178722607900e+00 2.08173678345563e+00 5.04426233733923e-05
3.23000000000000e+00 2.09033856855586e+00 2.09027163675968e+00 6.69317961832228e-05
3.23500000000000e+00 2.09605314299857e+00 2.09596975652967e+00 8.33864688969399e-05
3.24000000000000e+00 2.09886592840719e+00 2.09876666410972e+00 9.92642974688707e-05
3.24500000000000e+00 2.09873038444205e+00 2.09861633762302e+00 1.14046819030822e-04
3.25000000000000e+00 2.09561876155342e+00 2.09549150281253e+00 1.27258740897584e-04
3.25500000000000e+00 2.08952229329353e+00 2.08938380815405e+00 1.38485139473676e-04
3.26000000000000e+00 2.08045126910552e+00 2.08030388316029e+00 1.47385945227896e-04
3.26500000000000e+00 2.06843498672544e+00 2.06828127951470e+00 1.53707210730492e-04
3.27000000000000e+00 2.05352158419486e+00 2.05336429539657e+00 1.57288798289912e-04
3.27500000000000e+00 2.03577775235171e+00 2.03561968407860e+00 1.58068273105716e-04
3.28000000000000e+00 2.01528832953518e+00 2.01513224859221e+00 1.56080942969261e-04
3.28500000000000e+00 1.99215578109612e+00 1.99200432495795e+00 1.51456138165029e-04
3.29000000000000e+00 1.96649956713701e+00 1.96635515716554e+00 1.44409971470250e-04
3.29500000000000e+00 1.93845540270569e+00 1.93832016775567e+00 1.35234950021434e-04
3.30000000000000e+00 1.90817441542373e+00 1.90805012849909e+00 1.24286924639616e-04
3.30500000000000e+00 1.87582220623903e+00 1.87571023628479e+00 1.11969954243341e-04
3.31000000000000e+00 1.84157781964168e+00 1.84147909991323e+00 9.87197284487706e-05
3.31500000000000e+00 1.80563263027033e+00 1.80554764404025e+00 8.49862300762450e-05
3.32000000000000e+00 1.76818915335732e+00 1.76811793702778e+00 7.12163295351065e-05
3.32500000000000e+00 1.72945978691136e+00 1.72940194992690e+00 5.78369844590476e-05
3.33000000000000e+00 1.68966549391879e+00 1.68962025424335e+00 4.52396754373474e-05
3.33500000000000e+00 1.64903443315122e+00 1.64900066651302e+00 3.37666381984292e-05
3.34000000000000e+00 1.60780054740962e+00 1.60777684804301e+00 2.36993666185015e-05
3.34500000000000e+00 1.56620211820613e+00 1.56618686845015e+00 1.52497559768872e-05
3.35000000000000e+00 1.52448029599220e+00 1.52447174185243e+00 8.55413977118857e-06
3.35500000000000e+00 1.48287761508995e+00 1.48287394473692e+00 3.67035303172614e-06
3.36000000000000e+00 1.44163650247364e+00 1.44163592464142e+00 5.77832223846997e-07
3.36500000000000e+00 1.40099778948706e+00 1.40099860884315e+00 8.19356089643009e-07
3.37000000000000e+00 1.36119923547307e+00 1.36119992224821e+00 6.86775147196172e-07
3.37500000000000e+00 1.32247407213857e+00 1.32247332361862e+00 7.48519950244386e-07
3.38000000000000e+00 1.28504957728543e+00 1.28504636916086e+00 3.20812457799136e-06
3.38500000000000e+00 1.24914568630790e+00 1.24913931233114e+00 6.37397675351536e-06
3.39000000000000e+00 1.21497364959357e+00 1.21496374848942e+00 9.90110415388656e-06
3.39500000000000e+00 1.18273474366942e+00 1.18272131275752e+00 1.34309118970943e-05
3.40000000000000e+00 1.15261904360781e+00 1.15260243910916e+00 1.66044986471547e-05
3.40500000000000e+00 1.12480426385291e+00 1.12478518834171e+00 1.90755112021712e-05
3.41000000000000e+00 1.09945467424243e+00 1.09943415215529e+00 2.05220871412060e-05
3.41500000000000e+00 1.07672009758528e+00 1.07669944009537e+00 2.06574899146439e-05
3.42000000000000e+00 1.05673499471477e+00 1.05671575560428e+00 1.92391104942846e-05
3.42500000000000e+00 1.03961764246176e+00 1.03960156687779e+00 1.60755839708759e-05
3.43000000000000e+00 1.02546940949191e+00 1.02545837763829e+00 1.10318536234999e-05
3.43500000000000e+00 1.01437413441733e+00 1.01437010232018e+00 4.03209715349462e-06
3.44000000000000e+00 1.00639761003254e+00 1.00640254951957e+00 4.93948702295910e-06
3.44500000000000e+00 1.00158717693311e+00 1.00160301689261e+00 1.58399594920589e-05
3.45000000000000e+00 9.99971429157586e-01 1.00000000000000e+00 2.85708424141440e-05
3.45500000000000e+00 1.00156003385132e+00 1.00160301689261e+00 4.29830412864707e-05
3.46000000000000e+00 1.00634366628365e+00 1.00640254951956e+00 5.88832359138536e-05
3.46500000000000e+00 1.01429406086578e+00 1.01437010232018e+00 7.60414543998778e-05
3.47000000000000e+00 1.02536417811639e+00 1.02545837763829e+00 9.41995218961544e-05
3.47500000000000e+00 1.03948848681171e+00 1.03960156687779e+00 1.13080066082905e-04
3.48000000000000e+00 1.05658335984049e+00 1.05671575560427e+00 1.32395763786430e-04
3.48500000000000e+00 1.07654758156891e+00 1.07669944009536e+00 1.51858526452386e-04
3.49000000000000e+00 1.09926296381187e+00 1.09943415215529e+00 1.71188343419448e-04
3.49500000000000e+00 1.12459506680813e+00 1.12478518834171e+00 1.90121533572896e-04
3.50000000000000e+00 1.15239402092025e+00 1.15260243910915e+00 2.08418188900383e-04
3.50500000000000e+00 1.18249544412333e+00 1.18272131275752e+00 2.25868634191162e-04
3.51000000000000e+00 1.21472144972298e+00 1.21496374848942e+00 2.42298766444105e-04
3.51500000000000e+00 1.24888173815312e+00 1.24913931233114e+00 2.57574178020636e-04
3.52000000000000e+00 1.28477476615322e+00 1.28504636916085e+00 2.71603007631960e-04
3.52500000000000e+00 1.32218898612079e+00 1.32247332361861e+00 2.84337497827636e-04
3.53000000000000e+00 1.36090414797582e+00 1.36119992224821e+00 2.95774272385696e-04
3.53500000000000e+00 1.40069265546850e+00 1.40099860884315e+00 3.05953374646784e-04
3.54000000000000e+00 1.44132096850783e+00 1.44163592464141e+00 3.14956133574462e-04
3.54500000000000e+00 1.48255104279233e+00 1.48287394473691e+00 3.22901944575626e-04
3.55000000000000e+00 1.52414179778290e+00 1.52447174185242e+00 3.29944069526578e-04
3.55500000000000e+00 1.56585060387561e+00 1.56618686845015e+00 3.36264574544609e-04
3.56000000000000e+00 1.60743477950792e+00 1.60777684804300e+00 3.42068535081230e-04
3.56500000000000e+00 1.64865308886513e+00 1.64900066651302e+00 3.47577647889619e-04
3.57000000000000e+00 1.68926723084734e+00 1.68962025424335e+00 3.53023396006513e-04
3.57500000000000e+00 1.72904331000475e+00 1.72940194992690e+00 3.58639922151571e-04
3.58000000000000e+00 1.76775328025810e+00 1.76811793702778e+00 3.64656769683558e-04
3.58500000000000e+00 1.80517635238267e+00 1.80554764404025e+00 3.71291657577544e-04
3.59000000000000e+00 1.84110035645338e+00 1.84147909991322e+00 3.78743459839681e-04
3.59500000000000e+00 1.87532305072114e+00 1.87571023628478e+00 3.87185563641035e-04
3.60000000000000e+00 1.90765336871755e+00 1.90805012849909e+00 3.96759781540190e-04
3.60500000000000e+00 1.93791259676226e+00 1.93832016775567e+00 4.07570993410822e-04
3.61000000000000e+00 1.96593547447759e+00 1.96635515716554e+00 4.19682687952116e-04
3.61500000000000e+00 1.99157121139194e+00 1.99200432495795e+00 4.33113566012500e-04
3.62000000000000e+00 2.01468441323869e+00 2.01513224859221e+00 4.47835353516890e-04
3.62500000000000e+00 2.03515591212675e+00 2.03561968407860e+00 4.63771951846770e-04
3.63000000000000e+00 2.05288349536911e+00 2.05336429539657e+00 4.80800027455430e-04
3.63500000000000e+00 2.06778252840553e+00 2.06828127951470e+00 4.98751109176077e-04
3.64000000000000e+00 2.07978646793823e+00 2.08030388316029e+00 5.17415222061057e-04
3.64500000000000e+00 2.08884726211300e+00 2.08938380815405e+00 5.36546041055797e-04
3.65000000000000e+00 2.09493563531553e+00 2.09549150281253e+00 5.55867496996765e-04
3.65500000000000e+00 2.09804125590950e+00 2.09861633762302e+00 5.75081713515058e-04
3.66000000000000e+00 2.09817278601328e+00 2.09876666410972e+00 5.93878096449174e-04
3.66500000000000e+00 2.09535781318684e+00 2.09596975652967e+00 6.11943342834209e-04
3.67000000000000e+00 2.08964266467704e+00 2.09027163675968e+00 6.28972082639567e-04
3.67500000000000e+00 2.08109210563543e+00 2.08173678345563e+00 6.44677820197614e-04
3.68000000000000e+00 2.06978892347734e+00 2.07044772727895e+00 6.58803801611985e-04
3.68500000000000e+00 2.05583340127926e+00 2.05650453468774e+00 6.71133408479907e-04
3.69000000000000e+00 2.03934268381561e+00 2.04002418347677e+00 6.81499661157936e-04
3.69500000000000e+00 2.02045004050134e+00 2.02113983391842e+00 6.89793417084417e-04
3.70000000000000e+00 1.99930403013424e+00 2.00000000000000e+00 6.95969865761814e-04
3.70500000000000e+00 1.97606757291049e+00 1.97676762586894e+00 7.00052958441333e-04
3.71000000000000e+00 1.95091693571832e+00 1.95161907318189e+00 7.02137463573393e-04
3.71500000000000e+00 1.92404063719383e+00 1.92474302560309e+00 7.02388409256294e-04
3.72000000000000e+00 1.89563827944589e+00 1.89633931720795e+00 7.01037762060874e-04
3.72500000000000e+00 1.86591931372634e+00 1.86661769201745e+00 6.98378291118074e-04
3.73000000000000e+00 1.83510174763525e+00 1.83579650231313e+00 6.94754677879494e-04
3.73500000000000e+00 1.80341080171076e+00 1.80410135376010e+00 6.90552049338100e-04
3.74000000000000e+00 1.77107752346156e+00 1.77176370569363e+00 6.86182232071619e-04
3.74500000000000e+00 1.73833736705923e+00 1.73901943520098e+00 6.82068141756087e-04
3.75000000000000e+00 1.70542874702388e+00 1.70610737385376e+00 6.78626829888174e-04
3.75500000000000e+00 1.67259157430857e+00 1.67326782611444e+00 6.76251805868722e-04
3.76000000000000e+00 1.64006578322803e+00 1.64074107855382e+00 6.75295325789360e-04
3.76500000000000e+00 1.60808985767899e+00 1.60876590907298e+00 6.76051393987631e-04
3.77000000000000e+00 1.57689936507826e+00 1.57757810532303e+00 6.78740244768106e-04
3.77500000000000e+00 1.54672550639374e+00 1.54740900145948e+00 6.83495065743056e-04
3.78000000000000e+00 1.51779369057226e+00 1.51848404225504e+00 6.90351682781420e-04
3.78500000000000e+00 1.49032214157421e+00 1.49102138342582e+00 6.99241851611632e-04
3.79000000000000e+00 1.46452054611124e+00 1.46523053680291e+00 7.09990691669882e-04
3.79500000000000e+00 1.44058875004717e+00 1.44131106870462e+00 7.22318657452981e-04
3.80000000000000e+00 1.41871551126375e+00 1.41945135953695e+00 7.35848273200501e-04
3.80500000000000e+00 1.39907731660744e+00 1.39982743227203e+00 7.50115664585715e-04
3.81000000000000e+00 1.38183727031712e+00 1.38260185702999e+00 7.64586712874937e-04
3.81500000000000e+00 1.36714406108151e+00 1.36792273852040e+00 7.78677438885822e-04
3.82000000000000e+00 1.35513101458211e+00 1.35592279258843e+00 7.91778006316246e-04
3.82500000000000e+00 1.34591523803577e+00 1.34671851756181e+00 8.03279526039979e-04
3.83000000000000e+00 1.33959686285758e+00 1.34040946551008e+00 8.12602652504824e-04
3.83500000000000e+00 1.33625839110831e+00 1.33707761791153e+00 8.19226803219664e-04
3.84000000000000e+00 1.33596415087053e+00 1.33678686957979e+00 8.22718709259096e-04
3.84500000000000e+00 1.33875986510705e+00 1.33958262403436e+00 8.22758927308209e-04
3.85000000000000e+00 1.34467233789085e+00 1.34549150281253e+00 8.19164921674886e-04
3.85500000000000e+00 1.35370926115711e+00 1.35452117051728e+00 8.11909360169505e-04
3.86000000000000e+00 1.36585914431762e+00 1.36666027668282e+00 8.01132365198631e-04
3.86500000000000e+00 1.38109136819333e+00 1.38187851481848e+00 7.87146625140789e-04
3.87000000000000e+00 1.39935636377525e+00 1.40012679826999e+00 7.70434494743011e-04
3.87500000000000e+00 1.42058591531945e+00 1.42133755181640e+00 7.51636496957975e-04
3.88000000000000e+00 1.44469358623076e+00 1.44542511720754e+00 7.31530976785688e-04
3.88500000000000e+00 1.47157526510695e+00 1.47228627014469e+00 7.11005037745682e-04
3.89000000000000e+00 1.50110982821273e+00 1.50180084551966e+00 6.91017306929886e-04
3.89500000000000e+00 1.53315991354973e+00 1.53383246706028e+00 6.72553510552953e-04
3.90000000000000e+00 1.56757280060166e+00 1.56822937688661e+00 6.56576284951971e-04
3.90500000000000e+00 1.60418138878342e+00 1.60482535986612e+00 6.43971082695760e-04
3.91000000000000e+00 1.64280526662733e+00 1.64344075707161e+00 6.35490444284903e-04
3.91500000000000e+00 1.68325186281964e+00 1.68388356209650e+00 6.31699276861575e-04
3.92000000000000e+00 1.72531766937085e+00 1.72595059347097e+00 6.32924100115950e-04
3.92500000000000e+00 1.76878952648776e+00 1.76942873595353e+00 6.39209465775670e-04
3.93000000000000e+00 1.81344595812016e+00 1.81409624304787e+00 6.50284927707245e-04
3.93500000000000e+00 1.85905854670010e+00 1.85972409271722e+00 6.65546017127205e-04
3.94000000000000e+00 1.90539333528298e+00 1.90607738794081e+00 6.84052657834444e-04
3.94500000000000e+00 1.95221224514384e+00 1.95291679348016e+00 7.04548336319499e-04
3.95000000000000e+00 1.99927449688488e+00 2.00000000000000e+00 7.25503115122761e-04
3.95500000000000e+00 2.04633802326595e+00 2.04708320651983e+00 7.45183253888282e-04
3.96000000000000e+00 2.09316086228150e+00 2.09392261205918e+00 7.61749777675735e-04
3.96500000000000e+00 2.13950251946176e+00 2.14027590728278e+00 7.73387821018989e-04
3.97000000000000e+00 2.18512528896596e+00 2.18590375695213e+00 7.78467986171982e-04
3.97500000000000e+00 2.22979552374863e+00 2.23057126404647e+00 7.75740297836336e-04
3.98000000000000e+00 2.27328484589797e+00 2.27404940652903e+00 7.64560631062672e-04
3.98500000000000e+00 2.31537128915481e+00 2.31611643790350e+00 7.45148748687363e-04
3.99000000000000e+00 2.35584036660076e+00 2.35655924292839e+00 7.18876327628681e-04
3.99500000000000e+00 2.39448605753579e+00 2.39517464013388e+00 6.88582598090903e-04
4.00000000000000e+00 2.43111170863104e+00 2.43177062311338e+00 6.58914482346340e-04
