variables = x, value-predict, value-true, error
0.00000000000000e+00 2.42772572025459e+00 2.43177062311339e+00 4.04490285880321e-03
5.00000000000000e-03 2.46217708723991e+00 2.46616753293972e+00 3.99044569981033e-03
1.00000000000000e-02 2.49425775486965e+00 2.49819915448034e+00 3.94139961068607e-03
1.50000000000000e-02 2.52382277875276e+00 2.52771372985530e+00 3.89095110253912e-03
2.00000000000000e-02 2.55074049858721e+00 2.55457488279246e+00 3.83438420524573e-03
2.50000000000000e-02 2.57489374851339e+00 2.57866244818360e+00 3.76869967021021e-03
3.00000000000000e-02 2.59618091864484e+00 2.59987320173000e+00 3.69228308516689e-03
3.50000000000000e-02 2.61451686327537e+00 2.61812148518152e+00 3.60462190615918e-03
4.00000000000000e-02 2.62983365470894e+00 2.63333972331718e+00 3.50606860824287e-03
4.50000000000000e-02 2.64208118454677e+00 2.64547882948272e+00 3.39764493594386e-03
5.00000000000000e-02 2.65122761649343e+00 2.65450849718747e+00 3.28088069404675e-03
5.50000000000000e-02 2.65725969625793e+00 2.66041737596564e+00 3.15767970770553e-03
6.00000000000000e-02 2.66018292492524e+00 2.66321313042021e+00 3.03020549497379e-03
6.50000000000000e-02 2.66002160230402e+00 2.66292238208847e+00 2.90077978445158e-03
7.00000000000000e-02 2.65681874630844e+00 2.65959053448992e+00 2.77178818147705e-03
7.50000000000000e-02 2.65063589353006e+00 2.65328148243819e+00 2.64558890812960e-03
8.00000000000000e-02 2.64155278495494e+00 2.64407720741157e+00 2.52442245663032e-03
8.50000000000000e-02 2.62966693945261e+00 2.63207726147960e+00 2.41032202698932e-03
9.00000000000000e-02 2.61509311638666e+00 2.61739814297001e+00 2.30502658334641e-03
9.50000000000000e-02 2.59796266764860e+00 2.60017256772797e+00 2.20990007937694e-03
1.00000000000000e-01 2.57842277875803e+00 2.58054864046305e+00 2.12586170501927e-03
1.05000000000000e-01 2.55663559854001e+00 2.55868893129538e+00 2.05333275537001e-03
1.10000000000000e-01 2.53277725738241e+00 2.53476946319709e+00 1.99220581468040e-03
1.15000000000000e-01 2.50703677524437e+00 2.50897861657418e+00 1.94184132980668e-03
1.20000000000000e-01 2.47961486242582e+00 2.48151595774496e+00 1.90109531913629e-03
1.25000000000000e-01 2.45072261855041e+00 2.45259099854052e+00 1.86837999010558e-03
1.30000000000000e-01 2.42058013812679e+00 2.42242189467697e+00 1.84175655017871e-03
1.35000000000000e-01 2.38941503424086e+00 2.39123409092702e+00 1.81905668615467e-03
1.40000000000000e-01 2.35746089514464e+00 2.35925892144618e+00 1.79802630154091e-03
1.45000000000000e-01 2.32495569145721e+00 2.32673217388556e+00 1.77648242835016e-03
1.50000000000000e-01 2.29214015407678e+00 2.29389262614624e+00 1.75247206945572e-03
1.55000000000000e-01 2.25925614442819e+00 2.26098056479902e+00 1.72442037082643e-03
1.60000000000000e-01 2.22654503909355e+00 2.22823629430637e+00 1.69125521281854e-03
1.65000000000000e-01 2.19424615003008e+00 2.19589864623990e+00 1.65249620981900e-03
1.70000000000000e-01 2.16259519941465e+00 2.16420349768687e+00 1.60829827222253e-03
1.75000000000000e-01 2.13182286474910e+00 2.13338230798255e+00 1.55944323344359e-03
1.80000000000000e-01 2.10215340543507e+00 2.10366068279205e+00 1.50727735698331e-03
1.85000000000000e-01 2.07380337693905e+00 2.07525697439691e+00 1.45359745785889e-03
1.90000000000000e-01 2.04698043338433e+00 2.04838092681811e+00 1.40049343377857e-03
1.95000000000000e-01 2.02188221445600e+00 2.02323237413107e+00 1.35015967506602e-03
2.00000000000000e-01 1.99869530842966e+00 2.00000000000000e+00 1.30469157033519e-03
2.05000000000000e-01 1.97759428041359e+00 1.97886016608158e+00 1.26588566798591e-03
2.10000000000000e-01 1.95874075388899e+00 1.95997581652323e+00 1.23506263424500e-03
2.15000000000000e-01 1.94228253452874e+00 1.94349546531226e+00 1.21293078351448e-03
2.20000000000000e-01 1.92835276804533e+00 1.92955227272105e+00 1.19950467571517e-03
2.25000000000000e-01 1.91706912821826e+00 1.91826321654437e+00 1.19408832611057e-03
2.30000000000000e-01 1.90853303683141e+00 1.90972836324032e+00 1.19532640891240e-03
2.35000000000000e-01 1.90282892340133e+00 1.90403024347033e+00 1.20132006900109e-03
2.40000000000000e-01 1.90002353859762e+00 1.90123333589028e+00 1.20979729265414e-03
2.45000000000000e-01 1.90016534042507e+00 1.90138366237698e+00 1.21832195190752e-03
2.50000000000000e-01 1.90328397590280e+00 1.90450849718747e+00 1.22452128467043e-03
2.55000000000000e-01 1.90938988262780e+00 1.91061619184595e+00 1.22630921814371e-03
2.60000000000000e-01 1.91847403394216e+00 1.91969611683971e+00 1.22208289755155e-03
2.65000000000000e-01 1.93050784837262e+00 1.93171872048530e+00 1.21087211268156e-03
2.70000000000000e-01 1.94544327877126e+00 1.94663570460343e+00 1.19242583216650e-03
2.75000000000000e-01 1.96321308959219e+00 1.96438031592140e+00 1.16722632921595e-03
2.80000000000000e-01 1.98373132262840e+00 1.98486775140779e+00 1.13642877938958e-03
2.85000000000000e-01 2.00689394307941e+00 2.00799567504205e+00 1.10173196264229e-03
2.90000000000000e-01 2.03257964985378e+00 2.03364484283446e+00 1.06519298068219e-03
2.95000000000000e-01 2.06065082733192e+00 2.06167983224433e+00 1.02900491241487e-03
3.00000000000000e-01 2.09095461109994e+00 2.09194987150091e+00 9.95260400969311e-04
3.05000000000000e-01 2.12332403789387e+00 2.12428976371522e+00 9.65725821344243e-04
3.10000000000000e-01 2.15757925038524e+00 2.15852090008677e+00 9.41649701530434e-04
3.15000000000000e-01 2.19352873042306e+00 2.19445235595975e+00 9.23625536684014e-04
3.20000000000000e-01 2.23097053956458e+00 2.23188206297222e+00 9.11523407639780e-04
3.25000000000000e-01 2.26969355256502e+00 2.27059805007310e+00 9.04497508082525e-04
3.30000000000000e-01 2.30947867715634e+00 2.31037974575665e+00 9.01068600314581e-04
3.35000000000000e-01 2.35010006103210e+00 2.35099933348698e+00 8.99272454882638e-04
3.40000000000000e-01 2.39132629358734e+00 2.39222315195700e+00 8.96858369659359e-04
3.45000000000000e-01 2.43292161486913e+00 2.43381313154985e+00 8.91516680723292e-04
3.50000000000000e-01 2.47464714681366e+00 2.47552825814758e+00 8.81111333912443e-04
3.55000000000000e-01 2.51626216189155e+00 2.51712605526309e+00 8.63893371539248e-04
3.60000000000000e-01 2.55752540177037e+00 2.55836407535859e+00 8.38673588213545e-04
3.65000000000000e-01 2.59819645385041e+00 2.59900139115685e+00 8.04937306438713e-04
3.70000000000000e-01 2.63803718710795e+00 2.63880007775179e+00 7.62890643834169e-04
3.75000000000000e-01 2.67681324134709e+00 2.67752667638138e+00 7.13435034297660e-04
3.80000000000000e-01 2.71429555655797e+00 2.71495363083915e+00 6.58074281177701e-04
3.85000000000000e-01 2.75026192243475e+00 2.75086068766886e+00 5.98765234111731e-04
3.90000000000000e-01 2.78449852293492e+00 2.78503625151058e+00 5.37728575660257e-04
3.95000000000000e-01 2.81680144758651e+00 2.81727868724248e+00 4.77239655964912e-04
4.00000000000000e-01 2.84697814034889e+00 2.84739756089084e+00 4.19420541957205e-04
4.05000000000000e-01 2.87484875822367e+00 2.87521481165829e+00 3.66053434621705e-04
4.10000000000000e-01 2.90024741526036e+00 2.90056584784471e+00 3.18432584347939e-04
4.15000000000000e-01 2.92302329266732e+00 2.92330055990464e+00 2.77267237316359e-04
4.20000000000000e-01 2.94304160184258e+00 2.94328424439572e+00 2.42642553143657e-04
4.25000000000000e-01 2.96018439363355e+00 2.96039843312221e+00 2.14039488656503e-04
4.30000000000000e-01 2.97435121338562e+00 2.97454162236171e+00 1.90408976094680e-04
4.35000000000000e-01 2.98545960679367e+00 2.98562989767982e+00 1.70290886158053e-04
4.40000000000000e-01 2.99344548580550e+00 2.99359745048043e+00 1.51964674934835e-04
4.45000000000000e-01 2.99826336658736e+00 2.99839698310739e+00 1.33616520030522e-04
4.50000000000000e-01 2.99988649276854e+00 3.00000000000000e+00 1.13507231457977e-04
4.55000000000000e-01 2.99830685692029e+00 2.99839698310739e+00 9.01261871049108e-05
4.60000000000000e-01 2.99353513171700e+00 2.99359745048043e+00 6.23187634363198e-05
4.65000000000000e-01 2.98560051979751e+00 2.98562989767982e+00 2.93778823166058e-05
4.70000000000000e-01 2.97455052836707e+00 2.97454162236171e+00 8.90600535541353e-06
4.75000000000000e-01 2.96045067143935e+00 2.96039843312221e+00 5.22383171466245e-05
4.80000000000000e-01 2.94338409966279e+00 2.94328424439572e+00 9.98552670630204e-05
4.85000000000000e-01 2.92345115519194e+00 2.92330055990464e+00 1.50595287301769e-04
4.90000000000000e-01 2.90076884725278e+00 2.90056584784471e+00 2.02999408065452e-04
4.95000000000000e-01 2.87547024301980e+00 2.87521481165829e+00 2.55431361506187e-04
5.00000000000000e-01 2.84770376819688e+00 2.84739756089084e+00 3.06207306037365e-04
5.05000000000000e-01 2.81763241222548e+00 2.81727868724248e+00 3.53724983000792e-04
5.10000000000000e-01 2.78543283423691e+00 2.78503625151058e+00 3.96582726330141e-04
5.15000000000000e-01 2.75129436759669e+00 2.75086068766886e+00 4.33679927830166e-04
5.20000000000000e-01 2.71541792302746e+00 2.71495363083915e+00 4.64292188311788e-04
5.25000000000000e-01 2.67801479271701e+00 2.67752667638138e+00 4.88116335627620e-04
5.30000000000000e-01 2.63930536040529e+00 2.63880007775179e+00 5.05282653503247e-04
5.35000000000000e-01 2.59951772509496e+00 2.59900139115685e+00 5.16333938112457e-04
5.40000000000000e-01 2.55888624864155e+00 2.55836407535859e+00 5.22173282961447e-04
5.45000000000000e-01 2.51765003994621e+00 2.51712605526309e+00 5.23984683122425e-04
5.50000000000000e-01 2.47605139067780e+00 2.47552825814758e+00 5.23132530219961e-04
5.55000000000000e-01 2.43433417926224e+00 2.43381313154985e+00 5.21047712390477e-04
5.60000000000000e-01 2.39274226116099e+00 2.39222315195700e+00 5.19109203994894e-04
5.65000000000000e-01 2.35151786408746e+00 2.35099933348698e+00 5.18530600483569e-04
5.70000000000000e-01 2.31090000667919e+00 2.31037974575665e+00 5.20260922542093e-04
5.75000000000000e-01 2.27112295819516e+00 2.27059805007310e+00 5.24908122064183e-04
5.80000000000000e-01 2.23241475504745e+00 2.23188206297222e+00 5.32692075231989e-04
5.85000000000000e-01 2.19499578748381e+00 2.19445235595975e+00 5.43431524060445e-04
5.90000000000000e-01 2.15907746666949e+00 2.15852090008677e+00 5.56566582715856e-04
5.95000000000000e-01 2.12486097900088e+00 2.12428976371522e+00 5.71215285668725e-04
6.00000000000000e-01 2.09253613100181e+00 2.09194987150091e+00 5.86259500898301e-04
6.05000000000000e-01 2.06228028491539e+00 2.06167983224433e+00 6.00452671060125e-04
6.10000000000000e-01 2.03425738241705e+00 2.03364484283446e+00 6.12539582593552e-04
6.15000000000000e-01 2.00861705200624e+00 2.00799567504205e+00 6.21376964187181e-04
6.20000000000000e-01 1.98549379478479e+00 1.98486775140779e+00 6.26043376997343e-04
6.25000000000000e-01 1.96500624359879e+00 1.96438031592140e+00 6.25927677388560e-04
6.30000000000000e-01 1.94725649188895e+00 1.94663570460343e+00 6.20787285523949e-04
6.35000000000000e-01 1.93232949091595e+00 1.93171872048530e+00 6.10770430651497e-04
6.40000000000000e-01 1.92029251703286e+00 1.91969611683971e+00 5.96400193147995e-04
6.45000000000000e-01 1.91119471399577e+00 1.91061619184595e+00 5.78522149821570e-04
6.50000000000000e-01 1.90506671849864e+00 1.90450849718747e+00 5.58221311161899e-04
6.55000000000000e-01 1.90192037973612e+00 1.90138366237698e+00 5.36717359134409e-04
6.60000000000000e-01 1.90174858542556e+00 1.90123333589028e+00 5.15249535284923e-04
6.65000000000000e-01 1.90452520704523e+00 1.90403024347033e+00 4.94963574906304e-04
6.70000000000000e-01 1.91020517591354e+00 1.90972836324032e+00 4.76812673217530e-04
6.75000000000000e-01 1.91872469917402e+00 1.91826321654437e+00 4.61482629645849e-04
6.80000000000000e-01 1.93000162099290e+00 1.92955227272105e+00 4.49348271851946e-04
6.85000000000000e-01 1.94393592972351e+00 1.94349546531226e+00 4.40464411253227e-04
6.90000000000000e-01 1.96041040696942e+00 1.95997581652323e+00 4.34590446182881e-04
6.95000000000000e-01 1.97929140995151e+00 1.97886016608158e+00 4.31243869933207e-04
7.00000000000000e-01 2.00042977487129e+00 2.00000000000000e+00 4.29774871292921e-04
7.05000000000000e-01 2.02366182644792e+00 2.02323237413106e+00 4.29452316855539e-04
7.10000000000000e-01 2.04881047768183e+00 2.04838092681811e+00 4.29550863719097e-04
7.15000000000000e-01 2.07568640413636e+00 2.07525697439691e+00 4.29429739448040e-04
7.20000000000000e-01 2.10408927840210e+00 2.10366068279205e+00 4.28595610049598e-04
7.25000000000000e-01 2.13380905254218e+00 2.13338230798255e+00 4.26744559634873e-04
7.30000000000000e-01 2.16462727876643e+00 2.16420349768687e+00 4.23781079555763e-04
7.35000000000000e-01 2.19631846092146e+00 2.19589864623990e+00 4.19814681562158e-04
7.40000000000000e-01 2.22865143127501e+00 2.22823629430637e+00 4.15136968637597e-04
7.45000000000000e-01 2.26139074831623e+00 2.26098056479902e+00 4.10183517215224e-04
7.50000000000000e-01 2.29429811183856e+00 2.29389262614624e+00 4.05485692322127e-04
7.55000000000000e-01 2.32713379149737e+00 2.32673217388556e+00 4.01617611810234e-04
7.60000000000000e-01 2.35965806451080e+00 2.35925892144618e+00 3.99143064623075e-04
7.65000000000000e-01 2.39163265739852e+00 2.39123409092702e+00 3.98566471500938e-04
7.70000000000000e-01 2.42282218581730e+00 2.42242189467697e+00 4.00291140330022e-04
7.75000000000000e-01 2.45299558578375e+00 2.45259099854052e+00 4.04587243235888e-04
7.80000000000000e-01 2.48192752893557e+00 2.48151595774496e+00 4.11571190610083e-04
7.85000000000000e-01 2.50939981396931e+00 2.50897861657418e+00 4.21197395129358e-04
7.90000000000000e-01 2.53520272595671e+00 2.53476946319709e+00 4.33262759611974e-04
7.95000000000000e-01 2.55913635482292e+00 2.55868893129538e+00 4.47423527540458e-04
8.00000000000000e-01 2.58101186382619e+00 2.58054864046305e+00 4.63223363141196e-04
8.05000000000000e-01 2.60065269840927e+00 2.60017256772797e+00 4.80130681299151e-04
8.10000000000000e-01 2.61789572535088e+00 2.61739814297001e+00 4.97582380866390e-04
8.15000000000000e-01 2.63259229183255e+00 2.63207726147960e+00 5.15030352950863e-04
8.20000000000000e-01 2.64460919398592e+00 2.64407720741157e+00 5.31986574349830e-04
8.25000000000000e-01 2.65382954483392e+00 2.65328148243819e+00 5.48062395727467e-04
8.30000000000000e-01 2.66015353239574e+00 2.65959053448992e+00 5.62997905824592e-04
8.35000000000000e-01 2.66349906013759e+00 2.66292238208847e+00 5.76678049121870e-04
8.40000000000000e-01 2.66380226388487e+00 2.66321313042021e+00 5.89133464657721e-04
8.45000000000000e-01 2.66101790164400e+00 2.66041737596564e+00 6.00525678356778e-04
8.50000000000000e-01 2.65511961530618e+00 2.65450849718747e+00 6.11118118706955e-04
8.55000000000000e-01 2.64610006566471e+00 2.64547882948272e+00 6.21236181997276e-04
8.60000000000000e-01 2.63397094430042e+00 2.63333972331718e+00 6.31220983235092e-04
8.65000000000000e-01 2.61876286744676e+00 2.61812148518153e+00 6.41382265235357e-04
8.70000000000000e-01 2.60052515778645e+00 2.59987320173000e+00 6.51956056448189e-04
8.75000000000000e-01 2.57932552021971e+00 2.57866244818360e+00 6.63072036115153e-04
8.80000000000000e-01 2.55524961706509e+00 2.55457488279246e+00 6.74734272635202e-04
8.85000000000000e-01 2.52840054709788e+00 2.52771372985530e+00 6.86817242576687e-04
8.90000000000000e-01 2.49889823155647e+00 2.49819915448034e+00 6.99077076134369e-04
8.95000000000000e-01 2.46687870903474e+00 2.46616753293972e+00 7.11176095023802e-04
9.00000000000000e-01 2.43249334028064e+00 2.43177062311339e+00 7.22717167248810e-04
9.05000000000000e-01 2.39590792352348e+00 2.39517464013388e+00 7.33283389596551e-04
9.10000000000000e-01 2.35730172115198e+00 2.35655924292839e+00 7.42478223587639e-04
9.15000000000000e-01 2.31686639936184e+00 2.31611643790350e+00 7.49961458340831e-04
9.20000000000000e-01 2.27480488370335e+00 2.27404940652903e+00 7.55477174324337e-04
9.25000000000000e-01 2.23133013513785e+00 2.23057126404647e+00 7.58871091377955e-04
9.30000000000000e-01 2.18666385307431e+00 2.18590375695213e+00 7.60096122178311e-04
9.35000000000000e-01 2.14103511370896e+00 2.14027590728277e+00 7.59206426186321e-04
9.40000000000000e-01 2.09467895365114e+00 2.09392261205918e+00 7.56341591957810e-04
9.45000000000000e-01 2.04783491013816e+00 2.04708320651983e+00 7.51703618328659e-04
9.50000000000000e-01 2.00074553001520e+00 2.00000000000000e+00 7.45530015196838e-04
9.55000000000000e-01 1.95365486002865e+00 1.95291679348017e+00 7.38066548481076e-04
9.60000000000000e-01 1.90680693085335e+00 1.90607738794082e+00 7.29542912525583e-04
9.65000000000000e-01 1.86044424669551e+00 1.85972409271723e+00 7.20153978284621e-04
9.70000000000000e-01 1.81480629138156e+00 1.81409624304787e+00 7.10048333692148e-04
9.75000000000000e-01 1.77012806068730e+00 1.76942873595353e+00 6.99324733763662e-04
9.80000000000000e-01 1.72663862943187e+00 1.72595059347097e+00 6.88035960899169e-04
9.85000000000000e-01 1.68455976070691e+00 1.68388356209650e+00 6.76198610405132e-04
9.90000000000000e-01 1.64410456366469e+00 1.64344075707161e+00 6.63806593082628e-04
9.95000000000000e-01 1.60547620564686e+00 1.60482535986612e+00 6.50845780740816e-04
1.00000000000000e+00 1.56886668414175e+00 1.56822937688661e+00 6.37307255144437e-04
1.00500000000000e+00 1.53445566410173e+00 1.53383246706028e+00 6.23197041446755e-04
1.01000000000000e+00 1.50240938646122e+00 1.50180084551966e+00 6.08540941552604e-04
1.01500000000000e+00 1.47287965415505e+00 1.47228627014470e+00 5.93384010353581e-04
1.02000000000000e+00 1.44600290239675e+00 1.44542511720755e+00 5.77785189206148e-04
1.02500000000000e+00 1.42189936028584e+00 1.42133755181640e+00 5.61808469440539e-04
1.03000000000000e+00 1.40067231083764e+00 1.40012679827000e+00 5.45512567648787e-04
1.03500000000000e+00 1.38240745617624e+00 1.38187851481848e+00 5.28941357763379e-04
1.04000000000000e+00 1.36717239386703e+00 1.36666027668282e+00 5.12117184210403e-04
1.04500000000000e+00 1.35501620921744e+00 1.35452117051728e+00 4.95038700156769e-04
1.05000000000000e+00 1.34596918692951e+00 1.34549150281253e+00 4.77684116980681e-04
1.05500000000000e+00 1.34004264387604e+00 1.33958262403436e+00 4.60019841679538e-04
1.06000000000000e+00 1.33722888314397e+00 1.33678686957979e+00 4.42013564188715e-04
1.06500000000000e+00 1.33750126799196e+00 1.33707761791153e+00 4.23650080423332e-04
1.07000000000000e+00 1.34081441312681e+00 1.34040946551008e+00 4.04947616724272e-04
1.07500000000000e+00 1.34710448979273e+00 1.34671851756181e+00 3.85972230914966e-04
1.08000000000000e+00 1.35628964061450e+00 1.35592279258843e+00 3.66848026077227e-04
1.08500000000000e+00 1.36827049991373e+00 1.36792273852040e+00 3.47761393327817e-04
1.09000000000000e+00 1.38293081525394e+00 1.38260185702999e+00 3.28958223953402e-04
1.09500000000000e+00 1.40013816616423e+00 1.39982743227203e+00 3.10733892206594e-04
1.10000000000000e+00 1.41974477622642e+00 1.41945135953695e+00 2.93416689471027e-04
1.10500000000000e+00 1.44158841487917e+00 1.44131106870462e+00 2.77346174548443e-04
1.11000000000000e+00 1.46549338530286e+00 1.46523053680291e+00 2.62848499952950e-04
1.11500000000000e+00 1.49127159454451e+00 1.49102138342582e+00 2.50211118685728e-04
1.12000000000000e+00 1.51872370159870e+00 1.51848404225504e+00 2.39659343659326e-04
1.12500000000000e+00 1.54764033849303e+00 1.54740900145948e+00 2.31337033553602e-04
1.13000000000000e+00 1.57780339857796e+00 1.57757810532303e+00 2.25293254936254e-04
1.13500000000000e+00 1.60898738525690e+00 1.60876590907298e+00 2.21476183919878e-04
1.14000000000000e+00 1.64096081338968e+00 1.64074107855382e+00 2.19734835864349e-04
1.14500000000000e+00 1.67348765463688e+00 1.67326782611444e+00 2.19828522439292e-04
1.15000000000000e+00 1.70632881715209e+00 1.70610737385376e+00 2.21443298324742e-04
1.15500000000000e+00 1.73924364932513e+00 1.73901943520098e+00 2.24214124149524e-04
1.16000000000000e+00 1.77199145676289e+00 1.77176370569363e+00 2.27751069258542e-04
1.16500000000000e+00 1.80433302138030e+00 1.80410135376010e+00 2.31667620195886e-04
1.17000000000000e+00 1.83603211135796e+00 1.83579650231313e+00 2.35609044831886e-04
1.17500000000000e+00 1.86685697079229e+00 1.86661769201745e+00 2.39278774839091e-04
1.18000000000000e+00 1.89658177810131e+00 1.89633931720795e+00 2.42460893363550e-04
1.18500000000000e+00 1.92498806263728e+00 1.92474302560309e+00 2.45037034193540e-04
1.19000000000000e+00 1.95186606948378e+00 1.95161907318189e+00 2.46996301890956e-04
1.19500000000000e+00 1.97701606307335e+00 1.97676762586894e+00 2.48437204412921e-04
1.20000000000000e+00 2.00024956104753e+00 2.00000000000000e+00 2.49561047532820e-04
1.20500000000000e+00 2.02139049069022e+00 2.02113983391842e+00 2.50656771795921e-04
1.21000000000000e+00 2.04027626128397e+00 2.04002418347677e+00 2.52077807207041e-04
1.21500000000000e+00 2.05675874684525e+00 2.05650453468774e+00 2.54212157509315e-04
1.22000000000000e+00 2.07070517484545e+00 2.07044772727895e+00 2.57447566499369e-04
1.22500000000000e+00 2.08199891766648e+00 2.08173678345563e+00 2.62134210847087e-04
1.23000000000000e+00 2.09054018460019e+00 2.09027163675968e+00 2.68547840505118e-04
1.23500000000000e+00 2.09624661310761e+00 2.09596975652967e+00 2.76856577933859e-04
1.24000000000000e+00 2.09905375873332e+00 2.09876666410972e+00 2.87094623595774e-04
1.24500000000000e+00 2.09891548346898e+00 2.09861633762302e+00 2.99145845962023e-04
1.25000000000000e+00 2.09580424244794e+00 2.09549150281253e+00 3.12739635413450e-04
1.25500000000000e+00 2.08971126863769e+00 2.08938380815405e+00 3.27460483632969e-04
1.26000000000000e+00 2.08064665472555e+00 2.08030388316029e+00 3.42771565258637e-04
1.26500000000000e+00 2.06863933075369e+00 2.06828127951470e+00 3.58051238984469e-04
1.27000000000000e+00 2.05373693537438e+00 2.05336429539657e+00 3.72639977806344e-04
1.27500000000000e+00 2.03600557801355e+00 2.03561968407860e+00 3.85893934949255e-04
1.28000000000000e+00 2.01552948890510e+00 2.01513224859221e+00 3.97240312892233e-04
1.28500000000000e+00 1.99241055403723e+00 1.99200432495795e+00 4.06229079275233e-04
1.29000000000000e+00 1.96676773265171e+00 1.96635515716554e+00 4.12575486171463e-04
1.29500000000000e+00 1.93873635612728e+00 1.93832016775567e+00 4.16188371614945e-04
1.30000000000000e+00 1.90846730886197e+00 1.90805012849909e+00 4.17180362876080e-04
1.30500000000000e+00 1.87612609407903e+00 1.87571023628478e+00 4.15857794249241e-04
1.31000000000000e+00 1.84189179017011e+00 1.84147909991323e+00 4.12690256879955e-04
1.31500000000000e+00 1.80595590604345e+00 1.80554764404025e+00 4.08262003199766e-04
1.32000000000000e+00 1.76852114670024e+00 1.76811793702778e+00 4.03209672458216e-04
1.32500000000000e+00 1.72980010262709e+00 1.72940194992690e+00 3.98152700183729e-04
1.33000000000000e+00 1.69001387829209e+00 1.68962025424335e+00 3.93624048740326e-04
1.33500000000000e+00 1.64939067583563e+00 1.64900066651302e+00 3.90009322606577e-04
1.34000000000000e+00 1.60816434981754e+00 1.60777684804300e+00 3.87501774532950e-04
1.34500000000000e+00 1.56657294760016e+00 1.56618686845015e+00 3.86079150009655e-04
1.35000000000000e+00 1.52485724773135e+00 1.52447174185242e+00 3.85505878922610e-04
1.35500000000000e+00 1.48325930580190e+00 1.48287394473691e+00 3.85361064991985e-04
1.36000000000000e+00 1.44202101406382e+00 1.44163592464141e+00 3.85089422411555e-04
1.36500000000000e+00 1.40138267805751e+00 1.40099860884315e+00 3.84069214361293e-04
1.37000000000000e+00 1.36158161106827e+00 1.36119992224821e+00 3.81688820055626e-04
1.37500000000000e+00 1.32285074581015e+00 1.32247332361862e+00 3.77422191535359e-04
1.38000000000000e+00 1.28541726258153e+00 1.28504636916085e+00 3.70893420682084e-04
1.38500000000000e+00 1.24950123432108e+00 1.24913931233114e+00 3.61921989933123e-04
1.39000000000000e+00 1.21531429136557e+00 1.21496374848942e+00 3.50542876154547e-04
1.39500000000000e+00 1.18305831191344e+00 1.18272131275752e+00 3.36999155921891e-04
1.40000000000000e+00 1.15292414771068e+00 1.15260243910916e+00 3.21708601527915e-04
1.40500000000000e+00 1.12509039770777e+00 1.12478518834171e+00 3.05209366062265e-04
1.41000000000000e+00 1.09972224482381e+00 1.09943415215529e+00 2.88092668518036e-04
1.41500000000000e+00 1.07697037206828e+00 1.07669944009536e+00 2.70931972917943e-04
1.42000000000000e+00 1.05696997389159e+00 1.05671575560428e+00 2.54218287314423e-04
1.42500000000000e+00 1.03983987679409e+00 1.03960156687779e+00 2.38309916295254e-04
1.43000000000000e+00 1.02568178018563e+00 1.02545837763829e+00 2.23402547339768e-04
1.43500000000000e+00 1.01457962470172e+00 1.01437010232018e+00 2.09522381541705e-04
1.44000000000000e+00 1.00659909118661e+00 1.00640254951957e+00 1.96541667044858e-04
1.44500000000000e+00 1.00178722987654e+00 1.00160301689261e+00 1.84212983935561e-04
1.45000000000000e+00 1.00017221638710e+00 1.00000000000000e+00 1.72216387099855e-04
1.45500000000000e+00 1.00176322919203e+00 1.00160301689261e+00 1.60212299427087e-04
1.46000000000000e+00 1.00655044245286e+00 1.00640254951957e+00 1.47892933293647e-04
1.46500000000000e+00 1.01450512821645e+00 1.01437010232018e+00 1.35025896273344e-04
1.47000000000000e+00 1.02557986290077e+00 1.02545837763829e+00 1.21485262480236e-04
1.47500000000000e+00 1.03970883431982e+00 1.03960156687779e+00 1.07267442031489e-04
1.48000000000000e+00 1.05680824692446e+00 1.05671575560428e+00 9.24913201858502e-05
1.48500000000000e+00 1.07677682416453e+00 1.07669944009536e+00 7.73840691650207e-05
1.49000000000000e+00 1.09949640769787e+00 1.09943415215529e+00 6.22555425784377e-05
1.49500000000000e+00 1.12483265346762e+00 1.12478518834171e+00 4.74651259139147e-05
1.50000000000000e+00 1.15263582442166e+00 1.15260243910916e+00 3.33853124996342e-05
1.50500000000000e+00 1.18274167891369e+00 1.18272131275752e+00 2.03661561655188e-05
1.51000000000000e+00 1.21497245271237e+00 1.21496374848942e+00 8.70422295284889e-06
1.51500000000000e+00 1.24913793118120e+00 1.24913931233114e+00 1.38114994285843e-06
1.52000000000000e+00 1.28503660670435e+00 1.28504636916085e+00 9.76245649897400e-06
1.52500000000000e+00 1.32245691493155e+00 1.32247332361862e+00 1.64086870722002e-05
1.53000000000000e+00 1.36117854198428e+00 1.36119992224821e+00 2.13802639348337e-05
1.53500000000000e+00 1.40097379347466e+00 1.40099860884315e+00 2.48153684869745e-05
1.54000000000000e+00 1.44160901509132e+00 1.44163592464141e+00 2.69095500933236e-05
1.54500000000000e+00 1.48284605365452e+00 1.48287394473691e+00 2.78910823885425e-05
1.55000000000000e+00 1.52444374698197e+00 1.52447174185242e+00 2.79948704520194e-05
1.55500000000000e+00 1.56615943067591e+00 1.56618686845015e+00 2.74377742348619e-05
1.56000000000000e+00 1.60775045006476e+00 1.60777684804300e+00 2.63979782408885e-05
1.56500000000000e+00 1.64897566600094e+00 1.64900066651302e+00 2.50005120749908e-05
1.57000000000000e+00 1.68959694398876e+00 1.68962025424335e+00 2.33102545883490e-05
1.57500000000000e+00 1.72938061710689e+00 1.72940194992690e+00 2.13328200120433e-05
1.58000000000000e+00 1.76809891428414e+00 1.76811793702778e+00 1.90227436431822e-05
1.58500000000000e+00 1.80553134654984e+00 1.80554764404025e+00 1.62974904116542e-05
1.59000000000000e+00 1.84146604478347e+00 1.84147909991323e+00 1.30551297539139e-05
1.59500000000000e+00 1.87570104313063e+00 1.87571023628478e+00 9.19315415792710e-06
1.60000000000000e+00 1.90804550258191e+00 1.90805012849909e+00 4.62591717931282e-06
1.60500000000000e+00 1.93832086923213e+00 1.93832016775567e+00 7.01476465803097e-07
1.61000000000000e+00 1.96636196151258e+00 1.96635515716554e+00 6.80434704136701e-06
1.61500000000000e+00 1.99201798032686e+00 1.99200432495795e+00 1.36553689082941e-05
1.62000000000000e+00 2.01515343565558e+00 2.01513224859221e+00 2.11870633646249e-05
1.62500000000000e+00 2.03564898296087e+00 2.03561968407860e+00 2.92988822754303e-05
1.63000000000000e+00 2.05340216273179e+00 2.05336429539657e+00 3.78673352230408e-05
1.63500000000000e+00 2.06832803683622e+00 2.06828127951470e+00 4.67573215123807e-05
1.64000000000000e+00 2.08035971600556e+00 2.08030388316029e+00 5.58328452666679e-05
1.64500000000000e+00 2.08944877374330e+00 2.08938380815405e+00 6.49655892517309e-05
1.65000000000000e+00 2.09556554314444e+00 2.09549150281253e+00 7.40403319143823e-05
1.65500000000000e+00 2.09869929443822e+00 2.09861633762302e+00 8.29568152007631e-05
1.66000000000000e+00 2.09885829241050e+00 2.09876666410972e+00 9.16283007721397e-05
1.66500000000000e+00 2.09606973412075e+00 2.09596975652967e+00 9.99775910726086e-05
1.67000000000000e+00 2.09037956842309e+00 2.09027163675968e+00 1.07931663402283e-04
1.67500000000000e+00 2.08185219968160e+00 2.08173678345563e+00 1.15416225975107e-04
1.68000000000000e+00 2.07057007872629e+00 2.07044772727895e+00 1.22351447338520e-04
1.68500000000000e+00 2.05663318454723e+00 2.05650453468774e+00 1.28649859493457e-04
1.69000000000000e+00 2.04015840051840e+00 2.04002418347677e+00 1.34217041631857e-04
1.69500000000000e+00 2.02127878914071e+00 2.02113983391842e+00 1.38955222286796e-04
1.70000000000000e+00 2.00014276946468e+00 2.00000000000000e+00 1.42769464682502e-04
1.70500000000000e+00 1.97691320155700e+00 1.97676762586893e+00 1.45575688063282e-04
1.71000000000000e+00 1.95176638266050e+00 1.95161907318189e+00 1.47309478611968e-04
1.71500000000000e+00 1.92489096009231e+00 1.92474302560309e+00 1.47934489226786e-04
1.72000000000000e+00 1.89648676643656e+00 1.89633931720795e+00 1.47449228607988e-04
1.72500000000000e+00 1.86676358320612e+00 1.86661769201745e+00 1.45891188668701e-04
1.73000000000000e+00 1.83593983984291e+00 1.83579650231313e+00 1.43337529785237e-04
1.73500000000000e+00 1.80424125566138e+00 1.80410135376010e+00 1.39901901283990e-04
1.74000000000000e+00 1.77189943307270e+00 1.77176370569363e+00 1.35727379075634e-04
1.74500000000000e+00 1.73915041111418e+00 1.73901943520098e+00 1.30975913203768e-04
1.75000000000000e+00 1.70623318891301e+00 1.70610737385376e+00 1.25815059246914e-04
1.75500000000000e+00 1.67338822920202e+00 1.67326782611444e+00 1.20403087587873e-04
1.76000000000000e+00 1.64085595235340e+00 1.64074107855382e+00 1.14873799582194e-04
1.76500000000000e+00 1.60887523158353e+00 1.60876590907298e+00 1.09322510547738e-04
1.77000000000000e+00 1.57768189999513e+00 1.57757810532303e+00 1.03794672106527e-04
1.77500000000000e+00 1.54750727995138e+00 1.54740900145948e+00 9.82784919041357e-05
1.78000000000000e+00 1.51857674491730e+00 1.51848404225504e+00 9.27026622628002e-05
1.78500000000000e+00 1.49110832336047e+00 1.49102138342582e+00 8.69399346485888e-05
1.79000000000000e+00 1.46531135359044e+00 1.46523053680291e+00 8.08167875350208e-05
1.79500000000000e+00 1.44138519756272e+00 1.44131106870462e+00 7.41288580941024e-05
1.80000000000000e+00 1.41951802072266e+00 1.41945135953695e+00 6.66611857051969e-05
1.80500000000000e+00 1.39988564397740e+00 1.39982743227203e+00 5.82117053713471e-05
1.81000000000000e+00 1.38265047293096e+00 1.38260185702999e+00 4.86159009671638e-05
1.81500000000000e+00 1.36796050867712e+00 1.36792273852040e+00 3.77701567191302e-05
1.82000000000000e+00 1.35594844378901e+00 1.35592279258843e+00 2.56512005889498e-05
1.82500000000000e+00 1.34673084673041e+00 1.34671851756181e+00 1.23291685993898e-05
1.83000000000000e+00 1.34040743777132e+00 1.34040946551008e+00 2.02773876578632e-06
1.83500000000000e+00 1.33706045961157e+00 1.33707761791153e+00 1.71582999675124e-05
1.84000000000000e+00 1.33675414625090e+00 1.33678686957979e+00 3.27233288845985e-05
1.84500000000000e+00 1.33953429410172e+00 1.33958262403436e+00 4.83299326397013e-05
1.85000000000000e+00 1.34542793979655e+00 1.34549150281253e+00 6.35630159728784e-05
1.85500000000000e+00 1.35444314945272e+00 1.35452117051728e+00 7.80210645685564e-05
1.86000000000000e+00 1.36656892417904e+00 1.36666027668282e+00 9.13525037791185e-05
1.86500000000000e+00 1.38177522622331e+00 1.38187851481848e+00 1.03288595168838e-04
1.87000000000000e+00 1.40001312928904e+00 1.40012679827000e+00 1.13668980955550e-04
1.87500000000000e+00 1.42121509518174e+00 1.42133755181640e+00 1.22456634667367e-04
1.88000000000000e+00 1.44529537713304e+00 1.44542511720755e+00 1.29740074510165e-04
1.88500000000000e+00 1.47215054802014e+00 1.47228627014470e+00 1.35722124556814e-04
1.89000000000000e+00 1.50166014942527e+00 1.50180084551967e+00 1.40696094395709e-04
1.89500000000000e+00 1.53368745527602e+00 1.53383246706028e+00 1.45011784262516e-04
1.90000000000000e+00 1.56808034188342e+00 1.56822937688661e+00 1.49035003191411e-04
1.90500000000000e+00 1.60467225473205e+00 1.60482535986612e+00 1.53105134065523e-04
1.91000000000000e+00 1.64328326149953e+00 1.64344075707161e+00 1.57495572082000e-04
1.91500000000000e+00 1.68372118053782e+00 1.68388356209650e+00 1.62381558686642e-04
1.92000000000000e+00 1.72578277440039e+00 1.72595059347097e+00 1.67819070581166e-04
1.92500000000000e+00 1.76925499883407e+00 1.76942873595353e+00 1.73737119465667e-04
1.93000000000000e+00 1.81391629880183e+00 1.81409624304787e+00 1.79944246036845e-04
1.93500000000000e+00 1.85953794436149e+00 1.85972409271723e+00 1.86148355732385e-04
1.94000000000000e+00 1.90588540039271e+00 1.90607738794082e+00 1.91987548110006e-04
1.94500000000000e+00 1.95271972506647e+00 1.95291679348017e+00 1.97068413696044e-04
1.95000000000000e+00 1.99979899246237e+00 2.00000000000000e+00 2.01007537633302e-04
1.95500000000000e+00 2.04687973479696e+00 2.04708320651983e+00 2.03471722871384e-04
1.96000000000000e+00 2.09371839933477e+00 2.09392261205918e+00 2.04212724404407e-04
1.96500000000000e+00 2.14007281427377e+00 2.14027590728277e+00 2.03093009000010e-04
1.97000000000000e+00 2.18570365683748e+00 2.18590375695213e+00 2.00100114644108e-04
1.97500000000000e+00 2.23037591560266e+00 2.23057126404646e+00 1.95348443802867e-04
1.98000000000000e+00 2.27386033788979e+00 2.27404940652903e+00 1.89068639235401e-04
1.98500000000000e+00 2.31593485198198e+00 2.31611643790350e+00 1.81585921515737e-04
1.99000000000000e+00 2.35638595313223e+00 2.35655924292839e+00 1.73289796162379e-04
1.99500000000000e+00 2.39501004185437e+00 2.39517464013388e+00 1.64598279514649e-04
2.00000000000000e+00 2.43161470291858e+00 2.43177062311339e+00 1.55920194804260e-04
2.00500000000000e+00 2.46601991379969e+00 2.46616753293972e+00 1.47619140031363e-04
2.01000000000000e+00 2.49805917203448e+00 2.49819915448034e+00 1.39982445855225e-04
2.01500000000000e+00 2.52758053198377e+00 2.52771372985530e+00 1.33197871534652e-04
2.02000000000000e+00 2.55444754279461e+00 2.55457488279245e+00 1.27339997841425e-04
2.02500000000000e+00 2.57854008083600e+00 2.57866244818359e+00 1.22367347598740e-04
2.03000000000000e+00 2.59975507144753e+00 2.59987320173000e+00 1.18130282474649e-04
2.03500000000000e+00 2.61800709640878e+00 2.61812148518152e+00 1.14388772740170e-04
2.04000000000000e+00 2.63322888502581e+00 2.63333972331718e+00 1.10838291373483e-04
2.04500000000000e+00 2.64537168807325e+00 2.64547882948272e+00 1.07141409461775e-04
2.05000000000000e+00 2.65440553497208e+00 2.65450849718747e+00 1.02962215390079e-04
2.05500000000000e+00 2.66031937548886e+00 2.66041737596564e+00 9.80004767812126e-05
2.06000000000000e+00 2.66312110789725e+00 2.66321313042021e+00 9.20225229679161e-05
2.06500000000000e+00 2.66283749594980e+00 2.66292238208847e+00 8.48861386635313e-05
2.07000000000000e+00 2.65951397719137e+00 2.65959053448992e+00 7.65572985508278e-05
2.07500000000000e+00 2.65321436514578e+00 2.65328148243819e+00 6.71172924051611e-05
2.08000000000000e+00 2.64402044778034e+00 2.64407720741157e+00 5.67596312364138e-05
2.08500000000000e+00 2.63203148446353e+00 2.63207726147960e+00 4.57770160737780e-05
2.09000000000000e+00 2.61736360345240e+00 2.61739814297001e+00 3.45395176064578e-05
2.09500000000000e+00 2.60014910184658e+00 2.60017256772797e+00 2.34658813944577e-05
2.10000000000000e+00 2.58053564998979e+00 2.58054864046305e+00 1.29904732588670e-05
2.10500000000000e+00 2.55868540253688e+00 2.55868893129538e+00 3.52875849785050e-06
2.11000000000000e+00 2.53477401886585e+00 2.53476946319710e+00 4.55566875290359e-06
2.11500000000000e+00 2.50898959620979e+00 2.50897861657418e+00 1.09796356140279e-05
2.12000000000000e+00 2.48153151979789e+00 2.48151595774496e+00 1.55620529254108e-05
2.12500000000000e+00 2.45260923538856e+00 2.45259099854052e+00 1.82368480343698e-05
2.13000000000000e+00 2.42244095079250e+00 2.42242189467697e+00 1.90561155255509e-05
2.13500000000000e+00 2.39125227424252e+00 2.39123409092702e+00 1.81833154964117e-05
2.14000000000000e+00 2.35927479868649e+00 2.35925892144618e+00 1.58772403042740e-05
2.14500000000000e+00 2.32674464217421e+00 2.32673217388556e+00 1.24682886415428e-05
2.15000000000000e+00 2.29390095539932e+00 2.29389262614624e+00 8.32925308458243e-06
2.15500000000000e+00 2.26098440808181e+00 2.26098056479902e+00 3.84328278846269e-06
2.16000000000000e+00 2.22823566619175e+00 2.22823629430637e+00 6.28114621203935e-07
2.16500000000000e+00 2.19589387200638e+00 2.19589864623990e+00 4.77423352274187e-06
2.17000000000000e+00 2.16419513866866e+00 2.16420349768687e+00 8.35901821449880e-06
2.17500000000000e+00 2.13337107031473e+00 2.13338230798255e+00 1.12376678123027e-05
2.18000000000000e+00 2.10364731801553e+00 2.10366068279205e+00 1.33647765201417e-05
2.18500000000000e+00 2.07524218080819e+00 2.07525697439691e+00 1.47935887193640e-05
2.19000000000000e+00 2.04836526005568e+00 2.04838092681811e+00 1.56667624309215e-05
2.19500000000000e+00 2.02321617434688e+00 2.02323237413107e+00 1.61997841914285e-05
2.20000000000000e+00 1.99998334120598e+00 2.00000000000000e+00 1.66587940233498e-05
2.20500000000000e+00 1.97884283107354e+00 1.97886016608158e+00 1.73350080427959e-05
2.21000000000000e+00 1.95995729838866e+00 1.95997581652323e+00 1.85181345768726e-05
2.21500000000000e+00 1.94347499415450e+00 1.94349546531226e+00 2.04711577613814e-05
2.22000000000000e+00 1.92952886409912e+00 1.92955227272105e+00 2.34086219299545e-05
2.22500000000000e+00 1.91823573642063e+00 1.91826321654437e+00 2.74801237385436e-05
2.23000000000000e+00 1.90969560308503e+00 1.90972836324032e+00 3.27601552914114e-05
2.23500000000000e+00 1.90399099866993e+00 1.90403024347033e+00 3.92448003982970e-05
2.24000000000000e+00 1.90118648075864e+00 1.90123333589028e+00 4.68551316314958e-05
2.24500000000000e+00 1.90132821582654e+00 1.90138366237698e+00 5.54465504398749e-05
2.25000000000000e+00 1.90444367437547e+00 1.90450849718747e+00 6.48228120081473e-05
2.25500000000000e+00 1.91054143872303e+00 1.91061619184595e+00 7.47531229214893e-05
2.26000000000000e+00 1.91961112631850e+00 1.91969611683971e+00 8.49905212099156e-05
2.26500000000000e+00 1.93162343073202e+00 1.93171872048530e+00 9.52897532808805e-05
2.27000000000000e+00 1.94653028156092e+00 1.94663570460343e+00 1.05423042505715e-04
2.27500000000000e+00 1.96426512344750e+00 1.96438031592140e+00 1.15192473905124e-04
2.28000000000000e+00 1.98474331324953e+00 1.98486775140779e+00 1.24438158254137e-04
2.28500000000000e+00 2.00786263320391e+00 2.00799567504205e+00 1.33041838137338e-04
2.29000000000000e+00 2.03350391673142e+00 2.03364484283446e+00 1.40926103033401e-04
2.29500000000000e+00 2.06153178240719e+00 2.06167983224433e+00 1.48049837140896e-04
2.30000000000000e+00 2.09179547061570e+00 2.09194987150091e+00 1.54400885212791e-04
2.30500000000000e+00 2.12412977656267e+00 2.12428976371522e+00 1.59987152544616e-04
2.31000000000000e+00 2.15835607265235e+00 2.15852090008677e+00 1.64827434422588e-04
2.31500000000000e+00 2.19428341276506e+00 2.19445235595975e+00 1.68943194690296e-04
2.32000000000000e+00 2.23170971067572e+00 2.23188206297221e+00 1.72352296496925e-04
2.32500000000000e+00 2.27042298471261e+00 2.27059805007310e+00 1.75065360486837e-04
2.33000000000000e+00 2.31020266072792e+00 2.31037974575665e+00 1.77085028727486e-04
2.33500000000000e+00 2.35082092549131e+00 2.35099933348698e+00 1.78407995667484e-04
2.34000000000000e+00 2.39204412267549e+00 2.39222315195699e+00 1.79029281500487e-04
2.34500000000000e+00 2.43363418363568e+00 2.43381313154985e+00 1.78947914171168e-04
2.35000000000000e+00 2.47535008515614e+00 2.47552825814758e+00 1.78172991435854e-04
2.35500000000000e+00 2.51694932622752e+00 2.51712605526309e+00 1.76729035566314e-04
2.36000000000000e+00 2.55818941572124e+00 2.55836407535858e+00 1.74659637343311e-04
2.36500000000000e+00 2.59882936255466e+00 2.59900139115685e+00 1.72028602194452e-04
2.37000000000000e+00 2.63863115961926e+00 2.63880007775179e+00 1.68918132526841e-04
2.37500000000000e+00 2.67736125241218e+00 2.67752667638138e+00 1.65423969197942e-04
2.38000000000000e+00 2.71479198301535e+00 2.71495363083914e+00 1.61647823795352e-04
2.38500000000000e+00 2.75070299985459e+00 2.75086068766886e+00 1.57687814264840e-04
2.39000000000000e+00 2.78488262358745e+00 2.78503625151058e+00 1.53627923128230e-04
2.39500000000000e+00 2.81712915954933e+00 2.81727868724248e+00 1.49527693144691e-04
2.40000000000000e+00 2.84725214745610e+00 2.84739756089084e+00 1.45413434745389e-04
2.40500000000000e+00 2.87507353952504e+00 2.87521481165829e+00 1.41272133249437e-04
2.41000000000000e+00 2.90042879882672e+00 2.90056584784471e+00 1.37049017994162e-04
2.41500000000000e+00 2.92316791049285e+00 2.92330055990463e+00 1.32649411787700e-04
2.42000000000000e+00 2.94315629934345e+00 2.94328424439572e+00 1.27945052269762e-04
2.42500000000000e+00 2.96027564851190e+00 2.96039843312221e+00 1.22784610309346e-04
2.43000000000000e+00 2.97442461468833e+00 2.97454162236171e+00 1.17007673377856e-04
2.43500000000000e+00 2.98551943661813e+00 2.98562989767982e+00 1.10461061688216e-04
2.44000000000000e+00 2.99349443443623e+00 2.99359745048043e+00 1.03016044208371e-04
2.44500000000000e+00 2.99830239825333e+00 2.99839698310739e+00 9.45848540601091e-05
2.45000000000000e+00 2.99991486511270e+00 3.00000000000000e+00 8.51348872963342e-05
2.45500000000000e+00 2.99832228399601e+00 2.99839698310739e+00 7.46991113804718e-05
2.46000000000000e+00 2.99353406898133e+00 2.99359745048044e+00 6.33814991060078e-05
2.46500000000000e+00 2.98557854096522e+00 2.98562989767982e+00 5.13567146049887e-05
2.47000000000000e+00 2.97450275858666e+00 2.97454162236171e+00 3.88637750567966e-05
2.47500000000000e+00 2.96037223917458e+00 2.96039843312221e+00 2.61939476291495e-05
2.48000000000000e+00 2.94327057072757e+00 2.94328424439572e+00 1.36736681568550e-05
2.48500000000000e+00 2.92329891616794e+00 2.92330055990464e+00 1.64373669653273e-06
2.49000000000000e+00 2.90057541143287e+00 2.90056584784471e+00 9.56358815740188e-06
2.49500000000000e+00 2.87523445940156e+00 2.87521481165830e+00 1.96477432643505e-05
2.50000000000000e+00 2.84742592222812e+00 2.84739756089084e+00 2.83613372800140e-05
2.50500000000000e+00 2.81731421535874e+00 2.81727868724248e+00 3.55281162565113e-05
2.51000000000000e+00 2.78507730734767e+00 2.78503625151058e+00 4.10558370900205e-05
2.51500000000000e+00 2.75090563052662e+00 2.75086068766886e+00 4.49428577633526e-05
2.52000000000000e+00 2.71500090858938e+00 2.71495363083915e+00 4.72777502329436e-05
2.52500000000000e+00 2.67757490818539e+00 2.67752667638138e+00 4.82318040040397e-05
2.53000000000000e+00 2.63884812262259e+00 2.63880007775179e+00 4.80448707977921e-05
2.53500000000000e+00 2.59904839671259e+00 2.59900139115685e+00 4.70055557397764e-05
2.54000000000000e+00 2.55840950260219e+00 2.55836407535859e+00 4.54272436014591e-05
2.54500000000000e+00 2.51716967708432e+00 2.51712605526309e+00 4.36218212311879e-05
2.55000000000000e+00 2.47557013133658e+00 2.47552825814758e+00 4.18731890063917e-05
2.55500000000000e+00 2.43385354427414e+00 2.43381313154985e+00 4.04127242923380e-05
2.56000000000000e+00 2.39226255071798e+00 2.39222315195700e+00 3.93987609834667e-05
2.56500000000000e+00 2.35103823537075e+00 2.35099933348698e+00 3.89018837694266e-05
2.57000000000000e+00 2.31041864317657e+00 2.31037974575666e+00 3.88974199174719e-05
2.57500000000000e+00 2.27063731604436e+00 2.27059805007310e+00 3.92659712575849e-05
2.58000000000000e+00 2.23192186517387e+00 2.23188206297222e+00 3.98022016536714e-05
2.58500000000000e+00 2.19449258738417e+00 2.19445235595975e+00 4.02314244167812e-05
2.59000000000000e+00 2.15856113295712e+00 2.15852090008678e+00 4.02328703463795e-05
2.59500000000000e+00 2.12432923162810e+00 2.12428976371522e+00 3.94679128801201e-05
2.60000000000000e+00 2.09198748253454e+00 2.09194987150091e+00 3.76110336262059e-05
2.60500000000000e+00 2.06171421322088e+00 2.06167983224433e+00 3.43809765515068e-05
2.61000000000000e+00 2.03367441223418e+00 2.03364484283446e+00 2.95693997194313e-05
2.61500000000000e+00 2.00801873945749e+00 2.00799567504205e+00 2.30644154406434e-05
2.62000000000000e+00 1.98488261812881e+00 1.98486775140779e+00 1.48667210211340e-05
2.62500000000000e+00 1.96438541247472e+00 1.96438031592140e+00 5.09655331093484e-06
2.63000000000000e+00 1.94662969502427e+00 1.94663570460343e+00 6.00957916252476e-06
2.63500000000000e+00 1.93170060791229e+00 1.93171872048530e+00 1.81125730103204e-05
2.64000000000000e+00 1.91966532276971e+00 1.91969611683971e+00 3.07940700015052e-05
2.64500000000000e+00 1.91057260405527e+00 1.91061619184595e+00 4.35877906799220e-05
2.65000000000000e+00 1.90445248082432e+00 1.90450849718747e+00 5.60163631593280e-05
2.65500000000000e+00 1.90131603187570e+00 1.90138366237698e+00 6.76305012778933e-05
2.66000000000000e+00 1.90115528889333e+00 1.90123333589028e+00 7.80469969472453e-05
2.66500000000000e+00 1.90394326155245e+00 1.90403024347033e+00 8.69819178710429e-05
2.67000000000000e+00 1.90963408756519e+00 1.90972836324032e+00 9.42756751256546e-05
2.67500000000000e+00 1.91816330930083e+00 1.91826321654437e+00 9.99072435383663e-05
2.68000000000000e+00 1.92944827697765e+00 1.92955227272105e+00 1.03995743392593e-04
2.68500000000000e+00 1.94338867656195e+00 1.94349546531226e+00 1.06788750310560e-04
2.69000000000000e+00 1.95986717853605e+00 1.95997581652323e+00 1.08637987181970e-04
2.69500000000000e+00 1.97875020174169e+00 1.97886016608158e+00 1.09964339886526e-04
2.70000000000000e+00 1.99988878470855e+00 2.00000000000000e+00 1.11215291450861e-04
2.70500000000000e+00 2.02311955537439e+00 2.02323237413106e+00 1.12818756673683e-04
2.71000000000000e+00 2.04826578900658e+00 2.04838092681811e+00 1.15137811525834e-04
2.71500000000000e+00 2.07513854352134e+00 2.07525697439691e+00 1.18430875572617e-04
2.72000000000000e+00 2.10353786129764e+00 2.10366068279205e+00 1.22821494415337e-04
2.72500000000000e+00 2.13325402697467e+00 2.13338230798255e+00 1.28281007872655e-04
2.73000000000000e+00 2.16406887153061e+00 2.16420349768687e+00 1.34626156253592e-04
2.73500000000000e+00 2.19575711404633e+00 2.19589864623990e+00 1.41532193568050e-04
2.74000000000000e+00 2.22808773380859e+00 2.22823629430637e+00 1.48560497785777e-04
2.74500000000000e+00 2.26082536663584e+00 2.26098056479902e+00 1.55198163180881e-04
2.75000000000000e+00 2.29373172035257e+00 2.29389262614624e+00 1.60905793663790e-04
2.75500000000000e+00 2.32656700505655e+00 2.32673217388556e+00 1.65168829008966e-04
2.76000000000000e+00 2.35909137411778e+00 2.35925892144618e+00 1.67547328403295e-04
2.76500000000000e+00 2.39106637167199e+00 2.39123409092702e+00 1.67719255026455e-04
2.77000000000000e+00 2.42225638173632e+00 2.42242189467697e+00 1.65512940650814e-04
2.77500000000000e+00 2.45243007304738e+00 2.45259099854052e+00 1.60925493133846e-04
2.78000000000000e+00 2.48136183242067e+00 2.48151595774496e+00 1.54125324285825e-04
2.78500000000000e+00 2.50883317800381e+00 2.50897861657418e+00 1.45438570371859e-04
2.79000000000000e+00 2.53463414241588e+00 2.53476946319709e+00 1.35320781216919e-04
2.79500000000000e+00 2.55856461459658e+00 2.55868893129538e+00 1.24316698802751e-04
2.80000000000000e+00 2.58043562837798e+00 2.58054864046305e+00 1.13012085068309e-04
2.80500000000000e+00 2.60007058544941e+00 2.60017256772797e+00 1.01982278559731e-04
2.81000000000000e+00 2.61730640057250e+00 2.61739814297001e+00 9.17423975104192e-05
2.81500000000000e+00 2.63199455762833e+00 2.63207726147960e+00 8.27038512700717e-05
2.82000000000000e+00 2.64400206629790e+00 2.64407720741157e+00 7.51411136739044e-05
2.82500000000000e+00 2.65321231080066e+00 2.65328148243819e+00 6.91716375227358e-05
2.83000000000000e+00 2.65952578402042e+00 2.65959053448992e+00 6.47504694968326e-05
2.83500000000000e+00 2.66286070238796e+00 2.66292238208847e+00 6.16797005044134e-05
2.84000000000000e+00 2.66315349891900e+00 2.66321313042021e+00 5.96315012120208e-05
2.84500000000000e+00 2.66035919368513e+00 2.66041737596564e+00 5.81822805041377e-05
2.85000000000000e+00 2.65445164261305e+00 2.65450849718747e+00 5.68545744243920e-05
2.85500000000000e+00 2.64542366678340e+00 2.64547882948272e+00 5.51626993217091e-05
2.86000000000000e+00 2.63328706529521e+00 2.63333972331719e+00 5.26580219735173e-05
2.86500000000000e+00 2.61807251527570e+00 2.61812148518152e+00 4.89699058241477e-05
2.87000000000000e+00 2.59982936278558e+00 2.59987320173000e+00 4.38389444252785e-05
2.87500000000000e+00 2.57862530826575e+00 2.57866244818360e+00 3.71399178415999e-05
2.88000000000000e+00 2.55454598988096e+00 2.55457488279246e+00 2.88929115002112e-05
2.88500000000000e+00 2.52769446773992e+00 2.52771372985530e+00 1.92621153876082e-05
2.89000000000000e+00 2.49819061160926e+00 2.49819915448034e+00 8.54287107765472e-06
2.89500000000000e+00 2.46617039447536e+00 2.46616753293972e+00 2.86153563289204e-06
2.90000000000000e+00 2.43178509421421e+00 2.43177062311339e+00 1.44711008180920e-05
2.90500000000000e+00 2.39520040574412e+00 2.39517464013388e+00 2.57656102311543e-05
2.91000000000000e+00 2.35659546637399e+00 2.35655924292839e+00 3.62234455946187e-05
2.91500000000000e+00 2.31616179760902e+00 2.31611643790350e+00 4.53597055201094e-05
2.92000000000000e+00 2.27410216740061e+00 2.27404940652904e+00 5.27608715787942e-05
2.92500000000000e+00 2.23062937768027e+00 2.23057126404647e+00 5.81136338002608e-05
2.93000000000000e+00 2.18596498294451e+00 2.18590375695213e+00 6.12259923817859e-05
2.93500000000000e+00 2.14033794660737e+00 2.14027590728278e+00 6.20393245940321e-05
2.94000000000000e+00 2.09398324276725e+00 2.09392261205918e+00 6.06307080674995e-05
2.94500000000000e+00 2.04714041191617e+00 2.04708320651984e+00 5.72053963381336e-05
2.95000000000000e+00 2.00005207993321e+00 2.00000000000000e+00 5.20799332042188e-05
2.95500000000000e+00 1.95296245044046e+00 1.95291679348017e+00 4.56569602909074e-05
2.96000000000000e+00 1.90611578125006e+00 1.90607738794082e+00 3.83933092364952e-05
2.96500000000000e+00 1.85975485618009e+00 1.85972409271723e+00 3.07634628580189e-05
2.97000000000000e+00 1.81411946394053e+00 1.81409624304787e+00 2.32208926564947e-05
2.97500000000000e+00 1.76944489604997e+00 1.76942873595354e+00 1.61600964323494e-05
2.98000000000000e+00 1.72596047579241e+00 1.72595059347097e+00 9.88232143583900e-06
2.98500000000000e+00 1.68388813001225e+00 1.68388356209651e+00 4.56791573744120e-06
2.99000000000000e+00 1.64344101503382e+00 1.64344075707161e+00 2.57962210037377e-07
2.99500000000000e+00 1.60482220716007e+00 1.60482535986612e+00 3.15270604711593e-06
3.00000000000000e+00 1.56822346706347e+00 1.56822937688661e+00 5.90982313752875e-06
3.00500000000000e+00 1.53382408597856e+00 1.53383246706028e+00 8.38108172418472e-06
3.01000000000000e+00 1.50178982002118e+00 1.50180084551966e+00 1.10254984893032e-05
3.01500000000000e+00 1.47227191730806e+00 1.47228627014470e+00 1.43528366343126e-05
3.02000000000000e+00 1.44540624095911e+00 1.44542511720755e+00 1.88762484403249e-05
3.02500000000000e+00 1.42131248966469e+00 1.42133755181641e+00 2.50621517130512e-05
3.03000000000000e+00 1.40009351640519e+00 1.40012679827000e+00 3.32818648030031e-05
3.03500000000000e+00 1.38183474520192e+00 1.38187851481848e+00 4.37696165522805e-05
3.04000000000000e+00 1.36660368549941e+00 1.36666027668282e+00 5.65911834045085e-05
3.04500000000000e+00 1.35444954391914e+00 1.35452117051728e+00 7.16265981410835e-05
3.05000000000000e+00 1.34540293362856e+00 1.34549150281253e+00 8.85691839691560e-05
3.05500000000000e+00 1.33947568233664e+00 1.33958262403436e+00 1.06941697717966e-04
3.06000000000000e+00 1.33666074082614e+00 1.33678686957979e+00 1.26128753650478e-04
3.06500000000000e+00 1.33693219481062e+00 1.33707761791153e+00 1.45423100912367e-04
3.07000000000000e+00 1.34024538360771e+00 1.34040946551008e+00 1.64081902375379e-04
3.07500000000000e+00 1.34653712950242e+00 1.34671851756181e+00 1.81388059393273e-04
3.08000000000000e+00 1.35572608162186e+00 1.35592279258843e+00 1.96710966561042e-04
3.08500000000000e+00 1.36771317757507e+00 1.36792273852040e+00 2.09560945328313e-04
3.09000000000000e+00 1.38238222500120e+00 1.38260185702999e+00 2.19632028788386e-04
3.09500000000000e+00 1.39960060354052e+00 1.39982743227203e+00 2.26828731506812e-04
3.10000000000000e+00 1.41922008567405e+00 1.41945135953695e+00 2.31273862900006e-04
3.10500000000000e+00 1.44107777249882e+00 1.44131106870462e+00 2.33296205805589e-04
3.11000000000000e+00 1.46499713798418e+00 1.46523053680290e+00 2.33398818722419e-04
3.11500000000000e+00 1.49078917278487e+00 1.49102138342582e+00 2.32210640947361e-04
3.12000000000000e+00 1.51825361646737e+00 1.51848404225504e+00 2.30425787667743e-04
3.12500000000000e+00 1.54718026522547e+00 1.54740900145948e+00 2.28736234011651e-04
3.13000000000000e+00 1.57735034096904e+00 1.57757810532302e+00 2.27764353988746e-04
3.13500000000000e+00 1.60853790716762e+00 1.60876590907298e+00 2.28001905357988e-04
3.14000000000000e+00 1.64051131705000e+00 1.64074107855382e+00 2.29761503816261e-04
3.14500000000000e+00 1.67303468066448e+00 1.67326782611444e+00 2.33145449956895e-04
3.15000000000000e+00 1.70586933878149e+00 1.70610737385376e+00 2.38035072270826e-04
3.15500000000000e+00 1.73877533350023e+00 1.73901943520098e+00 2.44101700747956e-04
3.16000000000000e+00 1.77151286749039e+00 1.77176370569363e+00 2.50838203233350e-04
3.16500000000000e+00 1.80384374582637e+00 1.80410135376010e+00 2.57607933726867e-04
3.17000000000000e+00 1.83553279612842e+00 1.83579650231313e+00 2.63706184709722e-04
3.17500000000000e+00 1.86634926402338e+00 1.86661769201745e+00 2.68427994069675e-04
3.18000000000000e+00 1.89606818164203e+00 1.89633931720795e+00 2.71135565912850e-04
3.18500000000000e+00 1.92447170692070e+00 1.92474302560309e+00 2.71318682382837e-04
3.19000000000000e+00 1.95135043089111e+00 1.95161907318189e+00 2.68642290776278e-04
3.19500000000000e+00 1.97650464902081e+00 1.97676762586893e+00 2.62976848122154e-04
3.20000000000000e+00 1.99974559116865e+00 2.00000000000000e+00 2.54408831352304e-04
3.20500000000000e+00 2.02089660305019e+00 2.02113983391842e+00 2.43230868234967e-04
3.21000000000000e+00 2.03979427048987e+00 2.04002418347677e+00 2.29912986901226e-04
3.21500000000000e+00 2.05628947638520e+00 2.05650453468774e+00 2.15058302538651e-04
3.22000000000000e+00 2.07024837940297e+00 2.07044772727895e+00 1.99347875985190e-04
3.22500000000000e+00 2.08155330309682e+00 2.08173678345563e+00 1.83480358803223e-04
3.23000000000000e+00 2.09010352444064e+00 2.09027163675968e+00 1.68112319038016e-04
3.23500000000000e+00 2.09581595170684e+00 2.09596975652967e+00 1.53804822828452e-04
3.24000000000000e+00 2.09862568311251e+00 2.09876666410972e+00 1.40980997213269e-04
3.24500000000000e+00 2.09848643958776e+00 2.09861633762302e+00 1.29898035260201e-04
3.25000000000000e+00 2.09537086723390e+00 2.09549150281253e+00 1.20635578622963e-04
3.25500000000000e+00 2.08927070736358e+00 2.08938380815405e+00 1.13100790475329e-04
3.26000000000000e+00 2.08019683428300e+00 2.08030388316029e+00 1.07048877286520e-04
3.26500000000000e+00 2.06817916304324e+00 2.06828127951470e+00 1.02116471462299e-04
3.27000000000000e+00 2.05326643113634e+00 2.05336429539657e+00 9.78642602325053e-05
3.27500000000000e+00 2.03552585947108e+00 2.03561968407860e+00 9.38246075197213e-05
3.28000000000000e+00 2.01504269889776e+00 2.01513224859221e+00 8.95496944486318e-05
3.28500000000000e+00 1.99191966907020e+00 1.99200432495795e+00 8.46558877514170e-05
3.29000000000000e+00 1.96627629657699e+00 1.96635515716554e+00 7.88605885491123e-05
3.29500000000000e+00 1.93824815911132e+00 1.93832016775567e+00 7.20086443526391e-05
3.30000000000000e+00 1.90798604206400e+00 1.90805012849909e+00 6.40864350924808e-05
3.30500000000000e+00 1.87565501341215e+00 1.87571023628479e+00 5.52228726375947e-05
3.31000000000000e+00 1.84143342222852e+00 1.84147909991323e+00 4.56776847110874e-05
3.31500000000000e+00 1.80551182564042e+00 1.80554764404025e+00 3.58183998301342e-05
3.32000000000000e+00 1.76809184869501e+00 1.76811793702778e+00 2.60883327753980e-05
3.32500000000000e+00 1.72938498139501e+00 1.72940194992690e+00 1.69685318953672e-05
3.33000000000000e+00 1.68961131719238e+00 1.68962025424335e+00 8.93705096949304e-06
3.33500000000000e+00 1.64899823748182e+00 1.64900066651302e+00 2.42903119818116e-06
3.34000000000000e+00 1.60777904711815e+00 1.60777684804301e+00 2.19907514487083e-06
3.34500000000000e+00 1.56619156666656e+00 1.56618686845015e+00 4.69821641058132e-06
3.35000000000000e+00 1.52447668794488e+00 1.52447174185243e+00 4.94609244916511e-06
3.35500000000000e+00 1.48287690037693e+00 1.48287394473692e+00 2.95564001473458e-06
3.36000000000000e+00 1.44163479668568e+00 1.44163592464142e+00 1.12795574036539e-06
3.36500000000000e+00 1.40099156744330e+00 1.40099860884315e+00 7.04139984719632e-06
3.37000000000000e+00 1.36118549489535e+00 1.36119992224821e+00 1.44273528663863e-05
3.37500000000000e+00 1.32245045721943e+00 1.32247332361862e+00 2.28663991839184e-05
3.38000000000000e+00 1.28501445490802e+00 1.28504636916086e+00 3.19142528386607e-05
3.38500000000000e+00 1.24909817123154e+00 1.24913931233114e+00 4.11410996012940e-05
3.39000000000000e+00 1.21491357870982e+00 1.21496374848942e+00 5.01697796022604e-05
3.39500000000000e+00 1.18266260318098e+00 1.18272131275752e+00 5.87095765474110e-05
3.40000000000000e+00 1.15253585641160e+00 1.15260243910916e+00 6.65826975603245e-05
3.40500000000000e+00 1.12471144726132e+00 1.12478518834171e+00 7.37410803894889e-05
3.41000000000000e+00 1.09935388024093e+00 1.09943415215529e+00 8.02719143604413e-05
3.41500000000000e+00 1.07661304894084e+00 1.07669944009537e+00 8.63911545219143e-05
3.42000000000000e+00 1.05662333032633e+00 1.05671575560428e+00 9.24252779501700e-05
3.42500000000000e+00 1.03950278437279e+00 1.03960156687779e+00 9.87825049976188e-05
3.43000000000000e+00 1.02535246202921e+00 1.02545837763829e+00 1.05915609079021e-04
3.43500000000000e+00 1.01425582312602e+00 1.01437010232018e+00 1.14279194153522e-04
3.44000000000000e+00 1.00627826465423e+00 1.00640254951957e+00 1.24284865332225e-04
3.44500000000000e+00 1.00146675888819e+00 1.00160301689261e+00 1.36258004420409e-04
3.45000000000000e+00 9.99849600142544e-01 1.00000000000000e+00 1.50399857455907e-04
3.45500000000000e+00 1.00143625855752e+00 1.00160301689261e+00 1.66758335088391e-04
3.46000000000000e+00 1.00621733918775e+00 1.00640254951956e+00 1.85210331817398e-04
3.46500000000000e+00 1.01416464479652e+00 1.01437010232018e+00 2.05457523652086e-04
3.47000000000000e+00 1.02523134107488e+00 1.02545837763829e+00 2.27036563405170e-04
3.47500000000000e+00 1.03935222344318e+00 1.03960156687779e+00 2.49343434616911e-04
3.48000000000000e+00 1.05644408506526e+00 1.05671575560427e+00 2.71670539017776e-04
3.48500000000000e+00 1.07640618612205e+00 1.07669944009536e+00 2.93253973316698e-04
3.49000000000000e+00 1.09912082466003e+00 1.09943415215529e+00 3.13327495252924e-04
3.49500000000000e+00 1.12445400936961e+00 1.12478518834171e+00 3.31178972092117e-04
3.50000000000000e+00 1.15225623439048e+00 1.15260243910915e+00 3.46204718675747e-04
3.50500000000000e+00 1.18236335564362e+00 1.18272131275752e+00 3.57957113896967e-04
3.51000000000000e+00 1.21459756723538e+00 1.21496374848942e+00 3.66181254041642e-04
3.51500000000000e+00 1.24876847518438e+00 1.24913931233114e+00 3.70837146761893e-04
3.52000000000000e+00 1.28467426413562e+00 1.28504636916085e+00 3.72105025234326e-04
3.52500000000000e+00 1.32210295092515e+00 1.32247332361861e+00 3.70372693462961e-04
3.53000000000000e+00 1.36083371694960e+00 1.36119992224821e+00 3.66205298609090e-04
3.53500000000000e+00 1.40063830939866e+00 1.40099860884315e+00 3.60299444490453e-04
3.54000000000000e+00 1.44128249965842e+00 1.44163592464141e+00 3.53424982985739e-04
3.54500000000000e+00 1.48252758571831e+00 1.48287394473691e+00 3.46359018601028e-04
3.55000000000000e+00 1.52413192432985e+00 1.52447174185242e+00 3.39817522571728e-04
3.55500000000000e+00 1.56585247806490e+00 1.56618686845015e+00 3.34390385246630e-04
3.56000000000000e+00 1.60744636236063e+00 1.60777684804300e+00 3.30485682374482e-04
3.56500000000000e+00 1.64867237813849e+00 1.64900066651302e+00 3.28288374524810e-04
3.57000000000000e+00 1.68929251661967e+00 1.68962025424335e+00 3.27737623682545e-04
3.57500000000000e+00 1.72907342446234e+00 1.72940194992690e+00 3.28525464561524e-04
3.58000000000000e+00 1.76778781921281e+00 1.76811793702778e+00 3.30117814967057e-04
3.58500000000000e+00 1.80521584715502e+00 1.80554764404025e+00 3.31796885227220e-04
3.59000000000000e+00 1.84114637780583e+00 1.84147909991322e+00 3.32722107398320e-04
3.59500000000000e+00 1.87537823137032e+00 1.87571023628478e+00 3.32004914459061e-04
3.60000000000000e+00 1.90772133727898e+00 1.90805012849909e+00 3.28791220112423e-04
3.60500000000000e+00 1.93799782333202e+00 1.93832016775567e+00 3.22344423647536e-04
3.61000000000000e+00 1.96604303585596e+00 1.96635515716554e+00 3.12121309581581e-04
3.61500000000000e+00 1.99170649155225e+00 1.99200432495795e+00 2.97833405699111e-04
3.62000000000000e+00 2.01485276135394e+00 2.01513224859221e+00 2.79487238270537e-04
3.62500000000000e+00 2.03536228561924e+00 2.03561968407860e+00 2.57398459361458e-04
3.63000000000000e+00 2.05313211845402e+00 2.05336429539657e+00 2.32176942549955e-04
3.63500000000000e+00 2.06807659699636e+00 2.06828127951470e+00 2.04682518337940e-04
3.64000000000000e+00 2.08012792929758e+00 2.08030388316029e+00 1.75953862709743e-04
3.64500000000000e+00 2.08923669222426e+00 2.08938380815405e+00 1.47115929793440e-04
3.65000000000000e+00 2.09537222885044e+00 2.09549150281253e+00 1.19273962086996e-04
3.65500000000000e+00 2.09852293339164e+00 2.09861633762302e+00 9.34042313747163e-05
3.66000000000000e+00 2.09869641113616e+00 2.09876666410972e+00 7.02529735652213e-05
3.66500000000000e+00 2.09591950130384e+00 2.09596975652967e+00 5.02552258292432e-05
3.67000000000000e+00 2.09023815249502e+00 2.09027163675968e+00 3.34842646600997e-05
3.67500000000000e+00 2.08171714346663e+00 2.08173678345563e+00 1.96399889977883e-05
3.68000000000000e+00 2.07043964633762e+00 2.07044772727895e+00 8.08094133386561e-06
3.68500000000000e+00 2.05650663476118e+00 2.05650453468774e+00 2.10007343559582e-06
3.69000000000000e+00 2.04003614570587e+00 2.04002418347677e+00 1.19622290961630e-05
3.69500000000000e+00 2.02116240968097e+00 2.02113983391842e+00 2.25757625433864e-05
3.70000000000000e+00 2.00003486979814e+00 2.00000000000000e+00 3.48697981387147e-05
3.70500000000000e+00 1.97681711418051e+00 1.97676762586894e+00 4.94883115735867e-05
3.71000000000000e+00 1.95168574813464e+00 1.95161907318189e+00 6.66749527424848e-05
3.71500000000000e+00 1.92482923157033e+00 1.92474302560309e+00 8.62059672415150e-05
3.72000000000000e+00 1.89644670307068e+00 1.89633931720795e+00 1.07385862737175e-04
3.72500000000000e+00 1.86674680490127e+00 1.86661769201745e+00 1.29112883819671e-04
3.73000000000000e+00 1.83594651376332e+00 1.83579650231313e+00 1.50011450191778e-04
3.73500000000000e+00 1.80426997146220e+00 1.80410135376010e+00 1.68617702098084e-04
3.74000000000000e+00 1.77194729958157e+00 1.77176370569363e+00 1.83593887943090e-04
3.74500000000000e+00 1.73921337470017e+00 1.73901943520098e+00 1.93939499189000e-04
3.75000000000000e+00 1.70630653757993e+00 1.70610737385376e+00 1.99163726166240e-04
3.75500000000000e+00 1.67346721253343e+00 1.67326782611444e+00 1.99386418986203e-04
3.76000000000000e+00 1.64093642237567e+00 1.64074107855382e+00 1.95343821849603e-04
3.76500000000000e+00 1.60895419925545e+00 1.60876590907298e+00 1.88290182464579e-04
3.77000000000000e+00 1.57775791012972e+00 1.57757810532303e+00 1.79804806692996e-04
3.77500000000000e+00 1.54758053437669e+00 1.54740900145948e+00 1.71532917206507e-04
3.78000000000000e+00 1.51864894607357e+00 1.51848404225504e+00 1.64903818529183e-04
3.78500000000000e+00 1.49118226104962e+00 1.49102138342582e+00 1.60877623796907e-04
3.79000000000000e+00 1.46539030642844e+00 1.46523053680291e+00 1.59769625532435e-04
3.79500000000000e+00 1.44147225753200e+00 1.44131106870462e+00 1.61188827382919e-04
3.80000000000000e+00 1.41961546572903e+00 1.41945135953695e+00 1.64106192079405e-04
3.80500000000000e+00 1.39999447528138e+00 1.39982743227203e+00 1.67043009353884e-04
3.81000000000000e+00 1.38277020294578e+00 1.38260185702999e+00 1.68345915792845e-04
3.81500000000000e+00 1.36808923637687e+00 1.36792273852040e+00 1.66497856465053e-04
3.82000000000000e+00 1.35608320005673e+00 1.35592279258843e+00 1.60407468306811e-04
3.82500000000000e+00 1.34686814181582e+00 1.34671851756181e+00 1.49624254012437e-04
3.83000000000000e+00 1.34054390749637e+00 1.34040946551008e+00 1.34441986283651e-04
3.83500000000000e+00 1.33719349221057e+00 1.33707761791153e+00 1.15874299040586e-04
3.84000000000000e+00 1.33688237913940e+00 1.33678686957979e+00 9.55095596160138e-05
3.84500000000000e+00 1.33965789628980e+00 1.33958262403436e+00 7.52722554431262e-05
3.85000000000000e+00 1.34554863471953e+00 1.34549150281253e+00 5.71319070017395e-05
3.85500000000000e+00 1.35456397687432e+00 1.35452117051728e+00 4.28063570405701e-05
3.86000000000000e+00 1.36669378104350e+00 1.36666027668282e+00 3.35043606864982e-05
3.86500000000000e+00 1.38190825900792e+00 1.38187851481848e+00 2.97441894432371e-05
3.87000000000000e+00 1.40015807087745e+00 1.40012679826999e+00 3.12726074593872e-05
3.87500000000000e+00 1.42137464611629e+00 1.42133755181640e+00 3.70942998875190e-05
3.88000000000000e+00 1.44547072473726e+00 1.44542511720754e+00 4.56075297179392e-05
3.88500000000000e+00 1.47234109903469e+00 1.47228627014469e+00 5.48288899981930e-05
3.89000000000000e+00 1.50186352499143e+00 1.50180084551966e+00 6.26794717670798e-05
3.89500000000000e+00 1.53389976429444e+00 1.53383246706028e+00 6.72972341644318e-05
3.90000000000000e+00 1.56829671319493e+00 1.56822937688661e+00 6.73363083236733e-05
3.90500000000000e+00 1.60488757361578e+00 1.60482535986612e+00 6.22137496635311e-05
3.91000000000000e+00 1.64349302518186e+00 1.64344075707161e+00 5.22681102477218e-05
3.91500000000000e+00 1.68392236425728e+00 1.68388356209650e+00 3.88021607782285e-05
3.92000000000000e+00 1.72597458731366e+00 1.72595059347097e+00 2.39938426938036e-05
3.92500000000000e+00 1.76943941027941e+00 1.76942873595353e+00 1.06743258756481e-05
3.93000000000000e+00 1.81409823169799e+00 1.81409624304787e+00 1.98865012213112e-06
3.93500000000000e+00 1.85972506388710e+00 1.85972409271722e+00 9.71169879848688e-07
3.94000000000000e+00 1.90608747088527e+00 1.90607738794081e+00 1.00829444509287e-05
3.94500000000000e+00 1.95294756279866e+00 1.95291679348016e+00 3.07693185017666e-05
3.95000000000000e+00 2.00006310145326e+00 2.00000000000000e+00 6.31014532583851e-05
3.95500000000000e+00 2.04718877077372e+00 2.04708320651983e+00 1.05564253884527e-04
3.96000000000000e+00 2.09407765656547e+00 2.09392261205918e+00 1.55044506291890e-04
3.96500000000000e+00 2.14048296478002e+00 2.14027590728278e+00 2.07057497241703e-04
3.97000000000000e+00 2.18615998621407e+00 2.18590375695213e+00 2.56229261935026e-04
3.97500000000000e+00 2.23086829103076e+00 2.23057126404647e+00 2.97026984288351e-04
3.98000000000000e+00 2.27437411112940e+00 2.27404940652903e+00 3.24704600368264e-04
3.98500000000000e+00 2.31645284504887e+00 2.31611643790350e+00 3.36407145375084e-04
3.99000000000000e+00 2.35689160140368e+00 2.35655924292839e+00 3.32358475292338e-04
3.99500000000000e+00 2.39549168490338e+00 2.39517464013388e+00 3.17044769494235e-04
4.00000000000000e+00 2.43207092506385e+00 2.43177062311338e+00 3.00301950463489e-04
