variables = x, value-predict, value-true, error
0.00000000000000e+00 2.43179820778314e+00 2.43177062311339e+00 2.75846697510573e-05
5.00000000000000e-03 2.46619490356038e+00 2.46616753293972e+00 2.73706206566082e-05
1.00000000000000e-02 2.49822729539271e+00 2.49819915448034e+00 2.81409123719101e-05
1.50000000000000e-02 2.52774388462894e+00 2.52771372985530e+00 3.01547736327734e-05
2.00000000000000e-02 2.55460811304642e+00 2.55457488279246e+00 3.32302539689522e-05
2.50000000000000e-02 2.57869946658161e+00 2.57866244818360e+00 3.70183980158423e-05
3.00000000000000e-02 2.59991434658584e+00 2.59987320173000e+00 4.11448558339522e-05
3.50000000000000e-02 2.61816675731046e+00 2.61812148518152e+00 4.52721289305735e-05
4.00000000000000e-02 2.63338884783222e+00 2.63333972331718e+00 4.91245150415764e-05
4.50000000000000e-02 2.64553133201659e+00 2.64547882948272e+00 5.25025338702356e-05
5.00000000000000e-02 2.65456379515763e+00 2.65450849718747e+00 5.52979701553546e-05
5.50000000000000e-02 2.66047488402357e+00 2.66041737596564e+00 5.75080579290344e-05
6.00000000000000e-02 2.66327237055721e+00 2.66321313042021e+00 5.92401369909901e-05
6.50000000000000e-02 2.66298307935196e+00 2.66292238208847e+00 6.06972634975556e-05
7.00000000000000e-02 2.65965267453378e+00 2.65959053448992e+00 6.21400438625130e-05
7.50000000000000e-02 2.65334531064986e+00 2.65328148243819e+00 6.38282116676159e-05
8.00000000000000e-02 2.64414316147763e+00 2.64407720741157e+00 6.59540660579161e-05
8.50000000000000e-02 2.63214584706733e+00 2.63207726147960e+00 6.85855877291530e-05
9.00000000000000e-02 2.61746978036046e+00 2.61739814297001e+00 7.16373904539047e-05
9.50000000000000e-02 2.60024744953058e+00 2.60017256772797e+00 7.48818026026221e-05
1.00000000000000e-01 2.58062664194390e+00 2.58054864046305e+00 7.80014808476892e-05
1.05000000000000e-01 2.55876960337076e+00 2.55868893129538e+00 8.06720753834256e-05
1.10000000000000e-01 2.53485211588979e+00 2.53476946319709e+00 8.26526926984705e-05
1.15000000000000e-01 2.50906247370597e+00 2.50897861657418e+00 8.38571317904879e-05
1.20000000000000e-01 2.48160034016359e+00 2.48151595774496e+00 8.43824186325115e-05
1.25000000000000e-01 2.45267548130369e+00 2.45259099854052e+00 8.44827631736322e-05
1.30000000000000e-01 2.42250638831545e+00 2.42242189467697e+00 8.44936384760686e-05
1.35000000000000e-01 2.39131881803624e+00 2.39123409092702e+00 8.47271092192514e-05
1.40000000000000e-01 2.35934429168183e+00 2.35925892144618e+00 8.53702356495845e-05
1.45000000000000e-01 2.32681859313833e+00 2.32673217388556e+00 8.64192527663121e-05
1.50000000000000e-01 2.29398029841504e+00 2.29389262614624e+00 8.76722688039067e-05
1.55000000000000e-01 2.26106934995186e+00 2.26098056479902e+00 8.87851528377226e-05
1.60000000000000e-01 2.22832566912743e+00 2.22823629430637e+00 8.93748210573087e-05
1.65000000000000e-01 2.19598778440743e+00 2.19589864623990e+00 8.91381675334202e-05
1.70000000000000e-01 2.16429144671411e+00 2.16420349768687e+00 8.79490272382988e-05
1.75000000000000e-01 2.13346821004476e+00 2.13338230798255e+00 8.59020622128170e-05
1.80000000000000e-01 2.10374397210146e+00 2.10366068279205e+00 8.32893094107057e-05
1.85000000000000e-01 2.07533749107630e+00 2.07525697439691e+00 8.05166793860224e-05
1.90000000000000e-01 2.04845891350481e+00 2.04838092681811e+00 7.79866867062218e-05
1.95000000000000e-01 2.02330835797459e+00 2.02323237413107e+00 7.59838435206994e-05
2.00000000000000e-01 2.00007459735785e+00 2.00000000000000e+00 7.45973578499814e-05
2.05000000000000e-01 1.97893386918038e+00 1.97886016608158e+00 7.37030988049447e-05
2.10000000000000e-01 1.96004882437643e+00 1.95997581652323e+00 7.30078531954170e-05
2.15000000000000e-01 1.94356760540958e+00 1.94349546531226e+00 7.21400973255903e-05
2.20000000000000e-01 1.92962303143872e+00 1.92955227272105e+00 7.07587176720370e-05
2.25000000000000e-01 1.91833186433252e+00 1.91826321654437e+00 6.86477881486347e-05
2.30000000000000e-01 1.90979413505348e+00 1.90972836324032e+00 6.57718131631402e-05
2.35000000000000e-01 1.90409252243952e+00 1.90403024347033e+00 6.22789691926418e-05
2.40000000000000e-01 1.90129179118360e+00 1.90123333589028e+00 5.84552933284854e-05
2.45000000000000e-01 1.90143830820552e+00 1.90138366237698e+00 5.46458285397566e-05
2.50000000000000e-01 1.90455966326381e+00 1.90450849718747e+00 5.11660763344857e-05
2.55000000000000e-01 1.91066441927035e+00 1.91061619184595e+00 4.82274243978065e-05
2.60000000000000e-01 1.91974201115147e+00 1.91969611683971e+00 4.58943117562782e-05
2.65000000000000e-01 1.93176280159754e+00 1.93171872048530e+00 4.40811122406348e-05
2.70000000000000e-01 1.94667829066488e+00 1.94663570460343e+00 4.25860614481355e-05
2.75000000000000e-01 1.96442146671431e+00 1.96438031592140e+00 4.11507929112265e-05
2.80000000000000e-01 1.98490728047255e+00 1.98486775140779e+00 3.95290647590141e-05
2.85000000000000e-01 2.00803322277562e+00 2.00799567504205e+00 3.75477335716745e-05
2.90000000000000e-01 2.03367998933584e+00 2.03364484283446e+00 3.51465013790353e-05
2.95000000000000e-01 2.06171222135753e+00 2.06167983224433e+00 3.23891132034682e-05
3.00000000000000e-01 2.09197931729538e+00 2.09194987150091e+00 2.94457944680637e-05
3.05000000000000e-01 2.12431631681611e+00 2.12428976371522e+00 2.65531008905029e-05
3.10000000000000e-01 2.15854486179510e+00 2.15852090008677e+00 2.39617083268584e-05
3.15000000000000e-01 2.19447424026078e+00 2.19445235595975e+00 2.18843010362235e-05
3.20000000000000e-01 2.23190251756289e+00 2.23188206297222e+00 2.04545906776765e-05
3.25000000000000e-01 2.27061775523510e+00 2.27059805007310e+00 1.97051620003386e-05
3.30000000000000e-01 2.31039931299172e+00 2.31037974575665e+00 1.95672350651321e-05
3.35000000000000e-01 2.35101922413769e+00 2.35099933348698e+00 1.98906507109520e-05
3.40000000000000e-01 2.39224363038746e+00 2.39222315195700e+00 2.04784304593808e-05
3.45000000000000e-01 2.43383425940346e+00 2.43381313154985e+00 2.11278536133008e-05
3.50000000000000e-01 2.47554992760179e+00 2.47552825814758e+00 2.16694542114482e-05
3.55000000000000e-01 2.51714805183338e+00 2.51712605526309e+00 2.19965702914493e-05
3.60000000000000e-01 2.55838615599044e+00 2.55836407535859e+00 2.20806318544930e-05
3.65000000000000e-01 2.59902336174694e+00 2.59900139115685e+00 2.19705900881273e-05
3.70000000000000e-01 2.63882185580945e+00 2.63880007775179e+00 2.17780576581283e-05
3.75000000000000e-01 2.67754832861722e+00 2.67752667638138e+00 2.16522358380544e-05
3.80000000000000e-01 2.71497538098811e+00 2.71495363083915e+00 2.17501489649941e-05
3.85000000000000e-01 2.75088289562131e+00 2.75086068766886e+00 2.22079524481167e-05
3.90000000000000e-01 2.78505936975048e+00 2.78503625151058e+00 2.31182398953145e-05
3.95000000000000e-01 2.81730320389465e+00 2.81727868724248e+00 2.45166521732898e-05
4.00000000000000e-01 2.84742393998236e+00 2.84739756089084e+00 2.63790915195905e-05
4.05000000000000e-01 2.87524344053807e+00 2.87521481165829e+00 2.86288797806122e-05
4.10000000000000e-01 2.90059699945814e+00 2.90056584784471e+00 3.11516134292589e-05
4.15000000000000e-01 2.92333437438149e+00 2.92330055990464e+00 3.38144768545767e-05
4.20000000000000e-01 2.94332073085412e+00 2.94328424439572e+00 3.64864583946023e-05
4.25000000000000e-01 2.96043748934082e+00 2.96039843312221e+00 3.90562186085575e-05
4.30000000000000e-01 2.97458306750204e+00 2.97454162236171e+00 4.14451403289995e-05
4.35000000000000e-01 2.98567351182353e+00 2.98562989767982e+00 4.36141437099025e-05
4.40000000000000e-01 2.99364301444823e+00 2.99359745048043e+00 4.55639677965358e-05
4.45000000000000e-01 2.99844431272818e+00 2.99839698310739e+00 4.73296207843532e-05
4.50000000000000e-01 3.00004897045285e+00 3.00000000000000e+00 4.89704528505719e-05
4.55000000000000e-01 2.99844754084757e+00 2.99839698310739e+00 5.05577401734847e-05
4.60000000000000e-01 2.99364961225667e+00 2.99359745048043e+00 5.21617762330173e-05
4.65000000000000e-01 2.98568373796656e+00 2.98562989767982e+00 5.38402867373833e-05
4.70000000000000e-01 2.97459725195099e+00 2.97454162236171e+00 5.56295892795156e-05
4.75000000000000e-01 2.96045597251737e+00 2.96039843312221e+00 5.75393951600667e-05
4.80000000000000e-01 2.94334379598149e+00 2.94328424439572e+00 5.95515857702011e-05
4.85000000000000e-01 2.92336218266937e+00 2.92330055990464e+00 6.16227647363132e-05
4.90000000000000e-01 2.90062953779118e+00 2.90056584784471e+00 6.36899464647733e-05
4.95000000000000e-01 2.87528049008559e+00 2.87521481165829e+00 6.56784272985433e-05
5.00000000000000e-01 2.84746507160438e+00 2.84739756089084e+00 6.75107135368336e-05
5.05000000000000e-01 2.81734780259200e+00 2.81727868724248e+00 6.91153495191443e-05
5.10000000000000e-01 2.78510668609679e+00 2.78503625151058e+00 7.04345862043709e-05
5.15000000000000e-01 2.75093211770203e+00 2.75086068766886e+00 7.14300331723372e-05
5.20000000000000e-01 2.71502571655709e+00 2.71495363083915e+00 7.20857179405954e-05
5.25000000000000e-01 2.67759908468546e+00 2.67752667638138e+00 7.24083040779533e-05
5.30000000000000e-01 2.63887250231356e+00 2.63880007775179e+00 7.24245617664820e-05
5.35000000000000e-01 2.59907356766412e+00 2.59900139115685e+00 7.21765072695391e-05
5.40000000000000e-01 2.55843579025772e+00 2.55836407535859e+00 7.17148991342675e-05
5.45000000000000e-01 2.51719714723276e+00 2.51712605526309e+00 7.10919696746970e-05
5.50000000000000e-01 2.47559861250449e+00 2.47552825814758e+00 7.03543569144927e-05
5.55000000000000e-01 2.43388266872084e+00 2.43381313154985e+00 6.95371709920067e-05
5.60000000000000e-01 2.39229181193529e+00 2.39222315195700e+00 6.86599782895314e-05
5.65000000000000e-01 2.35106705871661e+00 2.35099933348698e+00 6.77252296266140e-05
5.70000000000000e-01 2.31044646508037e+00 2.31037974575665e+00 6.67193237178232e-05
5.75000000000000e-01 2.27066366619871e+00 2.27059805007310e+00 6.56161256102905e-05
5.80000000000000e-01 2.23194644537453e+00 2.23188206297222e+00 6.43824023094375e-05
5.85000000000000e-01 2.19451534030713e+00 2.19445235595975e+00 6.29843473789471e-05
5.90000000000000e-01 2.15858229427652e+00 2.15852090008677e+00 6.13941897484871e-05
5.95000000000000e-01 2.12434935956800e+00 2.12428976371522e+00 5.95958527873641e-05
6.00000000000000e-01 2.09200746026085e+00 2.09194987150091e+00 5.75887599385538e-05
6.05000000000000e-01 2.06173522140462e+00 2.06167983224433e+00 5.53891602912415e-05
6.10000000000000e-01 2.03369787156883e+00 2.03364484283446e+00 5.30287343760705e-05
6.15000000000000e-01 2.00804622572087e+00 2.00799567504205e+00 5.05506788162080e-05
6.20000000000000e-01 1.98491575529653e+00 1.98486775140779e+00 4.80038887458178e-05
6.25000000000000e-01 1.96442575210953e+00 1.96438031592140e+00 4.54361881245813e-05
6.30000000000000e-01 1.94667859234474e+00 1.94663570460343e+00 4.28877413078954e-05
6.35000000000000e-01 1.93175910626230e+00 1.93171872048530e+00 4.03857770070459e-05
6.40000000000000e-01 1.91973405840180e+00 1.91969611683971e+00 3.79415620885837e-05
6.45000000000000e-01 1.91065174204817e+00 1.91061619184595e+00 3.55502022200138e-05
6.50000000000000e-01 1.90454169056313e+00 1.90450849718747e+00 3.31933756565483e-05
6.55000000000000e-01 1.90141450697817e+00 1.90138366237698e+00 3.08446011936248e-05
6.60000000000000e-01 1.90126181207772e+00 1.90123333589028e+00 2.84761874447259e-05
6.65000000000000e-01 1.90405631015801e+00 1.90403024347033e+00 2.60666876819027e-05
6.70000000000000e-01 1.90975197079319e+00 1.90972836324032e+00 2.36075528750046e-05
6.75000000000000e-01 1.91828432430939e+00 1.91826321654437e+00 2.11077650158487e-05
6.80000000000000e-01 1.92957086825720e+00 1.92955227272105e+00 1.85955361557966e-05
6.85000000000000e-01 1.94351158194473e+00 1.94349546531226e+00 1.61166324741391e-05
6.90000000000000e-01 1.95998954597511e+00 1.95997581652323e+00 1.37294518756104e-05
6.95000000000000e-01 1.97887166363625e+00 1.97886016608158e+00 1.14975546749996e-05
7.00000000000000e-01 2.00000948082097e+00 2.00000000000000e+00 9.48082096918768e-06
7.05000000000000e-01 2.02324010083062e+00 2.02323237413106e+00 7.72669955484417e-06
7.10000000000000e-01 2.04838718988094e+00 2.04838092681811e+00 6.26306283146860e-06
7.15000000000000e-01 2.07526206836694e+00 2.07525697439691e+00 5.09397002490530e-06
7.20000000000000e-01 2.10366488198451e+00 2.10366068279205e+00 4.19919245642220e-06
7.25000000000000e-01 2.13338584571823e+00 2.13338230798255e+00 3.53773568084748e-06
7.30000000000000e-01 2.16420655259266e+00 2.16420349768687e+00 3.05490579188827e-06
7.35000000000000e-01 2.19590133806806e+00 2.19589864623990e+00 2.69182816126090e-06
7.40000000000000e-01 2.22823869015911e+00 2.22823629430637e+00 2.39585273353882e-06
7.45000000000000e-01 2.26098269486196e+00 2.26098056479902e+00 2.13006294425000e-06
7.50000000000000e-01 2.29389450634249e+00 2.29389262614624e+00 1.88019625513292e-06
7.55000000000000e-01 2.32673383156632e+00 2.32673217388556e+00 1.65768075488515e-06
7.60000000000000e-01 2.35926041958221e+00 2.35925892144618e+00 1.49813602856597e-06
7.65000000000000e-01 2.39123554639783e+00 2.39123409092702e+00 1.45547081142894e-06
7.70000000000000e-01 2.42242348717454e+00 2.42242189467697e+00 1.59249756936930e-06
7.75000000000000e-01 2.45259296817160e+00 2.45259099854052e+00 1.96963107867987e-06
7.80000000000000e-01 2.48151859136622e+00 2.48151595774496e+00 2.63362125618727e-06
7.85000000000000e-01 2.50898222488521e+00 2.50897861657418e+00 3.60831103085602e-06
7.90000000000000e-01 2.53477435228856e+00 2.53476946319709e+00 4.88909146723060e-06
7.95000000000000e-01 2.55869537339308e+00 2.55868893129538e+00 6.44209770372939e-06
8.00000000000000e-01 2.58055684882339e+00 2.58054864046305e+00 8.20836033943451e-06
8.05000000000000e-01 2.60018267997380e+00 2.60017256772797e+00 1.01122458291414e-05
8.10000000000000e-01 2.61741021571743e+00 2.61739814297001e+00 1.20727474217652e-05
8.15000000000000e-01 2.63209127714728e+00 2.63207726147960e+00 1.40156676775582e-05
8.20000000000000e-01 2.64409309197320e+00 2.64407720741157e+00 1.58845616256009e-05
8.25000000000000e-01 2.65329913095726e+00 2.65328148243819e+00 1.76485190692688e-05
8.30000000000000e-01 2.65960983990815e+00 2.65959053448992e+00 1.93054182329178e-05
8.35000000000000e-01 2.66294326216921e+00 2.66292238208847e+00 2.08800807390830e-05
8.40000000000000e-01 2.66323554807591e+00 2.66321313042021e+00 2.24176556913314e-05
8.45000000000000e-01 2.66044134936380e+00 2.66041737596564e+00 2.39733981581836e-05
8.50000000000000e-01 2.65453409782380e+00 2.65450849718747e+00 2.56006363299477e-05
8.55000000000000e-01 2.64550616851640e+00 2.64547882948272e+00 2.73390336853474e-05
8.60000000000000e-01 2.63336892851384e+00 2.63333972331718e+00 2.92051966566120e-05
8.65000000000000e-01 2.61815267245025e+00 2.61812148518153e+00 3.11872687208670e-05
8.70000000000000e-01 2.59990644619432e+00 2.59987320173000e+00 3.32444643142971e-05
8.75000000000000e-01 2.57869775983518e+00 2.57866244818360e+00 3.53116515796614e-05
8.80000000000000e-01 2.55461219102999e+00 2.55457488279246e+00 3.73082375348943e-05
8.85000000000000e-01 2.52775287974177e+00 2.52771372985530e+00 3.91498864633633e-05
8.90000000000000e-01 2.49823991561091e+00 2.49819915448034e+00 4.07611305783817e-05
8.95000000000000e-01 2.46620961972436e+00 2.46616753293972e+00 4.20867846400164e-05
9.00000000000000e-01 2.43181372338571e+00 2.43177062311339e+00 4.31002723226825e-05
9.05000000000000e-01 2.39521844760765e+00 2.39517464013388e+00 4.38074737663108e-05
9.10000000000000e-01 2.35660348835413e+00 2.35655924292839e+00 4.42454257423286e-05
9.15000000000000e-01 2.31616091393370e+00 2.31611643790350e+00 4.44760302071856e-05
9.20000000000000e-01 2.27409398225145e+00 2.27404940652903e+00 4.45757224216692e-05
9.25000000000000e-01 2.23061588674024e+00 2.23057126404647e+00 4.46226937742544e-05
9.30000000000000e-01 2.18594844061100e+00 2.18590375695213e+00 4.46836588658961e-05
9.35000000000000e-01 2.14032070952717e+00 2.14027590728277e+00 4.48022444001772e-05
9.40000000000000e-01 2.09396760290624e+00 2.09392261205918e+00 4.49908470603333e-05
9.45000000000000e-01 2.04712843381432e+00 2.04708320651983e+00 4.52272944917453e-05
9.50000000000000e-01 2.00004545692322e+00 2.00000000000000e+00 4.54569232202218e-05
9.55000000000000e-01 1.95296239334600e+00 1.95291679348017e+00 4.55998658301926e-05
9.60000000000000e-01 1.90612295047737e+00 1.90607738794082e+00 4.55625365471946e-05
9.65000000000000e-01 1.85976934435626e+00 1.85972409271723e+00 4.52516390347935e-05
9.70000000000000e-01 1.81414083164211e+00 1.81409624304787e+00 4.45885942434998e-05
9.75000000000000e-01 1.76947225812254e+00 1.76942873595353e+00 4.35221690096022e-05
9.80000000000000e-01 1.72599263077627e+00 1.72595059347097e+00 4.20373052962830e-05
9.85000000000000e-01 1.68392372077968e+00 1.68388356209650e+00 4.01586831781930e-05
9.90000000000000e-01 1.64347870540043e+00 1.64344075707161e+00 3.79483288217575e-05
9.95000000000000e-01 1.60486085735632e+00 1.60482535986612e+00 3.54974902050387e-05
1.00000000000000e+00 1.56826229079842e+00 1.56822937688661e+00 3.29139118140365e-05
1.00500000000000e+00 1.53386277346094e+00 1.53383246706028e+00 3.03064006623721e-05
1.01000000000000e+00 1.50182861458216e+00 1.50180084551966e+00 2.77690624970184e-05
1.01500000000000e+00 1.47231163785298e+00 1.47228627014470e+00 2.53677082873160e-05
1.02000000000000e+00 1.44544824786082e+00 1.44542511720755e+00 2.31306532783027e-05
1.02500000000000e+00 1.42135859729902e+00 1.42133755181640e+00 2.10454826159445e-05
1.03000000000000e+00 1.40014586070186e+00 1.40012679827000e+00 1.90624318652244e-05
1.03500000000000e+00 1.38189561878824e+00 1.38187851481848e+00 1.71039697656195e-05
1.04000000000000e+00 1.36667535582811e+00 1.36666027668282e+00 1.50791452937504e-05
1.04500000000000e+00 1.35453407096030e+00 1.35452117051728e+00 1.29004430131641e-05
1.05000000000000e+00 1.34550200323455e+00 1.34549150281253e+00 1.05004220183336e-05
1.05500000000000e+00 1.33959046941778e+00 1.33958262403436e+00 7.84538341913610e-06
1.06000000000000e+00 1.33679181331632e+00 1.33678686957979e+00 4.94373653836533e-06
1.06500000000000e+00 1.33707946546837e+00 1.33707761791153e+00 1.84755684151661e-06
1.07000000000000e+00 1.34040811243203e+00 1.34040946551008e+00 1.35307805648743e-06
1.07500000000000e+00 1.34671397536200e+00 1.34671851756181e+00 4.54219981649295e-06
1.08000000000000e+00 1.35591519794091e+00 1.35592279258843e+00 7.59464751243222e-06
1.08500000000000e+00 1.36791234382830e+00 1.36792273852040e+00 1.03946920964049e-05
1.09000000000000e+00 1.38258900347502e+00 1.38260185702999e+00 1.28535549654973e-05
1.09500000000000e+00 1.39981250935554e+00 1.39982743227203e+00 1.49229164907450e-05
1.10000000000000e+00 1.41943475740920e+00 1.41945135953695e+00 1.66021277576700e-05
1.10500000000000e+00 1.44129313085389e+00 1.44131106870462e+00 1.79378507292327e-05
1.11000000000000e+00 1.46521152070908e+00 1.46523053680291e+00 1.90160938258188e-05
1.11500000000000e+00 1.49100143555124e+00 1.49102138342582e+00 1.99478745810389e-05
1.12000000000000e+00 1.51846319144256e+00 1.51848404225504e+00 2.08508124848183e-05
1.12500000000000e+00 1.54738717181146e+00 1.54740900145948e+00 2.18296480245517e-05
1.13000000000000e+00 1.57755514644721e+00 1.57757810532303e+00 2.29588758149379e-05
1.13500000000000e+00 1.60874163873930e+00 1.60876590907298e+00 2.42703336836847e-05
1.14000000000000e+00 1.64071533079021e+00 1.64074107855382e+00 2.57477636136372e-05
1.14500000000000e+00 1.67324049691921e+00 1.67326782611444e+00 2.73291952315180e-05
1.15000000000000e+00 1.70607845715380e+00 1.70610737385376e+00 2.89166999649648e-05
1.15500000000000e+00 1.73898904335291e+00 1.73901943520098e+00 3.03918480748511e-05
1.16000000000000e+00 1.77173207141410e+00 1.77176370569363e+00 3.16342795272373e-05
1.16500000000000e+00 1.80406881343281e+00 1.80410135376010e+00 3.25403272911640e-05
1.17000000000000e+00 1.83576346363211e+00 1.83579650231313e+00 3.30386810214467e-05
1.17500000000000e+00 1.86658459138533e+00 1.86661769201745e+00 3.31006321252492e-05
1.18000000000000e+00 1.89630657381646e+00 1.89633931720795e+00 3.27433914912856e-05
1.18500000000000e+00 1.92471099945531e+00 1.92474302560309e+00 3.20261477730899e-05
1.19000000000000e+00 1.95158803345041e+00 1.95161907318189e+00 3.10397314793320e-05
1.19500000000000e+00 1.97673773410226e+00 1.97676762586894e+00 2.98917666774479e-05
1.20000000000000e+00 1.99997131013587e+00 2.00000000000000e+00 2.86898641346234e-05
1.20500000000000e+00 2.02111230828005e+00 2.02113983391842e+00 2.75256383672762e-05
1.21000000000000e+00 2.03999772138089e+00 2.04002418347677e+00 2.64620958776440e-05
1.21500000000000e+00 2.05647900838773e+00 2.05650453468774e+00 2.55263000137340e-05
1.22000000000000e+00 2.07042301898764e+00 2.07044772727895e+00 2.47082913138463e-05
1.22500000000000e+00 2.08171281726313e+00 2.08173678345563e+00 2.39661924950063e-05
1.23000000000000e+00 2.09024840033128e+00 2.09027163675968e+00 2.32364283991870e-05
1.23500000000000e+00 2.09594730932875e+00 2.09596975652967e+00 2.24472009269228e-05
1.24000000000000e+00 2.09874513121636e+00 2.09876666410972e+00 2.15328933674819e-05
1.24500000000000e+00 2.09859589062367e+00 2.09861633762302e+00 2.04469993492218e-05
1.25000000000000e+00 2.09547233133604e+00 2.09549150281253e+00 1.91714764867790e-05
1.25500000000000e+00 2.08936608709998e+00 2.08938380815405e+00 1.77210540734940e-05
1.26000000000000e+00 2.08028774128980e+00 2.08030388316029e+00 1.61418704842653e-05
1.26500000000000e+00 2.06826677477212e+00 2.06828127951470e+00 1.45047425839095e-05
1.27000000000000e+00 2.05335140116427e+00 2.05336429539657e+00 1.28942322983328e-05
1.27500000000000e+00 2.03560828873642e+00 2.03561968407860e+00 1.13953421720936e-05
1.28000000000000e+00 2.01512216854956e+00 2.01513224859221e+00 1.00800426507952e-05
1.28500000000000e+00 1.99199532910378e+00 1.99200432495795e+00 8.99585416802573e-06
1.29000000000000e+00 1.96634699878932e+00 1.96635515716554e+00 8.15837622125670e-06
1.29500000000000e+00 1.93831261873047e+00 1.93832016775567e+00 7.54902520294642e-06
1.30000000000000e+00 1.90804301008785e+00 1.90805012849909e+00 7.11841123979262e-06
1.30500000000000e+00 1.87570344140408e+00 1.87571023628478e+00 6.79488070853829e-06
1.31000000000000e+00 1.84147260299602e+00 1.84147909991323e+00 6.49691720400192e-06
1.31500000000000e+00 1.80554149657920e+00 1.80554764404025e+00 6.14746105243036e-06
1.32000000000000e+00 1.76811224914994e+00 1.76811793702778e+00 5.68787783827851e-06
1.32500000000000e+00 1.72939686059312e+00 1.72940194992690e+00 5.08933378151610e-06
1.33000000000000e+00 1.68961589452480e+00 1.68962025424335e+00 4.35971854417794e-06
1.33500000000000e+00 1.64899712157789e+00 1.64900066651302e+00 3.54493513032850e-06
1.34000000000000e+00 1.60777412379786e+00 1.60777684804300e+00 2.72424513925174e-06
1.34500000000000e+00 1.56618486817190e+00 1.56618686845015e+00 2.00027825414395e-06
1.35000000000000e+00 1.52447025671064e+00 1.52447174185242e+00 1.48514178333059e-06
1.35500000000000e+00 1.48287266006793e+00 1.48287394473691e+00 1.28466898341451e-06
1.36000000000000e+00 1.44163444151023e+00 1.44163592464141e+00 1.48313118186749e-06
1.36500000000000e+00 1.40099647817582e+00 1.40099860884315e+00 2.13066733101286e-06
1.37000000000000e+00 1.36119668697586e+00 1.36119992224821e+00 3.23527235157606e-06
1.37500000000000e+00 1.32246856311567e+00 1.32247332361862e+00 4.76050294895281e-06
1.38000000000000e+00 1.28503973994314e+00 1.28504636916085e+00 6.62921771032998e-06
1.38500000000000e+00 1.24913057953229e+00 1.24913931233114e+00 8.73279884761047e-06
1.39000000000000e+00 1.21495280395219e+00 1.21496374848942e+00 1.09445372320494e-05
1.39500000000000e+00 1.18270817744831e+00 1.18272131275752e+00 1.31353092087672e-05
1.40000000000000e+00 1.15258724970462e+00 1.15260243910916e+00 1.51894045408163e-05
1.40500000000000e+00 1.12476816993731e+00 1.12478518834171e+00 1.70184043970512e-05
1.41000000000000e+00 1.09941558082034e+00 1.09943415215529e+00 1.85713349445393e-05
1.41500000000000e+00 1.07667960022180e+00 1.07669944009536e+00 1.98398735598015e-05
1.42000000000000e+00 1.05669489753210e+00 1.05671575560428e+00 2.08580721745566e-05
1.42500000000000e+00 1.03957987009300e+00 1.03960156687779e+00 2.16967847919136e-05
1.43000000000000e+00 1.02543592399182e+00 1.02545837763829e+00 2.24536464676905e-05
1.43500000000000e+00 1.01434686235151e+00 1.01437010232018e+00 2.32399686714846e-05
1.44000000000000e+00 1.00637838328306e+00 1.00640254951957e+00 2.41662365036976e-05
1.44500000000000e+00 1.00157768890112e+00 1.00160301689261e+00 2.53279914861348e-05
1.45000000000000e+00 9.99973206235163e-01 1.00000000000000e+00 2.67937648368299e-05
1.45500000000000e+00 1.00157442047306e+00 1.00160301689261e+00 2.85964195450017e-05
1.46000000000000e+00 1.00637182070549e+00 1.00640254951957e+00 3.07288140752870e-05
1.46500000000000e+00 1.01433695814554e+00 1.01437010232018e+00 3.31441746412864e-05
1.47000000000000e+00 1.02542261661885e+00 1.02545837763829e+00 3.57610194419156e-05
1.47500000000000e+00 1.03956309490246e+00 1.03960156687779e+00 3.84719753299123e-05
1.48000000000000e+00 1.05667460018905e+00 1.05671575560428e+00 4.11554152284221e-05
1.48500000000000e+00 1.07665575153468e+00 1.07669944009536e+00 4.36885606796000e-05
1.49000000000000e+00 1.09938819159356e+00 1.09943415215529e+00 4.59605617237901e-05
1.49500000000000e+00 1.12473730424792e+00 1.12478518834171e+00 4.78840937863101e-05
1.50000000000000e+00 1.15255303491731e+00 1.15260243910916e+00 4.94041918461807e-05
1.50500000000000e+00 1.18267080940206e+00 1.18272131275752e+00 5.05033554660805e-05
1.51000000000000e+00 1.21491254611718e+00 1.21496374848942e+00 5.12023722387678e-05
1.51500000000000e+00 1.24908775555081e+00 1.24913931233114e+00 5.15567803354156e-05
1.52000000000000e+00 1.28499471978465e+00 1.28504636916085e+00 5.16493762006132e-05
1.52500000000000e+00 1.32242174399726e+00 1.32247332361862e+00 5.15796213558239e-05
1.53000000000000e+00 1.36114847108285e+00 1.36119992224821e+00 5.14511653593175e-05
1.53500000000000e+00 1.40094724990392e+00 1.40099860884315e+00 5.13589392330260e-05
1.54000000000000e+00 1.44158454728691e+00 1.44163592464141e+00 5.13773545047780e-05
1.54500000000000e+00 1.48282239368573e+00 1.48287394473691e+00 5.15510511782669e-05
1.55000000000000e+00 1.52441985247803e+00 1.52447174185242e+00 5.18893743910454e-05
1.55500000000000e+00 1.56613450310604e+00 1.56618686845015e+00 5.23653441095728e-05
1.56000000000000e+00 1.60772392868999e+00 1.60777684804300e+00 5.29193530129923e-05
1.56500000000000e+00 1.64894719927245e+00 1.64900066651302e+00 5.34672405732017e-05
1.57000000000000e+00 1.68956634242983e+00 1.68962025424335e+00 5.39118135145511e-05
1.57500000000000e+00 1.72934779353794e+00 1.72940194992690e+00 5.41563889584484e-05
1.58000000000000e+00 1.76806381842961e+00 1.76811793702778e+00 5.41185981715042e-05
1.58500000000000e+00 1.80549390147464e+00 1.80554764404025e+00 5.37425656095269e-05
1.59000000000000e+00 1.84142609220631e+00 1.84147909991323e+00 5.30077069200718e-05
1.59500000000000e+00 1.87565830350889e+00 1.87571023628478e+00 5.19327758909949e-05
1.60000000000000e+00 1.90799955409729e+00 1.90805012849909e+00 5.05744017975651e-05
1.60500000000000e+00 1.93827114763144e+00 1.93832016775567e+00 4.90201242251409e-05
1.61000000000000e+00 1.96630778041640e+00 1.96635515716554e+00 4.73767491444566e-05
1.61500000000000e+00 1.99195856936317e+00 1.99200432495795e+00 4.57555947765975e-05
1.62000000000000e+00 2.01508799184731e+00 2.01513224859221e+00 4.42567448986075e-05
1.62500000000000e+00 2.03557672940126e+00 2.03561968407860e+00 4.29546773372813e-05
1.63000000000000e+00 2.05332240787163e+00 2.05336429539657e+00 4.18875249383888e-05
1.63500000000000e+00 2.06824022776504e+00 2.06828127951470e+00 4.10517496618468e-05
1.64000000000000e+00 2.08026347993540e+00 2.08030388316029e+00 4.04032248857433e-05
1.64500000000000e+00 2.08934394341445e+00 2.08938380815405e+00 3.98647396053775e-05
1.65000000000000e+00 2.09545216389765e+00 2.09549150281253e+00 3.93389148762857e-05
1.65500000000000e+00 2.09857761299776e+00 2.09861633762302e+00 3.87246252566698e-05
1.66000000000000e+00 2.09872872970989e+00 2.09876666410972e+00 3.79343998337944e-05
1.66500000000000e+00 2.09593284647890e+00 2.09596975652967e+00 3.69100507731090e-05
1.67000000000000e+00 2.09023600276837e+00 2.09027163675968e+00 3.56339913176740e-05
1.67500000000000e+00 2.08170264911876e+00 2.08173678345563e+00 3.41343368628344e-05
1.68000000000000e+00 2.07041524443965e+00 2.07044772727895e+00 3.24828393059029e-05
1.68500000000000e+00 2.05647374885105e+00 2.05650453468774e+00 3.07858366901392e-05
1.69000000000000e+00 2.03999501395038e+00 2.04002418347677e+00 2.91695263916480e-05
1.69500000000000e+00 2.02111207211265e+00 2.02113983391842e+00 2.77618057662465e-05
1.70000000000000e+00 1.99997332648716e+00 2.00000000000000e+00 2.66735128391371e-05
1.70500000000000e+00 1.97674164383151e+00 1.97676762586893e+00 2.59820374213238e-05
1.71000000000000e+00 1.95159335325228e+00 1.95161907318189e+00 2.57199296120891e-05
1.71500000000000e+00 1.92471715524706e+00 1.92474302560309e+00 2.58703560238605e-05
1.72000000000000e+00 1.89631294704151e+00 1.89633931720795e+00 2.63701664393601e-05
1.72500000000000e+00 1.86659057190632e+00 1.86661769201745e+00 2.71201111339270e-05
1.73000000000000e+00 1.83576850171831e+00 1.83579650231313e+00 2.80005948209983e-05
1.73500000000000e+00 1.80407246329945e+00 1.80410135376010e+00 2.88904606462470e-05
1.74000000000000e+00 1.77173401987546e+00 1.77176370569363e+00 2.96858181683124e-05
1.74500000000000e+00 1.73898911925721e+00 1.73901943520098e+00 3.03159437728961e-05
1.75000000000000e+00 1.70607662006812e+00 1.70610737385376e+00 3.07537856474305e-05
1.75500000000000e+00 1.67323680660615e+00 1.67326782611444e+00 3.10195082888765e-05
1.76000000000000e+00 1.64070990189895e+00 1.64074107855382e+00 3.11766548681813e-05
1.76500000000000e+00 1.60873458738202e+00 1.60876590907298e+00 3.13216909577640e-05
1.77000000000000e+00 1.57754653660345e+00 1.57757810532303e+00 3.15687195788783e-05
1.77500000000000e+00 1.54737696960187e+00 1.54740900145948e+00 3.20318576074730e-05
1.78000000000000e+00 1.51845123422111e+00 1.51848404225504e+00 3.28080339315751e-05
1.78500000000000e+00 1.49098742064071e+00 1.49102138342582e+00 3.39627851151381e-05
1.79000000000000e+00 1.46519501576295e+00 1.46523053680291e+00 3.55210399549666e-05
1.79500000000000e+00 1.44127360468447e+00 1.44131106870462e+00 3.74640201479259e-05
1.80000000000000e+00 1.41941162713812e+00 1.41945135953695e+00 3.97323988285958e-05
1.80500000000000e+00 1.39978519735226e+00 1.39982743227203e+00 4.22349197637395e-05
1.81000000000000e+00 1.38255699609780e+00 1.38260185702999e+00 4.48609321888060e-05
1.81500000000000e+00 1.36787524367964e+00 1.36792273852040e+00 4.74948407636067e-05
1.82000000000000e+00 1.35587276223818e+00 1.35592279258843e+00 5.00303502464217e-05
1.82500000000000e+00 1.34666613497632e+00 1.34671851756181e+00 5.23825854956694e-05
1.83000000000000e+00 1.34035496888422e+00 1.34040946551008e+00 5.44966258619883e-05
1.83500000000000e+00 1.33702126629855e+00 1.33707761791153e+00 5.63516129792330e-05
1.84000000000000e+00 1.33672890931656e+00 1.33678686957979e+00 5.79602632249099e-05
1.84500000000000e+00 1.33952325979562e+00 1.33958262403436e+00 5.93642387427540e-05
1.85000000000000e+00 1.34543087649119e+00 1.34549150281253e+00 6.06263213329683e-05
1.85500000000000e+00 1.35445934987557e+00 1.35452117051728e+00 6.18206417168921e-05
1.86000000000000e+00 1.36659725435853e+00 1.36666027668282e+00 6.30223242865657e-05
1.86500000000000e+00 1.38181421699034e+00 1.38187851481848e+00 6.42978281366613e-05
1.87000000000000e+00 1.40006110123382e+00 1.40012679827000e+00 6.56970361749831e-05
1.87500000000000e+00 1.42127030399941e+00 1.42133755181640e+00 6.72478169960744e-05
1.88000000000000e+00 1.44535616379176e+00 1.44542511720755e+00 6.89534157856109e-05
1.88500000000000e+00 1.47221547747130e+00 1.47228627014470e+00 7.07926733953812e-05
1.89000000000000e+00 1.50172812275088e+00 1.50180084551967e+00 7.27227687828957e-05
1.89500000000000e+00 1.53375778310365e+00 1.53383246706028e+00 7.46839566314605e-05
1.90000000000000e+00 1.56815277124547e+00 1.56822937688661e+00 7.66056411409810e-05
1.90500000000000e+00 1.60474694678002e+00 1.60482535986612e+00 7.84130860951304e-05
1.91000000000000e+00 1.64336072297494e+00 1.64344075707161e+00 8.00340966686797e-05
1.91500000000000e+00 1.68380215699633e+00 1.68388356209650e+00 8.14051001709615e-05
1.92000000000000e+00 1.72586811729339e+00 1.72595059347097e+00 8.24761775817251e-05
1.92500000000000e+00 1.76934552121897e+00 1.76942873595353e+00 8.32147345626311e-05
1.93000000000000e+00 1.81401263541479e+00 1.81409624304787e+00 8.36076330814617e-05
1.93500000000000e+00 1.85964043099514e+00 1.85972409271723e+00 8.36617220891789e-05
1.94000000000000e+00 1.90599398513645e+00 1.90607738794082e+00 8.34028043648072e-05
1.94500000000000e+00 1.95283392032226e+00 1.95291679348017e+00 8.28731579081143e-05
1.95000000000000e+00 1.99991787220089e+00 2.00000000000000e+00 8.21277991049918e-05
1.95500000000000e+00 2.04700197678284e+00 2.04708320651983e+00 8.12297369918724e-05
1.96000000000000e+00 2.09384236753140e+00 2.09392261205918e+00 8.02445277754416e-05
1.96500000000000e+00 2.14019667278593e+00 2.14027590728277e+00 7.92344968392200e-05
1.97000000000000e+00 2.18582550390390e+00 2.18590375695213e+00 7.82530482239530e-05
1.97500000000000e+00 2.23049392452566e+00 2.23057126404646e+00 7.73395208062411e-05
1.98000000000000e+00 2.27397289146431e+00 2.27404940652903e+00 7.65150647201729e-05
1.98500000000000e+00 2.31604065791479e+00 2.31611643790350e+00 7.57799887081134e-05
1.99000000000000e+00 2.35648412996944e+00 2.35655924292839e+00 7.51129589495747e-05
1.99500000000000e+00 2.39510016782741e+00 2.39517464013388e+00 7.44723064762809e-05
2.00000000000000e+00 2.43169682358776e+00 2.43177062311339e+00 7.37995256292479e-05
2.00500000000000e+00 2.46609450810915e+00 2.46616753293972e+00 7.30248305704784e-05
2.01000000000000e+00 2.49812708008048e+00 2.49819915448034e+00 7.20743998590123e-05
2.01500000000000e+00 2.52764285114787e+00 2.52771372985530e+00 7.08787074361616e-05
2.02000000000000e+00 2.55450550164933e+00 2.55457488279245e+00 6.93811431213831e-05
2.02500000000000e+00 2.57859490218486e+00 2.57866244818359e+00 6.75459987333760e-05
2.03000000000000e+00 2.59980783686603e+00 2.59987320173000e+00 6.53648639739046e-05
2.03500000000000e+00 2.61805862462432e+00 2.61812148518152e+00 6.28605572066121e-05
2.04000000000000e+00 2.63327963540228e+00 2.63333972331718e+00 6.00879149046385e-05
2.04500000000000e+00 2.64542169841417e+00 2.64547882948272e+00 5.71310685422155e-05
2.05000000000000e+00 2.65445439996573e+00 2.65450849718747e+00 5.40972217399904e-05
2.05500000000000e+00 2.66036626860299e+00 2.66041737596564e+00 5.11073626441316e-05
2.06000000000000e+00 2.66316484566560e+00 2.66321313042021e+00 4.82847546172671e-05
2.06500000000000e+00 2.66287663969996e+00 2.66292238208847e+00 4.57423885062980e-05
2.07000000000000e+00 2.65954696369002e+00 2.65959053448992e+00 4.35707998969193e-05
2.07500000000000e+00 2.65323965472241e+00 2.65328148243819e+00 4.18277157789859e-05
2.08000000000000e+00 2.64403667653617e+00 2.64407720741157e+00 4.05308754003464e-05
2.08500000000000e+00 2.63203760640878e+00 2.63207726147960e+00 3.96550708243737e-05
2.09000000000000e+00 2.61735900896935e+00 2.61739814297001e+00 3.91340006604679e-05
2.09500000000000e+00 2.60013370075424e+00 2.60017256772797e+00 3.88669737363401e-05
2.10000000000000e+00 2.58050991055750e+00 2.58054864046305e+00 3.87299055470969e-05
2.10500000000000e+00 2.55865034180090e+00 2.55868893129538e+00 3.85894944794352e-05
2.11000000000000e+00 2.53473114417489e+00 2.53476946319710e+00 3.83190222104091e-05
2.11500000000000e+00 2.50894080261738e+00 2.50897861657418e+00 3.78139568031344e-05
2.12000000000000e+00 2.48147895225492e+00 2.48151595774496e+00 3.70054900384886e-05
2.12500000000000e+00 2.45255512821389e+00 2.45259099854052e+00 3.58703266325477e-05
2.13000000000000e+00 2.42238745923126e+00 2.42242189467697e+00 3.44354457144647e-05
2.13500000000000e+00 2.39120131379868e+00 2.39123409092702e+00 3.27771283372691e-05
2.14000000000000e+00 2.35922790722741e+00 2.35925892144618e+00 3.10142187665008e-05
2.14500000000000e+00 2.32670287760759e+00 2.32673217388556e+00 2.92962779737671e-05
2.15000000000000e+00 2.29386483823830e+00 2.29389262614624e+00 2.77879079386700e-05
2.15500000000000e+00 2.26095391380281e+00 2.26098056479902e+00 2.66509962081329e-05
2.16000000000000e+00 2.22821026741351e+00 2.22823629430637e+00 2.60268928649054e-05
2.16500000000000e+00 2.19587262568606e+00 2.19589864623990e+00 2.60205538427094e-05
2.17000000000000e+00 2.16417680922279e+00 2.16420349768687e+00 2.66884640773846e-05
2.17500000000000e+00 2.13335427626272e+00 2.13338230798255e+00 2.80317198217972e-05
2.18000000000000e+00 2.10363068773547e+00 2.10366068279205e+00 2.99950565803009e-05
2.18500000000000e+00 2.07522450246688e+00 2.07525697439691e+00 3.24719300355270e-05
2.19000000000000e+00 2.04834561174402e+00 2.04838092681811e+00 3.53150740926012e-05
2.19500000000000e+00 2.02319402277863e+00 2.02323237413107e+00 3.83513524346846e-05
2.20000000000000e+00 1.99995860074410e+00 2.00000000000000e+00 4.13992559045173e-05
2.20500000000000e+00 1.97881587895393e+00 1.97886016608158e+00 4.42871276535861e-05
2.21000000000000e+00 1.95992894637716e+00 1.95997581652323e+00 4.68701460778487e-05
2.21500000000000e+00 1.94344642105020e+00 1.94349546531226e+00 4.90442620568743e-05
2.22000000000000e+00 1.92950151707412e+00 1.92955227272105e+00 5.07556469293569e-05
2.22500000000000e+00 1.91821121182897e+00 1.91826321654437e+00 5.20047154000114e-05
2.23000000000000e+00 1.90967551885677e+00 1.90972836324032e+00 5.28443835450254e-05
2.23500000000000e+00 1.90397687063095e+00 1.90403024347033e+00 5.33728393747879e-05
2.24000000000000e+00 1.90117961421478e+00 1.90123333589028e+00 5.37216754914471e-05
2.24500000000000e+00 1.90132962167572e+00 1.90138366237698e+00 5.40407012563637e-05
2.25000000000000e+00 1.90445401611729e+00 1.90450849718747e+00 5.44810701808007e-05
2.25500000000000e+00 1.91056101334783e+00 1.91061619184595e+00 5.51784981126513e-05
2.26000000000000e+00 1.91963987853893e+00 1.91969611683971e+00 5.62383007858269e-05
2.26500000000000e+00 1.93166099672963e+00 1.93171872048530e+00 5.77237556689258e-05
2.27000000000000e+00 1.94657605568265e+00 1.94663570460343e+00 5.96489207795869e-05
2.27500000000000e+00 1.96431833935696e+00 1.96438031592140e+00 6.19765644391812e-05
2.28000000000000e+00 1.98480313008143e+00 1.98486775140779e+00 6.46213263542084e-05
2.28500000000000e+00 2.00792821734516e+00 2.00799567504205e+00 6.74576968915375e-05
2.29000000000000e+00 2.03357451091195e+00 2.03364484283446e+00 7.03319225103805e-05
2.29500000000000e+00 2.06160675567709e+00 2.06167983224433e+00 7.30765672387612e-05
2.30000000000000e+00 2.09187434528186e+00 2.09194987150091e+00 7.55262190454964e-05
2.30500000000000e+00 2.12421223096835e+00 2.12428976371522e+00 7.75327468627296e-05
2.31000000000000e+00 2.15844192149327e+00 2.15852090008677e+00 7.89785935002563e-05
2.31500000000000e+00 2.19437256913955e+00 2.19445235595975e+00 7.97868201964924e-05
2.32000000000000e+00 2.23180213599909e+00 2.23188206297221e+00 7.99269731204255e-05
2.32500000000000e+00 2.27051863379111e+00 2.27059805007310e+00 7.94162819852673e-05
2.33000000000000e+00 2.31030142957721e+00 2.31037974575665e+00 7.83161794437603e-05
2.33500000000000e+00 2.35092260888938e+00 2.35099933348698e+00 7.67245975961117e-05
2.34000000000000e+00 2.39214838704938e+00 2.39222315195699e+00 7.47649076142665e-05
2.34500000000000e+00 2.43374055886944e+00 2.43381313154985e+00 7.25726804060578e-05
2.35000000000000e+00 2.47545797651598e+00 2.47552825814758e+00 7.02816316007215e-05
2.35500000000000e+00 2.51705804510444e+00 2.51712605526309e+00 6.80101586425508e-05
2.36000000000000e+00 2.55829822557713e+00 2.55836407535858e+00 6.58497814498560e-05
2.36500000000000e+00 2.59893753458087e+00 2.59900139115685e+00 6.38565759811804e-05
2.37000000000000e+00 2.63873803138275e+00 2.63880007775179e+00 6.20463690346185e-05
2.37500000000000e+00 2.67746628230331e+00 2.67752667638138e+00 6.03940780745660e-05
2.38000000000000e+00 2.71489479366687e+00 2.71495363083914e+00 5.88371722693992e-05
2.38500000000000e+00 2.75080340482913e+00 2.75086068766886e+00 5.72828397285008e-05
2.39000000000000e+00 2.78498063340302e+00 2.78503625151058e+00 5.56181075603845e-05
2.39500000000000e+00 2.81722496533852e+00 2.81727868724248e+00 5.37219039578041e-05
2.40000000000000e+00 2.84734608299632e+00 2.84739756089084e+00 5.14778945168715e-05
2.40500000000000e+00 2.87516602478128e+00 2.87521481165829e+00 4.87868770155941e-05
2.41000000000000e+00 2.90052027026556e+00 2.90056584784471e+00 4.55775791508017e-05
2.41500000000000e+00 2.92325874504250e+00 2.92330055990463e+00 4.18148621310621e-05
2.42000000000000e+00 2.94324673982240e+00 2.94328424439572e+00 3.75045733269630e-05
2.42500000000000e+00 2.96036573853043e+00 2.96039843312221e+00 3.26945917730193e-05
2.43000000000000e+00 2.97451415041498e+00 2.97454162236171e+00 2.74719467321383e-05
2.43500000000000e+00 2.98560794144335e+00 2.98562989767982e+00 2.19562364720538e-05
2.44000000000000e+00 2.99358116057449e+00 2.99359745048043e+00 1.62899059441557e-05
2.44500000000000e+00 2.99838635687388e+00 2.99839698310739e+00 1.06262335095586e-05
2.45000000000000e+00 2.99999488389457e+00 3.00000000000000e+00 5.11610542730523e-06
2.45500000000000e+00 2.99839708830523e+00 2.99839698310739e+00 1.05197835331694e-07
2.46000000000000e+00 2.99360238041399e+00 2.99359745048044e+00 4.92993355205584e-06
2.46500000000000e+00 2.98563918502145e+00 2.98562989767982e+00 9.28734162730649e-06
2.47000000000000e+00 2.97455477193762e+00 2.97454162236171e+00 1.31495759116973e-05
2.47500000000000e+00 2.96041496650569e+00 2.96039843312221e+00 1.65333834774017e-05
2.48000000000000e+00 2.94330374157066e+00 2.94328424439572e+00 1.94971749309936e-05
2.48500000000000e+00 2.92332269348193e+00 2.92330055990464e+00 2.21335772927489e-05
2.49000000000000e+00 2.90059040588355e+00 2.90056584784471e+00 2.45580388371636e-05
2.49500000000000e+00 2.87524170617401e+00 2.87521481165830e+00 2.68945157135825e-05
2.50000000000000e+00 2.84742682055264e+00 2.84739756089084e+00 2.92596617992302e-05
2.50500000000000e+00 2.81731043445629e+00 2.81727868724248e+00 3.17472138116059e-05
2.51000000000000e+00 2.78507066587838e+00 2.78503625151058e+00 3.44143678021602e-05
2.51500000000000e+00 2.75089795951774e+00 2.75086068766886e+00 3.72718488850232e-05
2.52000000000000e+00 2.71499390991036e+00 2.71495363083915e+00 4.02790712104029e-05
2.52500000000000e+00 2.67757002166471e+00 2.67752667638138e+00 4.33452833203951e-05
2.53000000000000e+00 2.63884641468723e+00 2.63880007775179e+00 4.63369354437582e-05
2.53500000000000e+00 2.59905048191411e+00 2.59900139115685e+00 4.90907572578969e-05
2.54000000000000e+00 2.55841550664277e+00 2.55836407535859e+00 5.14312841835007e-05
2.54500000000000e+00 2.51717924617955e+00 2.51712605526309e+00 5.31909164607214e-05
2.55000000000000e+00 2.47558248828213e+00 2.47552825814758e+00 5.42301345474172e-05
2.55500000000000e+00 2.43386758685807e+00 2.43381313154985e+00 5.44553082195698e-05
2.56000000000000e+00 2.39227698363287e+00 2.39222315195700e+00 5.38316758751378e-05
2.56500000000000e+00 2.35105172303259e+00 2.35099933348698e+00 5.23895456034928e-05
2.57000000000000e+00 2.31042996830018e+00 2.31037974575666e+00 5.02225435234926e-05
2.57500000000000e+00 2.27064552779825e+00 2.27059805007310e+00 4.74777251504577e-05
2.58000000000000e+00 2.23192640142288e+00 2.23188206297222e+00 4.43384506607636e-05
2.58500000000000e+00 2.19449335791926e+00 2.19445235595975e+00 4.10019595116218e-05
2.59000000000000e+00 2.15855855450157e+00 2.15852090008678e+00 3.76544147910884e-05
2.59500000000000e+00 2.12432421040584e+00 2.12428976371522e+00 3.44466906283536e-05
2.60000000000000e+00 2.09198134575436e+00 2.09194987150091e+00 3.14742534510692e-05
2.60500000000000e+00 2.06170859634504e+00 2.06167983224433e+00 2.87641007084005e-05
2.61000000000000e+00 2.03367111372861e+00 2.03364484283446e+00 2.62708941445311e-05
2.61500000000000e+00 2.00801955829024e+00 2.00799567504205e+00 2.38832481858076e-05
2.62000000000000e+00 1.98488919116083e+00 1.98486775140779e+00 2.14397530446941e-05
2.62500000000000e+00 1.96439906883175e+00 1.96438031592140e+00 1.87529103452544e-05
2.63000000000000e+00 1.94665134253802e+00 1.94663570460343e+00 1.56379345865876e-05
2.63500000000000e+00 1.93173066299827e+00 1.93171872048530e+00 1.19425129774253e-05
2.64000000000000e+00 1.91970369010498e+00 1.91969611683971e+00 7.57326527067725e-06
2.64500000000000e+00 1.91061870673477e+00 1.91061619184595e+00 2.51488882008211e-06
2.65000000000000e+00 1.90450533600450e+00 1.90450849718747e+00 3.16118297294388e-06
2.65500000000000e+00 1.90137436195851e+00 1.90138366237698e+00 9.30041847246876e-06
2.66000000000000e+00 1.90121765467771e+00 1.90123333589028e+00 1.56812125704509e-05
2.66500000000000e+00 1.90400820192947e+00 1.90403024347033e+00 2.20415408589414e-05
2.67000000000000e+00 1.90970025046505e+00 1.90972836324032e+00 2.81127752650434e-05
2.67500000000000e+00 1.91822956065332e+00 1.91826321654437e+00 3.36558910536411e-05
2.68000000000000e+00 1.92951377808563e+00 1.92955227272105e+00 3.84946354199389e-05
2.68500000000000e+00 1.94345292494456e+00 1.94349546531226e+00 4.25403676993508e-05
2.69000000000000e+00 1.95993001225536e+00 1.95997581652323e+00 4.58042678719295e-05
2.69500000000000e+00 1.97881177172259e+00 1.97886016608158e+00 4.83943589850711e-05
2.70000000000000e+00 1.99994950291790e+00 2.00000000000000e+00 5.04970821026962e-05
2.70500000000000e+00 2.02318002846280e+00 2.02323237413106e+00 5.23456682683943e-05
2.71000000000000e+00 2.04832674695053e+00 2.04838092681811e+00 5.41798675759431e-05
2.71500000000000e+00 2.07520077108729e+00 2.07525697439691e+00 5.62033096258574e-05
2.72000000000000e+00 2.10360213725810e+00 2.10366068279205e+00 5.85455339563445e-05
2.72500000000000e+00 2.13332107265279e+00 2.13338230798255e+00 6.12353297597679e-05
2.73000000000000e+00 2.16413930725022e+00 2.16420349768687e+00 6.41904366434076e-05
2.73500000000000e+00 2.19583142016552e+00 2.19589864623990e+00 6.72260743792563e-05
2.74000000000000e+00 2.22816621272356e+00 2.22823629430637e+00 7.00815828102996e-05
2.74500000000000e+00 2.26090810359226e+00 2.26098056479902e+00 7.24612067584118e-05
2.75000000000000e+00 2.29381854379276e+00 2.29389262614624e+00 7.40823534766122e-05
2.75500000000000e+00 2.32665745085863e+00 2.32673217388556e+00 7.47230269242394e-05
2.76000000000000e+00 2.35918466146885e+00 2.35925892144618e+00 7.42599773277952e-05
2.76500000000000e+00 2.39116140041579e+00 2.39123409092702e+00 7.26905112320431e-05
2.77000000000000e+00 2.42235176097952e+00 2.42242189467697e+00 7.01336974495703e-05
2.77500000000000e+00 2.45252418813978e+00 2.45259099854052e+00 6.68104007335302e-05
2.78000000000000e+00 2.48145295225178e+00 2.48151595774496e+00 6.30054931805013e-05
2.78500000000000e+00 2.50891959760315e+00 2.50897861657418e+00 5.90189710303335e-05
2.79000000000000e+00 2.53471434833857e+00 2.53476946319709e+00 5.51148585223871e-05
2.79500000000000e+00 2.55863745404013e+00 2.55868893129538e+00 5.14772552486775e-05
2.80000000000000e+00 2.58050045890645e+00 2.58054864046305e+00 4.81815566013566e-05
2.80500000000000e+00 2.60012738173263e+00 2.60017256772797e+00 4.51859953405354e-05
2.81000000000000e+00 2.61735579818396e+00 2.61739814297001e+00 4.23447860455894e-05
2.81500000000000e+00 2.63203782140068e+00 2.63207726147960e+00 3.94400789240912e-05
2.82000000000000e+00 2.64404098095298e+00 2.64407720741157e+00 3.62264585915817e-05
2.82500000000000e+00 2.65324900290315e+00 2.65328148243819e+00 3.24795350352680e-05
2.83000000000000e+00 2.65956249482375e+00 2.65959053448992e+00 2.80396661622717e-05
2.83500000000000e+00 2.66289953902177e+00 2.66292238208847e+00 2.28430666986412e-05
2.84000000000000e+00 2.66319619523380e+00 2.66321313042021e+00 1.69351864123257e-05
2.84500000000000e+00 2.66040691126430e+00 2.66041737596564e+00 1.04647013352555e-05
2.85000000000000e+00 2.65450483714578e+00 2.65450849718747e+00 3.66004169505274e-06
2.85500000000000e+00 2.64548203609293e+00 2.64547882948272e+00 3.20661021646629e-06
2.86000000000000e+00 2.63334958432319e+00 2.63333972331719e+00 9.86100600819384e-06
2.86500000000000e+00 2.61813755198951e+00 2.61812148518152e+00 1.60668079902671e-05
2.87000000000000e+00 2.59989485899742e+00 2.59987320173000e+00 2.16572674132109e-05
2.87500000000000e+00 2.57868900208491e+00 2.57866244818360e+00 2.65539013173388e-05
2.88000000000000e+00 2.55460565278707e+00 2.55457488279246e+00 3.07699946122675e-05
2.88500000000000e+00 2.52774812927649e+00 2.52771372985530e+00 3.43994211897680e-05
2.89000000000000e+00 2.49823674809209e+00 2.49819915448034e+00 3.75936117533726e-05
2.89500000000000e+00 2.46620806408345e+00 2.46616753293972e+00 4.05311437310374e-05
2.90000000000000e+00 2.43181400831168e+00 2.43177062311339e+00 4.33851982877265e-05
2.90500000000000e+00 2.39522093413456e+00 2.39517464013388e+00 4.62940006764612e-05
2.91000000000000e+00 2.35660858138835e+00 2.35655924292839e+00 4.93384599558055e-05
2.91500000000000e+00 2.31616896768660e+00 2.31611643790350e+00 5.25297830957783e-05
2.92000000000000e+00 2.27410521466657e+00 2.27404940652904e+00 5.58081375334751e-05
2.92500000000000e+00 2.23063031580186e+00 2.23057126404647e+00 5.90517553979986e-05
2.93000000000000e+00 2.18596585140171e+00 2.18590375695213e+00 6.20944495746123e-05
2.93500000000000e+00 2.14034065579825e+00 2.14027590728278e+00 6.47485154745553e-05
2.94000000000000e+00 2.09398944156823e+00 2.09392261205918e+00 6.68295090484605e-05
2.94500000000000e+00 2.04715138594825e+00 2.04708320651984e+00 6.81794284105308e-05
2.95000000000000e+00 2.00006868532078e+00 2.00000000000000e+00 6.86853207745308e-05
2.95500000000000e+00 1.95298508465551e+00 1.95291679348017e+00 6.82911753400184e-05
2.96000000000000e+00 1.90614438994434e+00 1.90607738794082e+00 6.70020035180574e-05
2.96500000000000e+00 1.85978897281680e+00 1.85972409271723e+00 6.48800995692866e-05
2.97000000000000e+00 1.81415827752456e+00 1.81409624304787e+00 6.20344766886216e-05
2.97500000000000e+00 1.76948734122397e+00 1.76942873595354e+00 5.86052704334428e-05
2.98000000000000e+00 1.72600533888465e+00 1.72595059347097e+00 5.47454136770043e-05
2.98500000000000e+00 1.68393416417270e+00 1.68388356209651e+00 5.06020761887882e-05
2.99000000000000e+00 1.64348705730080e+00 1.64344075707161e+00 4.63002291919423e-05
2.99500000000000e+00 1.60486729014660e+00 1.60482535986612e+00 4.19302804797184e-05
3.00000000000000e+00 1.56826691798412e+00 1.56822937688661e+00 3.75410975086421e-05
3.00500000000000e+00 1.53386560604286e+00 1.53383246706028e+00 3.31389825767303e-05
3.01000000000000e+00 1.50182953790357e+00 1.50180084551966e+00 2.86923839041275e-05
3.01500000000000e+00 1.47231041155822e+00 1.47228627014470e+00 2.41414135204732e-05
3.02000000000000e+00 1.44544452788755e+00 1.44542511720755e+00 1.94106800059934e-05
3.02500000000000e+00 1.42135197540930e+00 1.42133755181641e+00 1.44235928931646e-05
3.03000000000000e+00 1.40013591445979e+00 1.40012679827000e+00 9.11618979571038e-06
3.03500000000000e+00 1.38188196350033e+00 1.38187851481848e+00 3.44868185764291e-06
3.04000000000000e+00 1.36665768996542e+00 1.36666027668282e+00 2.58671740160921e-06
3.04500000000000e+00 1.35451220794470e+00 1.35452117051728e+00 8.96257258120592e-06
3.05000000000000e+00 1.34547588494727e+00 1.34549150281253e+00 1.56178652590544e-05
3.05500000000000e+00 1.33956015995470e+00 1.33958262403436e+00 2.24640796575581e-05
3.06000000000000e+00 1.33675747484829e+00 1.33678686957979e+00 2.93947314984333e-05
3.06500000000000e+00 1.33704132102115e+00 1.33707761791153e+00 3.62968903870886e-05
3.07000000000000e+00 1.34036640250451e+00 1.34040946551008e+00 4.30630055709980e-05
3.07500000000000e+00 1.34666891621905e+00 1.34671851756181e+00 4.96013427577768e-05
3.08000000000000e+00 1.35586694901066e+00 1.35592279258843e+00 5.58435777693322e-05
3.08500000000000e+00 1.36786098998079e+00 1.36792273852040e+00 6.17485396083861e-05
3.09000000000000e+00 1.38253455534014e+00 1.38260185702999e+00 6.73016898442569e-05
3.09500000000000e+00 1.39975492168948e+00 1.39982743227203e+00 7.25105825480910e-05
3.10000000000000e+00 1.41937396236455e+00 1.41945135953695e+00 7.73971724026268e-05
3.10500000000000e+00 1.44122908037167e+00 1.44131106870462e+00 8.19883329479243e-05
3.11000000000000e+00 1.46514423057111e+00 1.46523053680290e+00 8.63062317961738e-05
3.11500000000000e+00 1.49093102319158e+00 1.49102138342582e+00 9.03602342419152e-05
3.12000000000000e+00 1.51838990049695e+00 1.51848404225504e+00 9.41417580935244e-05
3.12500000000000e+00 1.54731137844814e+00 1.54740900145948e+00 9.76230113411969e-05
3.13000000000000e+00 1.57747734544072e+00 1.57757810532302e+00 1.00759882305290e-04
3.13500000000000e+00 1.60866241055009e+00 1.60876590907298e+00 1.03498522888268e-04
3.14000000000000e+00 1.64063529406282e+00 1.64074107855382e+00 1.05784491001959e-04
3.14500000000000e+00 1.67316025329743e+00 1.67326782611444e+00 1.07572817008794e-04
3.15000000000000e+00 1.70599853672647e+00 1.70610737385376e+00 1.08837127291483e-04
3.15500000000000e+00 1.73890985915022e+00 1.73901943520098e+00 1.09576050766336e-04
3.16000000000000e+00 1.77165389014202e+00 1.77176370569363e+00 1.09815551606607e-04
3.16500000000000e+00 1.80399174724386e+00 1.80410135376010e+00 1.09606516238703e-04
3.17000000000000e+00 1.83568748454841e+00 1.83579650231313e+00 1.09017764714947e-04
3.17500000000000e+00 1.86650956650622e+00 1.86661769201745e+00 1.08125511236956e-04
3.18000000000000e+00 1.89623231619859e+00 1.89633931720795e+00 1.07001009352237e-04
3.18500000000000e+00 1.92463732705649e+00 1.92474302560309e+00 1.05698546595479e-04
3.19000000000000e+00 1.95151482717402e+00 1.95161907318189e+00 1.04246007872399e-04
3.19500000000000e+00 1.97666498598954e+00 1.97676762586893e+00 1.02639879395072e-04
3.20000000000000e+00 1.99989915413794e+00 2.00000000000000e+00 1.00845862056831e-04
3.20500000000000e+00 2.02104102859846e+00 2.02113983391842e+00 9.88053199613148e-05
3.21000000000000e+00 2.03992773670623e+00 2.04002418347677e+00 9.64467705397709e-05
3.21500000000000e+00 2.05641083397833e+00 2.05650453468774e+00 9.37007094141684e-05
3.22000000000000e+00 2.07035721185592e+00 2.07044772727895e+00 9.05154230377292e-05
3.22500000000000e+00 2.08164991226294e+00 2.08173678345563e+00 8.68711926842458e-05
3.23000000000000e+00 2.09018884627801e+00 2.09027163675968e+00 8.27904816667058e-05
3.23500000000000e+00 2.09589141423730e+00 2.09596975652967e+00 7.83422923724686e-05
3.24000000000000e+00 2.09869302433449e+00 2.09876666410972e+00 7.36397752385543e-05
3.24500000000000e+00 2.09854750640801e+00 2.09861633762302e+00 6.88312150058934e-05
3.25000000000000e+00 2.09542741727849e+00 2.09549150281253e+00 6.40855340345858e-05
3.25500000000000e+00 2.08932423387781e+00 2.08938380815405e+00 5.95742762392604e-05
3.26000000000000e+00 2.08024843061600e+00 2.08030388316029e+00 5.54525442861831e-05
3.26500000000000e+00 2.06822943802139e+00 2.06828127951470e+00 5.18414933141642e-05
3.27000000000000e+00 2.05331548066105e+00 2.05336429539657e+00 4.88147355222068e-05
3.27500000000000e+00 2.03557329363821e+00 2.03561968407860e+00 4.63904403900095e-05
3.28000000000000e+00 2.01508771846599e+00 2.01513224859221e+00 4.45301262188558e-05
3.28500000000000e+00 1.99196118070371e+00 1.99200432495795e+00 4.31442542394578e-05
3.29000000000000e+00 1.96631305328295e+00 1.96635515716554e+00 4.21038825970665e-05
3.29500000000000e+00 1.93827891083361e+00 1.93832016775567e+00 4.12569220558101e-05
3.30000000000000e+00 1.90800968146200e+00 1.90805012849909e+00 4.04470370887200e-05
3.30500000000000e+00 1.87567070328760e+00 1.87571023628479e+00 3.95329971825120e-05
3.31000000000000e+00 1.84144069360366e+00 1.84147909991323e+00 3.84063095673071e-05
3.31500000000000e+00 1.80551063880998e+00 1.80554764404025e+00 3.70052302731683e-05
3.32000000000000e+00 1.76808261332173e+00 1.76811793702778e+00 3.53237060524147e-05
3.32500000000000e+00 1.72936853554630e+00 1.72940194992690e+00 3.34143806000053e-05
3.33000000000000e+00 1.68958886880747e+00 1.68962025424335e+00 3.13854358799937e-05
3.33500000000000e+00 1.64897127484823e+00 1.64900066651302e+00 2.93916647926551e-05
3.34000000000000e+00 1.60774922731638e+00 1.60777684804301e+00 2.76207266227679e-05
3.34500000000000e+00 1.56616059247588e+00 1.56618686845015e+00 2.62759742728491e-05
3.35000000000000e+00 1.52444618432196e+00 1.52447174185243e+00 2.55575304701772e-05
3.35500000000000e+00 1.48284830132481e+00 1.48287394473692e+00 2.56434121073124e-05
3.36000000000000e+00 1.44160925218549e+00 1.44163592464142e+00 2.66724559321307e-05
3.36500000000000e+00 1.40096987824566e+00 1.40099860884315e+00 2.87305974897567e-05
3.37000000000000e+00 1.36116808052549e+00 1.36119992224821e+00 3.18417227178625e-05
3.37500000000000e+00 1.32243735973752e+00 1.32247332361862e+00 3.59638810949470e-05
3.38000000000000e+00 1.28500537799926e+00 1.28504636916086e+00 4.09911615963932e-05
3.38500000000000e+00 1.24909255130052e+00 1.24913931233114e+00 4.67610306225108e-05
3.39000000000000e+00 1.21491068203125e+00 1.21496374848942e+00 5.30664581694928e-05
3.39500000000000e+00 1.18266164100328e+00 1.18272131275752e+00 5.96717542444836e-05
3.40000000000000e+00 1.15253610837434e+00 1.15260243910916e+00 6.63307348218733e-05
3.40500000000000e+00 1.12471238268284e+00 1.12478518834171e+00 7.28056588672477e-05
3.41000000000000e+00 1.09935526681780e+00 1.09943415215529e+00 7.88853374931175e-05
3.41500000000000e+00 1.07661503918215e+00 1.07669944009537e+00 8.44009132181522e-05
3.42000000000000e+00 1.05662651757481e+00 1.05671575560428e+00 8.92380294692519e-05
3.42500000000000e+00 1.03950822244189e+00 1.03960156687779e+00 9.33444358990343e-05
3.43000000000000e+00 1.02536164516577e+00 1.02545837763829e+00 9.67324725194008e-05
3.43500000000000e+00 1.01427062601121e+00 1.01437010232018e+00 9.94763089661177e-05
3.44000000000000e+00 1.00630084527302e+00 1.00640254951957e+00 1.01704246548762e-04
3.44500000000000e+00 1.00149943010927e+00 1.00160301689261e+00 1.03586783336995e-04
3.45000000000000e+00 9.99894678535155e-01 1.00000000000000e+00 1.05321464844987e-04
3.45500000000000e+00 1.00149590112137e+00 1.00160301689261e+00 1.07115771234456e-04
3.46000000000000e+00 1.00629338010873e+00 1.00640254951956e+00 1.09169410831944e-04
3.46500000000000e+00 1.01425844492465e+00 1.01437010232018e+00 1.11657395528875e-04
3.47000000000000e+00 1.02534366246747e+00 1.02545837763829e+00 1.14715170819624e-04
3.47500000000000e+00 1.03948314000122e+00 1.03960156687779e+00 1.18426876571709e-04
3.48000000000000e+00 1.05659293805951e+00 1.05671575560427e+00 1.22817544762954e-04
3.48500000000000e+00 1.07657159037189e+00 1.07669944009536e+00 1.27849723472240e-04
3.49000000000000e+00 1.09930072747611e+00 1.09943415215529e+00 1.33424679171990e-04
3.49500000000000e+00 1.12464580034254e+00 1.12478518834171e+00 1.39387999167573e-04
3.50000000000000e+00 1.15245689999294e+00 1.15260243910915e+00 1.45539116219506e-04
3.50500000000000e+00 1.18256966873019e+00 1.18272131275752e+00 1.51644027331921e-04
3.51000000000000e+00 1.21480629819828e+00 1.21496374848942e+00 1.57450291135897e-04
3.51500000000000e+00 1.24897660905973e+00 1.24913931233114e+00 1.62703271413323e-04
3.52000000000000e+00 1.28487920661255e+00 1.28504636916085e+00 1.67162548300626e-04
3.52500000000000e+00 1.32230270617759e+00 1.32247332361861e+00 1.70617441019427e-04
3.53000000000000e+00 1.36102702157934e+00 1.36119992224821e+00 1.72900668866438e-04
3.53500000000000e+00 1.40082470953200e+00 1.40099860884315e+00 1.73899311146197e-04
3.54000000000000e+00 1.44146236224043e+00 1.44163592464141e+00 1.73562400977767e-04
3.54500000000000e+00 1.48270204004517e+00 1.48287394473691e+00 1.71904691738334e-04
3.55000000000000e+00 1.52430273549467e+00 1.52447174185242e+00 1.69006357751522e-04
3.55500000000000e+00 1.56602185982686e+00 1.56618686845015e+00 1.65008623295160e-04
3.56000000000000e+00 1.60761674249619e+00 1.60777684804300e+00 1.60105546811451e-04
3.56500000000000e+00 1.64884613410134e+00 1.64900066651302e+00 1.54532411676733e-04
3.57000000000000e+00 1.68947170286204e+00 1.68962025424335e+00 1.48551381305317e-04
3.57500000000000e+00 1.72925951467135e+00 1.72940194992690e+00 1.42435255546358e-04
3.58000000000000e+00 1.76798148672178e+00 1.76811793702778e+00 1.36450306004177e-04
3.58500000000000e+00 1.80541680478029e+00 1.80554764404025e+00 1.30839259961490e-04
3.59000000000000e+00 1.84135329437737e+00 1.84147909991322e+00 1.25805535859058e-04
3.59500000000000e+00 1.87558873648546e+00 1.87571023628478e+00 1.21499799323743e-04
3.60000000000000e+00 1.90793211869524e+00 1.90805012849909e+00 1.18009803847130e-04
3.60500000000000e+00 1.93820481345249e+00 1.93832016775567e+00 1.15354303173332e-04
3.61000000000000e+00 1.96624167558509e+00 1.96635515716554e+00 1.13481580448660e-04
3.61500000000000e+00 1.99189205211451e+00 1.99200432495795e+00 1.12272843437733e-04
3.62000000000000e+00 2.01502069818787e+00 2.01513224859221e+00 1.11550404339411e-04
3.62500000000000e+00 2.03550859385882e+00 2.03561968407860e+00 1.11090219781840e-04
3.63000000000000e+00 2.05325365735869e+00 2.05336429539657e+00 1.10638037882360e-04
3.63500000000000e+00 2.06817135140280e+00 2.06828127951470e+00 1.09928111905244e-04
3.64000000000000e+00 2.08019517994171e+00 2.08030388316029e+00 1.08703218581141e-04
3.64500000000000e+00 2.08927707356861e+00 2.08938380815405e+00 1.06734585441970e-04
3.65000000000000e+00 2.09538766251444e+00 2.09549150281253e+00 1.03840298085078e-04
3.65500000000000e+00 2.09851643679121e+00 2.09861633762302e+00 9.99008318069983e-05
3.66000000000000e+00 2.09867179358073e+00 2.09876666410972e+00 9.48705289967045e-05
3.66500000000000e+00 2.09588097241830e+00 2.09596975652967e+00 8.87841113725862e-05
3.67000000000000e+00 2.09018987910401e+00 2.09027163675968e+00 8.17576556761956e-05
3.67500000000000e+00 2.08166279960906e+00 2.08173678345563e+00 7.39838465704246e-05
3.68000000000000e+00 2.07038200555643e+00 2.07044772727895e+00 6.57217225206175e-05
3.68500000000000e+00 2.05644725316783e+00 2.05650453468774e+00 5.72815199086918e-05
3.69000000000000e+00 2.03997517790777e+00 2.04002418347677e+00 4.90055689947866e-05
3.69500000000000e+00 2.02109858743881e+00 2.02113983391842e+00 4.12464796144540e-05
3.70000000000000e+00 1.99996565594471e+00 2.00000000000000e+00 3.43440552919017e-05
3.70500000000000e+00 1.97673902338810e+00 1.97676762586894e+00 2.86024808386909e-05
3.71000000000000e+00 1.95159480384684e+00 1.95161907318189e+00 2.42693350520629e-05
3.71500000000000e+00 1.92472150771516e+00 1.92474302560309e+00 2.15178879250377e-05
3.72000000000000e+00 1.89631888324967e+00 1.89633931720795e+00 2.04339582741131e-05
3.72500000000000e+00 1.86659668367432e+00 1.86661769201745e+00 2.10083431313457e-05
3.73000000000000e+00 1.83577336681351e+00 1.83579650231313e+00 2.31354996191868e-05
3.73500000000000e+00 1.80407473498033e+00 1.80410135376010e+00 2.66187797719475e-05
3.74000000000000e+00 1.77173252358656e+00 1.77176370569363e+00 3.11821070630991e-05
3.74500000000000e+00 1.73898294764119e+00 1.73901943520098e+00 3.64875597946845e-05
3.75000000000000e+00 1.70606521594106e+00 1.70610737385376e+00 4.21579127045657e-05
3.75500000000000e+00 1.67322002330906e+00 1.67326782611444e+00 4.78028053765289e-05
3.76000000000000e+00 1.64068803167471e+00 1.64074107855382e+00 5.30468791153371e-05
3.76500000000000e+00 1.60870835109609e+00 1.60876590907298e+00 5.75579768864465e-05
3.77000000000000e+00 1.57751703196518e+00 1.57757810532303e+00 6.10733578512157e-05
3.77500000000000e+00 1.54734557959787e+00 1.54740900145948e+00 6.34218616091253e-05
3.78000000000000e+00 1.51841950216977e+00 1.51848404225504e+00 6.45400852685718e-05
3.78500000000000e+00 1.49095690250650e+00 1.49102138342582e+00 6.44809193268703e-05
3.79000000000000e+00 1.46516712357569e+00 1.46523053680291e+00 6.34132272221422e-05
3.79500000000000e+00 1.44124945666865e+00 1.44131106870462e+00 6.16120359675509e-05
3.80000000000000e+00 1.41939192023160e+00 1.41945135953695e+00 5.94393053525710e-05
3.80500000000000e+00 1.39977011615236e+00 1.39982743227203e+00 5.73161196719685e-05
3.81000000000000e+00 1.38254616908618e+00 1.38260185702999e+00 5.56879438111668e-05
3.81500000000000e+00 1.36786775318152e+00 1.36792273852040e+00 5.49853388793764e-05
3.82000000000000e+00 1.35586720941975e+00 1.35592279258843e+00 5.55831686732677e-05
3.82500000000000e+00 1.34666075578737e+00 1.34671851756181e+00 5.77617744434988e-05
3.83000000000000e+00 1.34034779172571e+00 1.34040946551008e+00 6.16737843739390e-05
3.83500000000000e+00 1.33701029780847e+00 1.33707761791153e+00 6.73201030616521e-05
3.84000000000000e+00 1.33671233141622e+00 1.33678686957979e+00 7.45381635669506e-05
3.84500000000000e+00 1.33949961931931e+00 1.33958262403436e+00 8.30047150532920e-05
3.85000000000000e+00 1.34539924852138e+00 1.34549150281253e+00 9.22542911498958e-05
3.85500000000000e+00 1.35441945739819e+00 1.35452117051728e+00 1.01713119095903e-04
3.86000000000000e+00 1.36654952999811e+00 1.36666027668282e+00 1.10746684705232e-04
3.86500000000000e+00 1.38175979722936e+00 1.38187851481848e+00 1.18717589119299e-04
3.87000000000000e+00 1.40000174939949e+00 1.40012679826999e+00 1.25048870504241e-04
3.87500000000000e+00 1.42120826503562e+00 1.42133755181640e+00 1.29286780782056e-04
3.88000000000000e+00 1.44529396094059e+00 1.44542511720754e+00 1.31156266951704e-04
3.88500000000000e+00 1.47215566788767e+00 1.47228627014469e+00 1.30602257027101e-04
3.89000000000000e+00 1.50167303511183e+00 1.50180084551966e+00 1.27810407829498e-04
3.89500000000000e+00 1.53370926475542e+00 1.53383246706028e+00 1.23202304860293e-04
3.90000000000000e+00 1.56811197466931e+00 1.56822937688661e+00 1.17402217300944e-04
3.90500000000000e+00 1.60471418453222e+00 1.60482535986612e+00 1.11175333896485e-04
3.91000000000000e+00 1.64333541628997e+00 1.64344075707161e+00 1.05340781644925e-04
3.91500000000000e+00 1.68378289568212e+00 1.68388356209650e+00 1.00666414377892e-04
3.92000000000000e+00 1.72585283745408e+00 1.72595059347097e+00 9.77560168917702e-05
3.92500000000000e+00 1.76933179316895e+00 1.76942873595353e+00 9.69427845818327e-05
3.93000000000000e+00 1.81399803782962e+00 1.81409624304787e+00 9.82052182454396e-05
3.93500000000000e+00 1.85962297034092e+00 1.85972409271722e+00 1.01122376305662e-04
3.94000000000000e+00 1.90597250375139e+00 1.90607738794081e+00 1.04884189427334e-04
3.94500000000000e+00 1.95280842475446e+00 1.95291679348016e+00 1.08368725706853e-04
3.95000000000000e+00 1.99988970855190e+00 2.00000000000000e+00 1.10291448097044e-04
3.95500000000000e+00 2.04697378515926e+00 2.04708320651983e+00 1.09421360574569e-04
3.96000000000000e+00 2.09381776653708e+00 2.09392261205918e+00 1.04845522095331e-04
3.96500000000000e+00 2.14017966009884e+00 2.14027590728278e+00 9.62471839374146e-05
3.97000000000000e+00 2.18581961212129e+00 2.18590375695213e+00 8.41448308448456e-05
3.97500000000000e+00 2.23050124259087e+00 2.23057126404647e+00 7.00214556048628e-05
3.98000000000000e+00 2.27399314849485e+00 2.27404940652903e+00 5.62580341840757e-05
3.98500000000000e+00 2.31607066220445e+00 2.31611643790350e+00 4.57756990441816e-05
3.99000000000000e+00 2.35651795159580e+00 2.35655924292839e+00 4.12913325882336e-05
3.99500000000000e+00 2.39513053508495e+00 2.39517464013388e+00 4.41050489348171e-05
4.00000000000000e+00 2.43171825469518e+00 2.43177062311338e+00 5.23684182045514e-05
