variables = x, value-predict, value-true, error
0.00000000000000e+00 2.43111650641281e+00 2.43177062311339e+00 6.54116700576246e-04
5.00000000000000e-03 2.46549556614810e+00 2.46616753293972e+00 6.71966791621070e-04
1.00000000000000e-02 2.49751155377832e+00 2.49819915448034e+00 6.87600702018898e-04
1.50000000000000e-02 2.52701989357599e+00 2.52771372985530e+00 6.93836279312521e-04
2.00000000000000e-02 2.55388760815061e+00 2.55457488279246e+00 6.87274641846258e-04
2.50000000000000e-02 2.57799501697629e+00 2.57866244818360e+00 6.67431207310720e-04
3.00000000000000e-02 2.59923729328251e+00 2.59987320173000e+00 6.35908447498945e-04
3.50000000000000e-02 2.61752584782646e+00 2.61812148518152e+00 5.95637355067069e-04
4.00000000000000e-02 2.63278951293701e+00 2.63333972331718e+00 5.50210380175553e-04
4.50000000000000e-02 2.64497550616321e+00 2.64547882948272e+00 5.03323319506421e-04
5.00000000000000e-02 2.65405015961895e+00 2.65450849718747e+00 4.58337568525202e-04
5.50000000000000e-02 2.65999940837135e+00 2.66041737596564e+00 4.17967594287472e-04
6.00000000000000e-02 2.66282903860773e+00 2.66321313042021e+00 3.84091812485998e-04
6.50000000000000e-02 2.66256470343715e+00 2.66292238208847e+00 3.57678651320636e-04
7.00000000000000e-02 2.65925172063717e+00 2.65959053448992e+00 3.38813852745812e-04
7.50000000000000e-02 2.65295467206432e+00 2.65328148243819e+00 3.26810373869613e-04
8.00000000000000e-02 2.64375682848527e+00 2.64407720741157e+00 3.20378926307985e-04
8.50000000000000e-02 2.63175942601656e+00 2.63207726147960e+00 3.17835463043536e-04
9.00000000000000e-02 2.61708082106140e+00 2.61739814297001e+00 3.17321908606782e-04
9.50000000000000e-02 2.59985554961513e+00 2.60017256772797e+00 3.17018112848011e-04
1.00000000000000e-01 2.58023331423276e+00 2.58054864046305e+00 3.15326230290847e-04
1.05000000000000e-01 2.55837791810704e+00 2.55868893129538e+00 3.11013188337039e-04
1.10000000000000e-01 2.53446616100298e+00 2.53476946319709e+00 3.03302194111232e-04
1.15000000000000e-01 2.50868670672236e+00 2.50897861657418e+00 2.91909851821259e-04
1.20000000000000e-01 2.48123892684384e+00 2.48151595774496e+00 2.77030901115971e-04
1.25000000000000e-01 2.45233172118705e+00 2.45259099854052e+00 2.59277353467979e-04
1.30000000000000e-01 2.42218231218624e+00 2.42242189467697e+00 2.39582490730417e-04
1.35000000000000e-01 2.39101500840665e+00 2.39123409092702e+00 2.19082520369618e-04
1.40000000000000e-01 2.35905993191234e+00 2.35925892144618e+00 1.98989533840788e-04
1.45000000000000e-01 2.32655170505177e+00 2.32673217388556e+00 1.80468833792524e-04
1.50000000000000e-01 2.29372809426765e+00 2.29389262614624e+00 1.64531878586782e-04
1.55000000000000e-01 2.26082861144396e+00 2.26098056479902e+00 1.51953355059575e-04
1.60000000000000e-01 2.22809307668666e+00 2.22823629430637e+00 1.43217619714253e-04
1.65000000000000e-01 2.19576014989025e+00 2.19589864623990e+00 1.38496349646022e-04
1.70000000000000e-01 2.16406584159813e+00 2.16420349768687e+00 1.37656088737614e-04
1.75000000000000e-01 2.13324201622348e+00 2.13338230798255e+00 1.40291759064937e-04
1.80000000000000e-01 2.10351490246604e+00 2.10366068279205e+00 1.45780326011202e-04
1.85000000000000e-01 2.07510362665472e+00 2.07525697439691e+00 1.53347742191112e-04
1.90000000000000e-01 2.04821878478855e+00 2.04838092681811e+00 1.62142029562773e-04
1.95000000000000e-01 2.02306106834568e+00 2.02323237413107e+00 1.71305785388043e-04
2.00000000000000e-01 1.99981995764365e+00 2.00000000000000e+00 1.80042356350052e-04
2.05000000000000e-01 1.97867249485509e+00 1.97886016608158e+00 1.87671226488551e-04
2.10000000000000e-01 1.95978214689881e+00 1.95997581652323e+00 1.93669624420245e-04
2.15000000000000e-01 1.94329776650307e+00 1.94349546531226e+00 1.97698809192293e-04
2.20000000000000e-01 1.92935265790602e+00 1.92955227272105e+00 1.99614815021842e-04
2.25000000000000e-01 1.91806375200236e+00 1.91826321654437e+00 1.99464542010697e-04
2.30000000000000e-01 1.90953089431253e+00 1.90972836324032e+00 1.97468927791045e-04
2.35000000000000e-01 1.90383624794977e+00 1.90403024347033e+00 1.93995520560541e-04
2.40000000000000e-01 1.90104381277448e+00 1.90123333589028e+00 1.89523115794676e-04
2.45000000000000e-01 1.90119906112196e+00 1.90138366237698e+00 1.84601255025507e-04
2.50000000000000e-01 1.90432868982906e+00 1.90450849718747e+00 1.79807358414497e-04
2.55000000000000e-01 1.91044048772951e+00 1.91061619184595e+00 1.75704116438080e-04
2.60000000000000e-01 1.91952331730386e+00 1.91969611683971e+00 1.72799535853585e-04
2.65000000000000e-01 1.93154720873740e+00 1.93171872048530e+00 1.71511747896647e-04
2.70000000000000e-01 1.94646356424473e+00 1.94663570460343e+00 1.72140358701167e-04
2.75000000000000e-01 1.96420547016073e+00 1.96438031592140e+00 1.74845760672726e-04
2.80000000000000e-01 1.98468811397803e+00 1.98486775140779e+00 1.79637429756685e-04
2.85000000000000e-01 2.00780930323609e+00 2.00799567504205e+00 1.86371805956043e-04
2.90000000000000e-01 2.03345008294286e+00 2.03364484283446e+00 1.94759891603002e-04
2.95000000000000e-01 2.06147544803616e+00 2.06167983224433e+00 2.04384208169817e-04
3.00000000000000e-01 2.09173514726266e+00 2.09194987150091e+00 2.14724238253083e-04
3.05000000000000e-01 2.12406457475017e+00 2.12428976371522e+00 2.25188965045753e-04
3.10000000000000e-01 2.15828574545125e+00 2.15852090008677e+00 2.35154635521262e-04
3.15000000000000e-01 2.19420835050771e+00 2.19445235595975e+00 2.44005452037399e-04
3.20000000000000e-01 2.23163088839147e+00 2.23188206297222e+00 2.51174580747637e-04
3.25000000000000e-01 2.27034186737916e+00 2.27059805007310e+00 2.56182693942009e-04
3.30000000000000e-01 2.31012107448365e+00 2.31037974575665e+00 2.58671273005273e-04
3.35000000000000e-01 2.35074090537415e+00 2.35099933348698e+00 2.58428112835496e-04
3.40000000000000e-01 2.39196774906052e+00 2.39222315195700e+00 2.55402896474521e-04
3.45000000000000e-01 2.43356342021133e+00 2.43381313154985e+00 2.49711338523362e-04
3.50000000000000e-01 2.47528663095123e+00 2.47552825814758e+00 2.41627196348571e-04
3.55000000000000e-01 2.51689449289818e+00 2.51712605526309e+00 2.31562364904292e-04
3.60000000000000e-01 2.55814403912466e+00 2.55836407535859e+00 2.20036233930632e-04
3.65000000000000e-01 2.59879375474518e+00 2.59900139115685e+00 2.07636411673651e-04
3.70000000000000e-01 2.63860510403142e+00 2.63880007775179e+00 1.94973720366587e-04
3.75000000000000e-01 2.67734404141956e+00 2.67752667638138e+00 1.82634961819694e-04
3.80000000000000e-01 2.71478249357013e+00 2.71495363083915e+00 1.71137269012966e-04
3.85000000000000e-01 2.75069979981483e+00 2.75086068766886e+00 1.60887854029124e-04
3.90000000000000e-01 2.78488409889273e+00 2.78503625151058e+00 1.52152617854728e-04
3.95000000000000e-01 2.81713365082448e+00 2.81727868724248e+00 1.45036418003119e-04
4.00000000000000e-01 2.84725808404590e+00 2.84739756089084e+00 1.39476844942976e-04
4.05000000000000e-01 2.87507955944331e+00 2.87521481165829e+00 1.35252214986448e-04
4.10000000000000e-01 2.90043384459741e+00 2.90056584784471e+00 1.32003247299117e-04
4.15000000000000e-01 2.92317129323490e+00 2.92330055990464e+00 1.29266669735895e-04
4.20000000000000e-01 2.94315772648698e+00 2.94328424439572e+00 1.26517908741075e-04
4.25000000000000e-01 2.96027521395321e+00 2.96039843312221e+00 1.23219168996602e-04
4.30000000000000e-01 2.97442275367614e+00 2.97454162236171e+00 1.18868685574203e-04
4.35000000000000e-01 2.98551685088967e+00 2.98562989767982e+00 1.13046790153337e-04
4.40000000000000e-01 2.99349199578612e+00 2.99359745048043e+00 1.05454694315554e-04
4.45000000000000e-01 2.99830104056933e+00 2.99839698310739e+00 9.59425380622214e-05
4.50000000000000e-01 2.99991547577665e+00 3.00000000000000e+00 8.45242233502574e-05
4.55000000000000e-01 2.99832560534561e+00 2.99839698310739e+00 7.13777617815659e-05
4.60000000000000e-01 2.99354061928235e+00 2.99359745048043e+00 5.68311980839731e-05
4.65000000000000e-01 2.98558856218115e+00 2.98562989767982e+00 4.13354986750214e-05
4.70000000000000e-01 2.97451619537287e+00 2.97454162236171e+00 2.54269888455561e-05
4.75000000000000e-01 2.96038875025670e+00 2.96039843312221e+00 9.68286551117359e-06
4.80000000000000e-01 2.94328957048318e+00 2.94328424439572e+00 5.32608745196228e-06
4.85000000000000e-01 2.92331964116140e+00 2.92330055990464e+00 1.90812567675280e-05
4.90000000000000e-01 2.90059700417298e+00 2.90056584784471e+00 3.11563282675564e-05
4.95000000000000e-01 2.87525605996076e+00 2.87521481165829e+00 4.12483024625487e-05
5.00000000000000e-01 2.84744675775057e+00 2.84739756089084e+00 4.91968597300385e-05
5.05000000000000e-01 2.81733367795532e+00 2.81727868724248e+00 5.49907128406524e-05
5.10000000000000e-01 2.78509501237404e+00 2.78503625151058e+00 5.87608634572412e-05
5.15000000000000e-01 2.75092144959737e+00 2.75086068766886e+00 6.07619285180050e-05
5.20000000000000e-01 2.71501497463169e+00 2.71495363083915e+00 6.13437925420790e-05
5.25000000000000e-01 2.67758759304480e+00 2.67752667638138e+00 6.09166634180092e-05
5.30000000000000e-01 2.63885999083678e+00 2.63880007775179e+00 5.99130849923135e-05
5.35000000000000e-01 2.59906014170746e+00 2.59900139115685e+00 5.87505506044472e-05
5.40000000000000e-01 2.55842187343503e+00 2.55836407535859e+00 5.77980764449038e-05
5.45000000000000e-01 2.51718340474158e+00 2.51712605526309e+00 5.73494784892326e-05
5.50000000000000e-01 2.47558586338575e+00 2.47552825814758e+00 5.76052381751069e-05
5.55000000000000e-01 2.43387179539731e+00 2.43381313154985e+00 5.86638474611156e-05
5.60000000000000e-01 2.39228367447011e+00 2.39222315195700e+00 6.05225131087295e-05
5.65000000000000e-01 2.35106241967557e+00 2.35099933348698e+00 6.30861885935197e-05
5.70000000000000e-01 2.31044592894303e+00 2.31037974575665e+00 6.61831863739692e-05
5.75000000000000e-01 2.27066763524331e+00 2.27059805007310e+00 6.95851702103845e-05
5.80000000000000e-01 2.23195509214060e+00 2.23188206297222e+00 7.30291683823658e-05
5.85000000000000e-01 2.19452859533494e+00 2.19445235595975e+00 7.62393751880808e-05
5.90000000000000e-01 2.15859984696208e+00 2.15852090008677e+00 7.89468753055189e-05
5.95000000000000e-01 2.12437066968026e+00 2.12428976371522e+00 8.09059650457300e-05
6.00000000000000e-01 2.09203177786497e+00 2.09194987150091e+00 8.19063640569162e-05
6.05000000000000e-01 2.06176161346747e+00 2.06167983224433e+00 8.17812231383996e-05
6.10000000000000e-01 2.03372525418823e+00 2.03364484283446e+00 8.04113537742346e-05
6.15000000000000e-01 2.00807340151455e+00 2.00799567504205e+00 7.77264724995952e-05
6.20000000000000e-01 1.98494145583946e+00 1.98486775140779e+00 7.37044316700963e-05
6.25000000000000e-01 1.96444868531599e+00 1.96438031592140e+00 6.83693945922048e-05
6.30000000000000e-01 1.94669749433354e+00 1.94663570460343e+00 6.17897301125048e-05
6.35000000000000e-01 1.93177279658194e+00 1.93171872048530e+00 5.40760966456499e-05
6.40000000000000e-01 1.91974149666051e+00 1.91969611683971e+00 4.53798207999956e-05
6.45000000000000e-01 1.91065208316220e+00 1.91061619184595e+00 3.58913162485930e-05
6.50000000000000e-01 1.90453433518515e+00 1.90450849718747e+00 2.58379976789680e-05
6.55000000000000e-01 1.90139914334740e+00 1.90138366237698e+00 1.54809704213665e-05
6.60000000000000e-01 1.90123844563832e+00 1.90123333589028e+00 5.10974804424080e-06
6.65000000000000e-01 1.90402527784720e+00 1.90403024347033e+00 4.96562312601867e-06
6.70000000000000e-01 1.90971393785264e+00 1.90972836324032e+00 1.44253876741551e-05
6.75000000000000e-01 1.91824026270937e+00 1.91826321654437e+00 2.29538349978409e-05
6.80000000000000e-01 1.92952201718752e+00 1.92955227272105e+00 3.02555335287558e-05
6.85000000000000e-01 1.94345939215276e+00 1.94349546531226e+00 3.60731595008268e-05
6.90000000000000e-01 1.95993561087130e+00 1.95997581652323e+00 4.02056519352989e-05
6.95000000000000e-01 1.97881764093449e+00 1.97886016608158e+00 4.25251470876908e-05
7.00000000000000e-01 1.99995700898660e+00 2.00000000000000e+00 4.29910134029932e-05
7.05000000000000e-01 2.02319071478667e+00 2.02323237413106e+00 4.16593443994806e-05
7.10000000000000e-01 2.04834224033346e+00 2.04838092681811e+00 3.86864846437796e-05
7.15000000000000e-01 2.07522264884999e+00 2.07525697439691e+00 3.43255469212878e-05
7.20000000000000e-01 2.10363176738743e+00 2.10366068279205e+00 2.89154046222428e-05
7.25000000000000e-01 2.13335944571747e+00 2.13338230798255e+00 2.28622650717547e-05
7.30000000000000e-01 2.16418688308999e+00 2.16420349768687e+00 1.66145968845122e-05
7.35000000000000e-01 2.19588801340478e+00 2.19589864623990e+00 1.06328351181517e-05
7.40000000000000e-01 2.22823093844222e+00 2.22823629430637e+00 5.35586415617573e-06
7.45000000000000e-01 2.26097939807923e+00 2.26098056479902e+00 1.16671979366600e-06
7.50000000000000e-01 2.29389426593127e+00 2.29389262614624e+00 1.63978503664453e-06
7.55000000000000e-01 2.32673505864298e+00 2.32673217388556e+00 2.88475741383465e-06
7.60000000000000e-01 2.35926144711999e+00 2.35925892144618e+00 2.52567380476520e-06
7.65000000000000e-01 2.39123475834970e+00 2.39123409092702e+00 6.67422685118879e-07
7.70000000000000e-01 2.42241945707985e+00 2.42242189467697e+00 2.43759712414970e-06
7.75000000000000e-01 2.45258459747263e+00 2.45259099854052e+00 6.40106788862838e-06
7.80000000000000e-01 2.48150523587308e+00 2.48151595774496e+00 1.07218718778945e-05
7.85000000000000e-01 2.50896379695474e+00 2.50897861657418e+00 1.48196194351691e-05
7.90000000000000e-01 2.53475138665893e+00 2.53476946319709e+00 1.80765381601056e-05
7.95000000000000e-01 2.55866904644339e+00 2.55868893129538e+00 1.98848519867845e-05
8.00000000000000e-01 2.58052894432785e+00 2.58054864046305e+00 1.96961352010305e-05
8.05000000000000e-01 2.60015549899829e+00 2.60017256772797e+00 1.70687296865424e-05
8.10000000000000e-01 2.61738643375424e+00 2.61739814297001e+00 1.17092157667642e-05
8.15000000000000e-01 2.63207375732251e+00 2.63207726147960e+00 3.50415709515772e-06
8.20000000000000e-01 2.64408466850477e+00 2.64407720741157e+00 7.46109319660349e-06
8.25000000000000e-01 2.65330238129386e+00 2.65328148243819e+00 2.08988556669176e-05
8.30000000000000e-01 2.65962686653047e+00 2.65959053448992e+00 3.63320405512013e-05
8.35000000000000e-01 2.66297550545110e+00 2.66292238208847e+00 5.31233626372973e-05
8.40000000000000e-01 2.66328364969760e+00 2.66321313042021e+00 7.05192773851060e-05
8.45000000000000e-01 2.66050508163316e+00 2.66041737596564e+00 8.77056675188115e-05
8.50000000000000e-01 2.65461236826519e+00 2.65450849718747e+00 1.03871077717699e-04
8.55000000000000e-01 2.64559710183434e+00 2.64547882948272e+00 1.18272351620430e-04
8.60000000000000e-01 2.63347002030181e+00 2.63333972331718e+00 1.30296984621303e-04
8.65000000000000e-01 2.61826100163680e+00 2.61812148518153e+00 1.39516455277100e-04
8.70000000000000e-01 2.60001892701426e+00 2.59987320173000e+00 1.45725284252052e-04
8.75000000000000e-01 2.57881140977688e+00 2.57866244818360e+00 1.48961593288366e-04
8.80000000000000e-01 2.55472438923136e+00 2.55457488279246e+00 1.49506438906322e-04
8.85000000000000e-01 2.52786159092166e+00 2.52771372985530e+00 1.47861066355670e-04
8.90000000000000e-01 2.49834385778529e+00 2.49819915448034e+00 1.44703304949978e-04
8.95000000000000e-01 2.46630835934859e+00 2.46616753293972e+00 1.40826408868477e-04
9.00000000000000e-01 2.43190768863424e+00 2.43177062311339e+00 1.37065520853685e-04
9.05000000000000e-01 2.39530885852179e+00 2.39517464013388e+00 1.34218387912721e-04
9.10000000000000e-01 2.35669221073756e+00 2.35655924292839e+00 1.32967809170825e-04
9.15000000000000e-01 2.31625025132229e+00 2.31611643790350e+00 1.33813418790485e-04
9.20000000000000e-01 2.27418642627942e+00 2.27404940652903e+00 1.37019750386269e-04
9.25000000000000e-01 2.23071385017259e+00 2.23057126404647e+00 1.42586126118172e-04
9.30000000000000e-01 2.18605399883364e+00 2.18590375695213e+00 1.50241881514912e-04
9.35000000000000e-01 2.14043537525595e+00 2.14027590728277e+00 1.59467973176231e-04
9.40000000000000e-01 2.09409215543129e+00 2.09392261205918e+00 1.69543372105618e-04
9.45000000000000e-01 2.04726281862142e+00 2.04708320651983e+00 1.79612101592674e-04
9.50000000000000e-01 2.00018876461383e+00 2.00000000000000e+00 1.88764613831882e-04
9.55000000000000e-01 1.95311291913409e+00 1.95291679348017e+00 1.96125653918688e-04
9.60000000000000e-01 1.90627832795044e+00 1.90607738794082e+00 2.00940009619233e-04
9.65000000000000e-01 1.85992674039536e+00 1.85972409271723e+00 2.02647678128054e-04
9.70000000000000e-01 1.81429718403599e+00 1.81409624304787e+00 2.00940988122067e-04
9.75000000000000e-01 1.76962453394301e+00 1.76942873595353e+00 1.95797989476221e-04
9.80000000000000e-01 1.72613808224608e+00 1.72595059347097e+00 1.87488775110767e-04
9.85000000000000e-01 1.68406011617249e+00 1.68388356209650e+00 1.76554075985491e-04
9.90000000000000e-01 1.64360451526204e+00 1.64344075707161e+00 1.63758190424357e-04
9.95000000000000e-01 1.60497538065512e+00 1.60482535986612e+00 1.50020788996619e-04
1.00000000000000e+00 1.56836571101441e+00 1.56822937688661e+00 1.36334127796456e-04
1.00500000000000e+00 1.53395614057640e+00 1.53383246706028e+00 1.23673516117639e-04
1.01000000000000e+00 1.50191375492684e+00 1.50180084551966e+00 1.12909407177009e-04
1.01500000000000e+00 1.47239099933150e+00 1.47228627014470e+00 1.04729186798158e-04
1.02000000000000e+00 1.44552469289121e+00 1.44542511720755e+00 9.95756836608130e-05
1.02500000000000e+00 1.42143515956475e+00 1.42133755181640e+00 9.76077483463289e-05
1.03000000000000e+00 1.40022548440320e+00 1.40012679827000e+00 9.86861332081812e-05
1.03500000000000e+00 1.38198090038886e+00 1.38187851481848e+00 1.02385570386110e-04
1.04000000000000e+00 1.36676830829952e+00 1.36666027668282e+00 1.08031616700810e-04
1.04500000000000e+00 1.35463592923900e+00 1.35452117051728e+00 1.14758721717623e-04
1.05000000000000e+00 1.34561308706887e+00 1.34549150281253e+00 1.21584256338680e-04
1.05500000000000e+00 1.33971011607324e+00 1.33958262403436e+00 1.27492038874744e-04
1.06000000000000e+00 1.33691838786988e+00 1.33678686957979e+00 1.31518290093835e-04
1.06500000000000e+00 1.33721045086261e+00 1.33707761791153e+00 1.32832951080797e-04
1.07000000000000e+00 1.34054027538492e+00 1.34040946551008e+00 1.30809874833160e-04
1.07500000000000e+00 1.34684359803464e+00 1.34671851756181e+00 1.25080472831662e-04
1.08000000000000e+00 1.35603835943875e+00 1.35592279258843e+00 1.15566850327653e-04
1.08500000000000e+00 1.36802523068285e+00 1.36792273852040e+00 1.02492162452172e-04
1.09000000000000e+00 1.38268822475934e+00 1.38260185702999e+00 8.63677293472254e-05
1.09500000000000e+00 1.39989539048881e+00 1.39982743227203e+00 6.79582167844028e-05
1.10000000000000e+00 1.41949958733395e+00 1.41945135953695e+00 4.82277970013101e-05
1.10500000000000e+00 1.44133934024501e+00 1.44131106870462e+00 2.82715403880918e-05
1.11000000000000e+00 1.46523977407553e+00 1.46523053680291e+00 9.23727262258645e-06
1.11500000000000e+00 1.49101362713401e+00 1.49102138342582e+00 7.75629180926884e-06
1.12000000000000e+00 1.51846234307325e+00 1.51848404225504e+00 2.16991817885148e-05
1.12500000000000e+00 1.54737723957277e+00 1.54740900145948e+00 3.17618867069491e-05
1.13000000000000e+00 1.57754075117830e+00 1.57757810532303e+00 3.73541447258319e-05
1.13500000000000e+00 1.60872774228750e+00 1.60876590907298e+00 3.81667854796319e-05
1.14000000000000e+00 1.64070688469124e+00 1.64074107855382e+00 3.41938625800786e-05
1.14500000000000e+00 1.67324209239121e+00 1.67326782611444e+00 2.57337232252297e-05
1.15000000000000e+00 1.70609400471654e+00 1.70610737385376e+00 1.33691372203870e-05
1.15500000000000e+00 1.73902150715646e+00 1.73901943520098e+00 2.07195548318495e-06
1.16000000000000e+00 1.77178327791123e+00 1.77176370569363e+00 1.95722176012936e-05
1.16500000000000e+00 1.80413934702166e+00 1.80410135376010e+00 3.79932615572898e-05
1.17000000000000e+00 1.83585265413840e+00 1.83579650231313e+00 5.61518252695237e-05
1.17500000000000e+00 1.86669059058265e+00 1.86661769201745e+00 7.28985651998748e-05
1.18000000000000e+00 1.89642651135313e+00 1.89633931720795e+00 8.71941451860980e-05
1.18500000000000e+00 1.92484120315057e+00 1.92474302560309e+00 9.81775474777624e-05
1.19000000000000e+00 1.95172429529517e+00 1.95161907318189e+00 1.05222113281789e-04
1.19500000000000e+00 1.97687560155888e+00 1.97676762586894e+00 1.07975689939810e-04
1.20000000000000e+00 2.00010638235724e+00 2.00000000000000e+00 1.06382357237367e-04
1.20500000000000e+00 2.02124051836884e+00 2.02113983391842e+00 1.00684450416999e-04
1.21000000000000e+00 2.04011558838493e+00 2.04002418347677e+00 9.14049081672808e-05
1.21500000000000e+00 2.05658384595078e+00 2.05650453468774e+00 7.93112630419479e-05
1.22000000000000e+00 2.07051309105635e+00 2.07044772727895e+00 6.53637773937454e-05
1.22500000000000e+00 2.08178743469006e+00 2.08173678345563e+00 5.06512344315979e-05
1.23000000000000e+00 2.09030795542002e+00 2.09027163675968e+00 3.63186603382637e-05
1.23500000000000e+00 2.09599324826473e+00 2.09596975652967e+00 2.34917350523389e-05
1.24000000000000e+00 2.09877986692864e+00 2.09876666410972e+00 1.32028189154809e-05
1.24500000000000e+00 2.09862266099779e+00 2.09861633762302e+00 6.32337476913492e-06
1.25000000000000e+00 2.09549500992682e+00 2.09549150281253e+00 3.50711429408790e-06
1.25500000000000e+00 2.08938895562716e+00 2.08938380815405e+00 5.14747311219921e-06
1.26000000000000e+00 2.08031523523417e+00 2.08030388316029e+00 1.13520738858064e-05
1.26500000000000e+00 2.06830321524227e+00 2.06828127951470e+00 2.19357275690335e-05
1.27000000000000e+00 2.05340072772119e+00 2.05336429539657e+00 3.64323246175857e-05
1.27500000000000e+00 2.03567380883225e+00 2.03561968407860e+00 5.41247536491873e-05
1.28000000000000e+00 2.01520633942532e+00 2.01513224859221e+00 7.40908331042789e-05
1.28500000000000e+00 1.99209958718051e+00 1.99200432495795e+00 9.52622225556254e-05
1.29000000000000e+00 1.96647164962577e+00 1.96635515716554e+00 1.16492460224160e-04
1.29500000000000e+00 1.93845679745766e+00 1.93832016775567e+00 1.36629701995794e-04
1.30000000000000e+00 1.90820471795165e+00 1.90805012849909e+00 1.54589452557419e-04
1.30500000000000e+00 1.87587965888250e+00 1.87571023628478e+00 1.69422597712687e-04
1.31000000000000e+00 1.84165947428234e+00 1.84147909991323e+00 1.80374369114222e-04
1.31500000000000e+00 1.80573457451654e+00 1.80554764404025e+00 1.86930476286040e-04
1.32000000000000e+00 1.76830678451580e+00 1.76811793702778e+00 1.88847488017840e-04
1.32500000000000e+00 1.72958811550736e+00 1.72940194992690e+00 1.86165580457365e-04
1.33000000000000e+00 1.68979945716771e+00 1.68962025424335e+00 1.79202924363242e-04
1.33500000000000e+00 1.64916919869715e+00 1.64900066651302e+00 1.68532184125603e-04
1.34000000000000e+00 1.60793178880910e+00 1.60777684804300e+00 1.54940766094569e-04
1.34500000000000e+00 1.56632624595729e+00 1.56618686845015e+00 1.39377507140770e-04
1.35000000000000e+00 1.52459463121997e+00 1.52447174185242e+00 1.22889367546675e-04
1.35500000000000e+00 1.48298049706371e+00 1.48287394473691e+00 1.06552326794684e-04
1.36000000000000e+00 1.44172732567812e+00 1.44163592464141e+00 9.14010367123463e-05
1.36500000000000e+00 1.40107697068484e+00 1.40099860884315e+00 7.83618416866361e-05
1.37000000000000e+00 1.36126811577538e+00 1.36119992224821e+00 6.81935271709122e-05
1.37500000000000e+00 1.32253476324422e+00 1.32247332361862e+00 6.14396256064520e-05
1.38000000000000e+00 1.28510476448871e+00 1.28504636916085e+00 5.83953278603389e-05
1.38500000000000e+00 1.24919840340472e+00 1.24913931233114e+00 5.90910735787098e-05
1.39000000000000e+00 1.21502704227773e+00 1.21496374848942e+00 6.32937883133788e-05
1.39500000000000e+00 1.18279183833099e+00 1.18272131275752e+00 7.05255734729793e-05
1.40000000000000e+00 1.15268253762120e+00 1.15260243910916e+00 8.00985120394948e-05
1.40500000000000e+00 1.12487635154398e+00 1.12478518834171e+00 9.11632022766451e-05
1.41000000000000e+00 1.09953691989693e+00 1.09943415215529e+00 1.02767741640530e-04
1.41500000000000e+00 1.07681336330377e+00 1.07669944009536e+00 1.13923208403977e-04
1.42000000000000e+00 1.05683942687826e+00 1.05671575560428e+00 1.23671273982939e-04
1.42500000000000e+00 1.03973271632545e+00 1.03960156687779e+00 1.31149447659684e-04
1.43000000000000e+00 1.02559402725616e+00 1.02545837763829e+00 1.35649617869937e-04
1.43500000000000e+00 1.01450676831841e+00 1.01437010232018e+00 1.36665998234031e-04
1.44000000000000e+00 1.00653647880421e+00 1.00640254951957e+00 1.33929284644729e-04
1.44500000000000e+00 1.00173044163084e+00 1.00160301689261e+00 1.27424738233683e-04
1.45000000000000e+00 1.00011739297083e+00 1.00000000000000e+00 1.17392970834462e-04
1.45500000000000e+00 1.00170733024934e+00 1.00160301689261e+00 1.04313356734664e-04
1.46000000000000e+00 1.00649142067509e+00 1.00640254951957e+00 8.88711555269150e-05
1.46500000000000e+00 1.01444201285003e+00 1.01437010232018e+00 7.19105298547795e-05
1.47000000000000e+00 1.02551275424595e+00 1.02545837763829e+00 5.43766076577246e-05
1.47500000000000e+00 1.03963881738442e+00 1.03960156687779e+00 3.72505066261741e-05
1.48000000000000e+00 1.05673723735960e+00 1.05671575560428e+00 2.14817553207958e-05
1.48500000000000e+00 1.07670736286798e+00 1.07669944009536e+00 7.92277261751906e-06
1.49000000000000e+00 1.09943142213871e+00 1.09943415215529e+00 2.73001657391525e-06
1.49500000000000e+00 1.12477520409435e+00 1.12478518834171e+00 9.98424735176862e-06
1.50000000000000e+00 1.15258885373827e+00 1.15260243910916e+00 1.35853708873590e-05
1.50500000000000e+00 1.18270777920243e+00 1.18272131275752e+00 1.35335550945914e-05
1.51000000000000e+00 1.21495366615924e+00 1.21496374848942e+00 1.00823301800723e-05
1.51500000000000e+00 1.24913559347783e+00 1.24913931233114e+00 3.71885331174049e-06
1.52000000000000e+00 1.28505124217579e+00 1.28504636916085e+00 4.87301494001002e-06
1.52500000000000e+00 1.32248818797569e+00 1.32247332361862e+00 1.48643570712093e-05
1.53000000000000e+00 1.36122526621544e+00 1.36119992224821e+00 2.53439672286415e-05
1.53500000000000e+00 1.40103399657296e+00 1.40099860884315e+00 3.53877298153726e-05
1.54000000000000e+00 1.44168005412620e+00 1.44163592464141e+00 4.41294847843832e-05
1.54500000000000e+00 1.48292477274071e+00 1.48287394473691e+00 5.08280037974096e-05
1.55000000000000e+00 1.52452666669671e+00 1.52447174185242e+00 5.49248442860417e-05
1.55500000000000e+00 1.56624295684635e+00 1.56618686845015e+00 5.60883961966407e-05
1.56000000000000e+00 1.60783108841143e+00 1.60777684804300e+00 5.42403684302695e-05
1.56500000000000e+00 1.64905022874156e+00 1.64900066651302e+00 4.95622285427988e-05
1.57000000000000e+00 1.68966273487287e+00 1.68962025424335e+00 4.24806295191704e-05
1.57500000000000e+00 1.72943558245289e+00 1.72940194992690e+00 3.36325259882031e-05
1.58000000000000e+00 1.76814174940106e+00 1.76811793702778e+00 2.38123732787532e-05
1.58500000000000e+00 1.80556154941988e+00 1.80554764404025e+00 1.39053796273103e-05
1.59000000000000e+00 1.84148391201920e+00 1.84147909991323e+00 4.81210596858794e-06
1.59500000000000e+00 1.87570760693536e+00 1.87571023628478e+00 2.62934942218962e-06
1.60000000000000e+00 1.90804241161007e+00 1.90805012849909e+00 7.71688902290180e-06
1.60500000000000e+00 1.93831022066420e+00 1.93832016775567e+00 9.94709146673323e-06
1.61000000000000e+00 1.96634609602782e+00 1.96635515716554e+00 9.06113772192185e-06
1.61500000000000e+00 1.99199925558486e+00 1.99200432495795e+00 5.06937309530109e-06
1.62000000000000e+00 2.01513399693275e+00 2.01513224859221e+00 1.74834053545680e-06
1.62500000000000e+00 2.03563055126774e+00 2.03561968407860e+00 1.08671891445589e-05
1.63000000000000e+00 2.05338586065853e+00 2.05336429539657e+00 2.15652619615092e-05
1.63500000000000e+00 2.06831427027375e+00 2.06828127951470e+00 3.29907590459477e-05
1.64000000000000e+00 2.08034812570982e+00 2.08030388316029e+00 4.42425495350562e-05
1.64500000000000e+00 2.08943826464888e+00 2.08938380815405e+00 5.44564948321558e-05
1.65000000000000e+00 2.09555439186029e+00 2.09549150281253e+00 6.28890477649691e-05
1.65500000000000e+00 2.09868532718524e+00 2.09861633762302e+00 6.89895622159042e-05
1.66000000000000e+00 2.09883911768185e+00 2.09876666410972e+00 7.24535721308150e-05
1.66500000000000e+00 2.09604300753016e+00 2.09596975652967e+00 7.32510004817222e-05
1.67000000000000e+00 2.09034326247631e+00 2.09027163675968e+00 7.16257166262224e-05
1.67500000000000e+00 2.08180484930737e+00 2.08173678345563e+00 6.80658517384636e-05
1.68000000000000e+00 2.07051097478189e+00 2.07044772727895e+00 6.32475029398449e-05
1.68500000000000e+00 2.05656249223694e+00 2.05650453468774e+00 5.79575492016815e-05
1.69000000000000e+00 2.04007718736793e+00 2.04002418347677e+00 5.30038911610298e-05
1.69500000000000e+00 2.02118895708827e+00 2.02113983391842e+00 4.91231698500627e-05
1.70000000000000e+00 2.00004689664694e+00 2.00000000000000e+00 4.68966469346910e-05
1.70500000000000e+00 1.97681431016308e+00 1.97676762586893e+00 4.66842941500012e-05
1.71000000000000e+00 1.95166765842333e+00 1.95161907318189e+00 4.85852414358057e-05
1.71500000000000e+00 1.92479545533951e+00 1.92474302560309e+00 5.24297364181692e-05
1.72000000000000e+00 1.89639712120065e+00 1.89633931720795e+00 5.78039927012775e-05
1.72500000000000e+00 1.86668179721535e+00 1.86661769201745e+00 6.41051979020091e-05
1.73000000000000e+00 1.83586712235237e+00 1.83579650231313e+00 7.06200392375234e-05
1.73500000000000e+00 1.80417797067741e+00 1.80410135376010e+00 7.66169173083142e-05
1.74000000000000e+00 1.77184514572028e+00 1.77176370569363e+00 8.14400266568871e-05
1.74500000000000e+00 1.73910402821363e+00 1.73901943520098e+00 8.45930126525118e-05
1.75000000000000e+00 1.70619317495505e+00 1.70610737385376e+00 8.58011012854210e-05
1.75500000000000e+00 1.67335286945481e+00 1.67326782611444e+00 8.50433403773998e-05
1.76000000000000e+00 1.64082362911189e+00 1.64074107855382e+00 8.25505580710484e-05
1.76500000000000e+00 1.60884467838297e+00 1.60876590907298e+00 7.87693099855158e-05
1.77000000000000e+00 1.57765240212422e+00 1.57757810532303e+00 7.42968011928635e-05
1.77500000000000e+00 1.54747879731269e+00 1.54740900145948e+00 6.97958532127618e-05
1.78000000000000e+00 1.51854994408910e+00 1.51848404225504e+00 6.59018340594120e-05
1.78500000000000e+00 1.49108451807177e+00 1.49102138342582e+00 6.31346459458726e-05
1.79000000000000e+00 1.46529236497820e+00 1.46523053680291e+00 6.18281752973182e-05
1.79500000000000e+00 1.44137315583620e+00 1.44131106870462e+00 6.20871315755167e-05
1.80000000000000e+00 1.41951513681527e+00 1.41945135953695e+00 6.37772783160795e-05
1.80500000000000e+00 1.39989398252049e+00 1.39982743227203e+00 6.65502484622493e-05
1.81000000000000e+00 1.38267175615622e+00 1.38260185702999e+00 6.98991262313431e-05
1.81500000000000e+00 1.36799597501261e+00 1.36792273852040e+00 7.32364922051421e-05
1.82000000000000e+00 1.35599877591003e+00 1.35592279258843e+00 7.59833216028571e-05
1.82500000000000e+00 1.34679617305255e+00 1.34671851756181e+00 7.76554907397919e-05
1.83000000000000e+00 1.34048740045958e+00 1.34040946551008e+00 7.79349494934856e-05
1.83500000000000e+00 1.33715433276392e+00 1.33707761791153e+00 7.67148523896921e-05
1.84000000000000e+00 1.33686098140708e+00 1.33678686957979e+00 7.41118272982177e-05
1.84500000000000e+00 1.33965306760029e+00 1.33958262403436e+00 7.04435659273361e-05
1.85000000000000e+00 1.34555767813420e+00 1.34549150281253e+00 6.61753216752992e-05
1.85500000000000e+00 1.35458301439020e+00 1.35452117051728e+00 6.18438729134141e-05
1.86000000000000e+00 1.36671824792425e+00 1.36666027668282e+00 5.79712414341405e-05
1.86500000000000e+00 1.38193349709403e+00 1.38187851481848e+00 5.49822755568918e-05
1.87000000000000e+00 1.40017993798140e+00 1.40012679827000e+00 5.31397114036380e-05
1.87500000000000e+00 1.42139005929555e+00 1.42133755181640e+00 5.25074791442037e-05
1.88000000000000e+00 1.44547806541640e+00 1.44542511720755e+00 5.29482088580391e-05
1.88500000000000e+00 1.47234042503964e+00 1.47228627014470e+00 5.41548949399839e-05
1.89000000000000e+00 1.50185655608843e+00 1.50180084551967e+00 5.57105687628567e-05
1.89500000000000e+00 1.53388963183497e+00 1.53383246706028e+00 5.71647746883119e-05
1.90000000000000e+00 1.56828748955594e+00 1.56822937688661e+00 5.81126693308676e-05
1.90500000000000e+00 1.60488362218058e+00 1.60482535986612e+00 5.82623144662620e-05
1.91000000000000e+00 1.64349823537126e+00 1.64344075707161e+00 5.74782996447532e-05
1.91500000000000e+00 1.68393935679380e+00 1.68388356209650e+00 5.57946972985501e-05
1.92000000000000e+00 1.72600398996444e+00 1.72595059347097e+00 5.33964934665843e-05
1.92500000000000e+00 1.76947931069889e+00 1.76942873595353e+00 5.05747453558580e-05
1.93000000000000e+00 1.81414390856277e+00 1.81409624304787e+00 4.76655148986538e-05
1.93500000000000e+00 1.85976907788349e+00 1.85972409271723e+00 4.49851662636114e-05
1.94000000000000e+00 1.90612016242936e+00 1.90607738794082e+00 4.27744885371784e-05
1.94500000000000e+00 1.95295795498631e+00 1.95291679348017e+00 4.11615061468584e-05
1.95000000000000e+00 2.00004014847992e+00 2.00000000000000e+00 4.01484799217311e-05
1.95500000000000e+00 2.04712283001643e+00 2.04708320651983e+00 3.96234965984732e-05
1.96000000000000e+00 2.09396200432977e+00 2.09392261205918e+00 3.93922705974603e-05
1.96500000000000e+00 2.14031512952861e+00 2.14027590728277e+00 3.92222458343028e-05
1.97000000000000e+00 2.18594264632265e+00 2.18590375695213e+00 3.88893705243198e-05
1.97500000000000e+00 2.23060948226121e+00 2.23057126404646e+00 3.82182147493637e-05
1.98000000000000e+00 2.27408651474012e+00 2.27404940652903e+00 3.71082110914855e-05
1.98500000000000e+00 2.31615198010340e+00 2.31611643790350e+00 3.55421999045369e-05
1.99000000000000e+00 2.35659282033926e+00 2.35655924292839e+00 3.35774108748410e-05
1.99500000000000e+00 2.39520596281349e+00 2.39517464013388e+00 3.13226796060384e-05
2.00000000000000e+00 2.43179953144102e+00 2.43177062311339e+00 2.89083276365787e-05
2.00500000000000e+00 2.46619398913239e+00 2.46616753293972e+00 2.64561926717199e-05
2.01000000000000e+00 2.49822321108876e+00 2.49819915448034e+00 2.40566084293015e-05
2.01500000000000e+00 2.52773548678060e+00 2.52771372985530e+00 2.17569252978222e-05
2.02000000000000e+00 2.55459444581236e+00 2.55457488279245e+00 1.95630199026908e-05
2.02500000000000e+00 2.57867990014453e+00 2.57866244818359e+00 1.74519609399404e-05
2.03000000000000e+00 2.59988859311732e+00 2.59987320173000e+00 1.53913873179867e-05
2.03500000000000e+00 2.61813484499547e+00 2.61812148518152e+00 1.33598139435698e-05
2.04000000000000e+00 2.63335108557751e+00 2.63333972331718e+00 1.13622603254981e-05
2.04500000000000e+00 2.64548826662952e+00 2.64547882948272e+00 9.43714680001762e-06
2.05000000000000e+00 2.65451615002738e+00 2.65450849718747e+00 7.65283990533661e-06
2.05500000000000e+00 2.66042347085301e+00 2.66041737596564e+00 6.09488737302044e-06
2.06000000000000e+00 2.66321797762739e+00 2.66321313042021e+00 4.84720717608411e-06
2.06500000000000e+00 2.66292635388351e+00 2.66292238208847e+00 3.97179504307843e-06
2.07000000000000e+00 2.65959402616440e+00 2.65959053448992e+00 3.49167448598919e-06
2.07500000000000e+00 2.65328486334229e+00 2.65328148243819e+00 3.38090410068048e-06
2.08000000000000e+00 2.64408077119705e+00 2.64407720741157e+00 3.56378547383684e-06
2.08500000000000e+00 2.63208118489908e+00 2.63207726147960e+00 3.92341948174391e-06
2.09000000000000e+00 2.61740246086187e+00 2.61739814297001e+00 4.31789186317033e-06
2.09500000000000e+00 2.60017716872624e+00 2.60017256772797e+00 4.60099826771199e-06
2.10000000000000e+00 2.58055328422370e+00 2.58054864046305e+00 4.64376064979177e-06
2.10500000000000e+00 2.55869328438245e+00 2.55868893129538e+00 4.35308706459026e-06
2.11000000000000e+00 2.53477314787315e+00 2.53476946319710e+00 3.68467605005307e-06
2.11500000000000e+00 2.50898126502349e+00 2.50897861657418e+00 2.64844931097130e-06
2.12000000000000e+00 2.48151726389193e+00 2.48151595774496e+00 1.30614696747244e-06
2.12500000000000e+00 2.45259076052180e+00 2.45259099854052e+00 2.38018722065192e-07
2.13000000000000e+00 2.42242004289241e+00 2.42242189467697e+00 1.85178456790780e-06
2.13500000000000e+00 2.39123069901961e+00 2.39123409092702e+00 3.39190740694661e-06
2.14000000000000e+00 2.35925420010058e+00 2.35925892144618e+00 4.72134559847959e-06
2.14500000000000e+00 2.32672644959042e+00 2.32673217388556e+00 5.72429514278383e-06
2.15000000000000e+00 2.29388630874607e+00 2.29389262614624e+00 6.31740016521221e-06
2.15500000000000e+00 2.26097410860670e+00 2.26098056479902e+00 6.45619231720573e-06
2.16000000000000e+00 2.22823015773678e+00 2.22823629430637e+00 6.13656959513875e-06
2.16500000000000e+00 2.19589325445342e+00 2.19589864623990e+00 5.39178648306660e-06
2.17000000000000e+00 2.16419921177399e+00 2.16420349768687e+00 4.28591288059721e-06
2.17500000000000e+00 2.13337940299297e+00 2.13338230798255e+00 2.90498957689067e-06
2.18000000000000e+00 2.10365933562806e+00 2.10366068279205e+00 1.34716399724510e-06
2.18500000000000e+00 2.07525726143164e+00 2.07525697439691e+00 2.87034721768720e-07
2.19000000000000e+00 2.04838283019129e+00 2.04838092681811e+00 1.90337317995670e-06
2.19500000000000e+00 2.02323579507892e+00 2.02323237413107e+00 3.42094785565905e-06
2.20000000000000e+00 2.00000477729429e+00 2.00000000000000e+00 4.77729428993712e-06
2.20500000000000e+00 1.97886609763622e+00 1.97886016608158e+00 5.93155464323480e-06
2.21000000000000e+00 1.95998268239558e+00 1.95997581652323e+00 6.86587234954850e-06
2.21500000000000e+00 1.94350305058830e+00 1.94349546531226e+00 7.58527603594850e-06
2.22000000000000e+00 1.92956038904404e+00 1.92955227272105e+00 8.11632298991505e-06
2.22500000000000e+00 1.91827172126223e+00 1.91826321654437e+00 8.50471785729390e-06
2.23000000000000e+00 1.90973717527630e+00 1.90972836324032e+00 8.81203598113167e-06
2.23500000000000e+00 1.90403935506812e+00 1.90403024347033e+00 9.11159779404258e-06
2.24000000000000e+00 1.90124281938282e+00 1.90123333589028e+00 9.48349254459302e-06
2.24500000000000e+00 1.90139367113619e+00 1.90138366237698e+00 1.00087592087572e-05
2.25000000000000e+00 1.90451925999665e+00 1.90450849718747e+00 1.07628091723377e-05
2.25500000000000e+00 1.91062800016098e+00 1.91061619184595e+00 1.18083150302262e-05
2.26000000000000e+00 1.91970930481160e+00 1.91969611683971e+00 1.31879718896499e-05
2.26500000000000e+00 1.93173363821557e+00 1.93171872048530e+00 1.49177302768422e-05
2.27000000000000e+00 1.94665268586618e+00 1.94663570460343e+00 1.69812627552890e-05
2.27500000000000e+00 1.96439964243879e+00 1.96438031592140e+00 1.93265173911161e-05
2.28000000000000e+00 1.98488961660143e+00 1.98486775140779e+00 2.18651936414460e-05
2.28500000000000e+00 2.00802015086647e+00 2.00799567504205e+00 2.44758244245524e-05
2.29000000000000e+00 2.03367185369008e+00 2.03364484283446e+00 2.70108556232884e-05
2.29500000000000e+00 2.06170913993933e+00 2.06167983224433e+00 2.93076950046434e-05
2.30000000000000e+00 2.09198107469596e+00 2.09194987150091e+00 3.12031950451264e-05
2.30500000000000e+00 2.12432231421163e+00 2.12428976371522e+00 3.25504964102663e-05
2.31000000000000e+00 2.15855413675172e+00 2.15852090008677e+00 3.32366649504756e-05
2.31500000000000e+00 2.19448555514355e+00 2.19445235595975e+00 3.31991838060652e-05
2.32000000000000e+00 2.23191450216068e+00 2.23188206297221e+00 3.24391884691799e-05
2.32500000000000e+00 2.27062907948515e+00 2.27059805007310e+00 3.10294120500210e-05
2.33000000000000e+00 2.31040886092545e+00 2.31037974575665e+00 2.91151687958902e-05
2.33500000000000e+00 2.35102624082266e+00 2.35099933348698e+00 2.69073356791161e-05
2.34000000000000e+00 2.39224781910169e+00 2.39222315195699e+00 2.46671446997304e-05
2.34500000000000e+00 2.43383581513287e+00 2.43381313154985e+00 2.26835830163807e-05
2.35000000000000e+00 2.47554950334281e+00 2.47552825814758e+00 2.12451952306125e-05
2.35500000000000e+00 2.51714666422194e+00 2.51712605526309e+00 2.06089588505876e-05
2.36000000000000e+00 2.55838504488737e+00 2.55836407535858e+00 2.09695287844980e-05
2.36500000000000e+00 2.59902382357058e+00 2.59900139115685e+00 2.24324137301224e-05
2.37000000000000e+00 2.63882507224109e+00 2.63880007775179e+00 2.49944893013776e-05
2.37500000000000e+00 2.67755521104096e+00 2.67752667638138e+00 2.85346595805258e-05
2.38000000000000e+00 2.71498644733555e+00 2.71495363083914e+00 3.28164964074062e-05
2.38500000000000e+00 2.75089819108808e+00 2.75086068766886e+00 3.75034192274804e-05
2.39000000000000e+00 2.78507843708315e+00 2.78503625151058e+00 4.21855725689646e-05
2.39500000000000e+00 2.81732510342795e+00 2.81727868724248e+00 4.64161854769607e-05
2.40000000000000e+00 2.84744731491774e+00 2.84739756089084e+00 4.97540269033259e-05
2.40500000000000e+00 2.87526661941096e+00 2.87521481165829e+00 5.18077526616700e-05
2.41000000000000e+00 2.90061812542219e+00 2.90056584784471e+00 5.22775774820516e-05
2.41500000000000e+00 2.92335154975288e+00 2.92330055990463e+00 5.09898482423665e-05
2.42000000000000e+00 2.94333216512418e+00 2.94328424439572e+00 4.79207284582728e-05
2.42500000000000e+00 2.96044163937923e+00 2.96039843312221e+00 4.32062570232539e-05
2.43000000000000e+00 2.97457875975742e+00 2.97454162236171e+00 3.71373957048782e-05
2.43500000000000e+00 2.98566003785948e+00 2.98562989767982e+00 3.01401796591882e-05
2.44000000000000e+00 2.99362019305022e+00 2.99359745048043e+00 2.27425697900685e-05
2.44500000000000e+00 2.99841251402783e+00 2.99839698310739e+00 1.55309204368237e-05
2.45000000000000e+00 3.00000909998969e+00 3.00000000000000e+00 9.09998969111925e-06
2.45500000000000e+00 2.99840098414692e+00 2.99839698310739e+00 4.00103952413744e-06
2.46000000000000e+00 2.99359814322907e+00 2.99359745048044e+00 6.92748633568385e-07
2.46500000000000e+00 2.98562939707052e+00 2.98562989767982e+00 5.00609302012123e-07
2.47000000000000e+00 2.97454220241470e+00 2.97454162236171e+00 5.80052984311408e-07
2.47500000000000e+00 2.96040234478433e+00 2.96039843312221e+00 3.91166212043714e-06
2.48000000000000e+00 2.94329353174243e+00 2.94328424439572e+00 9.28734670502251e-06
2.48500000000000e+00 2.92331689022309e+00 2.92330055990464e+00 1.63303184534946e-05
2.49000000000000e+00 2.90059036996038e+00 2.90056584784471e+00 2.45221156696118e-05
2.49500000000000e+00 2.87524805449830e+00 2.87521481165830e+00 3.32428400051654e-05
2.50000000000000e+00 2.84743938091954e+00 2.84739756089084e+00 4.18200286906867e-05
2.50500000000000e+00 2.81732826935782e+00 2.81727868724248e+00 4.95821153370102e-05
2.51000000000000e+00 2.78509216360236e+00 2.78503625151058e+00 5.59120917826839e-05
2.51500000000000e+00 2.75092098467809e+00 2.75086068766886e+00 6.02970092278277e-05
2.52000000000000e+00 2.71501600017602e+00 2.71495363083915e+00 6.23693368706491e-05
2.52500000000000e+00 2.67758861327248e+00 2.67752667638138e+00 6.19368910923512e-05
2.53000000000000e+00 2.63885907674630e+00 2.63880007775179e+00 5.89989945125602e-05
2.53500000000000e+00 2.59905513879708e+00 2.59900139115685e+00 5.37476402229231e-05
2.54000000000000e+00 2.55841062898967e+00 2.55836407535859e+00 4.65536310829684e-05
2.54500000000000e+00 2.51716399410418e+00 2.51712605526309e+00 3.79388410864934e-05
2.55000000000000e+00 2.47555679496230e+00 2.47552825814758e+00 2.85368147245890e-05
2.55500000000000e+00 2.43383217635022e+00 2.43381313154985e+00 1.90448003651866e-05
2.56000000000000e+00 2.39223332289914e+00 2.39222315195700e+00 1.01709421351792e-05
2.56500000000000e+00 2.35100191417570e+00 2.35099933348698e+00 2.58068871472616e-06
2.57000000000000e+00 2.31037659225511e+00 2.31037974575666e+00 3.15350154700411e-06
2.57500000000000e+00 2.27059145470649e+00 2.27059805007310e+00 6.59536661107296e-06
2.58000000000000e+00 2.23187458524035e+00 2.23188206297222e+00 7.47773187059764e-06
2.58500000000000e+00 2.19444663330034e+00 2.19445235595975e+00 5.72265940546046e-06
2.59000000000000e+00 2.15851945269111e+00 2.15852090008678e+00 1.44739566199092e-06
2.59500000000000e+00 2.12429480799379e+00 2.12428976371522e+00 5.04427857306311e-06
2.60000000000000e+00 2.09196315611273e+00 2.09194987150091e+00 1.32846118159335e-05
2.60500000000000e+00 2.06170250889852e+00 2.06167983224433e+00 2.26766541837620e-05
2.61000000000000e+00 2.03367738147810e+00 2.03364484283446e+00 3.25386436439423e-05
2.61500000000000e+00 2.00803782975498e+00 2.00799567504205e+00 4.21547129318967e-05
2.62000000000000e+00 1.98491857957155e+00 1.98486775140779e+00 5.08281637581209e-05
2.62500000000000e+00 1.96443824928422e+00 1.96438031592140e+00 5.79333628185630e-05
2.63000000000000e+00 1.94669866700637e+00 1.94663570460343e+00 6.29624029411247e-05
2.63500000000000e+00 1.93178428352218e+00 1.93171872048530e+00 6.55630368884275e-05
2.64000000000000e+00 1.91976168184696e+00 1.91969611683971e+00 6.55650072445280e-05
2.64500000000000e+00 1.91067918457072e+00 1.91061619184595e+00 6.29927247701723e-05
2.65000000000000e+00 1.90456656042283e+00 1.90450849718747e+00 5.80632353515131e-05
2.65500000000000e+00 1.90143483187467e+00 1.90138366237698e+00 5.11694976919053e-05
2.66000000000000e+00 1.90127618598694e+00 1.90123333589028e+00 4.28500966638268e-05
2.66500000000000e+00 1.90406399103384e+00 1.90403024347033e+00 3.37475635092677e-05
2.67000000000000e+00 1.90975292162666e+00 1.90972836324032e+00 2.45583863465182e-05
2.67500000000000e+00 1.91827919504515e+00 1.91826321654437e+00 1.59785007747271e-05
2.68000000000000e+00 1.92956092120985e+00 1.92955227272105e+00 8.64848880910429e-06
2.68500000000000e+00 1.94349856815109e+00 1.94349546531226e+00 3.10283883542262e-06
2.69000000000000e+00 1.95997554392740e+00 1.95997581652323e+00 2.72595834127642e-07
2.69500000000000e+00 1.97885889472311e+00 1.97886016608158e+00 1.27135846672566e-06
2.70000000000000e+00 2.00000011734069e+00 2.00000000000000e+00 1.17340690053425e-07
2.70500000000000e+00 2.02323608255616e+00 2.02323237413106e+00 3.70842509767044e-06
2.71000000000000e+00 2.04839006391125e+00 2.04838092681811e+00 9.13709314520617e-06
2.71500000000000e+00 2.07527286457821e+00 2.07525697439691e+00 1.58901812952195e-05
2.72000000000000e+00 2.10368403307555e+00 2.10366068279205e+00 2.33502835005339e-05
2.72500000000000e+00 2.13341315695986e+00 2.13338230798255e+00 3.08489773122034e-05
2.73000000000000e+00 2.16424122229186e+00 2.16420349768687e+00 3.77246049945157e-05
2.73500000000000e+00 2.19594202577660e+00 2.19589864623990e+00 4.33795367018597e-05
2.74000000000000e+00 2.22828362607867e+00 2.22823629430637e+00 4.73317723024280e-05
2.74500000000000e+00 2.26102982094907e+00 2.26098056479902e+00 4.92561500573530e-05
2.75000000000000e+00 2.29394163745335e+00 2.29389262614624e+00 4.90113071180964e-05
2.75500000000000e+00 2.32677882370038e+00 2.32673217388556e+00 4.66498148252725e-05
2.76000000000000e+00 2.35930133192566e+00 2.35925892144618e+00 4.24104794802815e-05
2.76500000000000e+00 2.39127078443634e+00 2.39123409092702e+00 3.66935093167875e-05
2.77000000000000e+00 2.42245191560447e+00 2.42242189467697e+00 3.00209274963770e-05
2.77500000000000e+00 2.45261398462262e+00 2.45259099854052e+00 2.29860821017169e-05
2.78000000000000e+00 2.48153215494836e+00 2.48151595774496e+00 1.61972033989599e-05
2.78500000000000e+00 2.50898883713092e+00 2.50897861657418e+00 1.02205567462654e-05
2.79000000000000e+00 2.53477499195837e+00 2.53476946319709e+00 5.52876128123714e-06
2.79500000000000e+00 2.55869139057144e+00 2.55868893129538e+00 2.45927606279395e-06
2.80000000000000e+00 2.58054982741841e+00 2.58054864046305e+00 1.18695536377444e-06
2.80500000000000e+00 2.60017428079073e+00 2.60017256772797e+00 1.71306276142147e-06
2.81000000000000e+00 2.61740201435296e+00 2.61739814297001e+00 3.87138295598888e-06
2.81500000000000e+00 2.63208461176074e+00 2.63207726147960e+00 7.35028113840741e-06
2.82000000000000e+00 2.64408893535083e+00 2.64407720741157e+00 1.17279392544134e-05
2.82500000000000e+00 2.65329799916607e+00 2.65328148243819e+00 1.65167278813882e-05
2.83000000000000e+00 2.65961174637891e+00 2.65959053448992e+00 2.12118889928448e-05
2.83500000000000e+00 2.66294772156853e+00 2.66292238208847e+00 2.53394800626694e-05
2.84000000000000e+00 2.66324162928586e+00 2.66321313042021e+00 2.84988656447105e-05
2.84500000000000e+00 2.66044777183682e+00 2.66041737596564e+00 3.03958711778129e-05
2.85000000000000e+00 2.65453936109939e+00 2.65450849718747e+00 3.08639119195320e-05
2.85500000000000e+00 2.64550870130001e+00 2.64547882948272e+00 2.98718172979662e-05
2.86000000000000e+00 2.63336724183072e+00 2.63333972331719e+00 2.75185135367728e-05
2.86500000000000e+00 2.61814550122228e+00 2.61812148518152e+00 2.40160407547485e-05
2.87000000000000e+00 2.59989286515990e+00 2.59987320173000e+00 1.96634298958998e-05
2.87500000000000e+00 2.57867726284167e+00 2.57866244818360e+00 1.48146580718489e-05
2.88000000000000e+00 2.55458472698891e+00 2.55457488279246e+00 9.84419644955992e-06
2.88500000000000e+00 2.52771884342644e+00 2.52771372985530e+00 5.11357113541777e-06
2.89000000000000e+00 2.49820009640505e+00 2.49819915448034e+00 9.41924713782072e-07
2.89500000000000e+00 2.46616511581753e+00 2.46616753293972e+00 2.41712218906898e-06
2.90000000000000e+00 2.43176583226016e+00 2.43177062311339e+00 4.79085323412676e-06
2.90500000000000e+00 2.39516854561472e+00 2.39517464013388e+00 6.09451916222525e-06
2.91000000000000e+00 2.35655291256738e+00 2.35655924292839e+00 6.33036101582718e-06
2.91500000000000e+00 2.31611085831528e+00 2.31611643790350e+00 5.57958822478000e-06
2.92000000000000e+00 2.27404541769473e+00 2.27404940652904e+00 3.98883430596797e-06
2.92500000000000e+00 2.23056951112155e+00 2.23057126404647e+00 1.75292491810808e-06
2.93000000000000e+00 2.18590466106620e+00 2.18590375695213e+00 9.04114068500661e-07
2.93500000000000e+00 2.14027965527199e+00 2.14027590728278e+00 3.74798921587427e-06
2.94000000000000e+00 2.09392916352243e+00 2.09392261205918e+00 6.55146324923805e-06
2.94500000000000e+00 2.04709231542346e+00 2.04708320651984e+00 9.10890362737504e-06
2.95000000000000e+00 2.00001124733029e+00 2.00000000000000e+00 1.12473302866789e-05
2.95500000000000e+00 1.95292962716063e+00 1.95291679348017e+00 1.28336804643414e-05
2.96000000000000e+00 1.90609116634911e+00 1.90607738794082e+00 1.37784082876458e-05
2.96500000000000e+00 1.85973812857114e+00 1.85972409271723e+00 1.40358539109098e-05
2.97000000000000e+00 1.81410984507703e+00 1.81409624304787e+00 1.36020291583439e-05
2.97500000000000e+00 1.76944124651687e+00 1.76942873595354e+00 1.25105633324019e-05
2.98000000000000e+00 1.72596142101050e+00 1.72595059347097e+00 1.08275395258595e-05
2.98500000000000e+00 1.68389220794264e+00 1.68388356209651e+00 8.64584613413655e-06
2.99000000000000e+00 1.64344683656785e+00 1.64344075707161e+00 6.07949624065185e-06
2.99500000000000e+00 1.60482861803001e+00 1.60482535986612e+00 3.25816389423750e-06
3.00000000000000e+00 1.56822969887040e+00 1.56822937688661e+00 3.21983783857505e-07
3.00500000000000e+00 1.53382988355437e+00 1.53383246706028e+00 2.58350590853773e-06
3.01000000000000e+00 1.50179553301580e+00 1.50180084551966e+00 5.31250386814897e-06
3.01500000000000e+00 1.47227854572164e+00 1.47228627014470e+00 7.72442306207211e-06
3.02000000000000e+00 1.44541542730470e+00 1.44542511720755e+00 9.68990284411220e-06
3.02500000000000e+00 1.42132645439682e+00 1.42133755181641e+00 1.10974195841607e-05
3.03000000000000e+00 1.40011493790277e+00 1.40012679827000e+00 1.18603672287776e-05
3.03500000000000e+00 1.38186659056218e+00 1.38187851481848e+00 1.19242562921507e-05
3.04000000000000e+00 1.36664900322159e+00 1.36666027668282e+00 1.12734612252030e-05
3.04500000000000e+00 1.35451123374757e+00 1.35452117051728e+00 9.93676971261515e-06
3.05000000000000e+00 1.34548351192449e+00 1.34549150281253e+00 7.99088803948855e-06
3.05500000000000e+00 1.33957706297220e+00 1.33958262403436e+00 5.56106216542673e-06
3.06000000000000e+00 1.33678405147876e+00 1.33678686957979e+00 2.81810102920055e-06
3.06500000000000e+00 1.33707764657330e+00 1.33707761791153e+00 2.86617705125281e-08
3.07000000000000e+00 1.34041220808446e+00 1.34040946551008e+00 2.74257437316017e-06
3.07500000000000e+00 1.34672359227475e+00 1.34671851756181e+00 5.07471293742512e-06
3.08000000000000e+00 1.35592957456138e+00 1.35592279258843e+00 6.78197295322924e-06
3.08500000000000e+00 1.36793038548544e+00 1.36792273852040e+00 7.64696504051976e-06
3.09000000000000e+00 1.38260935513734e+00 1.38260185702999e+00 7.49810735434231e-06
3.09500000000000e+00 1.39983366034263e+00 1.39982743227203e+00 6.22807059946773e-06
3.10000000000000e+00 1.41945516820583e+00 1.41945135953695e+00 3.80866887916831e-06
3.10500000000000e+00 1.44131136913040e+00 1.44131106870462e+00 3.00425778254620e-07
3.11000000000000e+00 1.46522639218693e+00 1.46523053680290e+00 4.14461597531002e-06
3.11500000000000e+00 1.49101209567488e+00 1.49102138342582e+00 9.28775093766987e-06
3.12000000000000e+00 1.51846922587558e+00 1.51848404225504e+00 1.48163794577716e-05
3.12500000000000e+00 1.54738863726861e+00 1.54740900145948e+00 2.03641908653740e-05
3.13000000000000e+00 1.57755256780882e+00 1.57757810532302e+00 2.55375142086400e-05
3.13500000000000e+00 1.60873596316066e+00 1.60876590907298e+00 2.99459123187518e-05
3.14000000000000e+00 1.64070784398811e+00 1.64074107855382e+00 3.32345657059196e-05
3.14500000000000e+00 1.67323271044068e+00 1.67326782611444e+00 3.51156737572467e-05
3.15000000000000e+00 1.70607197781934e+00 1.70610737385376e+00 3.53960344186000e-05
3.15500000000000e+00 1.73898543703381e+00 1.73901943520098e+00 3.39981671702017e-05
3.16000000000000e+00 1.77173273288516e+00 1.77176370569363e+00 3.09728084628702e-05
3.16500000000000e+00 1.80407485246513e+00 1.80410135376010e+00 2.65012949678400e-05
3.17000000000000e+00 1.83577561511413e+00 1.83579650231313e+00 2.08871989977322e-05
3.17500000000000e+00 1.86660315450406e+00 1.86661769201745e+00 1.45375133955294e-05
3.18000000000000e+00 1.89633138259501e+00 1.89633931720795e+00 7.93461293135955e-06
3.18500000000000e+00 1.92474142454476e+00 1.92474302560309e+00 1.60105832569535e-06
3.19000000000000e+00 1.95162301320423e+00 1.95161907318189e+00 3.94002234016533e-06
3.19500000000000e+00 1.97677583167305e+00 1.97676762586893e+00 8.20580411353689e-06
3.20000000000000e+00 2.00001079255593e+00 2.00000000000000e+00 1.07925559253985e-05
3.20500000000000e+00 2.02115124306539e+00 2.02113983391842e+00 1.14091469667343e-05
3.21000000000000e+00 2.04003408594589e+00 2.04002418347677e+00 9.90246912024872e-06
3.21500000000000e+00 2.05651080730817e+00 2.05650453468774e+00 6.27262043062515e-06
3.22000000000000e+00 2.07044840380024e+00 2.07044772727895e+00 6.76521283438092e-07
3.22500000000000e+00 2.08173020302558e+00 2.08173678345563e+00 6.58043004353459e-06
3.23000000000000e+00 2.09025657266627e+00 2.09027163675968e+00 1.50640934153401e-05
3.23500000000000e+00 2.09594551529189e+00 2.09596975652967e+00 2.42412377846613e-05
3.24000000000000e+00 2.09873314725739e+00 2.09876666410972e+00 3.35168523317719e-05
3.24500000000000e+00 2.09857406134668e+00 2.09861633762302e+00 4.22762763410134e-05
3.25000000000000e+00 2.09544157385739e+00 2.09549150281253e+00 4.99289551347815e-05
3.25500000000000e+00 2.08932785761823e+00 2.08938380815405e+00 5.59505358195267e-05
3.26000000000000e+00 2.08024396297748e+00 2.08030388316029e+00 5.99201828093143e-05
3.26500000000000e+00 2.06821972911775e+00 2.06828127951470e+00 6.15503969565445e-05
3.27000000000000e+00 2.05330358816988e+00 2.05336429539657e+00 6.07072266944897e-05
3.27500000000000e+00 2.03556226456848e+00 2.03561968407860e+00 5.74195101168407e-05
3.28000000000000e+00 2.01508037197152e+00 2.01513224859221e+00 5.18766206956123e-05
3.28500000000000e+00 1.99195990991765e+00 1.99200432495795e+00 4.44150402973964e-05
3.29000000000000e+00 1.96631966228159e+00 1.96635515716554e+00 3.54948839507152e-05
3.29500000000000e+00 1.93829449956087e+00 1.93832016775567e+00 2.56681947996551e-05
3.30000000000000e+00 1.90803458713393e+00 1.90805012849909e+00 1.55413651603542e-05
3.30500000000000e+00 1.87570450189664e+00 1.87571023628479e+00 5.73438814277516e-06
3.31000000000000e+00 1.84148226012664e+00 1.84147909991323e+00 3.16021341495443e-06
3.31500000000000e+00 1.80555826003998e+00 1.80554764404025e+00 1.06159997292909e-05
3.32000000000000e+00 1.76813414327194e+00 1.76811793702778e+00 1.62062441531052e-05
3.32500000000000e+00 1.72942158040416e+00 1.72940194992690e+00 1.96304772599465e-05
3.33000000000000e+00 1.68964098662907e+00 1.68962025424335e+00 2.07323857188690e-05
3.33500000000000e+00 1.64902017464334e+00 1.64900066651302e+00 1.95081303207001e-05
3.34000000000000e+00 1.60779295284411e+00 1.60777684804301e+00 1.61048011018128e-05
3.34500000000000e+00 1.56619767781548e+00 1.56618686845015e+00 1.08093653323760e-05
3.35000000000000e+00 1.52447577089845e+00 1.52447174185243e+00 4.02904601859433e-06
3.35500000000000e+00 1.48287020929633e+00 1.48287394473692e+00 3.73544058263064e-06
3.36000000000000e+00 1.44162400265991e+00 1.44163592464142e+00 1.19219815069016e-05
3.36500000000000e+00 1.40097866640274e+00 1.40099860884315e+00 1.99424404105919e-05
3.37000000000000e+00 1.36117270311729e+00 1.36119992224821e+00 2.72191309276248e-05
3.37500000000000e+00 1.32244010339757e+00 1.32247332361862e+00 3.32202210435728e-05
3.38000000000000e+00 1.28500887713708e+00 1.28504636916086e+00 3.74920237737886e-05
3.38500000000000e+00 1.24909962597620e+00 1.24913931233114e+00 3.96863549489979e-05
3.39000000000000e+00 1.21492416704109e+00 1.21496374848942e+00 3.95814483304946e-05
3.39500000000000e+00 1.18268421746523e+00 1.18272131275752e+00 3.70952922932322e-05
3.40000000000000e+00 1.15257014843675e+00 1.15260243910916e+00 3.22906724110616e-05
3.40500000000000e+00 1.12475981668937e+00 1.12478518834171e+00 2.53716523326286e-05
3.41000000000000e+00 1.09941748047286e+00 1.09943415215529e+00 1.66716824301361e-05
3.41500000000000e+00 1.07669280612004e+00 1.07669944009537e+00 6.63397532552068e-06
3.42000000000000e+00 1.05671997039376e+00 1.05671575560428e+00 4.21478947876253e-06
3.42500000000000e+00 1.03961686286818e+00 1.03960156687779e+00 1.52959903916283e-05
3.43000000000000e+00 1.02548439169829e+00 1.02545837763829e+00 2.60140599990244e-05
3.43500000000000e+00 1.01440589527920e+00 1.01437010232018e+00 3.57929590228956e-05
3.44000000000000e+00 1.00644666151483e+00 1.00640254951957e+00 4.41119952603319e-05
3.44500000000000e+00 1.00165355572005e+00 1.00160301689261e+00 5.05388274452123e-05
3.45000000000000e+00 1.00005475758699e+00 1.00000000000000e+00 5.47575869871419e-05
3.45500000000000e+00 1.00165960716101e+00 1.00160301689261e+00 5.65902684026565e-05
3.46000000000000e+00 1.00645855939774e+00 1.00640254951956e+00 5.60098781736684e-05
3.46500000000000e+00 1.01442324660071e+00 1.01437010232018e+00 5.31442805360438e-05
3.47000000000000e+00 1.02550664785580e+00 1.02545837763829e+00 4.82702175097494e-05
3.47500000000000e+00 1.03964336445912e+00 1.03960156687779e+00 4.17975813318261e-05
3.48000000000000e+00 1.05675000025034e+00 1.05671575560427e+00 3.42446460619428e-05
3.48500000000000e+00 1.07672564567670e+00 1.07669944009536e+00 2.62055813387008e-05
3.49000000000000e+00 1.09945246428911e+00 1.09943415215529e+00 1.83121338237502e-05
3.49500000000000e+00 1.12479638016924e+00 1.12478518834171e+00 1.11918275347289e-05
3.50000000000000e+00 1.15260786447605e+00 1.15260243910915e+00 5.42536689418505e-06
3.50500000000000e+00 1.18272281884999e+00 1.18272131275752e+00 1.50609246984956e-06
3.51000000000000e+00 1.21496355280790e+00 1.21496374848942e+00 1.95681519432611e-07
3.51500000000000e+00 1.24913985149396e+00 1.24913931233114e+00 5.39162821500128e-07
3.52000000000000e+00 1.28505012922948e+00 1.28504636916085e+00 3.76006863178624e-06
3.52500000000000e+00 1.32248266324780e+00 1.32247332361861e+00 9.33962918447939e-06
3.53000000000000e+00 1.36121690084605e+00 1.36119992224821e+00 1.69785978374470e-05
3.53500000000000e+00 1.40102483197956e+00 1.40099860884315e+00 2.62231364114296e-05
3.54000000000000e+00 1.44167241812518e+00 1.44163592464141e+00 3.64934837731035e-05
3.54500000000000e+00 1.48292106711026e+00 1.48287394473691e+00 4.71223733553572e-05
3.55000000000000e+00 1.52452914260998e+00 1.52447174185242e+00 5.74007575557811e-05
3.55500000000000e+00 1.56625349622015e+00 1.56618686845015e+00 6.66277700023254e-05
3.56000000000000e+00 1.60785100947101e+00 1.60777684804300e+00 7.41614280057590e-05
3.56500000000000e+00 1.64908013290216e+00 1.64900066651302e+00 7.94663891454661e-05
3.57000000000000e+00 1.68970240939820e+00 1.68962025424335e+00 8.21551548488841e-05
3.57500000000000e+00 1.72948396939362e+00 1.72940194992690e+00 8.20194667188190e-05
3.58000000000000e+00 1.76819698628365e+00 1.76811793702778e+00 7.90492558644385e-05
3.58500000000000e+00 1.80562108138757e+00 1.80554764404025e+00 7.34373473241234e-05
3.59000000000000e+00 1.84154466905016e+00 1.84147909991322e+00 6.55691369340072e-05
3.59500000000000e+00 1.87576623386259e+00 1.87571023628478e+00 5.59975778020583e-05
3.60000000000000e+00 1.90809553345389e+00 1.90805012849909e+00 4.54049548030966e-05
3.60500000000000e+00 1.93835472175695e+00 1.93832016775567e+00 3.45540012864909e-05
3.61000000000000e+00 1.96637938899885e+00 1.96635515716554e+00 2.42318333041336e-05
3.61500000000000e+00 1.99201951582122e+00 1.99200432495795e+00 1.51908632732844e-05
3.62000000000000e+00 2.01514033983172e+00 2.01513224859221e+00 8.09123951439616e-06
3.62500000000000e+00 2.03562313347282e+00 2.03561968407860e+00 3.44939422358692e-06
3.63000000000000e+00 2.05336589234572e+00 2.05336429539657e+00 1.59694915335962e-06
3.63500000000000e+00 2.06828393304765e+00 2.06828127951470e+00 2.65353294270909e-06
3.64000000000000e+00 2.08031039920642e+00 2.08030388316029e+00 6.51604612800227e-06
3.64500000000000e+00 2.08939667379063e+00 2.08938380815405e+00 1.28656365800950e-05
3.65000000000000e+00 2.09551269502792e+00 2.09549150281253e+00 2.11922153972033e-05
3.65500000000000e+00 2.09864717248808e+00 2.09861633762302e+00 3.08348650599477e-05
3.66000000000000e+00 2.09880769920534e+00 2.09876666410972e+00 4.10350956117078e-05
3.66500000000000e+00 2.09602075524703e+00 2.09596975652967e+00 5.09987173580306e-05
3.67000000000000e+00 2.09033159799789e+00 2.09027163675968e+00 5.99612382057302e-05
3.67500000000000e+00 2.08180403470872e+00 2.08173678345563e+00 6.72512530943692e-05
3.68000000000000e+00 2.07052007361140e+00 2.07044772727895e+00 7.23463324492357e-05
3.68500000000000e+00 2.05657945114152e+00 2.05650453468774e+00 7.49164537805491e-05
3.69000000000000e+00 2.04009903450223e+00 2.04002418347677e+00 7.48510254569013e-05
3.69500000000000e+00 2.02121210086573e+00 2.02113983391842e+00 7.22669473089965e-05
3.70000000000000e+00 2.00006749682077e+00 2.00000000000000e+00 6.74968207694526e-05
3.70500000000000e+00 1.97682868407941e+00 1.97676762586894e+00 6.10582104774160e-05
3.71000000000000e+00 1.95167267978455e+00 1.95161907318189e+00 5.36066026541882e-05
3.71500000000000e+00 1.92478890183780e+00 1.92474302560309e+00 4.58762347075314e-05
3.72000000000000e+00 1.89637793134178e+00 1.89633931720795e+00 3.86141338279966e-05
3.72500000000000e+00 1.86665020540039e+00 1.86661769201745e+00 3.25133829301993e-05
3.73000000000000e+00 1.83582465406817e+00 1.83579650231313e+00 2.81517550386745e-05
3.73500000000000e+00 1.80412729516450e+00 1.80410135376010e+00 2.59414043968231e-05
3.74000000000000e+00 1.77178980000160e+00 1.77176370569363e+00 2.60943079708476e-05
3.74500000000000e+00 1.73904804190313e+00 1.73901943520098e+00 2.86067021435521e-05
3.75000000000000e+00 1.70614063784181e+00 1.70610737385376e+00 3.32639880484820e-05
3.75500000000000e+00 1.67330749176161e+00 1.67326782611444e+00 3.96656471730594e-05
3.76000000000000e+00 1.64078834635074e+00 1.64074107855382e+00 4.72677969227675e-05
3.76500000000000e+00 1.60882134837697e+00 1.60876590907298e+00 5.54393039906564e-05
3.77000000000000e+00 1.57764163135049e+00 1.57757810532303e+00 6.35260274579608e-05
3.77500000000000e+00 1.54747991837697e+00 1.54740900145948e+00 7.09169174908375e-05
3.78000000000000e+00 1.51856114769740e+00 1.51848404225504e+00 7.71054423533979e-05
3.78500000000000e+00 1.49110312361998e+00 1.49102138342582e+00 8.17401941590745e-05
3.79000000000000e+00 1.46531519631710e+00 1.46523053680291e+00 8.46595141912321e-05
3.79500000000000e+00 1.44139697520711e+00 1.44131106870462e+00 8.59065024920724e-05
3.80000000000000e+00 1.41953708223719e+00 1.41945135953695e+00 8.57227002384331e-05
3.80500000000000e+00 1.39991195314954e+00 1.39982743227203e+00 8.45208775108741e-05
3.81000000000000e+00 1.38268469654337e+00 1.38260185702999e+00 8.28395133807280e-05
3.81500000000000e+00 1.36800402201850e+00 1.36792273852040e+00 8.12834981043231e-05
3.82000000000000e+00 1.35600324969789e+00 1.35592279258843e+00 8.04571094623618e-05
3.82500000000000e+00 1.34679941380468e+00 1.34671851756181e+00 8.08962428633375e-05
3.83000000000000e+00 1.34049247260070e+00 1.34040946551008e+00 8.30070906172597e-05
3.83500000000000e+00 1.33716463583810e+00 1.33707761791153e+00 8.70179265664017e-05
3.84000000000000e+00 1.33687981897612e+00 1.33678686957979e+00 9.29493963370831e-05
3.84500000000000e+00 1.33968323089341e+00 1.33958262403436e+00 1.00606859048780e-04
3.85000000000000e+00 1.34560109887380e+00 1.34549150281253e+00 1.09596061272033e-04
3.85500000000000e+00 1.35464053150045e+00 1.35452117051728e+00 1.19360983165784e-04
3.86000000000000e+00 1.36678951702022e+00 1.36666027668282e+00 1.29240337405356e-04
3.86500000000000e+00 1.38201705199093e+00 1.38187851481848e+00 1.38537172454933e-04
3.87000000000000e+00 1.40027339281682e+00 1.40012679826999e+00 1.46594546823975e-04
3.87500000000000e+00 1.42149042127170e+00 1.42133755181640e+00 1.52869455294358e-04
3.88000000000000e+00 1.44558211439138e+00 1.44542511720754e+00 1.56997183836660e-04
3.88500000000000e+00 1.47244510919417e+00 1.47228627014469e+00 1.58839049475112e-04
3.89000000000000e+00 1.50195935349094e+00 1.50180084551966e+00 1.58507971276034e-04
3.89500000000000e+00 1.53398883543826e+00 1.53383246706028e+00 1.56368377981053e-04
3.90000000000000e+00 1.56838238628429e+00 1.56822937688661e+00 1.53009397679593e-04
3.90500000000000e+00 1.60497455273957e+00 1.60482535986612e+00 1.49192873454274e-04
3.91000000000000e+00 1.64358653734702e+00 1.64344075707161e+00 1.45780275409235e-04
3.91500000000000e+00 1.68402720690749e+00 1.68388356209650e+00 1.43644810994603e-04
3.92000000000000e+00 1.72609417024546e+00 1.72595059347097e+00 1.43576774491727e-04
3.92500000000000e+00 1.76957492721897e+00 1.76942873595353e+00 1.46191265433471e-04
3.93000000000000e+00 1.81424809078196e+00 1.81409624304787e+00 1.51847734097155e-04
3.93500000000000e+00 1.85988468304579e+00 1.85972409271722e+00 1.60590328564858e-04
3.94000000000000e+00 1.90624950466747e+00 1.90607738794081e+00 1.72116726655958e-04
3.94500000000000e+00 1.95310257458336e+00 1.95291679348016e+00 1.85781103192673e-04
3.95000000000000e+00 2.00020063423085e+00 2.00000000000000e+00 2.00634230855590e-04
3.95500000000000e+00 2.04729870713188e+00 2.04708320651983e+00 2.15500612050334e-04
3.96000000000000e+00 2.09415170126300e+00 2.09392261205918e+00 2.29089203827026e-04
3.96500000000000e+00 2.14051603824996e+00 2.14027590728278e+00 2.40130967178231e-04
3.97000000000000e+00 2.18615129035265e+00 2.18590375695213e+00 2.47533400521416e-04
3.97500000000000e+00 2.23082180369569e+00 2.23057126404647e+00 2.50539649215398e-04
3.98000000000000e+00 2.27429828447137e+00 2.27404940652903e+00 2.48877942340187e-04
3.98500000000000e+00 2.31635932407078e+00 2.31611643790350e+00 2.42886167283629e-04
3.99000000000000e+00 2.35679283939767e+00 2.35655924292839e+00 2.33596469283004e-04
3.99500000000000e+00 2.39539740602531e+00 2.39517464013388e+00 2.22765891426668e-04
4.00000000000000e+00 2.43198346432443e+00 2.43177062311338e+00 2.12841211046033e-04
