variables = x, value-predict, value-true, error
0.00000000000000e+00 2.43096456092613e+00 2.43177062311339e+00 8.06062187258316e-04
5.00000000000000e-03 2.46542111658144e+00 2.46616753293972e+00 7.46416358279323e-04
1.00000000000000e-02 2.49751796331810e+00 2.49819915448034e+00 6.81191162238637e-04
1.50000000000000e-02 2.52710345730723e+00 2.52771372985530e+00 6.10272548074775e-04
2.00000000000000e-02 2.55404023810631e+00 2.55457488279246e+00 5.34644686148944e-04
2.50000000000000e-02 2.57820671830253e+00 2.57866244818360e+00 4.55729881070788e-04
3.00000000000000e-02 2.59949826311136e+00 2.59987320173000e+00 3.74938618640464e-04
3.50000000000000e-02 2.61782807446975e+00 2.61812148518152e+00 2.93410711778908e-04
4.00000000000000e-02 2.63312780781113e+00 2.63333972331718e+00 2.11915506050708e-04
4.50000000000000e-02 2.64534795851425e+00 2.64547882948272e+00 1.30870968467534e-04
5.00000000000000e-02 2.65445805862566e+00 2.65450849718747e+00 5.04385618094183e-05
5.50000000000000e-02 2.66044672314854e+00 2.66041737596564e+00 2.93471828975989e-05
6.00000000000000e-02 2.66332157978545e+00 2.66321313042021e+00 1.08449365232577e-04
6.50000000000000e-02 2.66310910773373e+00 2.66292238208847e+00 1.86725645265451e-04
7.00000000000000e-02 2.65985440137972e+00 2.65959053448992e+00 2.63866889806952e-04
7.50000000000000e-02 2.65362086497011e+00 2.65328148243819e+00 3.39382531918009e-04
8.00000000000000e-02 2.64448983585172e+00 2.64407720741157e+00 4.12628440147333e-04
8.50000000000000e-02 2.63256012767211e+00 2.63207726147960e+00 4.82866192513143e-04
9.00000000000000e-02 2.61794748163566e+00 2.61739814297001e+00 5.49338665646992e-04
9.50000000000000e-02 2.60078391368579e+00 2.60017256772797e+00 6.11345957820308e-04
1.00000000000000e-01 2.58121694806494e+00 2.58054864046305e+00 6.68307601896512e-04
1.05000000000000e-01 2.55940873244230e+00 2.55868893129538e+00 7.19801146918275e-04
1.10000000000000e-01 2.53553503577802e+00 2.53476946319709e+00 7.65572580928797e-04
1.15000000000000e-01 2.50978413626934e+00 2.50897861657418e+00 8.05519695162182e-04
1.20000000000000e-01 2.48235561210143e+00 2.48151595774496e+00 8.39654356468156e-04
1.25000000000000e-01 2.45345905151043e+00 2.45259099854052e+00 8.68052969909883e-04
1.30000000000000e-01 2.42331270038966e+00 2.42242189467697e+00 8.90805712686404e-04
1.35000000000000e-01 2.39214206526255e+00 2.39123409092702e+00 9.07974335534245e-04
1.40000000000000e-01 2.36017848722390e+00 2.35925892144618e+00 9.19565777715903e-04
1.45000000000000e-01 2.32765769903994e+00 2.32673217388556e+00 9.25525154375606e-04
1.50000000000000e-01 2.29481837379546e+00 2.29389262614624e+00 9.25747649225706e-04
1.55000000000000e-01 2.26190067008169e+00 2.26098056479902e+00 9.20105282675276e-04
1.60000000000000e-01 2.22914477637867e+00 2.22823629430637e+00 9.08482072295769e-04
1.65000000000000e-01 2.19678945636783e+00 2.19589864623990e+00 8.90810127929242e-04
1.70000000000000e-01 2.16507059745772e+00 2.16420349768687e+00 8.67099770844426e-04
1.75000000000000e-01 2.13421976654944e+00 2.13338230798255e+00 8.37458566889993e-04
1.80000000000000e-01 2.10446277952191e+00 2.10366068279205e+00 8.02096729858537e-04
1.85000000000000e-01 2.07601829349195e+00 2.07525697439691e+00 7.61319095038182e-04
1.90000000000000e-01 2.04909643305318e+00 2.04838092681811e+00 7.15506235074326e-04
1.95000000000000e-01 2.02389746301731e+00 2.02323237413107e+00 6.65088886249610e-04
2.00000000000000e-01 2.00061052048142e+00 2.00000000000000e+00 6.10520481420185e-04
2.05000000000000e-01 1.97941241835471e+00 1.97886016608158e+00 5.52252273131604e-04
2.10000000000000e-01 1.96046653100894e+00 1.95997581652323e+00 4.90714485712918e-04
2.15000000000000e-01 1.94392177078233e+00 1.94349546531226e+00 4.26305470067945e-04
2.20000000000000e-01 1.92991166200762e+00 1.92955227272105e+00 3.59389286575640e-04
2.25000000000000e-01 1.91855351733684e+00 1.91826321654437e+00 2.90300792472387e-04
2.30000000000000e-01 1.90994771958656e+00 1.90972836324032e+00 2.19356346240263e-04
2.35000000000000e-01 1.90417711120492e+00 1.90403024347033e+00 1.46867734595935e-04
2.40000000000000e-01 1.90130649273993e+00 1.90123333589028e+00 7.31568496572521e-05
2.45000000000000e-01 1.90138223127759e+00 1.90138366237698e+00 1.43109938854913e-06
2.50000000000000e-01 1.90443197960127e+00 1.90450849718747e+00 7.65175862060818e-05
2.55000000000000e-01 1.91046450668853e+00 1.91061619184595e+00 1.51685157414816e-04
2.60000000000000e-01 1.91946964002804e+00 1.91969611683971e+00 2.26476811670651e-04
2.65000000000000e-01 1.93141832005936e+00 1.93171872048530e+00 3.00400425938152e-04
2.70000000000000e-01 1.94626276679621e+00 1.94663570460343e+00 3.72937807223250e-04
2.75000000000000e-01 1.96393675838667e+00 1.96438031592140e+00 4.43557534731243e-04
2.80000000000000e-01 1.98435602099201e+00 1.98486775140779e+00 5.11730415779121e-04
2.85000000000000e-01 2.00741872892039e+00 2.00799567504205e+00 5.76946121655375e-04
2.90000000000000e-01 2.03300611341313e+00 2.03364484283446e+00 6.38729421331696e-04
2.95000000000000e-01 2.06098317782230e+00 2.06167983224433e+00 6.96654422031706e-04
3.00000000000000e-01 2.09119951611962e+00 2.09194987150091e+00 7.50355381288426e-04
3.05000000000000e-01 2.12349023072985e+00 2.12428976371522e+00 7.99532985364060e-04
3.10000000000000e-01 2.15767694460983e+00 2.15852090008677e+00 8.43955476940383e-04
3.15000000000000e-01 2.19356890134536e+00 2.19445235595975e+00 8.83454614387880e-04
3.20000000000000e-01 2.23096414588855e+00 2.23188206297222e+00 9.17917083662623e-04
3.25000000000000e-01 2.26965077750038e+00 2.27059805007310e+00 9.47272572717317e-04
3.30000000000000e-01 2.30940826558913e+00 2.31037974575665e+00 9.71480167518912e-04
3.35000000000000e-01 2.35000881852271e+00 2.35099933348698e+00 9.90514964271050e-04
3.40000000000000e-01 2.39121879518777e+00 2.39222315195700e+00 1.00435676922839e-03
3.45000000000000e-01 2.43280014907899e+00 2.43381313154985e+00 1.01298247086445e-03
3.50000000000000e-01 2.47451189499275e+00 2.47552825814758e+00 1.01636315483145e-03
3.55000000000000e-01 2.51611158889988e+00 2.51712605526309e+00 1.01446636320679e-03
3.60000000000000e-01 2.55735681218619e+00 2.55836407535859e+00 1.00726317239186e-03
3.65000000000000e-01 2.59800665207183e+00 2.59900139115685e+00 9.94739085020679e-04
3.70000000000000e-01 2.63782317055416e+00 2.63880007775179e+00 9.76907197624222e-04
3.75000000000000e-01 2.67657285458909e+00 2.67752667638138e+00 9.53821792288423e-04
3.80000000000000e-01 2.71402804039205e+00 2.71495363083915e+00 9.25590447101055e-04
3.85000000000000e-01 2.74996830470017e+00 2.75086068766886e+00 8.92382968683769e-04
3.90000000000000e-01 2.78418181562664e+00 2.78503625151058e+00 8.54435883936855e-04
3.95000000000000e-01 2.81646663542187e+00 2.81727868724248e+00 8.12051820604509e-04
4.00000000000000e-01 2.84663196711973e+00 2.84739756089084e+00 7.65593771109518e-04
4.05000000000000e-01 2.87449933677958e+00 2.87521481165829e+00 7.15474878717259e-04
4.10000000000000e-01 2.89990370292070e+00 2.90056584784471e+00 6.62144924010288e-04
4.15000000000000e-01 2.92269448484850e+00 2.92330055990464e+00 6.06075056132305e-04
4.20000000000000e-01 2.94273650192867e+00 2.94328424439572e+00 5.47742467050583e-04
4.25000000000000e-01 2.95991081648408e+00 2.96039843312221e+00 4.87616638125576e-04
4.30000000000000e-01 2.97411547384504e+00 2.97454162236171e+00 4.26148516677216e-04
4.35000000000000e-01 2.98526613412889e+00 2.98562989767982e+00 3.63763550935481e-04
4.40000000000000e-01 2.99329659149266e+00 2.99359745048043e+00 3.00858987772212e-04
4.45000000000000e-01 2.99815917781765e+00 2.99839698310739e+00 2.37805289746262e-04
4.50000000000000e-01 2.99982504897359e+00 3.00000000000000e+00 1.74951026408632e-04
4.55000000000000e-01 2.99828435290818e+00 2.99839698310739e+00 1.12630199210262e-04
4.60000000000000e-01 2.99354627976815e+00 2.99359745048043e+00 5.11707122852201e-05
4.65000000000000e-01 2.98563899505444e+00 2.98562989767982e+00 9.09737461896043e-06
4.70000000000000e-01 2.97460945744240e+00 2.97454162236171e+00 6.78350806877503e-05
4.75000000000000e-01 2.96052312337436e+00 2.96039843312221e+00 1.24690252155890e-04
4.80000000000000e-01 2.94346354089065e+00 2.94328424439572e+00 1.79296494929204e-04
4.85000000000000e-01 2.92353183544882e+00 2.92330055990464e+00 2.31275544178899e-04
4.90000000000000e-01 2.90084609074043e+00 2.90056584784471e+00 2.80242895720484e-04
4.95000000000000e-01 2.87554062779484e+00 2.87521481165829e+00 3.25816136543366e-04
5.00000000000000e-01 2.84776518600040e+00 2.84739756089084e+00 3.67625109553682e-04
5.05000000000000e-01 2.81768401010186e+00 2.81727868724248e+00 4.05322859386104e-04
5.10000000000000e-01 2.78547484775899e+00 2.78503625151058e+00 4.38596248406586e-04
5.15000000000000e-01 2.75132786287266e+00 2.75086068766886e+00 4.67175203807457e-04
5.20000000000000e-01 2.71544447058134e+00 2.71495363083915e+00 4.90839742196325e-04
5.25000000000000e-01 2.67803610057159e+00 2.67752667638138e+00 5.09424190207941e-04
5.30000000000000e-01 2.63932289609366e+00 2.63880007775179e+00 5.22818341868181e-04
5.35000000000000e-01 2.59953235678373e+00 2.59900139115685e+00 5.30965626878377e-04
5.40000000000000e-01 2.55889793402893e+00 2.55836407535859e+00 5.33858670344944e-04
5.45000000000000e-01 2.51765758813409e+00 2.51712605526309e+00 5.31532871002049e-04
5.50000000000000e-01 2.47605231693588e+00 2.47552825814758e+00 5.24058788302195e-04
5.55000000000000e-01 2.43432466574580e+00 2.43381313154985e+00 5.11534195947405e-04
5.60000000000000e-01 2.39271722858655e+00 2.39222315195700e+00 4.94076629555806e-04
5.65000000000000e-01 2.35147115062601e+00 2.35099933348698e+00 4.71817139033881e-04
5.70000000000000e-01 2.31082464152746e+00 2.31037974575665e+00 4.44895770812082e-04
5.75000000000000e-01 2.27101150914908e+00 2.27059805007310e+00 4.13459075983447e-04
5.80000000000000e-01 2.23225972266797e+00 2.23188206297222e+00 3.77659695748989e-04
5.85000000000000e-01 2.19479001380200e+00 2.19445235595975e+00 3.37657842253591e-04
5.90000000000000e-01 2.15881452438155e+00 2.15852090008677e+00 2.93624294776418e-04
5.95000000000000e-01 2.12453550810158e+00 2.12428976371522e+00 2.45744386367708e-04
6.00000000000000e-01 2.09214409387615e+00 2.09194987150091e+00 1.94222375243136e-04
6.05000000000000e-01 2.06181911782616e+00 2.06167983224433e+00 1.39285581832294e-04
6.10000000000000e-01 2.03372603055732e+00 2.03364484283446e+00 8.11877228636959e-05
6.15000000000000e-01 2.00801588602009e+00 2.00799567504205e+00 2.02109780409465e-05
6.20000000000000e-01 1.98482441787711e+00 1.98486775140779e+00 4.33335306770921e-05
6.25000000000000e-01 1.96427120892147e+00 1.96438031592140e+00 1.09106999935937e-04
6.30000000000000e-01 1.94645895867830e+00 1.94663570460343e+00 1.76745925132726e-04
6.35000000000000e-01 1.93147285386917e+00 1.93171872048530e+00 2.45866616125578e-04
6.40000000000000e-01 1.91938004591286e+00 1.91969611683971e+00 3.16070926849044e-04
6.45000000000000e-01 1.91022923907088e+00 1.91061619184595e+00 3.86952775069060e-04
6.50000000000000e-01 1.90405039221728e+00 1.90450849718747e+00 4.58104970193052e-04
6.55000000000000e-01 1.90085453652138e+00 1.90138366237698e+00 5.29125855601498e-04
6.60000000000000e-01 1.90063371058298e+00 1.90123333589028e+00 5.99625307301288e-04
6.65000000000000e-01 1.90336101376207e+00 1.90403024347033e+00 6.69229708252228e-04
6.70000000000000e-01 1.90899077761081e+00 1.90972836324032e+00 7.37585629503323e-04
6.75000000000000e-01 1.91745885446012e+00 1.91826321654437e+00 8.04362084252830e-04
6.80000000000000e-01 1.92868302135513e+00 1.92955227272105e+00 8.69251365911428e-04
6.85000000000000e-01 1.94256349669100e+00 1.94349546531226e+00 9.31968621262103e-04
6.90000000000000e-01 1.95898356609288e+00 1.95997581652323e+00 9.92250430351893e-04
6.95000000000000e-01 1.97781031332908e+00 1.97886016608158e+00 1.04985275249891e-03
7.00000000000000e-01 1.99889545135674e+00 2.00000000000000e+00 1.10454864325749e-03
7.05000000000000e-01 2.02207624798673e+00 2.02323237413106e+00 1.15612614433491e-03
7.10000000000000e-01 2.04717654011949e+00 2.04838092681811e+00 1.20438669861356e-03
7.15000000000000e-01 2.07400783004534e+00 2.07525697439691e+00 1.24914435156764e-03
7.20000000000000e-01 2.10237045691102e+00 2.10366068279205e+00 1.29022588102767e-03
7.25000000000000e-01 2.13205483611706e+00 2.13338230798255e+00 1.32747186548299e-03
7.30000000000000e-01 2.16284275911149e+00 2.16420349768687e+00 1.36073857537600e-03
7.35000000000000e-01 2.19450874577106e+00 2.19589864623990e+00 1.38990046883514e-03
7.40000000000000e-01 2.22682144129966e+00 2.22823629430637e+00 1.41485300671107e-03
7.45000000000000e-01 2.25954504932014e+00 2.26098056479902e+00 1.43551547888388e-03
7.50000000000000e-01 2.29244079259192e+00 2.29389262614624e+00 1.45183355431922e-03
7.55000000000000e-01 2.32526839256077e+00 2.32673217388556e+00 1.46378132479574e-03
7.60000000000000e-01 2.35778755875299e+00 2.35925892144618e+00 1.47136269318926e-03
7.65000000000000e-01 2.38975947888070e+00 2.39123409092702e+00 1.47461204632338e-03
7.70000000000000e-01 2.42094830044350e+00 2.42242189467697e+00 1.47359423347559e-03
7.75000000000000e-01 2.45112259460804e+00 2.45259099854052e+00 1.46840393247905e-03
7.80000000000000e-01 2.48005679322688e+00 2.48151595774496e+00 1.45916451808015e-03
7.85000000000000e-01 2.50753259002283e+00 2.50897861657418e+00 1.44602655134385e-03
7.90000000000000e-01 2.53334029720746e+00 2.53476946319709e+00 1.42916598963572e-03
7.95000000000000e-01 2.55728014911235e+00 2.55868893129538e+00 1.40878218303042e-03
8.00000000000000e-01 2.57916354477600e+00 2.58054864046305e+00 1.38509568704404e-03
8.05000000000000e-01 2.59881422183498e+00 2.60017256772797e+00 1.35834589299177e-03
8.10000000000000e-01 2.61606935450588e+00 2.61739814297001e+00 1.32878846413131e-03
8.15000000000000e-01 2.63078056890954e+00 2.63207726147960e+00 1.29669257005993e-03
8.20000000000000e-01 2.64281486947912e+00 2.64407720741157e+00 1.26233793245323e-03
8.25000000000000e-01 2.65205547071250e+00 2.65328148243819e+00 1.22601172568793e-03
8.30000000000000e-01 2.65840252908084e+00 2.65959053448992e+00 1.18800540907804e-03
8.35000000000000e-01 2.66177377049363e+00 2.66292238208847e+00 1.14861159483493e-03
8.40000000000000e-01 2.66210500934826e+00 2.66321313042021e+00 1.10812107195546e-03
8.45000000000000e-01 2.65935055585851e+00 2.66041737596564e+00 1.06682010713177e-03
8.50000000000000e-01 2.65348350905722e+00 2.65450849718747e+00 1.02498813025242e-03
8.55000000000000e-01 2.64449593359636e+00 2.64547882948272e+00 9.82895886354029e-04
8.60000000000000e-01 2.63239891921384e+00 2.63333972331718e+00 9.40804103349180e-04
8.65000000000000e-01 2.61722252249138e+00 2.61812148518153e+00 8.98962690146998e-04
8.70000000000000e-01 2.59901559128255e+00 2.59987320173000e+00 8.57610447454693e-04
8.75000000000000e-01 2.57784547293738e+00 2.57866244818360e+00 8.16975246211715e-04
8.80000000000000e-01 2.55379760818596e+00 2.55457488279246e+00 7.77274606491130e-04
8.85000000000000e-01 2.52697501326323e+00 2.52771372985530e+00 7.38716592073363e-04
8.90000000000000e-01 2.49749765356036e+00 2.49819915448034e+00 7.01500919976450e-04
8.95000000000000e-01 2.46550171277096e+00 2.46616753293972e+00 6.65820168763265e-04
9.00000000000000e-01 2.43113876216067e+00 2.43177062311339e+00 6.31860952720054e-04
9.05000000000000e-01 2.39457483522093e+00 2.39517464013388e+00 5.99804912948532e-04
9.10000000000000e-01 2.35598941356487e+00 2.35655924292839e+00 5.69829363521901e-04
9.15000000000000e-01 2.31557433047658e+00 2.31611643790350e+00 5.42107426912519e-04
9.20000000000000e-01 2.27353259902593e+00 2.27404940652903e+00 5.16807503096128e-04
9.25000000000000e-01 2.23007717209944e+00 2.23057126404647e+00 4.94091947030206e-04
9.30000000000000e-01 2.18542964206958e+00 2.18590375695213e+00 4.74114882551557e-04
9.35000000000000e-01 2.13981888812553e+00 2.14027590728277e+00 4.57019157246830e-04
9.40000000000000e-01 2.09347967952131e+00 2.09392261205918e+00 4.42932537871421e-04
9.45000000000000e-01 2.04665124316912e+00 2.04708320651983e+00 4.31963350712827e-04
9.50000000000000e-01 1.99957580412697e+00 2.00000000000000e+00 4.24195873028443e-04
9.55000000000000e-01 1.95249710761494e+00 1.95291679348017e+00 4.19685865223451e-04
9.60000000000000e-01 1.90565893125707e+00 1.90607738794082e+00 4.18456683753732e-04
9.65000000000000e-01 1.85930359629821e+00 1.85972409271723e+00 4.20496419016425e-04
9.70000000000000e-01 1.81367048659489e+00 1.81409624304787e+00 4.25756452983483e-04
9.75000000000000e-01 1.76899458422668e+00 1.76942873595353e+00 4.34151726854015e-04
9.80000000000000e-01 1.72550503061415e+00 1.72595059347097e+00 4.45562856818071e-04
9.85000000000000e-01 1.68342372204620e+00 1.68388356209650e+00 4.59840050303750e-04
9.90000000000000e-01 1.64296394849450e+00 1.64344075707161e+00 4.76808577112520e-04
9.95000000000000e-01 1.60432908450205e+00 1.60482535986612e+00 4.96275364071153e-04
1.00000000000000e+00 1.56771134075292e+00 1.56822937688661e+00 5.18036133690947e-04
1.00500000000000e+00 1.53329058464189e+00 1.53383246706028e+00 5.41882418392925e-04
1.01000000000000e+00 1.50123323775186e+00 1.50180084551966e+00 5.67607767807399e-04
1.01500000000000e+00 1.47169125761074e+00 1.47228627014470e+00 5.95012533961325e-04
1.02000000000000e+00 1.44480121044441e+00 1.44542511720755e+00 6.23906763135507e-04
1.02500000000000e+00 1.42068344088608e+00 1.42133755181640e+00 6.54110930326190e-04
1.03000000000000e+00 1.39944134377131e+00 1.40012679827000e+00 6.85454498681404e-04
1.03500000000000e+00 1.38116074227434e+00 1.38187851481848e+00 7.17772544130968e-04
1.04000000000000e+00 1.36590937576003e+00 1.36666027668282e+00 7.50900922788178e-04
1.04500000000000e+00 1.35373649986990e+00 1.35452117051728e+00 7.84670647381747e-04
1.05000000000000e+00 1.34467260055833e+00 1.34549150281253e+00 8.18902254192455e-04
1.05500000000000e+00 1.33872922306512e+00 1.33958262403436e+00 8.53400969239138e-04
1.06000000000000e+00 1.33589891616398e+00 1.33678686957979e+00 8.87953415809495e-04
1.06500000000000e+00 1.33615529146059e+00 1.33707761791153e+00 9.22326450940147e-04
1.07000000000000e+00 1.33945319701850e+00 1.34040946551008e+00 9.56268491584256e-04
1.07500000000000e+00 1.34572900414559e+00 1.34671851756181e+00 9.89513416221444e-04
1.08000000000000e+00 1.35490100575401e+00 1.35592279258843e+00 1.02178683441645e-03
1.08500000000000e+00 1.36686992428233e+00 1.36792273852040e+00 1.05281423806414e-03
1.09000000000000e+00 1.38151952671454e+00 1.38260185702999e+00 1.08233031545102e-03
1.09500000000000e+00 1.39871734372130e+00 1.39982743227203e+00 1.11008855072336e-03
1.10000000000000e+00 1.41831548936979e+00 1.41945135953695e+00 1.13587016716465e-03
1.10500000000000e+00 1.44015157719067e+00 1.44131106870462e+00 1.15949151394634e-03
1.11000000000000e+00 1.46404972766104e+00 1.46523053680291e+00 1.18080914186658e-03
1.11500000000000e+00 1.48982166137393e+00 1.49102138342582e+00 1.19972205188779e-03
1.12000000000000e+00 1.51726787134843e+00 1.51848404225504e+00 1.21617090660764e-03
1.12500000000000e+00 1.54617886712336e+00 1.54740900145948e+00 1.23013433612162e-03
1.13000000000000e+00 1.57633648251681e+00 1.57757810532303e+00 1.24162280621687e-03
1.13500000000000e+00 1.60751523826552e+00 1.60876590907298e+00 1.25067080746022e-03
1.14000000000000e+00 1.63948375022376e+00 1.64074107855382e+00 1.25732833005543e-03
1.14500000000000e+00 1.67200617343176e+00 1.67326782611444e+00 1.26165268267475e-03
1.15000000000000e+00 1.70484367217683e+00 1.70610737385376e+00 1.26370167693035e-03
1.15500000000000e+00 1.73775590616767e+00 1.73901943520098e+00 1.26352903330851e-03
1.16000000000000e+00 1.77050252310739e+00 1.77176370569363e+00 1.26118258623653e-03
1.16500000000000e+00 1.80284464825106e+00 1.80410135376010e+00 1.25670550904156e-03
1.17000000000000e+00 1.83454636192469e+00 1.83579650231313e+00 1.25014038843707e-03
1.17500000000000e+00 1.86537615641284e+00 1.86661769201745e+00 1.24153560461870e-03
1.18000000000000e+00 1.89510836404175e+00 1.89633931720795e+00 1.23095316619848e-03
1.18500000000000e+00 1.92352454865204e+00 1.92474302560309e+00 1.21847695104704e-03
1.19000000000000e+00 1.95041485294095e+00 1.95161907318189e+00 1.20422024094013e-03
1.19500000000000e+00 1.97557929435062e+00 1.97676762586894e+00 1.18833151831810e-03
1.20000000000000e+00 1.99882900229465e+00 2.00000000000000e+00 1.17099770535400e-03
1.20500000000000e+00 2.01998738957882e+00 2.02113983391842e+00 1.15244433960093e-03
1.21000000000000e+00 2.03889125092325e+00 2.04002418347677e+00 1.13293255351499e-03
1.21500000000000e+00 2.05539178158034e+00 2.05650453468774e+00 1.11275310739734e-03
1.22000000000000e+00 2.06935550921172e+00 2.07044772727895e+00 1.09221806722948e-03
1.22500000000000e+00 2.08066513247715e+00 2.08173678345563e+00 1.07165097847695e-03
1.23000000000000e+00 2.08922026022470e+00 2.09027163675968e+00 1.05137653498444e-03
1.23500000000000e+00 2.09493804576435e+00 2.09596975652967e+00 1.03171076532416e-03
1.24000000000000e+00 2.09775371144883e+00 2.09876666410972e+00 1.01295266089840e-03
1.24500000000000e+00 2.09762095965395e+00 2.09861633762302e+00 9.95377969065014e-04
1.25000000000000e+00 2.09451226721215e+00 2.09549150281253e+00 9.79235600374384e-04
1.25500000000000e+00 2.08841906136635e+00 2.08938380815405e+00 9.64746787699866e-04
1.26000000000000e+00 2.07935177633604e+00 2.08030388316029e+00 9.52106824247512e-04
1.26500000000000e+00 2.06733979058304e+00 2.06828127951470e+00 9.41488931667678e-04
1.27000000000000e+00 2.05243124580034e+00 2.05336429539657e+00 9.33049596232305e-04
1.27500000000000e+00 2.03469274949942e+00 2.03561968407860e+00 9.26934579177807e-04
1.28000000000000e+00 2.01420896382660e+00 2.01513224859221e+00 9.23284765613097e-04
1.28500000000000e+00 1.99108208389390e+00 1.99200432495795e+00 9.22241064048146e-04
1.29000000000000e+00 1.96543120946912e+00 1.96635515716554e+00 9.23947696419791e-04
1.29500000000000e+00 1.93739161434526e+00 1.93832016775567e+00 9.28553410411981e-04
1.30000000000000e+00 1.90711391811792e+00 1.90805012849909e+00 9.36210381165647e-04
1.30500000000000e+00 1.87476316546067e+00 1.87571023628478e+00 9.47070824118601e-04
1.31000000000000e+00 1.84051781832263e+00 1.84147909991323e+00 9.61281590592611e-04
1.31500000000000e+00 1.80456866680161e+00 1.80554764404025e+00 9.78977238640377e-04
1.32000000000000e+00 1.76711766478458e+00 1.76811793702778e+00 1.00027224320165e-03
1.32500000000000e+00 1.72837669681183e+00 1.72940194992690e+00 1.02525311507251e-03
1.33000000000000e+00 1.68856628301667e+00 1.68962025424335e+00 1.05397122667572e-03
1.33500000000000e+00 1.64791422942209e+00 1.64900066651302e+00 1.08643709092471e-03
1.34000000000000e+00 1.60665423133211e+00 1.60777684804300e+00 1.12261671089464e-03
1.34500000000000e+00 1.56502443802583e+00 1.56618686845015e+00 1.16243042432318e-03
1.35000000000000e+00 1.52326598742592e+00 1.52447174185242e+00 1.20575442650095e-03
1.35500000000000e+00 1.48162151984576e+00 1.48287394473691e+00 1.25242489115562e-03
1.36000000000000e+00 1.44033368029236e+00 1.44163592464141e+00 1.30224434905291e-03
1.36500000000000e+00 1.39964361908859e+00 1.40099860884315e+00 1.35498975455439e-03
1.37000000000000e+00 1.35978950075107e+00 1.36119992224821e+00 1.41042149714066e-03
1.37500000000000e+00 1.32100503110197e+00 1.32247332361862e+00 1.46829251664271e-03
1.38000000000000e+00 1.28351801249064e+00 1.28504636916085e+00 1.52835667021356e-03
1.38500000000000e+00 1.24754893675283e+00 1.24913931233114e+00 1.59037557830799e-03
1.39000000000000e+00 1.21330962514978e+00 1.21496374848942e+00 1.65412333963699e-03
1.39500000000000e+00 1.18100192402284e+00 1.18272131275752e+00 1.71938873467736e-03
1.40000000000000e+00 1.15081646429862e+00 1.15260243910916e+00 1.78597481053488e-03
1.40500000000000e+00 1.12293149231459e+00 1.12478518834171e+00 1.85369602711316e-03
1.41000000000000e+00 1.09751177873976e+00 1.09943415215529e+00 1.92237341553003e-03
1.41500000000000e+00 1.07470761167202e+00 1.07669944009536e+00 1.99182842334222e-03
1.42000000000000e+00 1.05465387933126e+00 1.05671575560428e+00 2.06187627301224e-03
1.42500000000000e+00 1.03746924715625e+00 1.03960156687779e+00 2.13231972154371e-03
1.43000000000000e+00 1.02325543356629e+00 1.02545837763829e+00 2.20294407199906e-03
1.43500000000000e+00 1.01209658816657e+00 1.01437010232018e+00 2.27351415360166e-03
1.44000000000000e+00 1.00405877574987e+00 1.00640254951957e+00 2.34377376969874e-03
1.44500000000000e+00 9.99189569058773e-01 1.00160301689261e+00 2.41344783383257e-03
1.45000000000000e+00 9.97517752895548e-01 1.00000000000000e+00 2.48224710445244e-03
1.45500000000000e+00 9.99053141770323e-01 1.00160301689261e+00 2.54987512228244e-03
1.46000000000000e+00 1.00378651283288e+00 1.00640254951957e+00 2.61603668668675e-03
1.46500000000000e+00 1.01168965530957e+00 1.01437010232018e+00 2.68044701060255e-03
1.47000000000000e+00 1.02271553704540e+00 1.02545837763829e+00 2.74284059288488e-03
1.47500000000000e+00 1.03679858802072e+00 1.03960156687779e+00 2.80297885707381e-03
1.48000000000000e+00 1.05385509987520e+00 1.05671575560428e+00 2.86065572907135e-03
1.48500000000000e+00 1.07378373954348e+00 1.07669944009536e+00 2.91570055188606e-03
1.49000000000000e+00 1.09646617411573e+00 1.09943415215529e+00 2.96797803955906e-03
1.49500000000000e+00 1.12176780302165e+00 1.12478518834171e+00 3.01738532005413e-03
1.50000000000000e+00 1.14953859264189e+00 1.15260243910916e+00 3.06384646726632e-03
1.50500000000000e+00 1.17961400752605e+00 1.18272131275752e+00 3.10730523147607e-03
1.51000000000000e+00 1.21181603158327e+00 1.21496374848942e+00 3.14771690614823e-03
1.51500000000000e+00 1.24595427194543e+00 1.24913931233114e+00 3.18504038570833e-03
1.52000000000000e+00 1.28182713770516e+00 1.28504636916085e+00 3.21923145568848e-03
1.52500000000000e+00 1.31922308540638e+00 1.32247332361862e+00 3.25023821224280e-03
1.53000000000000e+00 1.35792192300067e+00 1.36119992224821e+00 3.27799924754113e-03
1.53500000000000e+00 1.39769616395064e+00 1.40099860884315e+00 3.30244489251141e-03
1.54000000000000e+00 1.43831242322027e+00 1.44163592464141e+00 3.32350142113991e-03
1.54500000000000e+00 1.47953284699529e+00 1.48287394473691e+00 3.34109774161884e-03
1.55000000000000e+00 1.52111656807502e+00 1.52447174185242e+00 3.35517377740024e-03
1.55500000000000e+00 1.56282117893153e+00 1.56618686845015e+00 3.36568951861849e-03
1.56000000000000e+00 1.60440421441238e+00 1.60777684804300e+00 3.37263363061968e-03
1.56500000000000e+00 1.64562463595870e+00 1.64900066651302e+00 3.37603055432245e-03
1.57000000000000e+00 1.68624430902759e+00 1.68962025424335e+00 3.37594521576245e-03
1.57500000000000e+00 1.72602946517109e+00 1.72940194992690e+00 3.37248475580920e-03
1.58000000000000e+00 1.76475213997178e+00 1.76811793702778e+00 3.36579705600304e-03
1.58500000000000e+00 1.80219157781510e+00 1.80554764404025e+00 3.35606622515239e-03
1.59000000000000e+00 1.83813559434026e+00 1.84147909991323e+00 3.34350557297225e-03
1.59500000000000e+00 1.87238188739930e+00 1.87571023628478e+00 3.32834888548805e-03
1.60000000000000e+00 1.90473928750229e+00 1.90805012849909e+00 3.31084099680390e-03
1.60500000000000e+00 1.93502893905314e+00 1.93832016775567e+00 3.29122870252574e-03
1.61000000000000e+00 1.96308540418695e+00 1.96635515716554e+00 3.26975297858900e-03
1.61500000000000e+00 1.98875768168828e+00 1.99200432495795e+00 3.24664326966628e-03
1.62000000000000e+00 2.01191013426996e+00 2.01513224859221e+00 3.22211432225039e-03
1.62500000000000e+00 2.03242331837963e+00 2.03561968407860e+00 3.19636569896620e-03
1.63000000000000e+00 2.05019471163017e+00 2.05336429539657e+00 3.16958376639986e-03
1.63500000000000e+00 2.06513933387227e+00 2.06828127951470e+00 3.14194564242820e-03
1.64000000000000e+00 2.07719025880185e+00 2.08030388316029e+00 3.11362435843510e-03
1.64500000000000e+00 2.08629901379160e+00 2.08938380815405e+00 3.08479436245213e-03
1.65000000000000e+00 2.09243586633790e+00 2.09549150281253e+00 3.05563647462659e-03
1.65500000000000e+00 2.09558999611822e+00 2.09861633762302e+00 3.02634150480241e-03
1.66000000000000e+00 2.09576955217260e+00 2.09876666410972e+00 2.99711193712016e-03
1.66500000000000e+00 2.09300159517746e+00 2.09596975652967e+00 2.96816135221478e-03
1.67000000000000e+00 2.08733192520167e+00 2.09027163675968e+00 2.93971155801476e-03
1.67500000000000e+00 2.07882479575753e+00 2.08173678345563e+00 2.91198769809764e-03
1.68000000000000e+00 2.06756251541451e+00 2.07044772727895e+00 2.88521186444646e-03
1.68500000000000e+00 2.05364493875896e+00 2.05650453468774e+00 2.85959592878271e-03
1.69000000000000e+00 2.03718884907522e+00 2.04002418347677e+00 2.83533440155104e-03
1.69500000000000e+00 2.01832723579825e+00 2.02113983391842e+00 2.81259812016765e-03
1.70000000000000e+00 1.99720847053840e+00 2.00000000000000e+00 2.79152946160433e-03
1.70500000000000e+00 1.97399538628563e+00 1.97676762586893e+00 2.77223958330075e-03
1.71000000000000e+00 1.94886426523511e+00 1.95161907318189e+00 2.75480794678074e-03
1.71500000000000e+00 1.92200374150127e+00 1.92474302560309e+00 2.73928410182012e-03
1.72000000000000e+00 1.89361362576689e+00 1.89633931720795e+00 2.72569144105805e-03
1.72500000000000e+00 1.86390365960884e+00 1.86661769201745e+00 2.71403240861257e-03
1.73000000000000e+00 1.83309220782405e+00 1.83579650231313e+00 2.70429448908005e-03
1.73500000000000e+00 1.80140489752671e+00 1.80410135376010e+00 2.69645623339376e-03
1.74000000000000e+00 1.76907321309150e+00 1.77176370569363e+00 2.69049260212673e-03
1.74500000000000e+00 1.73633305618213e+00 1.73901943520098e+00 2.68637901885227e-03
1.75000000000000e+00 1.70342328014399e+00 1.70610737385376e+00 2.68409370977607e-03
1.75500000000000e+00 1.67058420797893e+00 1.67326782611444e+00 2.68361813550344e-03
1.76000000000000e+00 1.63805614298864e+00 1.64074107855382e+00 2.68493556518301e-03
1.76500000000000e+00 1.60607788100105e+00 1.60876590907298e+00 2.68802807192747e-03
1.77000000000000e+00 1.57488523291069e+00 1.57757810532303e+00 2.69287241233318e-03
1.77500000000000e+00 1.54470956608814e+00 1.54740900145948e+00 2.69943537133543e-03
1.78000000000000e+00 1.51577637306000e+00 1.51848404225504e+00 2.70766919503762e-03
1.78500000000000e+00 1.48830387572877e+00 1.49102138342582e+00 2.71750769705137e-03
1.79000000000000e+00 1.46250167328517e+00 1.46523053680291e+00 2.72886351773227e-03
1.79500000000000e+00 1.43856944184684e+00 1.44131106870462e+00 2.74162685778401e-03
1.80000000000000e+00 1.41669569371573e+00 1.41945135953695e+00 2.75566582122111e-03
1.80500000000000e+00 1.39705660395990e+00 1.39982743227203e+00 2.77082831213127e-03
1.81000000000000e+00 1.37981491177036e+00 1.38260185702999e+00 2.78694525963252e-03
1.81500000000000e+00 1.36511890370605e+00 1.36792273852040e+00 2.80383481435176e-03
1.82000000000000e+00 1.35310148550739e+00 1.35592279258843e+00 2.82130708103145e-03
1.82500000000000e+00 1.34387934863149e+00 1.34671851756181e+00 2.83916893032021e-03
1.83000000000000e+00 1.33755223704429e+00 1.34040946551008e+00 2.85722846579239e-03
1.83500000000000e+00 1.33420231911075e+00 1.33707761791153e+00 2.87529880078075e-03
1.84000000000000e+00 1.33389366866993e+00 1.33678686957979e+00 2.89320090985790e-03
1.84500000000000e+00 1.33667185858976e+00 1.33958262403436e+00 2.91076544459901e-03
1.85000000000000e+00 1.34256366928538e+00 1.34549150281253e+00 2.92783352714987e-03
1.85500000000000e+00 1.35157691387490e+00 1.35452117051728e+00 2.94425664238251e-03
1.86000000000000e+00 1.36370038085267e+00 1.36666027668282e+00 2.95989583014511e-03
1.86500000000000e+00 1.37890389439201e+00 1.38187851481848e+00 2.97462042646823e-03
1.87000000000000e+00 1.39713849165427e+00 1.40012679827000e+00 2.98830661572880e-03
1.87500000000000e+00 1.41833671577879e+00 1.42133755181640e+00 3.00083603761792e-03
1.88000000000000e+00 1.44241302255738e+00 1.44542511720755e+00 3.01209465016838e-03
1.88500000000000e+00 1.46926429815245e+00 1.47228627014470e+00 3.02197199224330e-03
1.89000000000000e+00 1.49877048459515e+00 1.50180084551967e+00 3.03036092451858e-03
1.89500000000000e+00 1.53079530919322e+00 1.53383246706028e+00 3.03715786706094e-03
1.90000000000000e+00 1.56518711338679e+00 1.56822937688661e+00 3.04226349982284e-03
1.90500000000000e+00 1.60177977601073e+00 1.60482535986612e+00 3.04558385538223e-03
1.91000000000000e+00 1.64039372536038e+00 1.64344075707161e+00 3.04703171123144e-03
1.91500000000000e+00 1.68083703391448e+00 1.68388356209650e+00 3.04652818202289e-03
1.92000000000000e+00 1.72290658905479e+00 1.72595059347097e+00 3.04400441617392e-03
1.92500000000000e+00 1.76638933264106e+00 1.76942873595353e+00 3.03940331247721e-03
1.93000000000000e+00 1.81106356186182e+00 1.81409624304787e+00 3.03268118604727e-03
1.93500000000000e+00 1.85670028339231e+00 1.85972409271723e+00 3.02380932491397e-03
1.94000000000000e+00 1.90306461255410e+00 1.90607738794082e+00 3.01277538672307e-03
1.94500000000000e+00 1.94991720889222e+00 1.95291679348017e+00 2.99958458794869e-03
1.95000000000000e+00 1.99701573936299e+00 2.00000000000000e+00 2.98426063700719e-03
1.95500000000000e+00 2.04411636016049e+00 2.04708320651983e+00 2.96684635934108e-03
1.96000000000000e+00 2.09097520809856e+00 2.09392261205918e+00 2.94740396061810e-03
1.96500000000000e+00 2.13734989240676e+00 2.14027590728277e+00 2.92601487601685e-03
1.97000000000000e+00 2.18300097778978e+00 2.18590375695213e+00 2.90277916234549e-03
1.97500000000000e+00 2.22769344963997e+00 2.23057126404646e+00 2.87781440649715e-03
1.98000000000000e+00 2.27119815238084e+00 2.27404940652903e+00 2.85125414818888e-03
1.98500000000000e+00 2.31329319205762e+00 2.31611643790350e+00 2.82324584587768e-03
1.99000000000000e+00 2.35376529447969e+00 2.35655924292839e+00 2.79394844870051e-03
1.99500000000000e+00 2.39241111046345e+00 2.39517464013388e+00 2.76352967043580e-03
2.00000000000000e+00 2.42903846002377e+00 2.43177062311339e+00 2.73216308962132e-03
2.00500000000000e+00 2.46346750772030e+00 2.46616753293972e+00 2.70002521941404e-03
2.01000000000000e+00 2.49553186178218e+00 2.49819915448034e+00 2.66729269815569e-03
2.01500000000000e+00 2.52507959010920e+00 2.52771372985530e+00 2.63413974610582e-03
2.02000000000000e+00 2.55197414677782e+00 2.55457488279245e+00 2.60073601463562e-03
2.02500000000000e+00 2.57609520325961e+00 2.57866244818359e+00 2.56724492398419e-03
2.03000000000000e+00 2.59733937918337e+00 2.59987320173000e+00 2.53382254663093e-03
2.03500000000000e+00 2.61562086813156e+00 2.61812148518152e+00 2.50061704996485e-03
2.04000000000000e+00 2.63087195464907e+00 2.63333972331718e+00 2.46776866811205e-03
2.04500000000000e+00 2.64304341934960e+00 2.64547882948272e+00 2.43541013311654e-03
2.05000000000000e+00 2.65210482972437e+00 2.65450849718747e+00 2.40366746310716e-03
2.05500000000000e+00 2.65804471498319e+00 2.66041737596564e+00 2.37266098245259e-03
2.06000000000000e+00 2.66087062398283e+00 2.66321313042021e+00 2.34250643738632e-03
2.06500000000000e+00 2.66060906601848e+00 2.66292238208847e+00 2.31331606998708e-03
2.07000000000000e+00 2.65730533496690e+00 2.65959053448992e+00 2.28519952301420e-03
2.07500000000000e+00 2.65102321797210e+00 2.65328148243819e+00 2.25826446608979e-03
2.08000000000000e+00 2.64184459055363e+00 2.64407720741157e+00 2.23261685794052e-03
2.08500000000000e+00 2.62986890069170e+00 2.63207726147960e+00 2.20836078789866e-03
2.09000000000000e+00 2.61521254509930e+00 2.61739814297001e+00 2.18559787071104e-03
2.09500000000000e+00 2.59800814152785e+00 2.60017256772797e+00 2.16442620012769e-03
2.10000000000000e+00 2.57840370156483e+00 2.58054864046305e+00 2.14493889822132e-03
2.10500000000000e+00 2.55656170896828e+00 2.55868893129538e+00 2.12722232709872e-03
2.11000000000000e+00 2.53265810913950e+00 2.53476946319710e+00 2.11135405759943e-03
2.11500000000000e+00 2.50688121586008e+00 2.50897861657418e+00 2.09740071409570e-03
2.12000000000000e+00 2.47943054191060e+00 2.48151595774496e+00 2.08541583435817e-03
2.12500000000000e+00 2.45051556064369e+00 2.45259099854052e+00 2.07543789682862e-03
2.13000000000000e+00 2.42035440600429e+00 2.42242189467697e+00 2.06748867268658e-03
2.13500000000000e+00 2.38917251887283e+00 2.39123409092702e+00 2.06157205418611e-03
2.14000000000000e+00 2.35720124795360e+00 2.35925892144618e+00 2.05767349258013e-03
2.14500000000000e+00 2.32467641373787e+00 2.32673217388556e+00 2.05576014769182e-03
2.15000000000000e+00 2.29183684433989e+00 2.29389262614624e+00 2.05578180634536e-03
2.15500000000000e+00 2.25892289222744e+00 2.26098056479902e+00 2.05767257157730e-03
2.16000000000000e+00 2.22617494104547e+00 2.22823629430637e+00 2.06135326090484e-03
2.16500000000000e+00 2.19383191185360e+00 2.19589864623990e+00 2.06673438630078e-03
2.17000000000000e+00 2.16212977816034e+00 2.16420349768687e+00 2.07371952653679e-03
2.17500000000000e+00 2.13130009913140e+00 2.13338230798255e+00 2.08220885115162e-03
2.18000000000000e+00 2.10156858027035e+00 2.10366068279205e+00 2.09210252170555e-03
2.18500000000000e+00 2.07315367071167e+00 2.07525697439691e+00 2.10330368524669e-03
2.19000000000000e+00 2.04626520602684e+00 2.04838092681811e+00 2.11572079126743e-03
2.19500000000000e+00 2.02110310512337e+00 2.02323237413107e+00 2.12926900770194e-03
2.20000000000000e+00 1.99785612941787e+00 2.00000000000000e+00 2.14387058213039e-03
2.20500000000000e+00 1.97670071199560e+00 1.97886016608158e+00 2.15945408597840e-03
2.21000000000000e+00 1.95779986393824e+00 1.95997581652323e+00 2.17595258499403e-03
2.21500000000000e+00 1.94130216442453e+00 1.94349546531226e+00 2.19330088772951e-03
2.22000000000000e+00 1.92734084059581e+00 1.92955227272105e+00 2.21143212523423e-03
2.22500000000000e+00 1.91603294254702e+00 1.91826321654437e+00 2.23027399734854e-03
2.23000000000000e+00 1.90747861816517e+00 1.90972836324032e+00 2.24974507514597e-03
2.23500000000000e+00 1.90176049190377e+00 1.90403024347033e+00 2.26975156656062e-03
2.24000000000000e+00 1.89894315096022e+00 1.90123333589028e+00 2.29018493005251e-03
2.24500000000000e+00 1.89907274171838e+00 1.90138366237698e+00 2.31092065859739e-03
2.25000000000000e+00 1.90217667872959e+00 1.90450849718747e+00 2.33181845788444e-03
2.25500000000000e+00 1.90826346792931e+00 1.91061619184595e+00 2.35272391663455e-03
2.26000000000000e+00 1.91732264521455e+00 1.91969611683971e+00 2.37347162516310e-03
2.26500000000000e+00 1.92932483093088e+00 1.93171872048530e+00 2.39388955442066e-03
2.27000000000000e+00 1.94422190022662e+00 1.94663570460343e+00 2.41380437681338e-03
2.27500000000000e+00 1.96194726861555e+00 1.96438031592140e+00 2.43304730585381e-03
2.28000000000000e+00 1.98241629144152e+00 1.98486775140779e+00 2.45145996626994e-03
2.28500000000000e+00 2.00552677525459e+00 2.00799567504205e+00 2.46889978746356e-03
2.29000000000000e+00 2.03115959838966e+00 2.03364484283446e+00 2.48524444479425e-03
2.29500000000000e+00 2.05917943729101e+00 2.06167983224433e+00 2.50039495332288e-03
2.30000000000000e+00 2.08943559436059e+00 2.09194987150091e+00 2.51427714031838e-03
2.30500000000000e+00 2.12176292234069e+00 2.12428976371522e+00 2.52684137452031e-03
2.31000000000000e+00 2.15598283949020e+00 2.15852090008677e+00 2.53806059657080e-03
2.31500000000000e+00 2.19190442910048e+00 2.19445235595975e+00 2.54792685926430e-03
2.32000000000000e+00 2.22932561624107e+00 2.23188206297221e+00 2.55644673114253e-03
2.32500000000000e+00 2.26803441404605e+00 2.27059805007310e+00 2.56363602704957e-03
2.33000000000000e+00 2.30781023136371e+00 2.31037974575665e+00 2.56951439294006e-03
2.33500000000000e+00 2.34842523320414e+00 2.35099933348698e+00 2.57410028283722e-03
2.34000000000000e+00 2.38964574513520e+00 2.39222315195699e+00 2.57740682179364e-03
2.34500000000000e+00 2.43123369259450e+00 2.43381313154985e+00 2.57943895535062e-03
2.35000000000000e+00 2.47294806599411e+00 2.47552825814758e+00 2.58019215346117e-03
2.35500000000000e+00 2.51454640248459e+00 2.51712605526309e+00 2.57965277849204e-03
2.36000000000000e+00 2.55578627529802e+00 2.55836407535858e+00 2.57780006056008e-03
2.36500000000000e+00 2.59642678169150e+00 2.59900139115685e+00 2.57460946535559e-03
2.37000000000000e+00 2.63623002064631e+00 2.63880007775179e+00 2.57005710548031e-03
2.37500000000000e+00 2.67496255163246e+00 2.67752667638138e+00 2.56412474892054e-03
2.38000000000000e+00 2.71239682591345e+00 2.71495363083914e+00 2.55680492569565e-03
2.38500000000000e+00 2.74831258204013e+00 2.75086068766886e+00 2.54810562872665e-03
2.39000000000000e+00 2.78249819736417e+00 2.78503625151058e+00 2.53805414641217e-03
2.39500000000000e+00 2.81475198759667e+00 2.81727868724248e+00 2.52669964580843e-03
2.40000000000000e+00 2.84488344665340e+00 2.84739756089084e+00 2.51411423744230e-03
2.40500000000000e+00 2.87271441927365e+00 2.87521481165829e+00 2.50039238464073e-03
2.41000000000000e+00 2.89808019918527e+00 2.90056584784471e+00 2.48564865944001e-03
2.41500000000000e+00 2.92083054592162e+00 2.92330055990463e+00 2.47001398301583e-03
2.42000000000000e+00 2.94083061378515e+00 2.94328424439572e+00 2.45363061057358e-03
2.42500000000000e+00 2.95796178690110e+00 2.96039843312221e+00 2.43664622110273e-03
2.43000000000000e+00 2.97212241481623e+00 2.97454162236171e+00 2.41920754548097e-03
2.43500000000000e+00 2.98322844367174e+00 2.98562989767982e+00 2.40145400808123e-03
2.44000000000000e+00 2.99121393861523e+00 2.99359745048043e+00 2.38351186520491e-03
2.44500000000000e+00 2.99603149380954e+00 2.99839698310739e+00 2.36548929785529e-03
2.45000000000000e+00 2.99765252714230e+00 3.00000000000000e+00 2.34747285770220e-03
2.45500000000000e+00 2.99606745753225e+00 2.99839698310739e+00 2.32952557514787e-03
2.46000000000000e+00 2.99128576355808e+00 2.99359745048044e+00 2.31168692235340e-03
2.46500000000000e+00 2.98333592299352e+00 2.98562989767982e+00 2.29397468630310e-03
2.47000000000000e+00 2.97226523370506e+00 2.97454162236171e+00 2.27638865665769e-03
2.47500000000000e+00 2.95813951724299e+00 2.96039843312221e+00 2.25891587921767e-03
2.48000000000000e+00 2.94104270731542e+00 2.94328424439572e+00 2.24153708030306e-03
2.48500000000000e+00 2.92107632616110e+00 2.92330055990464e+00 2.22423374353742e-03
2.49000000000000e+00 2.89835885261404e+00 2.90056584784471e+00 2.20699523067758e-03
2.49500000000000e+00 2.87302498636395e+00 2.87521481165830e+00 2.18982529434841e-03
2.50000000000000e+00 2.84522481354857e+00 2.84739756089084e+00 2.17274734227768e-03
2.50500000000000e+00 2.81512287935893e+00 2.81727868724248e+00 2.15580788355085e-03
2.51000000000000e+00 2.78289717379266e+00 2.78503625151058e+00 2.13907771791755e-03
2.51500000000000e+00 2.74873803705745e+00 2.75086068766886e+00 2.12265061141137e-03
2.52000000000000e+00 2.71284699141626e+00 2.71495363083915e+00 2.10663942288836e-03
2.52500000000000e+00 2.67543550649414e+00 2.67752667638138e+00 2.09116988724789e-03
2.53000000000000e+00 2.63672370525202e+00 2.63880007775179e+00 2.07637249976500e-03
2.53500000000000e+00 2.59693901799971e+00 2.59900139115685e+00 2.06237315714386e-03
2.54000000000000e+00 2.55631479198711e+00 2.55836407535859e+00 2.04928337147647e-03
2.54500000000000e+00 2.51508886430059e+00 2.51712605526309e+00 2.03719096249744e-03
2.55000000000000e+00 2.47350210600909e+00 2.47552825814758e+00 2.02615213848567e-03
2.55500000000000e+00 2.43179694575942e+00 2.43381313154985e+00 2.01618579043616e-03
2.56000000000000e+00 2.39021588130482e+00 2.39222315195700e+00 2.00727065218231e-03
2.56500000000000e+00 2.34899998775283e+00 2.35099933348698e+00 1.99934573415828e-03
2.57000000000000e+00 2.30838743161500e+00 2.31037974575666e+00 1.99231414165268e-03
2.57500000000000e+00 2.26861200000415e+00 2.27059805007310e+00 1.98605006894592e-03
2.58000000000000e+00 2.22990165452349e+00 2.23188206297222e+00 1.98040844873093e-03
2.58500000000000e+00 2.19247711949458e+00 2.19445235595975e+00 1.97523646517395e-03
2.59000000000000e+00 2.15655051415105e+00 2.15852090008678e+00 1.97038593573051e-03
2.59500000000000e+00 2.12232403826052e+00 2.12428976371522e+00 1.96572545469298e-03
2.60000000000000e+00 2.08998872031799e+00 2.09194987150091e+00 1.96115118292051e-03
2.60500000000000e+00 2.05972323697792e+00 2.06167983224433e+00 1.95659526641068e-03
2.61000000000000e+00 2.03169281177087e+00 2.03364484283446e+00 1.95203106359187e-03
2.61500000000000e+00 2.00604820040272e+00 2.00799567504205e+00 1.94747463933531e-03
2.62000000000000e+00 1.98292476909029e+00 1.98486775140779e+00 1.94298231749923e-03
2.62500000000000e+00 1.96244167147986e+00 1.96438031592140e+00 1.93864444154168e-03
2.63000000000000e+00 1.94470112876238e+00 1.94663570460343e+00 1.93457584105583e-03
2.63500000000000e+00 1.92978781667683e+00 1.93171872048530e+00 1.93090380846539e-03
2.64000000000000e+00 1.91776836221370e+00 1.91969611683971e+00 1.92775462601547e-03
2.64500000000000e+00 1.90869095201912e+00 1.91061619184595e+00 1.92523982682435e-03
2.65000000000000e+00 1.90258505377509e+00 1.90450849718747e+00 1.92344341238426e-03
2.65500000000000e+00 1.89946125119828e+00 1.90138366237698e+00 1.92241117870018e-03
2.66000000000000e+00 1.89931119275920e+00 1.90123333589028e+00 1.92214313107719e-03
2.66500000000000e+00 1.90210765376171e+00 1.90403024347033e+00 1.92258970861636e-03
2.67000000000000e+00 1.90780471102364e+00 1.90972836324032e+00 1.92365221668100e-03
2.67500000000000e+00 1.91633802903691e+00 1.91826321654437e+00 1.92518750746684e-03
2.68000000000000e+00 1.92762525613558e+00 1.92955227272105e+00 1.92701658546901e-03
2.68500000000000e+00 1.94156652883391e+00 1.94349546531226e+00 1.92893647834524e-03
2.69000000000000e+00 1.95804508209190e+00 1.95997581652323e+00 1.93073443133285e-03
2.69500000000000e+00 1.97692796280168e+00 1.97886016608158e+00 1.93220327989296e-03
2.70000000000000e+00 1.99806684325381e+00 2.00000000000000e+00 1.93315674618888e-03
2.70500000000000e+00 2.02129893073107e+00 2.02323237413106e+00 1.93344339999379e-03
2.71000000000000e+00 2.04644796869465e+00 2.04838092681811e+00 1.93295812345573e-03
2.71500000000000e+00 2.07332532428348e+00 2.07525697439691e+00 1.93165011343233e-03
2.72000000000000e+00 2.10173115606260e+00 2.10366068279205e+00 1.92952672945257e-03
2.72500000000000e+00 2.13145565515550e+00 2.13338230798255e+00 1.92665282704940e-03
2.73000000000000e+00 2.16228035210777e+00 2.16420349768687e+00 1.92314557909290e-03
2.73500000000000e+00 2.19397948108733e+00 2.19589864623990e+00 1.91916515256363e-03
2.74000000000000e+00 2.22632139236031e+00 2.22823629430637e+00 1.91490194606114e-03
2.74500000000000e+00 2.25907000342149e+00 2.26098056479902e+00 1.91056137752454e-03
2.75000000000000e+00 2.29198627872710e+00 2.29389262614624e+00 1.90634741913964e-03
2.75500000000000e+00 2.32482972769513e+00 2.32673217388556e+00 1.90244619042890e-03
2.76000000000000e+00 2.35735991051453e+00 2.35925892144618e+00 1.89901093165190e-03
2.76500000000000e+00 2.38933794134219e+00 2.39123409092702e+00 1.89614958483375e-03
2.77000000000000e+00 2.42052797866087e+00 2.42242189467697e+00 1.89391601610200e-03
2.77500000000000e+00 2.45069869290736e+00 2.45259099854052e+00 1.89230563315679e-03
2.78000000000000e+00 2.47962470193898e+00 2.48151595774496e+00 1.89125580597871e-03
2.78500000000000e+00 2.50708796546064e+00 2.50897861657418e+00 1.89065111353415e-03
2.79000000000000e+00 2.53287913015439e+00 2.53476946319709e+00 1.89033304270403e-03
2.79500000000000e+00 2.55679881790542e+00 2.55868893129538e+00 1.89011338995737e-03
2.80000000000000e+00 2.57865885017185e+00 2.58054864046305e+00 1.88979029120251e-03
2.80500000000000e+00 2.59828340216822e+00 2.60017256772797e+00 1.88916555975327e-03
2.81000000000000e+00 2.61551008110148e+00 2.61739814297001e+00 1.88806186852464e-03
2.81500000000000e+00 2.63019092319227e+00 2.63207726147960e+00 1.88633828732954e-03
2.82000000000000e+00 2.64219330462507e+00 2.64407720741157e+00 1.88390278650186e-03
2.82500000000000e+00 2.65140076189614e+00 2.65328148243819e+00 1.88072054205124e-03
2.83000000000000e+00 2.65771371727852e+00 2.65959053448992e+00 1.87681721140009e-03
2.83500000000000e+00 2.66105010531814e+00 2.66292238208847e+00 1.87227677032364e-03
2.84000000000000e+00 2.66134589644268e+00 2.66321313042021e+00 1.86723397753541e-03
2.84500000000000e+00 2.65855551394174e+00 2.66041737596564e+00 1.86186202389393e-03
2.85000000000000e+00 2.65265214080280e+00 2.65450849718747e+00 1.85635638467119e-03
2.85500000000000e+00 2.64362791320230e+00 2.64547882948272e+00 1.85091628041389e-03
2.86000000000000e+00 2.63149399789319e+00 2.63333972331719e+00 1.84572542399186e-03
2.86500000000000e+00 2.61628055132639e+00 2.61812148518152e+00 1.84093385513284e-03
2.87000000000000e+00 2.59803655911135e+00 2.59987320173000e+00 1.83664261865113e-03
2.87500000000000e+00 2.57682955536041e+00 2.57866244818360e+00 1.83289282318233e-03
2.88000000000000e+00 2.55274522255618e+00 2.55457488279246e+00 1.82966023627529e-03
2.88500000000000e+00 2.52588687379594e+00 2.52771372985530e+00 1.82685605936150e-03
2.89000000000000e+00 2.49637482055156e+00 2.49819915448034e+00 1.82433392877890e-03
2.89500000000000e+00 2.46434563037440e+00 2.46616753293972e+00 1.82190256532078e-03
2.90000000000000e+00 2.42995128020371e+00 2.43177062311339e+00 1.81934290968044e-03
2.90500000000000e+00 2.39335821203515e+00 2.39517464013388e+00 1.81642809872962e-03
2.91000000000000e+00 2.35474629861397e+00 2.35655924292839e+00 1.81294431441925e-03
2.91500000000000e+00 2.31430772749054e+00 2.31611643790350e+00 1.80871041296049e-03
2.92000000000000e+00 2.27224581219118e+00 2.27404940652904e+00 1.80359433785027e-03
2.92500000000000e+00 2.22877373941644e+00 2.23057126404647e+00 1.79752463002547e-03
2.93000000000000e+00 2.18411326110786e+00 2.18590375695213e+00 1.79049584427338e-03
2.93500000000000e+00 2.13849333997262e+00 2.14027590728278e+00 1.78256731015392e-03
2.94000000000000e+00 2.09214875668716e+00 2.09392261205918e+00 1.77385537202568e-03
2.94500000000000e+00 2.04531868659096e+00 2.04708320651984e+00 1.76451992888094e-03
2.95000000000000e+00 1.99824525330379e+00 2.00000000000000e+00 1.75474669621356e-03
2.95500000000000e+00 1.95117206641805e+00 1.95291679348017e+00 1.74472706211448e-03
2.96000000000000e+00 1.90434275028118e+00 1.90607738794082e+00 1.73463765964788e-03
2.96500000000000e+00 1.85799947091633e+00 1.85972409271723e+00 1.72462180090216e-03
2.97000000000000e+00 1.81238146833388e+00 1.81409624304787e+00 1.71477471399184e-03
2.97500000000000e+00 1.76772360183711e+00 1.76942873595354e+00 1.70513411642248e-03
2.98000000000000e+00 1.72425491637821e+00 1.72595059347097e+00 1.69567709276230e-03
2.98500000000000e+00 1.68219723851414e+00 1.68388356209651e+00 1.68632358236320e-03
2.99000000000000e+00 1.64176381097637e+00 1.64344075707161e+00 1.67694609524482e-03
2.99500000000000e+00 1.60315797523411e+00 1.60482535986612e+00 1.66738463200877e-03
3.00000000000000e+00 1.56657191163384e+00 1.56822937688661e+00 1.65746525277655e-03
3.00500000000000e+00 1.53218544668771e+00 1.53383246706028e+00 1.64702037257003e-03
3.01000000000000e+00 1.50016493682829e+00 1.50180084551966e+00 1.63590869137931e-03
3.01500000000000e+00 1.47066223743363e+00 1.47228627014470e+00 1.62403271107303e-03
3.02000000000000e+00 1.44381376516647e+00 1.44542511720755e+00 1.61135204107343e-03
3.02500000000000e+00 1.41973966069200e+00 1.42133755181641e+00 1.59789112440345e-03
3.03000000000000e+00 1.39854305768901e+00 1.40012679827000e+00 1.58374058098576e-03
3.03500000000000e+00 1.38030946280813e+00 1.38187851481848e+00 1.56905201034263e-03
3.04000000000000e+00 1.36510624992574e+00 1.36666027668282e+00 1.55402675707728e-03
3.04500000000000e+00 1.35298227076220e+00 1.35452117051728e+00 1.53889975508048e-03
3.05000000000000e+00 1.34396758274247e+00 1.34549150281253e+00 1.52392007005142e-03
3.05500000000000e+00 1.33807329393076e+00 1.33958262403436e+00 1.50933010359755e-03
3.06000000000000e+00 1.33529152400817e+00 1.33678686957979e+00 1.49534557161113e-03
3.06500000000000e+00 1.33559547960519e+00 1.33707761791153e+00 1.48213830633948e-03
3.07000000000000e+00 1.33893964185058e+00 1.34040946551008e+00 1.46982365949966e-03
3.07500000000000e+00 1.34526006373513e+00 1.34671851756181e+00 1.45845382668597e-03
3.08000000000000e+00 1.35447477477508e+00 1.35592279258843e+00 1.44801781334425e-03
3.08500000000000e+00 1.36648429044186e+00 1.36792273852040e+00 1.43844807853744e-03
3.09000000000000e+00 1.38117222383764e+00 1.38260185702999e+00 1.42963319234646e-03
3.09500000000000e+00 1.39840599707307e+00 1.39982743227203e+00 1.42143519895432e-03
3.10000000000000e+00 1.41803764967855e+00 1.41945135953695e+00 1.41370985840128e-03
3.10500000000000e+00 1.43990474110014e+00 1.44131106870462e+00 1.40632760448267e-03
3.11000000000000e+00 1.46383134385833e+00 1.46523053680290e+00 1.39919294457047e-03
3.11500000000000e+00 1.48962912326784e+00 1.49102138342582e+00 1.39226015797789e-03
3.12000000000000e+00 1.51709849873977e+00 1.51848404225504e+00 1.38554351527298e-03
3.12500000000000e+00 1.54602988065121e+00 1.54740900145948e+00 1.37912080826430e-03
3.13000000000000e+00 1.57620497563018e+00 1.57757810532302e+00 1.37312969284253e-03
3.13500000000000e+00 1.60739815194461e+00 1.60876590907298e+00 1.36775712836723e-03
3.14000000000000e+00 1.63937785559023e+00 1.64074107855382e+00 1.36322296358782e-03
3.14500000000000e+00 1.67190806673222e+00 1.67326782611444e+00 1.35975938221566e-03
3.15000000000000e+00 1.70474978544863e+00 1.70610737385376e+00 1.35758840513533e-03
3.15500000000000e+00 1.73766253531063e+00 1.73901943520098e+00 1.35689989035148e-03
3.16000000000000e+00 1.77040587324886e+00 1.77176370569363e+00 1.35783244476562e-03
3.16500000000000e+00 1.80274089439994e+00 1.80410135376010e+00 1.36045936015727e-03
3.17000000000000e+00 1.83443172117213e+00 1.83579650231313e+00 1.36478114100114e-03
3.17500000000000e+00 1.86524696655559e+00 1.86661769201745e+00 1.37072546186312e-03
3.18000000000000e+00 1.89496116264752e+00 1.89633931720795e+00 1.37815456042722e-03
3.18500000000000e+00 1.92335614636923e+00 1.92474302560309e+00 1.38687923386160e-03
3.19000000000000e+00 1.95022239532299e+00 1.95161907318189e+00 1.39667785890096e-03
3.19500000000000e+00 1.97536030758114e+00 1.97676762586893e+00 1.40731828778962e-03
3.20000000000000e+00 1.99858141984994e+00 2.00000000000000e+00 1.41858015005814e-03
3.20500000000000e+00 2.01970955886570e+00 2.02113983391842e+00 1.43027505272242e-03
3.21000000000000e+00 2.03858192105369e+00 2.04002418347677e+00 1.44226242308010e-03
3.21500000000000e+00 2.05505007543914e+00 2.05650453468774e+00 1.45445924859766e-03
3.22000000000000e+00 2.06898088460126e+00 2.07044772727895e+00 1.46684267769670e-03
3.22500000000000e+00 2.08025733818762e+00 2.08173678345563e+00 1.47944526800936e-03
3.23000000000000e+00 2.08877929325043e+00 2.09027163675968e+00 1.49234350924976e-03
3.23500000000000e+00 2.09446411552188e+00 2.09596975652967e+00 1.50564100778938e-03
3.24000000000000e+00 2.09724721579749e+00 2.09876666410972e+00 1.51944831223405e-03
3.24500000000000e+00 2.09708247590445e+00 2.09861633762302e+00 1.53386171856695e-03
3.25000000000000e+00 2.09394255933021e+00 2.09549150281253e+00 1.54894348231416e-03
3.25500000000000e+00 2.08781910247506e+00 2.08938380815405e+00 1.56470567898825e-03
3.26000000000000e+00 2.07872278364017e+00 2.08030388316029e+00 1.58109952011376e-03
3.26500000000000e+00 2.06668326821028e+00 2.06828127951470e+00 1.59801130442094e-03
3.27000000000000e+00 2.05174902995900e+00 2.05336429539657e+00 1.61526543756674e-03
3.27500000000000e+00 2.03398704990513e+00 2.03561968407860e+00 1.63263417347270e-03
3.28000000000000e+00 2.01348239558975e+00 2.01513224859221e+00 1.64985300245757e-03
3.28500000000000e+00 1.99033768494563e+00 1.99200432495795e+00 1.66664001232553e-03
3.29000000000000e+00 1.96467244002671e+00 1.96635515716554e+00 1.68271713883583e-03
3.29500000000000e+00 1.93662233671571e+00 1.93832016775567e+00 1.69783103995846e-03
3.30000000000000e+00 1.90633835711146e+00 1.90805012849909e+00 1.71177138762846e-03
3.30500000000000e+00 1.87398585162446e+00 1.87571023628479e+00 1.72438466032787e-03
3.31000000000000e+00 1.83974351790641e+00 1.84147909991323e+00 1.73558200681545e-03
3.31500000000000e+00 1.80380230365642e+00 1.80554764404025e+00 1.74534038383545e-03
3.32000000000000e+00 1.76636424014321e+00 1.76811793702778e+00 1.75369688456883e-03
3.32500000000000e+00 1.72764121302829e+00 1.72940194992690e+00 1.76073689861145e-03
3.33000000000000e+00 1.68785367683717e+00 1.68962025424335e+00 1.76657740617991e-03
3.33500000000000e+00 1.64722931926986e+00 1.64900066651302e+00 1.77134724316019e-03
3.34000000000000e+00 1.60600168151962e+00 1.60777684804301e+00 1.77516652339027e-03
3.34500000000000e+00 1.56440874091823e+00 1.56618686845015e+00 1.77812753191864e-03
3.35000000000000e+00 1.52269146256453e+00 1.52447174185243e+00 1.78027928790025e-03
3.35500000000000e+00 1.48109232711405e+00 1.48287394473692e+00 1.78161762286622e-03
3.36000000000000e+00 1.43985384258527e+00 1.44163592464142e+00 1.78208205614738e-03
3.36500000000000e+00 1.39921704881839e+00 1.40099860884315e+00 1.78156002475971e-03
3.37000000000000e+00 1.35942002403791e+00 1.36119992224821e+00 1.77989821030722e-03
3.37500000000000e+00 1.32069640373541e+00 1.32247332361862e+00 1.77691988321271e-03
3.38000000000000e+00 1.28327392271403e+00 1.28504636916086e+00 1.77244644682406e-03
3.38500000000000e+00 1.24737299153462e+00 1.24913931233114e+00 1.76632079652372e-03
3.39000000000000e+00 1.21320531870079e+00 1.21496374848942e+00 1.75842978862950e-03
3.39500000000000e+00 1.18097258966552e+00 1.18272131275752e+00 1.74872309200147e-03
3.40000000000000e+00 1.15086521311439e+00 1.15260243910916e+00 1.73722599476700e-03
3.40500000000000e+00 1.12306114399636e+00 1.12478518834171e+00 1.72404434534434e-03
3.41000000000000e+00 1.09772479148641e+00 1.09943415215529e+00 1.70936066888094e-03
3.41500000000000e+00 1.07500601856478e+00 1.07669944009537e+00 1.69342153058660e-03
3.42000000000000e+00 1.05503923830342e+00 1.05671575560428e+00 1.67651730086105e-03
3.42500000000000e+00 1.03794261039556e+00 1.03960156687779e+00 1.65895648223224e-03
3.43000000000000e+00 1.02381734008586e+00 1.02545837763829e+00 1.64103755242739e-03
3.43500000000000e+00 1.01274708057615e+00 1.01437010232018e+00 1.62302174402917e-03
3.44000000000000e+00 1.00479743928490e+00 1.00640254951957e+00 1.60511023466769e-03
3.44500000000000e+00 1.00001558806791e+00 1.00160301689261e+00 1.58742882469776e-03
3.45000000000000e+00 9.98429977649398e-01 1.00000000000000e+00 1.57002235060200e-03
3.45500000000000e+00 1.00005015699135e+00 1.00160301689261e+00 1.55285990125575e-03
3.46000000000000e+00 1.00486669901492e+00 1.00640254951956e+00 1.53585050464655e-03
3.46500000000000e+00 1.01285123480787e+00 1.01437010232018e+00 1.51886751230479e-03
3.47000000000000e+00 1.02395659901289e+00 1.02545837763829e+00 1.50177862540057e-03
3.47500000000000e+00 1.03811708930361e+00 1.03960156687779e+00 1.48447757418357e-03
3.48000000000000e+00 1.05524884256410e+00 1.05671575560427e+00 1.46691304017543e-03
3.48500000000000e+00 1.07525032950012e+00 1.07669944009536e+00 1.44911059524433e-03
3.49000000000000e+00 1.09800296791852e+00 1.09943415215529e+00 1.43118423676403e-03
3.49500000000000e+00 1.12337185289736e+00 1.12478518834171e+00 1.41333544434263e-03
3.50000000000000e+00 1.15120659970900e+00 1.15260243910915e+00 1.39583940015031e-03
3.50500000000000e+00 1.18134229289371e+00 1.18272131275752e+00 1.37901986380951e-03
3.51000000000000e+00 1.21360053259199e+00 1.21496374848942e+00 1.36321589742550e-03
3.51500000000000e+00 1.24779056740220e+00 1.24913931233114e+00 1.34874492893799e-03
3.52000000000000e+00 1.28371050185469e+00 1.28504636916085e+00 1.33586730616275e-03
3.52500000000000e+00 1.32114856621318e+00 1.32247332361861e+00 1.32475740543092e-03
3.53000000000000e+00 1.35988443673814e+00 1.36119992224821e+00 1.31548551006655e-03
3.53500000000000e+00 1.39969059566407e+00 1.40099860884315e+00 1.30801317907259e-03
3.54000000000000e+00 1.44033372173497e+00 1.44163592464141e+00 1.30220290644112e-03
3.54500000000000e+00 1.48157610392143e+00 1.48287394473691e+00 1.29784081547535e-03
3.55000000000000e+00 1.52317707259822e+00 1.52447174185242e+00 1.29466925420019e-03
3.55500000000000e+00 1.56489444371131e+00 1.56618686845015e+00 1.29242473884172e-03
3.56000000000000e+00 1.60648597210188e+00 1.60777684804300e+00 1.29087594111743e-03
3.56500000000000e+00 1.64771081008039e+00 1.64900066651302e+00 1.28985643262225e-03
3.57000000000000e+00 1.68833096657483e+00 1.68962025424335e+00 1.28928766852288e-03
3.57500000000000e+00 1.72811276084124e+00 1.72940194992690e+00 1.28918908566322e-03
3.58000000000000e+00 1.76682826303537e+00 1.76811793702778e+00 1.28967399241375e-03
3.58500000000000e+00 1.80425671216376e+00 1.80554764404025e+00 1.29093187649043e-03
3.59000000000000e+00 1.84018590033333e+00 1.84147909991322e+00 1.29319957989860e-03
3.59500000000000e+00 1.87441351103930e+00 1.87571023628478e+00 1.29672524548474e-03
3.60000000000000e+00 1.90674839865262e+00 1.90805012849909e+00 1.30172984647348e-03
3.60500000000000e+00 1.93701179638719e+00 1.93832016775567e+00 1.30837136847339e-03
3.61000000000000e+00 1.96503844085410e+00 1.96635515716554e+00 1.31671631143648e-03
3.61500000000000e+00 1.99067760276929e+00 1.99200432495795e+00 1.32672218866192e-03
3.62000000000000e+00 2.01379401532942e+00 2.01513224859221e+00 1.33823326279403e-03
3.62500000000000e+00 2.03426869401402e+00 2.03561968407860e+00 1.35099006457562e-03
3.63000000000000e+00 2.05199964389455e+00 2.05336429539657e+00 1.36465150201337e-03
3.63500000000000e+00 2.06690245271766e+00 2.06828127951470e+00 1.37882679704715e-03
3.64000000000000e+00 2.07891076989149e+00 2.08030388316029e+00 1.39311326880120e-03
3.64500000000000e+00 2.08797667289526e+00 2.08938380815405e+00 1.40713525879566e-03
3.65000000000000e+00 2.09407092346656e+00 2.09549150281253e+00 1.42057934596806e-03
3.65500000000000e+00 2.09718311617847e+00 2.09861633762302e+00 1.43322144454361e-03
3.66000000000000e+00 2.09732172174401e+00 2.09876666410972e+00 1.44494236571235e-03
3.66500000000000e+00 2.09451402668776e+00 2.09596975652967e+00 1.45572984191444e-03
3.67000000000000e+00 2.08880597006091e+00 2.09027163675968e+00 1.46566669876913e-03
3.67500000000000e+00 2.08026187683939e+00 2.08173678345563e+00 1.47490661624206e-03
3.68000000000000e+00 2.06896408674156e+00 2.07044772727895e+00 1.48364053739192e-03
3.68500000000000e+00 2.05501247663235e+00 2.05650453468774e+00 1.49205805539543e-03
3.69000000000000e+00 2.03852387461031e+00 2.04002418347677e+00 1.50030886646402e-03
3.69500000000000e+00 2.01963136441963e+00 2.02113983391842e+00 1.50846949879258e-03
3.70000000000000e+00 1.99848348002997e+00 2.00000000000000e+00 1.51651997003044e-03
3.70500000000000e+00 1.97524329204318e+00 1.97676762586894e+00 1.52433382575912e-03
3.71000000000000e+00 1.95008738988645e+00 1.95161907318189e+00 1.53168329544928e-03
3.71500000000000e+00 1.92320476632804e+00 1.92474302560309e+00 1.53825927505324e-03
3.72000000000000e+00 1.89479561343582e+00 1.89633931720795e+00 1.54370377213131e-03
3.72500000000000e+00 1.86507004139608e+00 1.86661769201745e+00 1.54765062137185e-03
3.73000000000000e+00 1.83424673333881e+00 1.83579650231313e+00 1.54976897432513e-03
3.73500000000000e+00 1.80255155025229e+00 1.80410135376010e+00 1.54980350781253e-03
3.74000000000000e+00 1.77021610009063e+00 1.77176370569363e+00 1.54760560300038e-03
3.74500000000000e+00 1.73747628428363e+00 1.73901943520098e+00 1.54315091735602e-03
3.75000000000000e+00 1.70457083319134e+00 1.70610737385376e+00 1.53654066242637e-03
3.75500000000000e+00 1.67173983986801e+00 1.67326782611444e+00 1.52798624643014e-03
3.76000000000000e+00 1.63922329916462e+00 1.64074107855382e+00 1.51777938920516e-03
3.76500000000000e+00 1.60725965708691e+00 1.60876590907298e+00 1.50625198606646e-03
3.77000000000000e+00 1.57608437378615e+00 1.57757810532303e+00 1.49373153687460e-03
3.77500000000000e+00 1.54592850284294e+00 1.54740900145948e+00 1.48049861654109e-03
3.78000000000000e+00 1.51701728972103e+00 1.51848404225504e+00 1.46675253401174e-03
3.78500000000000e+00 1.48956879336201e+00 1.49102138342582e+00 1.45259006381049e-03
3.79000000000000e+00 1.46379253665726e+00 1.46523053680291e+00 1.43800014564999e-03
3.79500000000000e+00 1.43988819364691e+00 1.44131106870462e+00 1.42287505770811e-03
3.80000000000000e+00 1.41804432337935e+00 1.41945135953695e+00 1.40703615760573e-03
3.80500000000000e+00 1.39843716204958e+00 1.39982743227203e+00 1.39027022244509e-03
3.81000000000000e+00 1.38122948602612e+00 1.38260185702999e+00 1.37237100387355e-03
3.81500000000000e+00 1.36656955849246e+00 1.36792273852040e+00 1.35318002793583e-03
3.82000000000000e+00 1.35459017163120e+00 1.35592279258843e+00 1.33262095723041e-03
3.82500000000000e+00 1.34540779465731e+00 1.34671851756181e+00 1.31072290450152e-03
3.83000000000000e+00 1.33912183576519e+00 1.34040946551008e+00 1.28762974489360e-03
3.83500000000000e+00 1.33581402346034e+00 1.33707761791153e+00 1.26359445119673e-03
3.84000000000000e+00 1.33554791009603e+00 1.33678686957979e+00 1.23895948375119e-03
3.84500000000000e+00 1.33836849799898e+00 1.33958262403436e+00 1.21412603538307e-03
3.85000000000000e+00 1.34430198656384e+00 1.34549150281253e+00 1.18951624868813e-03
3.85500000000000e+00 1.35335563726451e+00 1.35452117051728e+00 1.16553325277713e-03
3.86000000000000e+00 1.36551775272223e+00 1.36666027668282e+00 1.14252396058623e-03
3.86500000000000e+00 1.38075776575957e+00 1.38187851481848e+00 1.12074905890869e-03
3.87000000000000e+00 1.39902643465540e+00 1.40012679826999e+00 1.10036361459565e-03
3.87500000000000e+00 1.42025614145415e+00 1.42133755181640e+00 1.08141036225118e-03
3.88000000000000e+00 1.44436129099919e+00 1.44542511720754e+00 1.06382620835554e-03
3.88500000000000e+00 1.47123880917980e+00 1.47228627014469e+00 1.04746096489206e-03
3.89000000000000e+00 1.50076873954566e+00 1.50180084551966e+00 1.03210597400438e-03
3.89500000000000e+00 1.53281493782378e+00 1.53383246706028e+00 1.01752923650356e-03
3.90000000000000e+00 1.56722586388746e+00 1.56822937688661e+00 1.00351299914370e-03
3.90500000000000e+00 1.60383547033559e+00 1.60482535986612e+00 9.89889530526034e-04
3.91000000000000e+00 1.64246418605046e+00 1.64344075707161e+00 9.76571021156225e-04
3.91500000000000e+00 1.68291999195893e+00 1.68388356209650e+00 9.63570137572534e-04
3.92000000000000e+00 1.72499958479966e+00 1.72595059347097e+00 9.51008671305820e-04
3.92500000000000e+00 1.76848962309170e+00 1.76942873595353e+00 9.39112861836566e-04
3.93000000000000e+00 1.81316804780685e+00 1.81409624304787e+00 9.28195241011398e-04
3.93500000000000e+00 1.85880546856591e+00 1.85972409271722e+00 9.18624151317493e-04
3.94000000000000e+00 1.90516660459175e+00 1.90607738794081e+00 9.10783349063582e-04
3.94500000000000e+00 1.95201176823112e+00 1.95291679348016e+00 9.05025249039682e-04
3.95000000000000e+00 1.99909837765212e+00 2.00000000000000e+00 9.01622347877939e-04
3.95500000000000e+00 2.04618248437537e+00 2.04708320651983e+00 9.00722144459021e-04
3.96000000000000e+00 2.09302030062801e+00 2.09392261205918e+00 9.02311431166147e-04
3.96500000000000e+00 2.13936971113934e+00 2.14027590728278e+00 9.06196143442006e-04
3.97000000000000e+00 2.18499175394058e+00 2.18590375695213e+00 9.12003011553253e-04
3.97500000000000e+00 2.22965205499907e+00 2.23057126404647e+00 9.19209047403058e-04
3.98000000000000e+00 2.27312220212138e+00 2.27404940652903e+00 9.27204407648485e-04
3.98500000000000e+00 2.31518104450532e+00 2.31611643790350e+00 9.35393398176387e-04
3.99000000000000e+00 2.35561590560611e+00 2.35655924292839e+00 9.43337322271809e-04
3.99500000000000e+00 2.39422369859362e+00 2.39517464013388e+00 9.50941540262651e-04
4.00000000000000e+00 2.43081193558610e+00 2.43177062311338e+00 9.58687527283342e-04
