variables = x, value-predict, value-true, error
0.00000000000000e+00 2.43176707292218e+00 2.43177062311339e+00 3.55019120856781e-06
5.00000000000000e-03 2.46616125730240e+00 2.46616753293972e+00 6.27563732447101e-06
1.00000000000000e-02 2.49819142335837e+00 2.49819915448034e+00 7.73112196172931e-06
1.50000000000000e-02 2.52770616669233e+00 2.52771372985530e+00 7.56316297234605e-06
2.00000000000000e-02 2.55456876242206e+00 2.55457488279246e+00 6.12037039804392e-06
2.50000000000000e-02 2.57865839550292e+00 2.57866244818360e+00 4.05268067993347e-06
3.00000000000000e-02 2.59987117255390e+00 2.59987320173000e+00 2.02917610536701e-06
3.50000000000000e-02 2.61812092121396e+00 2.61812148518152e+00 5.63967561095780e-07
4.00000000000000e-02 2.63333978915188e+00 2.63333972331718e+00 6.58346976933899e-08
4.50000000000000e-02 2.64547865915385e+00 2.64547882948272e+00 1.70328867454828e-07
5.00000000000000e-02 2.65450739909186e+00 2.65450849718747e+00 1.09809561132934e-06
5.50000000000000e-02 2.66041496607487e+00 2.66041737596564e+00 2.40989076871756e-06
6.00000000000000e-02 2.66320938290119e+00 2.66321313042021e+00 3.74751902576520e-06
6.50000000000000e-02 2.66291760238942e+00 2.66292238208847e+00 4.77969904677522e-06
7.00000000000000e-02 2.65958527168502e+00 2.65959053448992e+00 5.26280489854258e-06
7.50000000000000e-02 2.65327640469023e+00 2.65328148243819e+00 5.07774796076887e-06
8.00000000000000e-02 2.64407296682529e+00 2.64407720741157e+00 4.24058628700763e-06
8.50000000000000e-02 2.63207437284217e+00 2.63207726147960e+00 2.88863742570200e-06
9.00000000000000e-02 2.61739689574970e+00 2.61739814297001e+00 1.24722030836466e-06
9.50000000000000e-02 2.60017298333484e+00 2.60017256772797e+00 4.15606868475749e-07
1.00000000000000e-01 2.58055047841545e+00 2.58054864046305e+00 1.83795240671358e-06
1.05000000000000e-01 2.55869173982992e+00 2.55868893129538e+00 2.80853454492913e-06
1.10000000000000e-01 2.53477266311639e+00 2.53476946319709e+00 3.19991929353947e-06
1.15000000000000e-01 2.50898160259471e+00 2.50897861657418e+00 2.98602053305785e-06
1.20000000000000e-01 2.48151819978365e+00 2.48151595774496e+00 2.24203869425565e-06
1.25000000000000e-01 2.45259212636072e+00 2.45259099854052e+00 1.12782020078583e-06
1.30000000000000e-01 2.42242175280266e+00 2.42242189467697e+00 1.41874309633749e-07
1.35000000000000e-01 2.39123275608220e+00 2.39123409092702e+00 1.33484482001123e-06
1.40000000000000e-01 2.35925668109385e+00 2.35925892144618e+00 2.24035233165054e-06
1.45000000000000e-01 2.32672947072371e+00 2.32673217388556e+00 2.70316185657649e-06
1.50000000000000e-01 2.29388997870019e+00 2.29389262614624e+00 2.64744604683287e-06
1.55000000000000e-01 2.26097847774384e+00 2.26098056479902e+00 2.08705517890095e-06
1.60000000000000e-01 2.22823517336982e+00 2.22823629430637e+00 1.12093655735279e-06
1.65000000000000e-01 2.19589873135270e+00 2.19589864623990e+00 8.51127976986277e-08
1.70000000000000e-01 2.16420482471906e+00 2.16420349768687e+00 1.32703218636010e-06
1.75000000000000e-01 2.13338470452066e+00 2.13338230798255e+00 2.39653811373586e-06
1.80000000000000e-01 2.10366379779370e+00 2.10366068279205e+00 3.11500164285050e-06
1.85000000000000e-01 2.07526033612346e+00 2.07525697439691e+00 3.36172654380462e-06
1.90000000000000e-01 2.04838401905796e+00 2.04838092681811e+00 3.09223984862328e-06
1.95000000000000e-01 2.02323471805767e+00 2.02323237413107e+00 2.34392660569682e-06
2.00000000000000e-01 2.00000122843895e+00 2.00000000000000e+00 1.22843895411506e-06
2.05000000000000e-01 1.97886007851920e+00 1.97886016608158e+00 8.75623833440642e-08
2.10000000000000e-01 1.95997440656265e+00 1.95997581652323e+00 1.40996058450860e-06
2.15000000000000e-01 1.94349291687846e+00 1.94349546531226e+00 2.54843379399183e-06
2.20000000000000e-01 1.92954892636431e+00 1.92955227272105e+00 3.34635673393535e-06
2.25000000000000e-01 1.91825951187693e+00 1.91826321654437e+00 3.70466744592512e-06
2.30000000000000e-01 1.90972476713538e+00 1.90972836324032e+00 3.59610494049534e-06
2.35000000000000e-01 1.90402717562575e+00 1.90403024347033e+00 3.06784457881903e-06
2.40000000000000e-01 1.90123110345615e+00 1.90123333589028e+00 2.23243412977858e-06
2.45000000000000e-01 1.90138241361575e+00 1.90138366237698e+00 1.24876123352990e-06
2.50000000000000e-01 1.90450820090811e+00 1.90450849718747e+00 2.96279361489127e-07
2.55000000000000e-01 1.91061664518100e+00 1.91061619184595e+00 4.53335054828585e-07
2.60000000000000e-01 1.91969697949189e+00 1.91969611683971e+00 8.62652176580880e-07
2.65000000000000e-01 1.93171956955068e+00 1.93171872048530e+00 8.49065383334846e-07
2.70000000000000e-01 1.94663610108309e+00 1.94663570460343e+00 3.96479657993609e-07
2.75000000000000e-01 1.96437987248588e+00 1.96438031592140e+00 4.43435525188107e-07
2.80000000000000e-01 1.98486619106795e+00 1.98486775140779e+00 1.56033984177739e-06
2.85000000000000e-01 2.00799287203858e+00 2.00799567504205e+00 2.80300346933160e-06
2.90000000000000e-01 2.03364083998479e+00 2.03364484283446e+00 4.00284966906028e-06
2.95000000000000e-01 2.06167483269641e+00 2.06167983224433e+00 4.99954792454460e-06
3.00000000000000e-01 2.09194420675204e+00 2.09194987150091e+00 5.66474886731783e-06
3.05000000000000e-01 2.12428384326476e+00 2.12428976371522e+00 5.92045045877398e-06
3.10000000000000e-01 2.15851515068738e+00 2.15852090008677e+00 5.74939939124164e-06
3.15000000000000e-01 2.19444715975301e+00 2.19445235595975e+00 5.19620673378185e-06
3.20000000000000e-01 2.23187770368531e+00 2.23188206297222e+00 4.35928691100429e-06
3.25000000000000e-01 2.27059467498033e+00 2.27059805007310e+00 3.37509276926440e-06
3.30000000000000e-01 2.31037734854390e+00 2.31037974575665e+00 2.39721275541172e-06
3.35000000000000e-01 2.35099775992209e+00 2.35099933348698e+00 1.57356488639238e-06
3.40000000000000e-01 2.39222212687457e+00 2.39222315195700e+00 1.02508243049471e-06
3.45000000000000e-01 2.43381230261322e+00 2.43381313154985e+00 8.28936626451338e-07
3.50000000000000e-01 2.47552724959036e+00 2.47552825814758e+00 1.00855722084958e-06
3.55000000000000e-01 2.51712452363156e+00 2.51712605526309e+00 1.53163152250002e-06
3.60000000000000e-01 2.55836175929674e+00 2.55836407535859e+00 2.31606184319944e-06
3.65000000000000e-01 2.59899814843253e+00 2.59900139115685e+00 3.24272431884154e-06
3.70000000000000e-01 2.63879590478971e+00 2.63880007775179e+00 4.17296208299334e-06
3.75000000000000e-01 2.67752170820009e+00 2.67752667638138e+00 4.96818128858934e-06
3.80000000000000e-01 2.71494812207997e+00 2.71495363083915e+00 5.50875917459948e-06
3.85000000000000e-01 2.75085497795396e+00 2.75086068766886e+00 5.70971489510796e-06
3.90000000000000e-01 2.78503072033680e+00 2.78503625151058e+00 5.53117378299106e-06
3.95000000000000e-01 2.81727370477368e+00 2.81727868724248e+00 4.98246879709896e-06
4.00000000000000e-01 2.84739344125218e+00 2.84739756089084e+00 4.11963866397969e-06
4.05000000000000e-01 2.87521177469035e+00 2.87521481165829e+00 3.03696794556885e-06
4.10000000000000e-01 2.90056399389184e+00 2.90056584784471e+00 1.85395287299883e-06
4.15000000000000e-01 2.92329986032236e+00 2.92330055990464e+00 6.99582277885469e-07
4.20000000000000e-01 2.94328454834703e+00 2.94328424439572e+00 3.03951307234485e-07
4.25000000000000e-01 2.96039948917658e+00 2.96039843312221e+00 1.05605437150658e-06
4.30000000000000e-01 2.97454311166651e+00 2.97454162236171e+00 1.48930479948461e-06
4.35000000000000e-01 2.98563147423277e+00 2.98562989767982e+00 1.57655295041081e-06
4.40000000000000e-01 2.99359878340683e+00 2.99359745048043e+00 1.33292639858951e-06
4.45000000000000e-01 2.99839779586478e+00 2.99839698310739e+00 8.12757385393326e-07
4.50000000000000e-01 3.00000010204531e+00 3.00000000000000e+00 1.02045306427101e-07
4.55000000000000e-01 2.99839629065169e+00 2.99839698310739e+00 6.92455708328765e-07
4.60000000000000e-01 2.99359599436418e+00 2.99359745048043e+00 1.45611625734787e-06
4.65000000000000e-01 2.98562781794556e+00 2.98562989767982e+00 2.07973425903063e-06
4.70000000000000e-01 2.97453915060052e+00 2.97454162236171e+00 2.47176119660963e-06
4.75000000000000e-01 2.96039586496480e+00 2.96039843312221e+00 2.56815740318217e-06
4.80000000000000e-01 2.94328190548486e+00 2.94328424439572e+00 2.33891086498517e-06
4.85000000000000e-01 2.92329876924184e+00 2.92330055990464e+00 1.79066279581974e-06
4.90000000000000e-01 2.90056488252237e+00 2.90056584784471e+00 9.65322341173191e-07
4.95000000000000e-01 2.87521487668271e+00 2.87521481165829e+00 6.50244165179004e-08
5.00000000000000e-01 2.84739876713175e+00 2.84739756089084e+00 1.20624090360621e-06
5.05000000000000e-01 2.81728103959809e+00 2.81727868724248e+00 2.35235561518721e-06
5.10000000000000e-01 2.78503964826438e+00 2.78503625151058e+00 3.39675379734672e-06
5.15000000000000e-01 2.75086493085192e+00 2.75086068766886e+00 4.24318306802007e-06
5.20000000000000e-01 2.71495844631508e+00 2.71495363083915e+00 4.81547593400578e-06
5.25000000000000e-01 2.67753174143963e+00 2.67752667638138e+00 5.06505824304782e-06
5.30000000000000e-01 2.63880505331014e+00 2.63880007775179e+00 4.97555835421437e-06
5.35000000000000e-01 2.59900595528781e+00 2.59900139115685e+00 4.56413095850650e-06
5.40000000000000e-01 2.55836795479089e+00 2.55836407535859e+00 3.87943230029109e-06
5.45000000000000e-01 2.51712905176426e+00 2.51712605526309e+00 2.99650117652206e-06
5.50000000000000e-01 2.47553026723255e+00 2.47552825814758e+00 2.00908497349772e-06
5.55000000000000e-01 2.43381415172896e+00 2.43381313154985e+00 1.02017911451924e-06
5.60000000000000e-01 2.39222328366091e+00 2.39222315195700e+00 1.31703910888348e-07
5.65000000000000e-01 2.35099876780067e+00 2.35099933348698e+00 5.65686308462432e-07
5.70000000000000e-01 2.31037874407160e+00 2.31037974575665e+00 1.00168504690856e-06
5.75000000000000e-01 2.27059691663844e+00 2.27059805007310e+00 1.13343466123794e-06
5.80000000000000e-01 2.23188111301533e+00 2.23188206297222e+00 9.49956890927695e-07
5.85000000000000e-01 2.19445188249201e+00 2.19445235595975e+00 4.73467736572530e-07
5.90000000000000e-01 2.15852114266823e+00 2.15852090008677e+00 2.42581458032021e-07
5.95000000000000e-01 2.12429088230467e+00 2.12428976371522e+00 1.11858945084364e-06
6.00000000000000e-01 2.09195192807217e+00 2.09194987150091e+00 2.05657126439718e-06
6.05000000000000e-01 2.06168278213860e+00 2.06167983224433e+00 2.94989426663506e-06
6.10000000000000e-01 2.03364853690070e+00 2.03364484283446e+00 3.69406624223245e-06
6.15000000000000e-01 2.00799987257152e+00 2.00799567504205e+00 4.19752946667629e-06
6.20000000000000e-01 1.98487214278896e+00 1.98486775140779e+00 4.39138117225291e-06
6.25000000000000e-01 1.96438455293115e+00 1.96438031592140e+00 4.23700974838681e-06
6.30000000000000e-01 1.94663943541028e+00 1.94663570460343e+00 3.73080685189819e-06
6.35000000000000e-01 1.93172162586311e+00 1.93171872048530e+00 2.90537781366673e-06
6.40000000000000e-01 1.91969794384618e+00 1.91969611683971e+00 1.82700647077816e-06
6.45000000000000e-01 1.91061678135292e+00 1.91061619184595e+00 5.89506969461695e-07
6.50000000000000e-01 1.90450780216622e+00 1.90450849718747e+00 6.95021253660499e-07
6.55000000000000e-01 1.90138175470927e+00 1.90138366237698e+00 1.90766771002160e-06
6.60000000000000e-01 1.90123040062304e+00 1.90123333589028e+00 2.93526723238458e-06
6.65000000000000e-01 1.90402656075153e+00 1.90403024347033e+00 3.68271879636062e-06
6.70000000000000e-01 1.90972427953146e+00 1.90972836324032e+00 4.08370885818243e-06
6.75000000000000e-01 1.91825910795352e+00 1.91826321654437e+00 4.10859085264725e-06
6.80000000000000e-01 1.92954850429177e+00 1.92955227272105e+00 3.76842927818366e-06
6.85000000000000e-01 1.94349235071067e+00 1.94349546531226e+00 3.11460158641808e-06
6.90000000000000e-01 1.95997358269415e+00 1.95997581652323e+00 2.23382908570713e-06
6.95000000000000e-01 1.97885892705214e+00 1.97886016608158e+00 1.23902943927057e-06
7.00000000000000e-01 1.99999974311085e+00 2.00000000000000e+00 2.56889146843520e-07
7.05000000000000e-01 2.02323296064847e+00 2.02323237413106e+00 5.86517409306708e-07
7.10000000000000e-01 2.04838210726106e+00 2.04838092681811e+00 1.18044295138731e-06
7.15000000000000e-01 2.07525841718118e+00 2.07525697439691e+00 1.44278426761346e-06
7.20000000000000e-01 2.10366201315453e+00 2.10366068279205e+00 1.33036247573770e-06
7.25000000000000e-01 2.13338315281087e+00 2.13338230798255e+00 8.44828324630953e-07
7.30000000000000e-01 2.16420353102278e+00 2.16420349768687e+00 3.33359082560492e-08
7.35000000000000e-01 2.19589762997995e+00 2.19589864623990e+00 1.01625995263532e-06
7.40000000000000e-01 2.22823410904947e+00 2.22823629430637e+00 2.18525689810178e-06
7.45000000000000e-01 2.26097722686140e+00 2.26098056479902e+00 3.33793761830847e-06
7.50000000000000e-01 2.29388828837063e+00 2.29389262614624e+00 4.33777560893134e-06
7.55000000000000e-01 2.32672710982755e+00 2.32673217388556e+00 5.06405801514731e-06
7.60000000000000e-01 2.35925349458715e+00 2.35925892144618e+00 5.42685902749085e-06
7.65000000000000e-01 2.39122871247694e+00 2.39123409092702e+00 5.37845007553273e-06
7.70000000000000e-01 2.42241697503811e+00 2.42242189467697e+00 4.91963886029012e-06
7.75000000000000e-01 2.45258689839768e+00 2.45259099854052e+00 4.10014283991345e-06
7.80000000000000e-01 2.48151294489582e+00 2.48151595774496e+00 3.01284914305811e-06
7.85000000000000e-01 2.50897683397792e+00 2.50897861657418e+00 1.78259625949195e-06
7.90000000000000e-01 2.53476891236660e+00 2.53476946319709e+00 5.50830498546873e-07
7.95000000000000e-01 2.55868947325129e+00 2.55868893129538e+00 5.41955909927339e-07
8.00000000000000e-01 2.58055001424723e+00 2.58054864046305e+00 1.37378418241241e-06
8.05000000000000e-01 2.60017442422578e+00 2.60017256772797e+00 1.85649780704011e-06
8.10000000000000e-01 2.61740008981003e+00 2.61739814297001e+00 1.94684002341461e-06
8.15000000000000e-01 2.63207891332923e+00 2.63207726147960e+00 1.65184962463982e-06
8.20000000000000e-01 2.64407823526236e+00 2.64407720741157e+00 1.02785078714973e-06
8.25000000000000e-01 2.65328165557846e+00 2.65328148243819e+00 1.73140268788785e-07
8.30000000000000e-01 2.65958974978527e+00 2.65959053448992e+00 7.84704643486123e-07
8.35000000000000e-01 2.66292067681877e+00 2.66292238208847e+00 1.70526969789364e-06
8.40000000000000e-01 2.66321067704357e+00 2.66321313042021e+00 2.45337664006584e-06
8.45000000000000e-01 2.66041445952053e+00 2.66041737596564e+00 2.91644511030142e-06
8.50000000000000e-01 2.65450547829619e+00 2.65450849718747e+00 3.01889128584421e-06
8.55000000000000e-01 2.64547609778719e+00 2.64547882948272e+00 2.73169552222896e-06
8.60000000000000e-01 2.63333764741472e+00 2.63333972331718e+00 2.07590246326106e-06
8.65000000000000e-01 2.61812036556875e+00 2.61812148518153e+00 1.11961277182715e-06
8.70000000000000e-01 2.59987323284875e+00 2.59987320173000e+00 3.11187418056136e-08
8.75000000000000e-01 2.57866369444543e+00 2.57866244818360e+00 1.24626183239940e-06
8.80000000000000e-01 2.55457727159999e+00 2.55457488279246e+00 2.38880753888893e-06
8.85000000000000e-01 2.52771706238422e+00 2.52771372985530e+00 3.33252891593361e-06
8.90000000000000e-01 2.49820313263730e+00 2.49819915448034e+00 3.97815696784320e-06
8.95000000000000e-01 2.46617179878257e+00 2.46616753293972e+00 4.26584285317944e-06
9.00000000000000e-01 2.43177480539672e+00 2.43177062311339e+00 4.18228332899062e-06
9.05000000000000e-01 2.39517840174457e+00 2.39517464013388e+00 3.76161069048919e-06
9.10000000000000e-01 2.35656232292161e+00 2.35655924292839e+00 3.07999322224362e-06
9.15000000000000e-01 2.31611868264496e+00 2.31611643790350e+00 2.24474146115483e-06
9.20000000000000e-01 2.27405078598205e+00 2.27404940652903e+00 1.37945302558506e-06
9.25000000000000e-01 2.23057187129848e+00 2.23057126404647e+00 6.07252008677506e-07
9.30000000000000e-01 2.18590379136789e+00 2.18590375695213e+00 3.44157617959695e-08
9.35000000000000e-01 2.14027564388279e+00 2.14027590728277e+00 2.63399982269874e-07
9.40000000000000e-01 2.09392236154523e+00 2.09392261205918e+00 2.50513947808173e-07
9.45000000000000e-01 2.04708327155675e+00 2.04708320651983e+00 6.50369220700497e-08
9.50000000000000e-01 2.00000063375622e+00 2.00000000000000e+00 6.33756216394943e-07
9.55000000000000e-01 1.95291816598609e+00 1.95291679348017e+00 1.37250592180393e-06
9.60000000000000e-01 1.90607956462006e+00 1.90607738794082e+00 2.17667923840814e-06
9.65000000000000e-01 1.85972702766388e+00 1.85972409271723e+00 2.93494665148941e-06
9.70000000000000e-01 1.81409978752621e+00 1.81409624304787e+00 3.54447833683658e-06
9.75000000000000e-01 1.76943266048652e+00 1.76942873595353e+00 3.92453298325712e-06
9.80000000000000e-01 1.72595462005918e+00 1.72595059347097e+00 4.02658821152535e-06
9.85000000000000e-01 1.68388740181925e+00 1.68388356209650e+00 3.83972274553557e-06
9.90000000000000e-01 1.64344414773510e+00 1.64344075707161e+00 3.39066349130945e-06
9.95000000000000e-01 1.60482809854212e+00 1.60482535986612e+00 2.73867599820399e-06
1.00000000000000e+00 1.56823134308046e+00 1.56822937688661e+00 1.96619385084418e-06
1.00500000000000e+00 1.53383363371044e+00 1.53383246706028e+00 1.16665015714723e-06
1.01000000000000e+00 1.50180127683572e+00 1.50180084551966e+00 4.31316051985320e-07
1.01500000000000e+00 1.47228610717008e+00 1.47228627014470e+00 1.62974622019973e-07
1.02000000000000e+00 1.44542455367744e+00 1.44542511720755e+00 5.63530103914189e-07
1.02500000000000e+00 1.42133680413822e+00 1.42133755181640e+00 7.47678187806855e-07
1.03000000000000e+00 1.40012607411907e+00 1.40012679827000e+00 7.24150930331291e-07
1.03500000000000e+00 1.38187798484182e+00 1.38187851481848e+00 5.29976651009179e-07
1.04000000000000e+00 1.36666005316129e+00 1.36666027668282e+00 2.23521529507664e-07
1.04500000000000e+00 1.35452129566609e+00 1.35452117051728e+00 1.25148800655950e-07
1.05000000000000e+00 1.34549194788791e+00 1.34549150281253e+00 4.45075384991611e-07
1.05500000000000e+00 1.33958329878977e+00 1.33958262403436e+00 6.74755411989025e-07
1.06000000000000e+00 1.33678764011773e+00 1.33678686957979e+00 7.70537948335814e-07
1.06500000000000e+00 1.33707832982311e+00 1.33707761791153e+00 7.11911572803814e-07
1.07000000000000e+00 1.34040996854234e+00 1.34040946551008e+00 5.03032254961511e-07
1.07500000000000e+00 1.34671868798843e+00 1.34671851756181e+00 1.70426620371700e-07
1.08000000000000e+00 1.35592254997664e+00 1.35592279258843e+00 2.42611784440072e-07
1.08500000000000e+00 1.36792205459677e+00 1.36792273852040e+00 6.83923629507532e-07
1.09000000000000e+00 1.38260075568589e+00 1.38260185702999e+00 1.10134409769813e-06
1.09500000000000e+00 1.39982598120441e+00 1.39982743227203e+00 1.45106761451075e-06
1.10000000000000e+00 1.41944965536181e+00 1.41945135953695e+00 1.70417513878363e-06
1.10500000000000e+00 1.44130921839755e+00 1.44131106870462e+00 1.85030707489098e-06
1.11000000000000e+00 1.46522863885077e+00 1.46523053680291e+00 1.89795213167976e-06
1.11500000000000e+00 1.49101951203030e+00 1.49102138342582e+00 1.87139551921511e-06
1.12000000000000e+00 1.51848223731723e+00 1.51848404225504e+00 1.80493780810309e-06
1.12500000000000e+00 1.54740726599434e+00 1.54740900145948e+00 1.73546514448120e-06
1.13000000000000e+00 1.57757641058082e+00 1.57757810532303e+00 1.69474220568233e-06
1.13500000000000e+00 1.60876420621502e+00 1.60876590907298e+00 1.70285795930702e-06
1.14000000000000e+00 1.64073931449024e+00 1.64074107855382e+00 1.76406357899062e-06
1.14500000000000e+00 1.67326596028819e+00 1.67326782611444e+00 1.86582624861487e-06
1.15000000000000e+00 1.70610539250759e+00 1.70610737385376e+00 1.98134617201973e-06
1.15500000000000e+00 1.73901736005915e+00 1.73901943520098e+00 2.07514182681834e-06
1.16000000000000e+00 1.77176159498154e+00 1.77176370569363e+00 2.11071208955360e-06
1.16500000000000e+00 1.80409929491681e+00 1.80410135376010e+00 2.05884329407269e-06
1.17000000000000e+00 1.83579459738015e+00 1.83579650231313e+00 1.90493297935745e-06
1.17500000000000e+00 1.86661603821719e+00 1.86661769201745e+00 1.65380026162509e-06
1.18000000000000e+00 1.89633798636299e+00 1.89633931720795e+00 1.33084495357316e-06
1.18500000000000e+00 1.92474204655264e+00 1.92474302560309e+00 9.79050447380558e-07
1.19000000000000e+00 1.95161842108512e+00 1.95161907318189e+00 6.52096768805066e-07
1.19500000000000e+00 1.97676722124254e+00 1.97676762586894e+00 4.04626398831098e-07
1.20000000000000e+00 1.99999971865921e+00 2.00000000000000e+00 2.81340794439089e-07
1.20500000000000e+00 2.02113952694775e+00 2.02113983391842e+00 3.06970673324969e-07
1.21000000000000e+00 2.04002370430889e+00 2.04002418347677e+00 4.79167876044073e-07
1.21500000000000e+00 2.05650376870646e+00 2.05650453468774e+00 7.65981277517369e-07
1.22000000000000e+00 2.07044661843557e+00 2.07044772727895e+00 1.10884337933825e-06
1.22500000000000e+00 2.08173535243824e+00 2.08173678345563e+00 1.43101739169538e-06
1.23000000000000e+00 2.09026998636077e+00 2.09027163675968e+00 1.65039890909213e-06
1.23500000000000e+00 2.09596806190445e+00 2.09596975652967e+00 1.69462522325858e-06
1.24000000000000e+00 2.09876514830234e+00 2.09876666410972e+00 1.51580738538826e-06
1.24500000000000e+00 2.09861523560697e+00 2.09861633762302e+00 1.10201604552884e-06
1.25000000000000e+00 2.09549101981064e+00 2.09549150281253e+00 4.83001887374712e-07
1.25500000000000e+00 2.08938407965202e+00 2.08938380815405e+00 2.71497965442791e-07
1.26000000000000e+00 2.08030494439881e+00 2.08030388316029e+00 1.06123852106066e-06
1.26500000000000e+00 2.06828305113636e+00 2.06828127951470e+00 1.77162165693190e-06
1.27000000000000e+00 2.05336658940093e+00 2.05336429539657e+00 2.29400435980409e-06
1.27500000000000e+00 2.03562223065500e+00 2.03561968407860e+00 2.54657639908729e-06
1.28000000000000e+00 2.01513474035821e+00 2.01513224859221e+00 2.49176600197742e-06
1.28500000000000e+00 1.99200647139694e+00 1.99200432495795e+00 2.14643899187905e-06
1.29000000000000e+00 1.96635673941806e+00 1.96635515716554e+00 1.58225251500888e-06
1.29500000000000e+00 1.93832108302736e+00 1.93832016775567e+00 9.15271695323128e-07
1.30000000000000e+00 1.90805041456400e+00 1.90805012849909e+00 2.86064909316153e-07
1.30500000000000e+00 1.87571006984030e+00 1.87571023628478e+00 1.66444484639428e-07
1.31000000000000e+00 1.84147876739201e+00 1.84147909991323e+00 3.32521220780535e-07
1.31500000000000e+00 1.80554748902126e+00 1.80554764404025e+00 1.55018993641676e-07
1.32000000000000e+00 1.76811829349044e+00 1.76811793702778e+00 3.56462656947443e-07
1.32500000000000e+00 1.72940307412187e+00 1.72940194992690e+00 1.12419496955951e-06
1.33000000000000e+00 1.68962226901770e+00 1.68962025424335e+00 2.01477435068931e-06
1.33500000000000e+00 1.64900353010925e+00 1.64900066651302e+00 2.86359623036248e-06
1.34000000000000e+00 1.60778035489043e+00 1.60777684804300e+00 3.50684742222995e-06
1.34500000000000e+00 1.56619068310744e+00 1.56618686845015e+00 3.81465729226704e-06
1.35000000000000e+00 1.52447546034445e+00 1.52447174185242e+00 3.71849202296382e-06
1.35500000000000e+00 1.48287717156267e+00 1.48287394473691e+00 3.22682575348843e-06
1.36000000000000e+00 1.44163835007647e+00 1.44163592464141e+00 2.42543506212556e-06
1.36500000000000e+00 1.40100007070737e+00 1.40099860884315e+00 1.46186421945416e-06
1.37000000000000e+00 1.36120043924127e+00 1.36119992224821e+00 5.16993056809412e-07
1.37500000000000e+00 1.32247309305635e+00 1.32247332361862e+00 2.30562263503487e-07
1.38000000000000e+00 1.28504572924285e+00 1.28504636916085e+00 6.39917998590533e-07
1.38500000000000e+00 1.24913867634577e+00 1.24913931233114e+00 6.35985368369063e-07
1.39000000000000e+00 1.21496352404165e+00 1.21496374848942e+00 2.24447765484470e-07
1.39500000000000e+00 1.18272182199536e+00 1.18272131275752e+00 5.09237838786092e-07
1.40000000000000e+00 1.15260385548084e+00 1.15260243910916e+00 1.41637168704634e-06
1.40500000000000e+00 1.12478750183953e+00 1.12478518834171e+00 2.31349782797707e-06
1.41000000000000e+00 1.09943716916056e+00 1.09943415215529e+00 3.01700527227666e-06
1.41500000000000e+00 1.07670281713315e+00 1.07669944009536e+00 3.37703778363618e-06
1.42000000000000e+00 1.05671905996520e+00 1.05671575560428e+00 3.30436092133013e-06
1.42500000000000e+00 1.03960435238948e+00 1.03960156687779e+00 2.78551169241581e-06
1.43000000000000e+00 1.02546026165576e+00 1.02545837763829e+00 1.88401747003297e-06
1.43500000000000e+00 1.01437083048023e+00 1.01437010232018e+00 7.28160058249827e-07
1.44000000000000e+00 1.00640203765528e+00 1.00640254951957e+00 5.11864287400243e-07
1.44500000000000e+00 1.00160136399886e+00 1.00160301689261e+00 1.65289375031463e-06
1.45000000000000e+00 9.99997471328729e-01 1.00000000000000e+00 2.52867127115142e-06
1.45500000000000e+00 1.00160000117280e+00 1.00160301689261e+00 3.01571980676485e-06
1.46000000000000e+00 1.00639949814627e+00 1.00640254951957e+00 3.05137329137395e-06
1.46500000000000e+00 1.01436746062892e+00 1.01437010232018e+00 2.64169125752112e-06
1.47000000000000e+00 1.02545651889447e+00 1.02545837763829e+00 1.85874381797291e-06
1.47500000000000e+00 1.03960073849079e+00 1.03960156687779e+00 8.28387006546194e-07
1.48000000000000e+00 1.05671604468157e+00 1.05671575560428e+00 2.89077298099016e-07
1.48500000000000e+00 1.07670076227908e+00 1.07669944009536e+00 1.32218371673432e-06
1.49000000000000e+00 1.09943626426388e+00 1.09943415215529e+00 2.11210859246691e-06
1.49500000000000e+00 1.12478772215929e+00 1.12478518834171e+00 2.53381758241744e-06
1.50000000000000e+00 1.15260495110248e+00 1.15260243910916e+00 2.51199332268470e-06
1.50500000000000e+00 1.18272334280128e+00 1.18272131275752e+00 2.03004376020388e-06
1.51000000000000e+00 1.21496487994813e+00 1.21496374848942e+00 1.13145870850317e-06
1.51500000000000e+00 1.24913922606063e+00 1.24913931233114e+00 8.62705116233542e-08
1.52000000000000e+00 1.28504488503621e+00 1.28504636916085e+00 1.48412463896186e-06
1.52500000000000e+00 1.32247042488188e+00 1.32247332361862e+00 2.89873673309238e-06
1.53000000000000e+00 1.36119576007448e+00 1.36119992224821e+00 4.16217373500061e-06
1.53500000000000e+00 1.40099348681053e+00 1.40099860884315e+00 5.12203261737731e-06
1.54000000000000e+00 1.44163026502856e+00 1.44163592464141e+00 5.65961285525773e-06
1.54500000000000e+00 1.48286824055198e+00 1.48287394473691e+00 5.70418493284208e-06
1.55000000000000e+00 1.52446650004320e+00 1.52447174185242e+00 5.24180922312212e-06
1.55500000000000e+00 1.56618255071961e+00 1.56618686845015e+00 4.31773054199169e-06
1.56000000000000e+00 1.60777381600852e+00 1.60777684804300e+00 3.03203448814848e-06
1.56500000000000e+00 1.64899913756509e+00 1.64900066651302e+00 1.52894792893044e-06
1.57000000000000e+00 1.68962027340244e+00 1.68962025424335e+00 1.91590903142469e-08
1.57500000000000e+00 1.72940338134701e+00 1.72940194992690e+00 1.43142011088671e-06
1.58000000000000e+00 1.76812047669433e+00 1.76811793702778e+00 2.53966654750748e-06
1.58500000000000e+00 1.80555085285180e+00 1.80554764404025e+00 3.20881154580732e-06
1.59000000000000e+00 1.84148245395703e+00 1.84147909991323e+00 3.35404380691351e-06
1.59500000000000e+00 1.87571318897311e+00 1.87571023628478e+00 2.95268832251061e-06
1.60000000000000e+00 1.90805217758143e+00 1.90805012849909e+00 2.04908234158196e-06
1.60500000000000e+00 1.93832091928804e+00 1.93832016775567e+00 7.51532373444164e-07
1.61000000000000e+00 1.96635437846571e+00 1.96635515716554e+00 7.78699832171270e-07
1.61500000000000e+00 1.99200197948383e+00 1.99200432495795e+00 2.34547412270025e-06
1.62000000000000e+00 2.01512850751930e+00 2.01513224859221e+00 3.74107291101211e-06
1.62500000000000e+00 2.03561491197340e+00 2.03561968407860e+00 4.77210519500559e-06
1.63000000000000e+00 2.05335901052392e+00 2.05336429539657e+00 5.28487264794819e-06
1.63500000000000e+00 2.06827609262035e+00 2.06828127951470e+00 5.18689434825248e-06
1.64000000000000e+00 2.08029942161890e+00 2.08030388316029e+00 4.46154138877830e-06
1.64500000000000e+00 2.08938063473839e+00 2.08938380815405e+00 3.17341566091756e-06
1.65000000000000e+00 2.09549003964110e+00 2.09549150281253e+00 1.46317143023822e-06
1.65500000000000e+00 2.09861680580518e+00 2.09861633762302e+00 4.68182159263364e-07
1.66000000000000e+00 2.09876904811391e+00 2.09876666410972e+00 2.38400418384188e-06
1.66500000000000e+00 2.09597379943144e+00 2.09596975652967e+00 4.04290177069555e-06
1.67000000000000e+00 2.09027686857136e+00 2.09027163675968e+00 5.23181168121667e-06
1.67500000000000e+00 2.08174258017742e+00 2.08173678345563e+00 5.79672178924184e-06
1.68000000000000e+00 2.07045339376296e+00 2.07044772727895e+00 5.66648400779357e-06
1.68500000000000e+00 2.05650940055164e+00 2.05650453468774e+00 4.86586390069377e-06
1.69000000000000e+00 2.04002769878260e+00 2.04002418347677e+00 3.51530583575510e-06
1.69500000000000e+00 2.02114165063686e+00 2.02113983391842e+00 1.81671844368125e-06
1.70000000000000e+00 2.00000002665959e+00 2.00000000000000e+00 2.66595900910715e-08
1.70500000000000e+00 1.97676604618130e+00 1.97676762586893e+00 1.57968763669913e-06
1.71000000000000e+00 1.95161632444535e+00 1.95161907318189e+00 2.74873654593222e-06
1.71500000000000e+00 1.92473973862965e+00 1.92474302560309e+00 3.28697343254802e-06
1.72000000000000e+00 1.89633622549947e+00 1.89633931720795e+00 3.09170847700990e-06
1.72500000000000e+00 1.86661552297385e+00 1.86661769201745e+00 2.16904360694770e-06
1.73000000000000e+00 1.83579586652041e+00 1.83579650231313e+00 6.35792715364403e-07
1.73500000000000e+00 1.80410264925885e+00 1.80410135376010e+00 1.29549875316215e-06
1.74000000000000e+00 1.77176705232403e+00 1.77176370569363e+00 3.34663039947003e-06
1.74500000000000e+00 1.73902464985035e+00 1.73901943520098e+00 5.21464937341953e-06
1.75000000000000e+00 1.70611399131247e+00 1.70610737385376e+00 6.61745870900177e-06
1.75500000000000e+00 1.67327516322538e+00 1.67326782611444e+00 7.33711094547118e-06
1.76000000000000e+00 1.64074833254772e+00 1.64074107855382e+00 7.25399389644998e-06
1.76500000000000e+00 1.60877227552808e+00 1.60876590907298e+00 6.36645509799472e-06
1.77000000000000e+00 1.57758289797768e+00 1.57757810532303e+00 4.79265465136436e-06
1.77500000000000e+00 1.54741175567466e+00 1.54740900145948e+00 2.75421517992314e-06
1.78000000000000e+00 1.51848458634566e+00 1.51848404225504e+00 5.44090619669646e-07
1.78500000000000e+00 1.49101986695828e+00 1.49102138342582e+00 1.51646753732138e-06
1.79000000000000e+00 1.46522741149780e+00 1.46523053680291e+00 3.12530510226949e-06
1.79500000000000e+00 1.44130702473794e+00 1.44131106870462e+00 4.04396667752493e-06
1.80000000000000e+00 1.41944722667668e+00 1.41945135953695e+00 4.13286027622917e-06
1.80500000000000e+00 1.39982406040770e+00 1.39982743227203e+00 3.37186433108094e-06
1.81000000000000e+00 1.38259999351068e+00 1.38260185702999e+00 1.86351930864248e-06
1.81500000000000e+00 1.36792291994747e+00 1.36792273852040e+00 1.81427074252838e-07
1.82000000000000e+00 1.35592526636411e+00 1.35592279258843e+00 2.47377568873830e-06
1.82500000000000e+00 1.34672320400626e+00 1.34671851756181e+00 4.68644445072997e-06
1.83000000000000e+00 1.34041596545554e+00 1.34040946551008e+00 6.49994545565136e-06
1.83500000000000e+00 1.33708526425856e+00 1.33707761791153e+00 7.64634702177247e-06
1.84000000000000e+00 1.33679481527880e+00 1.33678686957979e+00 7.94569901341191e-06
1.84500000000000e+00 1.33958995415243e+00 1.33958262403436e+00 7.33011806564043e-06
1.85000000000000e+00 1.34549735536315e+00 1.34549150281253e+00 5.85255062013346e-06
1.85500000000000e+00 1.35452484989356e+00 1.35452117051728e+00 3.67937627565595e-06
1.86000000000000e+00 1.36666134486092e+00 1.36666027668282e+00 1.06817810374693e-06
1.86500000000000e+00 1.38187684872414e+00 1.38187851481848e+00 1.66609433360776e-06
1.87000000000000e+00 1.40012260632939e+00 1.40012679827000e+00 4.19194060397032e-06
1.87500000000000e+00 1.42133134809573e+00 1.42133755181640e+00 6.20372067583475e-06
1.88000000000000e+00 1.44541765697327e+00 1.44542511720755e+00 7.46023427833364e-06
1.88500000000000e+00 1.47227845546775e+00 1.47228627014470e+00 7.81467694421778e-06
1.89000000000000e+00 1.50179361313246e+00 1.50180084551967e+00 7.23238720667929e-06
1.89500000000000e+00 1.53382667265695e+00 1.53383246706028e+00 5.79440333359216e-06
1.90000000000000e+00 1.56822569024649e+00 1.56822937688661e+00 3.68664012251330e-06
1.90500000000000e+00 1.60482418361060e+00 1.60482535986612e+00 1.17625551920852e-06
1.91000000000000e+00 1.64344217877480e+00 1.64344075707161e+00 1.42170318939705e-06
1.91500000000000e+00 1.68388734526917e+00 1.68388356209650e+00 3.78317266735984e-06
1.92000000000000e+00 1.72595620815075e+00 1.72595059347097e+00 5.61467978310581e-06
1.92500000000000e+00 1.76943542483960e+00 1.76942873595353e+00 6.68888606281115e-06
1.93000000000000e+00 1.81410311487920e+00 1.81409624304787e+00 6.87183132974667e-06
1.93500000000000e+00 1.85973023139742e+00 1.85972409271723e+00 6.13868019416763e-06
1.94000000000000e+00 1.90608196411724e+00 1.90607738794082e+00 4.57617642046770e-06
1.94500000000000e+00 1.95291916508463e+00 1.95291679348017e+00 2.37160446325824e-06
1.95000000000000e+00 1.99999978966059e+00 2.00000000000000e+00 2.10339407002991e-07
1.95500000000000e+00 2.04708034658546e+00 2.04708320651983e+00 2.85993437509902e-06
1.96000000000000e+00 2.09391735190355e+00 2.09392261205918e+00 5.26015562263282e-06
1.96500000000000e+00 2.14026878211256e+00 2.14027590728277e+00 7.12517020895476e-06
1.97000000000000e+00 2.18589552199950e+00 2.18590375695213e+00 8.23495262425311e-06
1.97500000000000e+00 2.23056280223034e+00 2.23057126404646e+00 8.46181612601526e-06
1.98000000000000e+00 2.27404162091865e+00 2.27404940652903e+00 7.78561038128345e-06
1.98500000000000e+00 2.31611014221421e+00 2.31611643790350e+00 6.29568928944835e-06
1.99000000000000e+00 2.35655506357643e+00 2.35655924292839e+00 4.17935196006525e-06
1.99500000000000e+00 2.39517294201369e+00 2.39517464013388e+00 1.69812019645832e-06
2.00000000000000e+00 2.43177146837421e+00 2.43177062311339e+00 8.45260818671534e-07
2.00500000000000e+00 2.46617067795379e+00 2.46616753293972e+00 3.14501406828427e-06
2.01000000000000e+00 2.49820408539525e+00 2.49819915448034e+00 4.93091491637898e-06
2.01500000000000e+00 2.52771973219630e+00 2.52771372985530e+00 6.00234099579211e-06
2.02000000000000e+00 2.55458113615041e+00 2.55457488279245e+00 6.25335795589876e-06
2.02500000000000e+00 2.57866813367674e+00 2.57866244818359e+00 5.68549314250433e-06
2.03000000000000e+00 2.59987760812966e+00 2.59987320173000e+00 4.40639965937351e-06
2.03500000000000e+00 2.61812409963018e+00 2.61812148518152e+00 2.61444865756744e-06
2.04000000000000e+00 2.63334029449407e+00 2.63333972331718e+00 5.71176885344471e-07
2.04500000000000e+00 2.64547739469033e+00 2.64547882948272e+00 1.43479238490229e-06
2.05000000000000e+00 2.65450536970363e+00 2.65450849718747e+00 3.12748384567740e-06
2.05500000000000e+00 2.66041309449655e+00 2.66041737596564e+00 4.28146908637572e-06
2.06000000000000e+00 2.66320837785003e+00 2.66321313042021e+00 4.75257018806019e-06
2.06500000000000e+00 2.66291788517775e+00 2.66292238208847e+00 4.49691072201830e-06
2.07000000000000e+00 2.65958695905060e+00 2.65959053448992e+00 3.57543931439608e-06
2.07500000000000e+00 2.65327933932116e+00 2.65328148243819e+00 2.14311702650960e-06
2.08000000000000e+00 2.64407678318473e+00 2.64407720741157e+00 4.24226846096332e-07
2.08500000000000e+00 2.63207858408063e+00 2.63207726147960e+00 1.32260102692072e-06
2.09000000000000e+00 2.61740098735650e+00 2.61739814297001e+00 2.84438648767704e-06
2.09500000000000e+00 2.60017650037231e+00 2.60017256772797e+00 3.93264433906637e-06
2.10000000000000e+00 2.58055309539237e+00 2.58054864046305e+00 4.45492932232838e-06
2.10500000000000e+00 2.55869330524765e+00 2.55868893129538e+00 4.37395226482451e-06
2.11000000000000e+00 2.53477321423393e+00 2.53476946319710e+00 3.75103682870304e-06
2.11500000000000e+00 2.50898134977567e+00 2.50897861657418e+00 2.73320149224432e-06
2.12000000000000e+00 2.48151748364131e+00 2.48151595774496e+00 1.52589635149525e-06
2.12500000000000e+00 2.45259135448466e+00 2.45259099854052e+00 3.55944139052156e-07
2.13000000000000e+00 2.42242132575591e+00 2.42242189467697e+00 5.68921063148764e-07
2.13500000000000e+00 2.39123299420296e+00 2.39123409092702e+00 1.09672406356509e-06
2.14000000000000e+00 2.35925776405275e+00 2.35925892144618e+00 1.15739343575783e-06
2.14500000000000e+00 2.32673140051368e+00 2.32673217388556e+00 7.73371878981521e-07
2.15000000000000e+00 2.29389257369545e+00 2.29389262614624e+00 5.24507890453663e-08
2.15500000000000e+00 2.26098140084193e+00 2.26098056479902e+00 8.36042913565649e-07
2.16000000000000e+00 2.22823799152250e+00 2.22823629430637e+00 1.69721612675033e-06
2.16500000000000e+00 2.19590099780466e+00 2.19589864623990e+00 2.35156476291465e-06
2.17000000000000e+00 2.16420617006609e+00 2.16420349768687e+00 2.67237921347530e-06
2.17500000000000e+00 2.13338491942893e+00 2.13338230798255e+00 2.61144637914157e-06
2.18000000000000e+00 2.10366288992152e+00 2.10366068279205e+00 2.20712946585877e-06
2.18500000000000e+00 2.07525854707745e+00 2.07525697439691e+00 1.57268053646575e-06
2.19000000000000e+00 2.04838179403102e+00 2.04838092681811e+00 8.67212906374704e-07
2.19500000000000e+00 2.02323263020349e+00 2.02323237413107e+00 2.56072423265863e-07
2.20000000000000e+00 1.99999987025408e+00 2.00000000000000e+00 1.29745920229851e-07
2.20500000000000e+00 1.97885994117797e+00 1.97886016608158e+00 2.24903611067973e-07
2.21000000000000e+00 1.95997577290040e+00 1.95997581652323e+00 4.36228351219370e-08
2.21500000000000e+00 1.94349579281289e+00 1.94349546531226e+00 3.27500629948574e-07
2.22000000000000e+00 1.92955302853115e+00 1.92955227272105e+00 7.55810103170163e-07
2.22500000000000e+00 1.91826431729952e+00 1.91826321654437e+00 1.10075514925256e-06
2.23000000000000e+00 1.90972961650833e+00 1.90972836324032e+00 1.25326800870518e-06
2.23500000000000e+00 1.90403140880775e+00 1.90403024347033e+00 1.16533742589020e-06
2.24000000000000e+00 1.90123419748549e+00 1.90123333589028e+00 8.61595214285416e-07
2.24500000000000e+00 1.90138409232646e+00 1.90138366237698e+00 4.29949478020220e-07
2.25000000000000e+00 1.90450849153848e+00 1.90450849718747e+00 5.64899060861990e-09
2.25500000000000e+00 1.91061586969605e+00 1.91061619184595e+00 3.22149898757118e-07
2.26000000000000e+00 1.91969568353858e+00 1.91969611683971e+00 4.33301136304465e-07
2.26500000000000e+00 1.93171840616234e+00 1.93171872048530e+00 3.14322956107560e-07
2.27000000000000e+00 1.94663569594830e+00 1.94663570460343e+00 8.65512705949811e-09
2.27500000000000e+00 1.96438070060141e+00 1.96438031592140e+00 3.84680009402061e-07
2.28000000000000e+00 1.98486849052614e+00 1.98486775140779e+00 7.39118351411605e-07
2.28500000000000e+00 2.00799661097129e+00 2.00799567504205e+00 9.35929236778321e-07
2.29000000000000e+00 2.03364574000028e+00 2.03364484283446e+00 8.97165823410262e-07
2.29500000000000e+00 2.06168043969453e+00 2.06167983224433e+00 6.07450201250970e-07
2.30000000000000e+00 2.09194999062916e+00 2.09194987150091e+00 1.19128246822697e-07
2.30500000000000e+00 2.12428930356175e+00 2.12428976371522e+00 4.60153469994395e-07
2.31000000000000e+00 2.15851990619738e+00 2.15852090008677e+00 9.93889393896552e-07
2.31500000000000e+00 2.19445100570127e+00 2.19445235595975e+00 1.35025847258774e-06
2.32000000000000e+00 2.23188062857823e+00 2.23188206297221e+00 1.43439398536671e-06
2.32500000000000e+00 2.27059683841404e+00 2.27059805007310e+00 1.21165905442311e-06
2.33000000000000e+00 2.31037902909634e+00 2.31037974575665e+00 7.16660306654404e-07
2.33500000000000e+00 2.35099928721620e+00 2.35099933348698e+00 4.62707809845142e-08
2.34000000000000e+00 2.39222381330048e+00 2.39222315195699e+00 6.61343485752752e-07
2.34500000000000e+00 2.43381438820138e+00 2.43381313154985e+00 1.25665152994614e-06
2.35000000000000e+00 2.47552986900388e+00 2.47552825814758e+00 1.61085630301372e-06
2.35500000000000e+00 2.51712769848833e+00 2.51712605526309e+00 1.64322524787153e-06
2.36000000000000e+00 2.55836541341193e+00 2.55836407535858e+00 1.33805334412429e-06
2.36500000000000e+00 2.59900213924673e+00 2.59900139115685e+00 7.48089879820668e-07
2.37000000000000e+00 2.63880006193591e+00 2.63880007775179e+00 1.58158783847284e-08
2.37500000000000e+00 2.67752587006151e+00 2.67752667638138e+00 8.06319872204142e-07
2.38000000000000e+00 2.71495216300829e+00 2.71495363083914e+00 1.46783085774871e-06
2.38500000000000e+00 2.75085882190617e+00 2.75086068766886e+00 1.86576269056715e-06
2.39000000000000e+00 2.78503434023059e+00 2.78503625151058e+00 1.91127998983021e-06
2.39500000000000e+00 2.81727711006414e+00 2.81727868724248e+00 1.57717833371152e-06
2.40000000000000e+00 2.84739665848538e+00 2.84739756089084e+00 9.02405457914313e-07
2.40500000000000e+00 2.87521482676057e+00 2.87521481165829e+00 1.51022758743125e-08
2.41000000000000e+00 2.90056688338832e+00 2.90056584784471e+00 1.03554361130520e-06
2.41500000000000e+00 2.92330256092970e+00 2.92330055990463e+00 2.00102506608957e-06
2.42000000000000e+00 2.94328700616717e+00 2.94328424439572e+00 2.76177144753476e-06
2.42500000000000e+00 2.96040163354805e+00 2.96039843312221e+00 3.20042584212032e-06
2.43000000000000e+00 2.97454487301773e+00 2.97454162236171e+00 3.25065602124752e-06
2.43500000000000e+00 2.98563280506712e+00 2.98562989767982e+00 2.90738729713524e-06
2.44000000000000e+00 2.99359967787837e+00 2.99359745048043e+00 2.22739794031312e-06
2.44500000000000e+00 2.99839830361075e+00 2.99839698310739e+00 1.32050335288625e-06
2.45000000000000e+00 3.00000033290267e+00 3.00000000000000e+00 3.32902666322354e-07
2.45500000000000e+00 2.99839640840745e+00 2.99839698310739e+00 5.74699948518997e-07
2.46000000000000e+00 2.99359619951702e+00 2.99359745048044e+00 1.25096341418995e-06
2.46500000000000e+00 2.98562832131430e+00 2.98562989767982e+00 1.57636552167162e-06
2.47000000000000e+00 2.97454014123855e+00 2.97454162236171e+00 1.48112316189497e-06
2.47500000000000e+00 2.96039747700454e+00 2.96039843312221e+00 9.56117666373046e-07
2.48000000000000e+00 2.94328418907506e+00 2.94328424439572e+00 5.53206689346553e-08
2.48500000000000e+00 2.92330167056104e+00 2.92330055990464e+00 1.11065640640007e-06
2.49000000000000e+00 2.90056823694235e+00 2.90056584784471e+00 2.38909764105344e-06
2.49500000000000e+00 2.87521841759477e+00 2.87521481165830e+00 3.60593647119600e-06
2.50000000000000e+00 2.84740215089931e+00 2.84739756089084e+00 4.59000846442237e-06
2.50500000000000e+00 2.81728388480005e+00 2.81727868724248e+00 5.19755756966944e-06
2.51000000000000e+00 2.78504158513759e+00 2.78503625151058e+00 5.33362701382600e-06
2.51500000000000e+00 2.75086565494498e+00 2.75086068766886e+00 4.96727612375736e-06
2.52000000000000e+00 2.71495776912847e+00 2.71495363083915e+00 4.13828931922211e-06
2.52500000000000e+00 2.67752963049221e+00 2.67752667638138e+00 2.95411082795738e-06
2.53000000000000e+00 2.63880165478004e+00 2.63880007775179e+00 1.57702825465122e-06
2.53500000000000e+00 2.59900159413876e+00 2.59900139115685e+00 2.02981911723299e-07
2.54000000000000e+00 2.55836310997501e+00 2.55836407535859e+00 9.65383575746159e-07
2.54500000000000e+00 2.51712430740418e+00 2.51712605526309e+00 1.74785891449147e-06
2.55000000000000e+00 2.47552624422237e+00 2.47552825814758e+00 2.01392521237409e-06
2.55500000000000e+00 2.43381142746827e+00 2.43381313154985e+00 1.70408158028934e-06
2.56000000000000e+00 2.39222231014414e+00 2.39222315195700e+00 8.41812862528712e-07
2.56500000000000e+00 2.35099979957590e+00 2.35099933348698e+00 4.66088914574669e-07
2.57000000000000e+00 2.31038178733244e+00 2.31037974575666e+00 2.04157578131969e-06
2.57500000000000e+00 2.27060170878425e+00 2.27059805007310e+00 3.65871114915706e-06
2.58000000000000e+00 2.23188713850450e+00 2.23188206297222e+00 5.07553227979685e-06
2.58500000000000e+00 2.19445842606325e+00 2.19445235595975e+00 6.07010349717996e-06
2.59000000000000e+00 2.15852737558861e+00 2.15852090008678e+00 6.47550183296985e-06
2.59500000000000e+00 2.12429597196344e+00 2.12428976371522e+00 6.20824822838983e-06
2.60000000000000e+00 2.09195515680239e+00 2.09194987150091e+00 5.28530147425599e-06
2.60500000000000e+00 2.06168365840440e+00 2.06167983224433e+00 3.82616006833203e-06
2.61000000000000e+00 2.03364688156297e+00 2.03364484283446e+00 2.03872851267661e-06
2.61500000000000e+00 2.00799586517322e+00 2.00799567504205e+00 1.90131171251551e-07
2.62000000000000e+00 1.98486631763586e+00 1.98486775140779e+00 1.43377192785010e-06
2.62500000000000e+00 1.96437774169744e+00 1.96438031592140e+00 2.57422396376938e-06
2.63000000000000e+00 1.94663266117153e+00 1.94663570460343e+00 3.04343189805323e-06
2.63500000000000e+00 1.93171596162684e+00 1.93171872048530e+00 2.75885845235635e-06
2.64000000000000e+00 1.91969435543505e+00 1.91969611683971e+00 1.76140466301433e-06
2.64500000000000e+00 1.91061597858868e+00 1.91061619184595e+00 2.13257265624378e-07
2.65000000000000e+00 1.90451012271312e+00 1.90450849718747e+00 1.62552564186846e-06
2.65500000000000e+00 1.90138710121615e+00 1.90138366237698e+00 3.43883916498200e-06
2.66000000000000e+00 1.90123824421033e+00 1.90123333589028e+00 4.90832004884645e-06
2.66500000000000e+00 1.90403601342082e+00 1.90403024347033e+00 5.76995049605955e-06
2.67000000000000e+00 1.90973422638007e+00 1.90972836324032e+00 5.86313975459163e-06
2.67500000000000e+00 1.91826837920378e+00 1.91826321654437e+00 5.16265940819771e-06
2.68000000000000e+00 1.92955605919327e+00 1.92955227272105e+00 3.78647222687434e-06
2.68500000000000e+00 1.94349744207033e+00 1.94349546531226e+00 1.97675807056541e-06
2.69000000000000e+00 1.95997587310326e+00 1.95997581652323e+00 5.65800306606690e-08
2.69500000000000e+00 1.97885853574260e+00 1.97886016608158e+00 1.63033897826459e-06
2.70000000000000e+00 1.99999721458834e+00 2.00000000000000e+00 2.78541165776858e-06
2.70500000000000e+00 2.02322916064135e+00 2.02323237413106e+00 3.21348971210611e-06
2.71000000000000e+00 2.04837806530310e+00 2.04838092681811e+00 2.86151500983323e-06
2.71500000000000e+00 2.07525514547110e+00 2.07525697439691e+00 1.82892580813387e-06
2.72000000000000e+00 2.10366033592081e+00 2.10366068279205e+00 3.46871237955071e-07
2.72500000000000e+00 2.13338357808239e+00 2.13338230798255e+00 1.27009983996729e-06
2.73000000000000e+00 2.16420618774729e+00 2.16420349768687e+00 2.69006042463715e-06
2.73500000000000e+00 2.19590227961793e+00 2.19589864623990e+00 3.63337802822272e-06
2.74000000000000e+00 2.22824022505388e+00 2.22823629430637e+00 3.93074751237066e-06
2.74500000000000e+00 2.26098412134400e+00 2.26098056479902e+00 3.55654498429558e-06
2.75000000000000e+00 2.29389525600764e+00 2.29389262614624e+00 2.62986140064925e-06
2.75500000000000e+00 2.32673355686817e+00 2.32673217388556e+00 1.38298261509462e-06
2.76000000000000e+00 2.35925902623384e+00 2.35925892144618e+00 1.04787660326622e-07
2.76500000000000e+00 2.39123316356497e+00 2.39123409092702e+00 9.27362051594827e-07
2.77000000000000e+00 2.42242038389338e+00 2.42242189467697e+00 1.51078359245105e-06
2.77500000000000e+00 2.45258943811894e+00 2.45259099854052e+00 1.56042157906100e-06
2.78000000000000e+00 2.48151483630116e+00 2.48151595774496e+00 1.12144379338375e-06
2.78500000000000e+00 2.50897826741160e+00 2.50897861657418e+00 3.49162583290763e-07
2.79000000000000e+00 2.53477000073454e+00 2.53476946319709e+00 5.37537446554381e-07
2.79500000000000e+00 2.55869024749698e+00 2.55868893129538e+00 1.31620159971035e-06
2.80000000000000e+00 2.58055045830713e+00 2.58054864046305e+00 1.81784408503916e-06
2.80500000000000e+00 2.60017453357210e+00 2.60017256772797e+00 1.96584412570644e-06
2.81000000000000e+00 2.61739992994771e+00 2.61739814297001e+00 1.78697770403247e-06
2.81500000000000e+00 2.63207865449430e+00 2.63207726147960e+00 1.39301470003517e-06
2.82000000000000e+00 2.64407814718562e+00 2.64407720741157e+00 9.39774047470365e-07
2.82500000000000e+00 2.65328205923592e+00 2.65328148243819e+00 5.76797732687595e-07
2.83000000000000e+00 2.65959093751073e+00 2.65959053448992e+00 4.03020809169874e-07
2.83500000000000e+00 2.66292282345093e+00 2.66292238208847e+00 4.41362467018536e-07
2.84000000000000e+00 2.66321376929334e+00 2.66321313042021e+00 6.38873121072692e-07
2.84500000000000e+00 2.66041826692744e+00 2.66041737596564e+00 8.90961804778101e-07
2.85000000000000e+00 2.65450957803892e+00 2.65450849718747e+00 1.08085144079340e-06
2.85500000000000e+00 2.64547995051784e+00 2.64547882948272e+00 1.12103512295292e-06
2.86000000000000e+00 2.63334070671420e+00 2.63333972331719e+00 9.83397018039511e-07
2.86500000000000e+00 2.61812219388109e+00 2.61812148518152e+00 7.08699570139970e-07
2.87000000000000e+00 2.59987359464697e+00 2.59987320173000e+00 3.92916963853907e-07
2.87500000000000e+00 2.57866260340033e+00 2.57866244818360e+00 1.55216735020502e-07
2.88000000000000e+00 2.55457498078919e+00 2.55457488279246e+00 9.79967347269906e-08
2.88500000000000e+00 2.52771400150217e+00 2.52771372985530e+00 2.71646868998943e-07
2.89000000000000e+00 2.49819980956106e+00 2.49819915448034e+00 6.55080726552626e-07
2.89500000000000e+00 2.46616869113831e+00 2.46616753293972e+00 1.15819858326205e-06
2.90000000000000e+00 2.43177226895031e+00 2.43177062311339e+00 1.64583691297793e-06
2.90500000000000e+00 2.39517661651574e+00 2.39517464013388e+00 1.97638185817084e-06
2.91000000000000e+00 2.35656128680655e+00 2.35655924292839e+00 2.04387815827545e-06
2.91500000000000e+00 2.31611824923280e+00 2.31611643790350e+00 1.81132930343608e-06
2.92000000000000e+00 2.27405073176260e+00 2.27404940652904e+00 1.32523356599634e-06
2.92500000000000e+00 2.23057197061424e+00 2.23057126404647e+00 7.06567772290612e-07
2.93000000000000e+00 2.18590387695754e+00 2.18590375695213e+00 1.20005406056833e-07
2.93500000000000e+00 2.14027563663523e+00 2.14027590728278e+00 2.70647549704961e-07
2.94000000000000e+00 2.09392226336110e+00 2.09392261205918e+00 3.48698080188115e-07
2.94500000000000e+00 2.04708312699103e+00 2.04708320651984e+00 7.95288106480996e-08
2.95000000000000e+00 2.00000047596728e+00 2.00000000000000e+00 4.75967281143852e-07
2.95500000000000e+00 1.95291796754343e+00 1.95291679348017e+00 1.17406325572667e-06
2.96000000000000e+00 1.90607921237739e+00 1.90607738794082e+00 1.82443656537856e-06
2.96500000000000e+00 1.85972633347431e+00 1.85972409271723e+00 2.24075708410432e-06
2.97000000000000e+00 1.81409853515184e+00 1.81409624304787e+00 2.29210396973656e-06
2.97500000000000e+00 1.76943067698170e+00 1.76942873595354e+00 1.94102816264419e-06
2.98000000000000e+00 1.72595185083073e+00 1.72595059347097e+00 1.25735976053143e-06
2.98500000000000e+00 1.68388396536413e+00 1.68388356209651e+00 4.03267626847281e-07
2.99000000000000e+00 1.64344034994786e+00 1.64344075707161e+00 4.07123754708749e-07
2.99500000000000e+00 1.60482439663227e+00 1.60482535986612e+00 9.63233842687927e-07
3.00000000000000e+00 1.56822826284459e+00 1.56822937688661e+00 1.11404201774690e-06
3.00500000000000e+00 1.53383165736465e+00 1.53383246706028e+00 8.09695629211404e-07
3.01000000000000e+00 1.50180072801993e+00 1.50180084551966e+00 1.17499729945791e-07
3.01500000000000e+00 1.47228706234899e+00 1.47228627014470e+00 7.92204286614862e-07
3.02000000000000e+00 1.44542680409368e+00 1.44542511720755e+00 1.68688613122470e-06
3.02500000000000e+00 1.42133988091124e+00 1.42133755181641e+00 2.32909483655064e-06
3.03000000000000e+00 1.40012933395355e+00 1.40012679827000e+00 2.53568355601530e-06
3.03500000000000e+00 1.38188073896550e+00 1.38187851481848e+00 2.22414702832907e-06
3.04000000000000e+00 1.36666171130709e+00 1.36666027668282e+00 1.43462427470986e-06
3.04500000000000e+00 1.35452149283170e+00 1.35452117051728e+00 3.22314416489888e-07
3.05000000000000e+00 1.34549062520832e+00 1.34549150281253e+00 8.77604202420557e-07
3.05500000000000e+00 1.33958072018962e+00 1.33958262403436e+00 1.90384473919281e-06
3.06000000000000e+00 1.33678434089759e+00 1.33678686957979e+00 2.52868219163815e-06
3.06500000000000e+00 1.33707500847828e+00 1.33707761791153e+00 2.60943325125496e-06
3.07000000000000e+00 1.34040734537989e+00 1.34040946551008e+00 2.12013019407209e-06
3.07500000000000e+00 1.34671736078279e+00 1.34671851756181e+00 1.15677902146061e-06
3.08000000000000e+00 1.35592287670079e+00 1.35592279258843e+00 8.41123606321048e-08
3.08500000000000e+00 1.36792408655090e+00 1.36792273852040e+00 1.34803050144683e-06
3.09000000000000e+00 1.38260423294652e+00 1.38260185702999e+00 2.37591653307057e-06
3.09500000000000e+00 1.39983038899353e+00 1.39982743227203e+00 2.95672150185666e-06
3.10000000000000e+00 1.41945432767327e+00 1.41945135953695e+00 2.96813632028048e-06
3.10500000000000e+00 1.44131346653132e+00 1.44131106870462e+00 2.39782670385935e-06
3.11000000000000e+00 1.46523187892378e+00 1.46523053680290e+00 1.34212087532504e-06
3.11500000000000e+00 1.49102136736149e+00 1.49102138342582e+00 1.60643356394985e-08
3.12000000000000e+00 1.51848259797757e+00 1.51848404225504e+00 1.44427747450493e-06
3.12500000000000e+00 1.54740629708002e+00 1.54740900145948e+00 2.70437945615321e-06
3.13000000000000e+00 1.57757451083572e+00 1.57757810532302e+00 3.59448730069545e-06
3.13500000000000e+00 1.60876192750573e+00 1.60876590907298e+00 3.98156724612519e-06
3.14000000000000e+00 1.64073725880254e+00 1.64074107855382e+00 3.81975128016521e-06
3.14500000000000e+00 1.67326467354304e+00 1.67326782611444e+00 3.15257139615888e-06
3.15000000000000e+00 1.70610527351461e+00 1.70610737385376e+00 2.10033915615249e-06
3.15500000000000e+00 1.73901859891220e+00 1.73901943520098e+00 8.36288785777128e-07
3.16000000000000e+00 1.77176414917705e+00 1.77176370569363e+00 4.43483423762103e-07
3.16500000000000e+00 1.80410290466124e+00 1.80410135376010e+00 1.55090113951317e-06
3.17000000000000e+00 1.83579883513208e+00 1.83579650231313e+00 2.33281895489768e-06
3.17500000000000e+00 1.86662038244640e+00 1.86661769201745e+00 2.69042894607274e-06
3.18000000000000e+00 1.89634190643444e+00 1.89633931720795e+00 2.58922649054583e-06
3.18500000000000e+00 1.92474508481928e+00 1.92474302560309e+00 2.05921619622629e-06
3.19000000000000e+00 1.95162025960934e+00 1.95161907318189e+00 1.18642744517672e-06
3.19500000000000e+00 1.97676772368366e+00 1.97676762586893e+00 9.78147238761551e-08
3.20000000000000e+00 1.99999894218277e+00 2.00000000000000e+00 1.05781722981035e-06
3.20500000000000e+00 2.02113770383817e+00 2.02113983391842e+00 2.13008024774197e-06
3.21000000000000e+00 2.04002119759127e+00 2.04002418347677e+00 2.98588549840773e-06
3.21500000000000e+00 2.05650100985815e+00 2.05650453468774e+00 3.52482959353750e-06
3.22000000000000e+00 2.07044403768535e+00 2.07044772727895e+00 3.68959360219634e-06
3.22500000000000e+00 2.08173331289615e+00 2.08173678345563e+00 3.47055947358399e-06
3.23000000000000e+00 2.09026873221584e+00 2.09027163675968e+00 2.90454384588301e-06
3.23500000000000e+00 2.09596768834114e+00 2.09596975652967e+00 2.06818853332180e-06
3.24000000000000e+00 2.09876559702648e+00 2.09876666410972e+00 1.06708324798532e-06
3.24500000000000e+00 2.09861631553136e+00 2.09861633762302e+00 2.20916547277739e-08
3.25000000000000e+00 2.09549244823485e+00 2.09549150281253e+00 9.45422326648071e-07
3.25500000000000e+00 2.08938553588674e+00 2.08938380815405e+00 1.72773268802828e-06
3.26000000000000e+00 2.08030612582976e+00 2.08030388316029e+00 2.24266947101981e-06
3.26500000000000e+00 2.06828372156971e+00 2.06828127951470e+00 2.44205500354866e-06
3.27000000000000e+00 2.05336661124910e+00 2.05336429539657e+00 2.31585253329669e-06
3.27500000000000e+00 2.03562157583416e+00 2.03561968407860e+00 1.89175556375432e-06
3.28000000000000e+00 2.01513347908270e+00 2.01513224859221e+00 1.23049048372792e-06
3.28500000000000e+00 1.99200474254870e+00 1.99200432495795e+00 4.17590751089492e-07
3.29000000000000e+00 1.96635470993352e+00 1.96635515716554e+00 4.47232021638655e-07
3.29500000000000e+00 1.93831890596780e+00 1.93832016775567e+00 1.26178787107634e-06
3.30000000000000e+00 1.90804819568291e+00 1.90805012849909e+00 1.93281618043883e-06
3.30500000000000e+00 1.87570785041111e+00 1.87571023628479e+00 2.38587367040743e-06
3.31000000000000e+00 1.84147652717080e+00 1.84147909991323e+00 2.57274242843053e-06
3.31500000000000e+00 1.80554516829309e+00 1.80554764404025e+00 2.47574716349952e-06
3.32000000000000e+00 1.76811582828089e+00 1.76811793702778e+00 2.10874689732243e-06
3.32500000000000e+00 1.72940043500980e+00 1.72940194992690e+00 1.51491710509433e-06
3.33000000000000e+00 1.68961949251711e+00 1.68962025424335e+00 7.61726245190886e-07
3.33500000000000e+00 1.64900073279790e+00 1.64900066651302e+00 6.62848789190207e-08
3.34000000000000e+00 1.60777772423579e+00 1.60777684804301e+00 8.76192783438867e-07
3.34500000000000e+00 1.56618844452340e+00 1.56618686845015e+00 1.57607325124154e-06
3.35000000000000e+00 1.52447382615295e+00 1.52447174185243e+00 2.08430052239805e-06
3.35500000000000e+00 1.48287628275584e+00 1.48287394473692e+00 2.33801892202123e-06
3.36000000000000e+00 1.44163822472948e+00 1.44163592464142e+00 2.30008806534343e-06
3.36500000000000e+00 1.40100057270607e+00 1.40099860884315e+00 1.96386291939632e-06
3.37000000000000e+00 1.36120127750430e+00 1.36119992224821e+00 1.35525608579989e-06
3.37500000000000e+00 1.32247385528138e+00 1.32247332361862e+00 5.31662758262996e-07
3.38000000000000e+00 1.28504594669035e+00 1.28504636916086e+00 4.22470509686690e-07
3.38500000000000e+00 1.24913790896208e+00 1.24913931233114e+00 1.40336906406802e-06
3.39000000000000e+00 1.21496144996742e+00 1.21496374848942e+00 2.29852200384073e-06
3.39500000000000e+00 1.18271831344672e+00 1.18272131275752e+00 2.99931080260940e-06
3.40000000000000e+00 1.15259902467000e+00 1.15260243910916e+00 3.41443916052064e-06
3.40500000000000e+00 1.12478170573977e+00 1.12478518834171e+00 3.48260193550054e-06
3.41000000000000e+00 1.09943096949446e+00 1.09943415215529e+00 3.18266082510732e-06
3.41500000000000e+00 1.07669690044322e+00 1.07669944009537e+00 2.53965214769281e-06
3.42000000000000e+00 1.05671413032319e+00 1.05671575560428e+00 1.62528108504922e-06
3.42500000000000e+00 1.03960101471976e+00 1.03960156687779e+00 5.52158033517713e-07
3.43000000000000e+00 1.02545891578222e+00 1.02545837763829e+00 5.38143933415114e-07
3.43500000000000e+00 1.01437159451019e+00 1.01437010232018e+00 1.49219001022161e-06
3.44000000000000e+00 1.00640471452487e+00 1.00640254951957e+00 2.16500530836328e-06
3.44500000000000e+00 1.00160545784313e+00 1.00160301689261e+00 2.44095052481796e-06
3.45000000000000e+00 1.00000225209664e+00 1.00000000000000e+00 2.25209664095338e-06
3.45500000000000e+00 1.00160460800186e+00 1.00160301689261e+00 1.59110925612715e-06
3.46000000000000e+00 1.00640306573659e+00 1.00640254951956e+00 5.16217027790589e-07
3.46500000000000e+00 1.01436924918121e+00 1.01437010232018e+00 8.53138965251077e-07
3.47000000000000e+00 1.02545602761320e+00 1.02545837763829e+00 2.35002509030302e-06
3.47500000000000e+00 1.03959778520700e+00 1.03960156687779e+00 3.78167078718405e-06
3.48000000000000e+00 1.05671079934882e+00 1.05671575560427e+00 4.95625545138267e-06
3.48500000000000e+00 1.07669372908703e+00 1.07669944009536e+00 5.71100833446359e-06
3.49000000000000e+00 1.09942821480784e+00 1.09943415215529e+00 5.93734744569474e-06
3.49500000000000e+00 1.12477958933843e+00 1.12478518834171e+00 5.59900327345986e-06
3.50000000000000e+00 1.15259769913549e+00 1.15260243910915e+00 4.73997366512435e-06
3.50500000000000e+00 1.18271783213277e+00 1.18272131275752e+00 3.48062475086230e-06
3.51000000000000e+00 1.21496174642003e+00 1.21496374848942e+00 2.00206938982816e-06
3.51500000000000e+00 1.24913879150139e+00 1.24913931233114e+00 5.20829754435681e-07
3.52000000000000e+00 1.28504711175047e+00 1.28504636916085e+00 7.42589621349765e-07
3.52500000000000e+00 1.32247492012622e+00 1.32247332361861e+00 1.59650760767072e-06
3.53000000000000e+00 1.36120182943784e+00 1.36119992224821e+00 1.90718963133385e-06
3.53500000000000e+00 1.40100022853136e+00 1.40099860884315e+00 1.61968820933112e-06
3.54000000000000e+00 1.44163669165757e+00 1.44163592464141e+00 7.67016163472078e-07
3.54500000000000e+00 1.48287341078903e+00 1.48287394473691e+00 5.33947875247520e-07
3.55000000000000e+00 1.52446964249937e+00 1.52447174185242e+00 2.09935305228726e-06
3.55500000000000e+00 1.56618316286944e+00 1.56618686845015e+00 3.70558070916793e-06
3.56000000000000e+00 1.60777172541302e+00 1.60777684804300e+00 5.12262998353386e-06
3.56500000000000e+00 1.64899451795230e+00 1.64900066651302e+00 6.14856071923242e-06
3.57000000000000e+00 1.68961361455786e+00 1.68962025424335e+00 6.63968548408889e-06
3.57500000000000e+00 1.72939541806658e+00 1.72940194992690e+00 6.53186032284481e-06
3.58000000000000e+00 1.76811208741020e+00 1.76811793702778e+00 5.84961758076652e-06
3.58500000000000e+00 1.80554294225052e+00 1.80554764404025e+00 4.70178972689084e-06
3.59000000000000e+00 1.84147583552902e+00 1.84147909991322e+00 3.26438420272801e-06
3.59500000000000e+00 1.87570848283709e+00 1.87571023628478e+00 1.75344769748342e-06
3.60000000000000e+00 1.90804973630864e+00 1.90805012849909e+00 3.92190450781982e-07
3.60500000000000e+00 1.93832079026889e+00 1.93832016775567e+00 6.22513225856380e-07
3.61000000000000e+00 1.96635630626470e+00 1.96635515716554e+00 1.14909915560624e-06
3.61500000000000e+00 1.99200544634699e+00 1.99200432495795e+00 1.12138903918257e-06
3.62000000000000e+00 2.01513280543603e+00 2.01513224859221e+00 5.56843823940056e-07
3.62500000000000e+00 2.03561923603294e+00 2.03561968407860e+00 4.48045657019946e-07
3.63000000000000e+00 2.05336256113744e+00 2.05336429539657e+00 1.73425912874947e-06
3.63500000000000e+00 2.06827817366907e+00 2.06828127951470e+00 3.10584562734917e-06
3.64000000000000e+00 2.08029952268000e+00 2.08030388316029e+00 4.36048028484848e-06
3.64500000000000e+00 2.08937848798773e+00 2.08938380815405e+00 5.32016631682453e-06
3.65000000000000e+00 2.09548564545106e+00 2.09549150281253e+00 5.85736146119231e-06
3.65500000000000e+00 2.09861042499117e+00 2.09861633762302e+00 5.91263184679391e-06
3.66000000000000e+00 2.09876116276447e+00 2.09876666410972e+00 5.50134525845181e-06
3.66500000000000e+00 2.09596504785410e+00 2.09596975652967e+00 4.70867557478272e-06
3.67000000000000e+00 2.09026796274085e+00 2.09027163675968e+00 3.67401882783724e-06
3.67500000000000e+00 2.08173421592181e+00 2.08173678345563e+00 2.56753381666641e-06
3.68000000000000e+00 2.07044616460635e+00 2.07044772727895e+00 1.56267260287279e-06
3.68500000000000e+00 2.05650372559541e+00 2.05650453468774e+00 8.09092335352091e-07
3.69000000000000e+00 2.04002377330356e+00 2.04002418347677e+00 4.10173209619558e-07
3.69500000000000e+00 2.02113942536883e+00 2.02113983391842e+00 4.08549595043439e-07
3.70000000000000e+00 1.99999921826821e+00 2.00000000000000e+00 7.81731795296281e-07
3.70500000000000e+00 1.97676617760035e+00 1.97676762586894e+00 1.44826858727853e-06
3.71000000000000e+00 1.95161678995091e+00 1.95161907318189e+00 2.28323098028227e-06
3.71500000000000e+00 1.92473988526044e+00 1.92474302560309e+00 3.14034264814467e-06
3.72000000000000e+00 1.89633544014447e+00 1.89633931720795e+00 3.87706347337868e-06
3.72500000000000e+00 1.86661331351486e+00 1.86661769201745e+00 4.37850259538131e-06
3.73000000000000e+00 1.83579192605343e+00 1.83579650231313e+00 4.57625970007314e-06
3.73500000000000e+00 1.80409689462797e+00 1.80410135376010e+00 4.45913213265037e-06
3.74000000000000e+00 1.77175963174138e+00 1.77176370569363e+00 4.07395224488738e-06
3.74500000000000e+00 1.73901591877031e+00 1.73901943520098e+00 3.51643067064700e-06
3.75000000000000e+00 1.70610446032599e+00 1.70610737385376e+00 2.91352777059828e-06
3.75500000000000e+00 1.67326542581554e+00 1.67326782611444e+00 2.40029890341553e-06
3.76000000000000e+00 1.64073898342472e+00 1.64074107855382e+00 2.09512910043230e-06
3.76500000000000e+00 1.60876383144997e+00 1.60876590907298e+00 2.07762300941106e-06
3.77000000000000e+00 1.57757573225232e+00 1.57757810532303e+00 2.37307071326853e-06
3.77500000000000e+00 1.54740605505936e+00 1.54740900145948e+00 2.94640012432623e-06
3.78000000000000e+00 1.51848033526514e+00 1.51848404225504e+00 3.70698989837770e-06
3.78500000000000e+00 1.49101685954355e+00 1.49102138342582e+00 4.52388227190070e-06
3.79000000000000e+00 1.46522528770946e+00 1.46523053680291e+00 5.24909344945534e-06
3.79500000000000e+00 1.44130532352500e+00 1.44131106870462e+00 5.74517961737797e-06
3.80000000000000e+00 1.41944544727782e+00 1.41945135953695e+00 5.91225913626481e-06
3.80500000000000e+00 1.39982172275500e+00 1.39982743227203e+00 5.70951702960620e-06
3.81000000000000e+00 1.38259669011952e+00 1.38260185702999e+00 5.16691047502960e-06
3.81500000000000e+00 1.36791835422622e+00 1.36792273852040e+00 4.38429417704000e-06
3.82000000000000e+00 1.35591927529989e+00 1.35592279258843e+00 3.51728853242861e-06
3.82500000000000e+00 1.34671576596697e+00 1.34671851756181e+00 2.75159484308674e-06
3.83000000000000e+00 1.34040719579344e+00 1.34040946551008e+00 2.26971664640807e-06
3.83500000000000e+00 1.33707540215419e+00 1.33707761791153e+00 2.21575734071777e-06
3.84000000000000e+00 1.33678420480561e+00 1.33678686957979e+00 2.66477417554256e-06
3.84500000000000e+00 1.33957902118532e+00 1.33958262403436e+00 3.60284904332708e-06
3.85000000000000e+00 1.34548658026998e+00 1.34549150281253e+00 4.92254254336189e-06
3.85500000000000e+00 1.35451473462213e+00 1.35452117051728e+00 6.43589514970344e-06
3.86000000000000e+00 1.36665237268670e+00 1.36666027668282e+00 7.90399611916293e-06
3.86500000000000e+00 1.38186943593715e+00 1.38187851481848e+00 9.07888132051227e-06
3.87000000000000e+00 1.40011704752277e+00 1.40012679826999e+00 9.75074722786573e-06
3.87500000000000e+00 1.42132776005994e+00 1.42133755181640e+00 9.79175646209640e-06
3.88000000000000e+00 1.44541592970568e+00 1.44542511720754e+00 9.18750185974204e-06
3.88500000000000e+00 1.47227822144397e+00 1.47228627014469e+00 8.04870072590447e-06
3.89000000000000e+00 1.50179424670203e+00 1.50180084551966e+00 6.59881763098724e-06
3.89500000000000e+00 1.53382732940518e+00 1.53383246706028e+00 5.13765510379294e-06
3.90000000000000e+00 1.56822539107313e+00 1.56822937688661e+00 3.98581347793581e-06
3.90500000000000e+00 1.60482194044456e+00 1.60482535986612e+00 3.41942155346331e-06
3.91000000000000e+00 1.64343714932963e+00 1.64344075707161e+00 3.60774198049363e-06
3.91500000000000e+00 1.68387899476127e+00 1.68388356209650e+00 4.56733522824493e-06
3.92000000000000e+00 1.72594444859141e+00 1.72595059347097e+00 6.14487956029919e-06
3.92500000000000e+00 1.76942069958372e+00 1.76942873595353e+00 8.03636980939437e-06
3.93000000000000e+00 1.81408639939952e+00 1.81409624304787e+00 9.84364834644147e-06
3.93500000000000e+00 1.85971293173311e+00 1.85972409271722e+00 1.11609841142446e-05
3.94000000000000e+00 1.90606571183311e+00 1.90607738794081e+00 1.16761077066929e-05
3.94500000000000e+00 1.95290553003051e+00 1.95291679348016e+00 1.12634496505226e-05
3.95000000000000e+00 1.99998995587915e+00 2.00000000000000e+00 1.00441208508162e-05
3.95500000000000e+00 2.04707481749220e+00 2.04708320651983e+00 8.38902763478089e-06
3.96000000000000e+00 2.09391576254110e+00 2.09392261205918e+00 6.84951807095047e-06
3.96500000000000e+00 2.14026989290170e+00 2.14027590728278e+00 6.01438107583618e-06
3.97000000000000e+00 2.18589744488342e+00 2.18590375695213e+00 6.31206871393175e-06
3.97500000000000e+00 2.23056346334889e+00 2.23057126404647e+00 7.80069757766455e-06
3.98000000000000e+00 2.27403939397195e+00 2.27404940652903e+00 1.00125570776655e-05
3.98500000000000e+00 2.31610449747680e+00 2.31611643790350e+00 1.19404266984979e-05
3.99000000000000e+00 2.35654697756262e+00 2.35655924292839e+00 1.22653657665950e-05
3.99500000000000e+00 2.39516471491225e+00 2.39517464013388e+00 9.92522163079101e-06
4.00000000000000e+00 2.43176551707634e+00 2.43177062311338e+00 5.10603703984813e-06
