variables = x, value-predict, value-true, error
0.00000000000000e+00 2.43043428013311e+00 2.43177062311339e+00 1.33634298028040e-03
5.00000000000000e-03 2.46475732750214e+00 2.46616753293972e+00 1.41020543757797e-03
1.00000000000000e-02 2.49669604771538e+00 2.49819915448034e+00 1.50310676495513e-03
1.50000000000000e-02 2.52611388940195e+00 2.52771372985530e+00 1.59984045335326e-03
2.00000000000000e-02 2.55288639662562e+00 2.55457488279246e+00 1.68848616683404e-03
2.50000000000000e-02 2.57690224706471e+00 2.57866244818360e+00 1.76020111888331e-03
3.00000000000000e-02 2.59806423460265e+00 2.59987320173000e+00 1.80896712735779e-03
3.50000000000000e-02 2.61629018356294e+00 2.61812148518152e+00 1.83130161858536e-03
4.00000000000000e-02 2.63151378198187e+00 2.63333972331718e+00 1.82594133531122e-03
4.50000000000000e-02 2.64368532170699e+00 2.64547882948272e+00 1.79350777572918e-03
5.00000000000000e-02 2.65277233373970e+00 2.65450849718747e+00 1.73616344777505e-03
5.50000000000000e-02 2.65876010811433e+00 2.66041737596564e+00 1.65726785130715e-03
6.00000000000000e-02 2.66165208871319e+00 2.66321313042021e+00 1.56104170702376e-03
6.50000000000000e-02 2.66147013474665e+00 2.66292238208847e+00 1.45224734181904e-03
7.00000000000000e-02 2.65825464216010e+00 2.65959053448992e+00 1.33589232981990e-03
7.50000000000000e-02 2.65206451993525e+00 2.65328148243819e+00 1.21696250293590e-03
8.00000000000000e-02 2.64297701809995e+00 2.64407720741157e+00 1.10018931162159e-03
8.50000000000000e-02 2.63108740620812e+00 2.63207726147960e+00 9.89855271477325e-04
9.00000000000000e-02 2.61650850305421e+00 2.61739814297001e+00 8.89639915795826e-04
9.50000000000000e-02 2.59937006039801e+00 2.60017256772797e+00 8.02507329967117e-04
1.00000000000000e-01 2.57981800544693e+00 2.58054864046305e+00 7.30635016120473e-04
1.05000000000000e-01 2.55801354872531e+00 2.55868893129538e+00 6.75382570064720e-04
1.10000000000000e-01 2.53413216570827e+00 2.53476946319709e+00 6.37297488820021e-04
1.15000000000000e-01 2.50836246216925e+00 2.50897861657418e+00 6.16154404927016e-04
1.20000000000000e-01 2.48090493455069e+00 2.48151595774496e+00 6.11023194271976e-04
1.25000000000000e-01 2.45197063778729e+00 2.45259099854052e+00 6.20360753231353e-04
1.30000000000000e-01 2.42177977387192e+00 2.42242189467697e+00 6.42120805052659e-04
1.35000000000000e-01 2.39056021504460e+00 2.39123409092702e+00 6.73875882423403e-04
1.40000000000000e-01 2.35854597580493e+00 2.35925892144618e+00 7.12945641250240e-04
1.45000000000000e-01 2.32597564800470e+00 2.32673217388556e+00 7.56525880860615e-04
1.50000000000000e-01 2.29309081308825e+00 2.29389262614624e+00 8.01813057987211e-04
1.55000000000000e-01 2.26013444513948e+00 2.26098056479902e+00 8.46119659537070e-04
1.60000000000000e-01 2.22734931779069e+00 2.22823629430637e+00 8.86976515682036e-04
1.65000000000000e-01 2.19497642729386e+00 2.19589864623990e+00 9.22218946037834e-04
1.70000000000000e-01 2.16325344317953e+00 2.16420349768687e+00 9.50054507345754e-04
1.75000000000000e-01 2.13241319697380e+00 2.13338230798255e+00 9.69111008748857e-04
1.80000000000000e-01 2.10268221844899e+00 2.10366068279205e+00 9.78464343059926e-04
1.85000000000000e-01 2.07427932788085e+00 2.07525697439691e+00 9.77646516066688e-04
1.90000000000000e-01 2.04741429180659e+00 2.04838092681811e+00 9.66635011521166e-04
1.95000000000000e-01 2.02228654885136e+00 2.02323237413107e+00 9.45825279709656e-04
2.00000000000000e-01 1.99908401133270e+00 2.00000000000000e+00 9.15988667297141e-04
2.05000000000000e-01 1.97798194758104e+00 1.97886016608158e+00 8.78218500535155e-04
2.10000000000000e-01 1.95914194923267e+00 1.95997581652323e+00 8.33867290566115e-04
2.15000000000000e-01 1.94271098716584e+00 1.94349546531226e+00 7.84478146422352e-04
2.20000000000000e-01 1.92882055925352e+00 1.92955227272105e+00 7.31713467521322e-04
2.25000000000000e-01 1.91758593269015e+00 1.91826321654437e+00 6.77283854222832e-04
2.30000000000000e-01 1.90910548330367e+00 1.90972836324032e+00 6.22879936643672e-04
2.35000000000000e-01 1.90346013397133e+00 1.90403024347033e+00 5.70109498992943e-04
2.40000000000000e-01 1.90071289400183e+00 1.90123333589028e+00 5.20441888447465e-04
2.45000000000000e-01 1.90090850111144e+00 1.90138366237698e+00 4.75161265545809e-04
2.50000000000000e-01 1.90407316738934e+00 1.90450849718747e+00 4.35329798137873e-04
2.55000000000000e-01 1.91021443040235e+00 1.91061619184595e+00 4.01761443594717e-04
2.60000000000000e-01 1.91932111031904e+00 1.91969611683971e+00 3.75006520675125e-04
2.65000000000000e-01 1.93136337362454e+00 1.93171872048530e+00 3.55346860753558e-04
2.70000000000000e-01 1.94629290364459e+00 1.94663570460343e+00 3.42800958843315e-04
2.75000000000000e-01 1.96404317769038e+00 1.96438031592140e+00 3.37138231021550e-04
2.80000000000000e-01 1.98452985018114e+00 1.98486775140779e+00 3.37901226643345e-04
2.85000000000000e-01 2.00765124058818e+00 2.00799567504205e+00 3.44434453870779e-04
2.90000000000000e-01 2.03328892448617e+00 2.03364484283446e+00 3.55918348287076e-04
2.95000000000000e-01 2.06130842539464e+00 2.06167983224433e+00 3.71406849694722e-04
3.00000000000000e-01 2.09156000445503e+00 2.09194987150091e+00 3.89867045876180e-04
3.05000000000000e-01 2.12387954432514e+00 2.12428976371522e+00 4.10219390072797e-04
3.10000000000000e-01 2.15808952299446e+00 2.15852090008677e+00 4.31377092316776e-04
3.15000000000000e-01 2.19400007254156e+00 2.19445235595975e+00 4.52283418191257e-04
3.20000000000000e-01 2.23141011718081e+00 2.23188206297222e+00 4.71945791404860e-04
3.25000000000000e-01 2.27010858428984e+00 2.27059805007310e+00 4.89465783257259e-04
3.30000000000000e-01 2.30987568148596e+00 2.31037974575665e+00 5.04064270688165e-04
3.35000000000000e-01 2.35048423223512e+00 2.35099933348698e+00 5.15101251858496e-04
3.40000000000000e-01 2.39170106194421e+00 2.39222315195700e+00 5.22090012785359e-04
3.45000000000000e-01 2.43328842601207e+00 2.43381313154985e+00 5.24705537783721e-04
3.50000000000000e-01 2.47500547090596e+00 2.47552825814758e+00 5.22787241616918e-04
3.55000000000000e-01 2.51660971899100e+00 2.51712605526309e+00 5.16336272087248e-04
3.60000000000000e-01 2.55785856757942e+00 2.55836407535859e+00 5.05507779166248e-04
3.65000000000000e-01 2.59851079248160e+00 2.59900139115685e+00 4.90598675247256e-04
3.70000000000000e-01 2.63832804623924e+00 2.63880007775179e+00 4.72031512550153e-04
3.75000000000000e-01 2.67707634120040e+00 2.67752667638138e+00 4.50335180984585e-04
3.80000000000000e-01 2.71452750765596e+00 2.71495363083915e+00 4.26123183184135e-04
3.85000000000000e-01 2.75046061739870e+00 2.75086068766886e+00 4.00070270158537e-04
3.90000000000000e-01 2.78466336328378e+00 2.78503625151058e+00 3.72888226799706e-04
3.95000000000000e-01 2.81693338566420e+00 2.81727868724248e+00 3.45301578278168e-04
4.00000000000000e-01 2.84707953693881e+00 2.84739756089084e+00 3.18023952034618e-04
4.05000000000000e-01 2.87492307588324e+00 2.87521481165829e+00 2.91735775058477e-04
4.10000000000000e-01 2.90029878392870e+00 2.90056584784471e+00 2.67063916014276e-04
4.15000000000000e-01 2.92305599610572e+00 2.92330055990464e+00 2.44563798911024e-04
4.20000000000000e-01 2.94305953997312e+00 2.94328424439572e+00 2.24704422599142e-04
4.25000000000000e-01 2.96019057650305e+00 2.96039843312221e+00 2.07856619157454e-04
4.30000000000000e-01 2.97434733758220e+00 2.97454162236171e+00 1.94284779509779e-04
4.35000000000000e-01 2.98544575551216e+00 2.98562989767982e+00 1.84142167666046e-04
4.40000000000000e-01 2.99341998064264e+00 2.99359745048043e+00 1.77469837791655e-04
4.45000000000000e-01 2.99822278404236e+00 2.99839698310739e+00 1.74199065035019e-04
4.50000000000000e-01 2.99982584289701e+00 3.00000000000000e+00 1.74157102992289e-04
4.55000000000000e-01 2.99821990711721e+00 2.99839698310739e+00 1.77075990186459e-04
4.60000000000000e-01 2.99341484643212e+00 2.99359745048043e+00 1.82604048318602e-04
4.65000000000000e-01 2.98543957803484e+00 2.98562989767982e+00 1.90319644981507e-04
4.70000000000000e-01 2.97434187562222e+00 2.97454162236171e+00 1.99746739489193e-04
4.75000000000000e-01 2.96018806143278e+00 2.96039843312221e+00 2.10371689423727e-04
4.80000000000000e-01 2.94306258362662e+00 2.94328424439572e+00 2.21660769106347e-04
4.85000000000000e-01 2.92306748206075e+00 2.92330055990464e+00 2.33077843883489e-04
4.90000000000000e-01 2.90032174619538e+00 2.90056584784471e+00 2.44101649334194e-04
4.95000000000000e-01 2.87496056950990e+00 2.87521481165829e+00 2.54242148391093e-04
5.00000000000000e-01 2.84713450541324e+00 2.84739756089084e+00 2.63055477604635e-04
5.05000000000000e-01 2.81700853019750e+00 2.81727868724248e+00 2.70157044976571e-04
5.10000000000000e-01 2.78476101910276e+00 2.78503625151058e+00 2.75232407816350e-04
5.15000000000000e-01 2.75058264203559e+00 2.75086068766886e+00 2.78045633267165e-04
5.20000000000000e-01 2.71467518591112e+00 2.71495363083915e+00 2.78444928023092e-04
5.25000000000000e-01 2.67725031096791e+00 2.67752667638138e+00 2.76365413472313e-04
5.30000000000000e-01 2.63852824873823e+00 2.63880007775179e+00 2.71829013555269e-04
5.35000000000000e-01 2.59873644964062e+00 2.59900139115685e+00 2.64941516235240e-04
5.40000000000000e-01 2.55810818840057e+00 2.55836407535859e+00 2.55886958015150e-04
5.45000000000000e-01 2.51688113569827e+00 2.51712605526309e+00 2.44919564813983e-04
5.50000000000000e-01 2.47529590458888e+00 2.47552825814758e+00 2.32353558692555e-04
5.55000000000000e-01 2.43359458034678e+00 2.43381313154985e+00 2.18551203065687e-04
5.60000000000000e-01 2.39201924244427e+00 2.39222315195700e+00 2.03909512730860e-04
5.65000000000000e-01 2.35081048739618e+00 2.35099933348698e+00 1.88846090799721e-04
5.70000000000000e-01 2.31020596117945e+00 2.31037974575665e+00 1.73784577205627e-04
5.75000000000000e-01 2.27043890987456e+00 2.27059805007310e+00 1.59140198536356e-04
5.80000000000000e-01 2.23173675707406e+00 2.23188206297222e+00 1.45305898152870e-04
5.85000000000000e-01 2.19431971646114e+00 2.19445235595975e+00 1.32639498611642e-04
5.90000000000000e-01 2.15839944777969e+00 2.15852090008677e+00 1.21452307085601e-04
5.95000000000000e-01 2.12417776419615e+00 2.12428976371522e+00 1.11999519067485e-04
6.00000000000000e-01 2.09184539879082e+00 2.09194987150091e+00 1.04472710089176e-04
6.05000000000000e-01 2.06158083761428e+00 2.06167983224433e+00 9.89946300471445e-05
6.10000000000000e-01 2.03354922640170e+00 2.03364484283446e+00 9.56164327607922e-05
6.15000000000000e-01 2.00790135765172e+00 2.00799567504205e+00 9.43173903302785e-05
6.20000000000000e-01 1.98477274435263e+00 1.98486775140779e+00 9.50070551541948e-05
6.25000000000000e-01 1.96428278616968e+00 1.96438031592140e+00 9.75297517220586e-05
6.30000000000000e-01 1.94653403340128e+00 1.94663570460343e+00 1.01671202148212e-04
6.35000000000000e-01 1.93161155346410e+00 1.93171872048530e+00 1.07167021195842e-04
6.40000000000000e-01 1.91958240408264e+00 1.91969611683971e+00 1.13712757069617e-04
6.45000000000000e-01 1.91049521673760e+00 1.91061619184595e+00 1.20975108350629e-04
6.50000000000000e-01 1.90437989327445e+00 1.90450849718747e+00 1.28603913027270e-04
6.55000000000000e-01 1.90124741788891e+00 1.90138366237698e+00 1.36244488069481e-04
6.60000000000000e-01 1.90108978599733e+00 1.90123333589028e+00 1.43549892950512e-04
6.65000000000000e-01 1.90388005076914e+00 1.90403024347033e+00 1.50192701189766e-04
6.70000000000000e-01 1.90957248735158e+00 1.90972836324032e+00 1.55875888738111e-04
6.75000000000000e-01 1.91810287405920e+00 1.91826321654437e+00 1.60342485175491e-04
6.80000000000000e-01 1.92938888903884e+00 1.92955227272105e+00 1.63383682208362e-04
6.85000000000000e-01 1.94333062015968e+00 1.94349546531226e+00 1.64845152576421e-04
6.90000000000000e-01 1.95981118512692e+00 1.95997581652323e+00 1.64631396307291e-04
6.95000000000000e-01 1.97869745807820e+00 1.97886016608158e+00 1.62708003376810e-04
7.00000000000000e-01 1.99984089820754e+00 2.00000000000000e+00 1.59101792465366e-04
7.05000000000000e-01 2.02307847527213e+00 2.02323237413106e+00 1.53898858938462e-04
7.10000000000000e-01 2.04823368618352e+00 2.04838092681811e+00 1.47240634591483e-04
7.15000000000000e-01 2.07511765626988e+00 2.07525697439691e+00 1.39318127033494e-04
7.20000000000000e-01 2.10353031822805e+00 2.10366068279205e+00 1.30364563998508e-04
7.25000000000000e-01 2.13326166126419e+00 2.13338230798255e+00 1.20646718352990e-04
7.30000000000000e-01 2.16409304245869e+00 2.16420349768687e+00 1.10455228178097e-04
7.35000000000000e-01 2.19579855198548e+00 2.19589864623990e+00 1.00094254423144e-04
7.40000000000000e-01 2.22814642347092e+00 2.22823629430637e+00 8.98708354544198e-05
7.45000000000000e-01 2.26090048049711e+00 2.26098056479902e+00 8.00843019086450e-05
7.50000000000000e-01 2.29382161004000e+00 2.29389262614624e+00 7.10161062369430e-05
7.55000000000000e-01 2.32666925348171e+00 2.32673217388556e+00 6.29204038538056e-05
7.60000000000000e-01 2.35920290575586e+00 2.35925892144618e+00 5.60156903226527e-05
7.65000000000000e-01 2.39118361316552e+00 2.39123409092702e+00 5.04777614978025e-05
7.70000000000000e-01 2.42237546046305e+00 2.42242189467697e+00 4.64342139268048e-05
7.75000000000000e-01 2.45254703789029e+00 2.45259099854052e+00 4.39606502271594e-05
7.80000000000000e-01 2.48147287905092e+00 2.48151595774496e+00 4.30786940395222e-05
7.85000000000000e-01 2.50893486071451e+00 2.50897861657418e+00 4.37558596697585e-05
7.90000000000000e-01 2.53472355593950e+00 2.53476946319709e+00 4.59072575931252e-05
7.95000000000000e-01 2.55863953223661e+00 2.55868893129538e+00 4.93990587662196e-05
8.00000000000000e-01 2.58049458688106e+00 2.58054864046305e+00 5.40535819841814e-05
8.05000000000000e-01 2.60011291191036e+00 2.60017256772797e+00 5.96558176177986e-05
8.10000000000000e-01 2.61733218181482e+00 2.61739814297001e+00 6.59611551854233e-05
8.15000000000000e-01 2.63200455743424e+00 2.63207726147960e+00 7.27040453600836e-05
8.20000000000000e-01 2.64399760011284e+00 2.64407720741157e+00 7.96072987334639e-05
8.25000000000000e-01 2.65319509073257e+00 2.65328148243819e+00 8.63917056141972e-05
8.30000000000000e-01 2.65949774883701e+00 2.65959053448992e+00 9.27856529102655e-05
8.35000000000000e-01 2.66282384767093e+00 2.66292238208847e+00 9.85344175372660e-05
8.40000000000000e-01 2.66310972159230e+00 2.66321313042021e+00 1.03408827917928e-04
8.45000000000000e-01 2.66031016295732e+00 2.66041737596564e+00 1.07213008321949e-04
8.50000000000000e-01 2.65439870623474e+00 2.65450849718747e+00 1.09790952735889e-04
8.55000000000000e-01 2.64536779776920e+00 2.64547882948272e+00 1.11031713510901e-04
8.60000000000000e-01 2.63322885027954e+00 2.63333972331718e+00 1.10873037646897e-04
8.65000000000000e-01 2.61801218184797e+00 2.61812148518153e+00 1.09303333550859e-04
8.70000000000000e-01 2.59976683982338e+00 2.59987320173000e+00 1.06361906625274e-04
8.75000000000000e-01 2.57856031072546e+00 2.57866244818360e+00 1.02137458138252e-04
8.80000000000000e-01 2.55447811789368e+00 2.55457488279246e+00 9.67648987777459e-05
8.85000000000000e-01 2.52762330927278e+00 2.52771372985530e+00 9.04205825209559e-05
8.90000000000000e-01 2.49811583836181e+00 2.49819915448034e+00 8.33161185220810e-05
8.95000000000000e-01 2.46609184197434e+00 2.46616753293972e+00 7.56909653798488e-05
9.00000000000000e-01 2.43170281906172e+00 2.43177062311339e+00 6.78040516683964e-05
9.05000000000000e-01 2.39511471543351e+00 2.39517464013388e+00 5.99247003738590e-05
9.10000000000000e-01 2.35650691976950e+00 2.35655924292839e+00 5.23231588869244e-05
9.15000000000000e-01 2.31607117685236e+00 2.31611643790350e+00 4.52610511345597e-05
9.20000000000000e-01 2.27401042445541e+00 2.27404940652903e+00 3.89820736237390e-05
9.25000000000000e-01 2.23053756079340e+00 2.23057126404647e+00 3.37032530652870e-05
9.30000000000000e-01 2.18587414988443e+00 2.18590375695213e+00 2.96070677019422e-05
9.35000000000000e-01 2.14024907257272e+00 2.14027590728277e+00 2.68347100536026e-05
9.40000000000000e-01 2.09389713132337e+00 2.09392261205918e+00 2.54807358119891e-05
9.45000000000000e-01 2.04705761722000e+00 2.04708320651983e+00 2.55892998364260e-05
9.50000000000000e-01 1.99997284786753e+00 2.00000000000000e+00 2.71521324670676e-05
9.55000000000000e-01 1.95288668512781e+00 1.95291679348017e+00 3.01083523541745e-05
9.60000000000000e-01 1.90604304178829e+00 1.90607738794082e+00 3.43461525331712e-05
9.65000000000000e-01 1.85968438638370e+00 1.85972409271723e+00 3.97063335253467e-05
9.70000000000000e-01 1.81405025545502e+00 1.81409624304787e+00 4.59875928493503e-05
9.75000000000000e-01 1.76937578253507e+00 1.76942873595353e+00 5.29534184678937e-05
9.80000000000000e-01 1.72589025309814e+00 1.72595059347097e+00 6.03403728289820e-05
9.85000000000000e-01 1.68381569459531e+00 1.68388356209650e+00 6.78675011893670e-05
9.90000000000000e-01 1.64336551052220e+00 1.64344075707161e+00 7.52465494129329e-05
9.95000000000000e-01 1.60474316722579e+00 1.60482535986612e+00 8.21926403258288e-05
1.00000000000000e+00 1.56814094185732e+00 1.56822937688661e+00 8.84350292904568e-05
1.00500000000000e+00 1.53373873951335e+00 1.53383246706028e+00 9.37275469281573e-05
1.01000000000000e+00 1.50170298718452e+00 1.50180084551966e+00 9.78583351405327e-05
1.01500000000000e+00 1.47218561164768e+00 1.47228627014470e+00 1.00658497014905e-04
1.02000000000000e+00 1.44532310789864e+00 1.44542511720755e+00 1.02009308909912e-04
1.02500000000000e+00 1.42123570413118e+00 1.42133755181640e+00 1.01847685225254e-04
1.03000000000000e+00 1.40002662862773e+00 1.40012679827000e+00 1.00169642269998e-04
1.03500000000000e+00 1.38178148324383e+00 1.38187851481848e+00 9.70315746469108e-05
1.04000000000000e+00 1.36656772744830e+00 1.36666027668282e+00 9.25492345129619e-05
1.04500000000000e+00 1.35443427612841e+00 1.35452117051728e+00 8.68943888747697e-05
1.05000000000000e+00 1.34541121359428e+00 1.34549150281253e+00 8.02892182434345e-05
1.05500000000000e+00 1.33950962542472e+00 1.33958262403436e+00 7.29986096386082e-05
1.06000000000000e+00 1.33672154899525e+00 1.33678686957979e+00 6.53205845306815e-05
1.06500000000000e+00 1.33702004272882e+00 1.33707761791153e+00 5.75751827154303e-05
1.07000000000000e+00 1.34035937331482e+00 1.34040946551008e+00 5.00921952648614e-05
1.07500000000000e+00 1.34667531936384e+00 1.34671851756181e+00 4.31981979709395e-05
1.08000000000000e+00 1.35588558920882e+00 1.35592279258843e+00 3.72033796034454e-05
1.08500000000000e+00 1.36789034983579e+00 1.36792273852040e+00 3.23886846080867e-05
1.09000000000000e+00 1.38257286323657e+00 1.38260185702999e+00 2.89937934205842e-05
1.09500000000000e+00 1.39980022582295e+00 1.39982743227203e+00 2.72064490787205e-05
1.10000000000000e+00 1.41942420593704e+00 1.41945135953695e+00 2.71535999145645e-05
1.10500000000000e+00 1.44128217393306e+00 1.44131106870462e+00 2.88947715660903e-05
1.11000000000000e+00 1.46519811879851e+00 1.46523053680291e+00 3.24180044004585e-05
1.11500000000000e+00 1.49098374482698e+00 1.49102138342582e+00 3.76385988438699e-05
1.12000000000000e+00 1.51843964144946e+00 1.51848404225504e+00 4.44008055826561e-05
1.12500000000000e+00 1.54735651897875e+00 1.54740900145948e+00 5.24824807344171e-05
1.13000000000000e+00 1.57751650271822e+00 1.57757810532303e+00 6.16026048090301e-05
1.13500000000000e+00 1.60869447762957e+00 1.60876590907298e+00 7.14314434109298e-05
1.14000000000000e+00 1.64065947554311e+00 1.64074107855382e+00 8.16030107126942e-05
1.14500000000000e+00 1.67317609672617e+00 1.67326782611444e+00 9.17293882707337e-05
1.15000000000000e+00 1.70600595749249e+00 1.70610737385376e+00 1.01416361273143e-04
1.15500000000000e+00 1.73890915544255e+00 1.73901943520098e+00 1.10279758434251e-04
1.16000000000000e+00 1.77164574386142e+00 1.77176370569363e+00 1.17961832205582e-04
1.16500000000000e+00 1.80397720677010e+00 1.80410135376010e+00 1.24146989999518e-04
1.17000000000000e+00 1.83566792612260e+00 1.83579650231313e+00 1.28576190527641e-04
1.17500000000000e+00 1.86648663266664e+00 1.86661769201745e+00 1.31059350809926e-04
1.18000000000000e+00 1.89620783203682e+00 1.89633931720795e+00 1.31485171127377e-04
1.18500000000000e+00 1.92461319773044e+00 1.92474302560309e+00 1.29827872649591e-04
1.19000000000000e+00 1.95149292272434e+00 1.95161907318189e+00 1.26150457553376e-04
1.19500000000000e+00 1.97664702163272e+00 1.97676762586894e+00 1.20604236219179e-04
1.20000000000000e+00 1.99988657548233e+00 2.00000000000000e+00 1.13424517673710e-04
1.20500000000000e+00 2.02103491139522e+00 2.02113983391842e+00 1.04922523204820e-04
1.21000000000000e+00 2.03992870972744e+00 2.04002418347677e+00 9.54737493290558e-05
1.21500000000000e+00 2.05641903151629e+00 2.05650453468774e+00 8.55031714483978e-05
1.22000000000000e+00 2.07037225944608e+00 2.07044772727895e+00 7.54678328718228e-05
1.22500000000000e+00 2.08167094595433e+00 2.08173678345563e+00 6.58375012947410e-05
1.23000000000000e+00 2.09021456257311e+00 2.09027163675968e+00 5.70741865719704e-05
1.23500000000000e+00 2.09592014513478e+00 2.09596975652967e+00 4.96113948886823e-05
1.24000000000000e+00 2.09872283006945e+00 2.09876666410972e+00 4.38340402779680e-05
1.24500000000000e+00 2.09857627768359e+00 2.09861633762302e+00 4.00599394265733e-05
1.25000000000000e+00 2.09545297903318e+00 2.09549150281253e+00 3.85237793492088e-05
1.25500000000000e+00 2.08934444378580e+00 2.08938380815405e+00 3.93643682534695e-05
1.26000000000000e+00 2.08026126730014e+00 2.08030388316029e+00 4.26158601487536e-05
1.26500000000000e+00 2.06823307602939e+00 2.06828127951470e+00 4.82034853153124e-05
1.27000000000000e+00 2.05330835126550e+00 2.05336429539657e+00 5.59441310667985e-05
1.27500000000000e+00 2.03555413217562e+00 2.03561968407860e+00 6.55519029733043e-05
1.28000000000000e+00 2.01505560002363e+00 2.01513224859221e+00 7.66485685854690e-05
1.28500000000000e+00 1.99191554640499e+00 1.99200432495795e+00 8.87785529608554e-05
1.29000000000000e+00 1.96625372923665e+00 1.96635515716554e+00 1.01427928888675e-04
1.29500000000000e+00 1.93820612112029e+00 1.93832016775567e+00 1.14046635379728e-04
1.30000000000000e+00 1.90792405551959e+00 1.90805012849909e+00 1.26072979496517e-04
1.30500000000000e+00 1.87557327694978e+00 1.87571023628478e+00 1.36959335007347e-04
1.31000000000000e+00 1.84133290205353e+00 1.84147909991323e+00 1.46197859695496e-04
1.31500000000000e+00 1.80539429902600e+00 1.80554764404025e+00 1.53345014251682e-04
1.32000000000000e+00 1.76795989334114e+00 1.76811793702778e+00 1.58043686638187e-04
1.32500000000000e+00 1.72924190812170e+00 1.72940194992690e+00 1.60041805201905e-04
1.33000000000000e+00 1.68946104778114e+00 1.68962025424335e+00 1.59206462209571e-04
1.33500000000000e+00 1.64884513375332e+00 1.64900066651302e+00 1.55532759699151e-04
1.34000000000000e+00 1.60762770121800e+00 1.60777684804300e+00 1.49146824999891e-04
1.34500000000000e+00 1.56604656573698e+00 1.56618686845015e+00 1.40302713173890e-04
1.35000000000000e+00 1.52434236864847e+00 1.52447174185242e+00 1.29373203948902e-04
1.35500000000000e+00 1.48275710993759e+00 1.48287394473691e+00 1.16834799324117e-04
1.36000000000000e+00 1.44153267712448e+00 1.44163592464141e+00 1.03247516929583e-04
1.36500000000000e+00 1.40090937850152e+00 1.40099860884315e+00 8.92303416291096e-05
1.37000000000000e+00 1.36112448882235e+00 1.36119992224821e+00 7.54334258610267e-05
1.37500000000000e+00 1.32241081530985e+00 1.32247332361862e+00 6.25083087719691e-05
1.38000000000000e+00 1.28499529161858e+00 1.28504636916085e+00 5.10775422688514e-05
1.38500000000000e+00 1.24909760716741e+00 1.24913931233114e+00 4.17051637342514e-05
1.39000000000000e+00 1.21492887905404e+00 1.21496374848942e+00 3.48694353768941e-05
1.39500000000000e+00 1.18269037357809e+00 1.18272131275752e+00 3.09391794299785e-05
1.40000000000000e+00 1.15257228422811e+00 1.15260243910916e+00 3.01548810488494e-05
1.40500000000000e+00 1.12475257282815e+00 1.12478518834171e+00 3.26155135523809e-05
1.41000000000000e+00 1.09939588038081e+00 1.09943415215529e+00 3.82717744769057e-05
1.41500000000000e+00 1.07665251397625e+00 1.07669944009536e+00 4.69261191160530e-05
1.42000000000000e+00 1.05665751594811e+00 1.05671575560428e+00 5.82396561676912e-05
1.42500000000000e+00 1.03952982123533e+00 1.03960156687779e+00 7.17456424592644e-05
1.43000000000000e+00 1.02537150863792e+00 1.02545837763829e+00 8.68690003656969e-05
1.43500000000000e+00 1.01426715132721e+00 1.01437010232018e+00 1.02950992965756e-04
1.44000000000000e+00 1.00628327157197e+00 1.00640254951957e+00 1.19277947593366e-04
1.44500000000000e+00 1.00146790416585e+00 1.00160301689261e+00 1.35112726753261e-04
1.45000000000000e+00 9.99850272484250e-01 1.00000000000000e+00 1.49727515750042e-04
1.45500000000000e+00 1.00144058045604e+00 1.00160301689261e+00 1.62436436561775e-04
1.46000000000000e+00 1.00622992301241e+00 1.00640254951957e+00 1.72626507157991e-04
1.46500000000000e+00 1.01419031677527e+00 1.01437010232018e+00 1.79785544902167e-04
1.47000000000000e+00 1.02527485188198e+00 1.02545837763829e+00 1.83525756307423e-04
1.47500000000000e+00 1.03941796492090e+00 1.03960156687779e+00 1.83601956895485e-04
1.48000000000000e+00 1.05653583199280e+00 1.05671575560428e+00 1.79923611477451e-04
1.48500000000000e+00 1.07652687992904e+00 1.07669944009536e+00 1.72560166326496e-04
1.49000000000000e+00 1.09927241270742e+00 1.09943415215529e+00 1.61739447863019e-04
1.49500000000000e+00 1.12463734913281e+00 1.12478518834171e+00 1.47839208896494e-04
1.50000000000000e+00 1.15247106690393e+00 1.15260243910916e+00 1.31372205227409e-04
1.50500000000000e+00 1.18260834729382e+00 1.18272131275752e+00 1.12965463705761e-04
1.51000000000000e+00 1.21487041384050e+00 1.21496374848942e+00 9.33346489169207e-05
1.51500000000000e+00 1.24906605769270e+00 1.24913931233114e+00 7.32546384389909e-05
1.52000000000000e+00 1.28499284159268e+00 1.28504636916085e+00 5.35275681690095e-05
1.52500000000000e+00 1.32243837391520e+00 1.32247332361862e+00 3.49497034184409e-05
1.53000000000000e+00 1.36118164371992e+00 1.36119992224821e+00 1.82785282960563e-05
1.53500000000000e+00 1.40099440742178e+00 1.40099860884315e+00 4.20142136903223e-06
1.54000000000000e+00 1.44164261743533e+00 1.44163592464141e+00 6.69279392107036e-06
1.54500000000000e+00 1.48288788300635e+00 1.48287394473691e+00 1.39382694384071e-05
1.55000000000000e+00 1.52448895339705e+00 1.52447174185242e+00 1.72115446293031e-05
1.55500000000000e+00 1.56620321363843e+00 1.56618686845015e+00 1.63451882755350e-05
1.56000000000000e+00 1.60778818319214e+00 1.60777684804300e+00 1.13351491348723e-05
1.56500000000000e+00 1.64900300806594e+00 1.64900066651302e+00 2.34155291778393e-06
1.57000000000000e+00 1.68960993719278e+00 1.68962025424335e+00 1.03170505669770e-05
1.57500000000000e+00 1.72937577420045e+00 1.72940194992690e+00 2.61757264554685e-05
1.58000000000000e+00 1.76807329605803e+00 1.76811793702778e+00 4.46409697554273e-05
1.58500000000000e+00 1.80548263047677e+00 1.80554764404025e+00 6.50135634845395e-05
1.59000000000000e+00 1.84139258435610e+00 1.84147909991323e+00 8.65155571267984e-05
1.59500000000000e+00 1.87560191599452e+00 1.87571023628478e+00 1.08320290262753e-04
1.60000000000000e+00 1.90792054422115e+00 1.90805012849909e+00 1.29584277941630e-04
1.60500000000000e+00 1.93817068804277e+00 1.93832016775567e+00 1.49479712893807e-04
1.61000000000000e+00 1.96618793083885e+00 1.96635515716554e+00 1.67226326688086e-04
1.61500000000000e+00 1.99182220357164e+00 1.99200432495795e+00 1.82121386306466e-04
1.62000000000000e+00 2.01493868190813e+00 2.01513224859221e+00 1.93566684079993e-04
1.62500000000000e+00 2.03541859257720e+00 2.03561968407860e+00 2.01091501401685e-04
1.63000000000000e+00 2.05315992470914e+00 2.05336429539657e+00 2.04370687429289e-04
1.63500000000000e+00 2.06807804233075e+00 2.06828127951470e+00 2.03237183954208e-04
1.64000000000000e+00 2.08010619461735e+00 2.08030388316029e+00 1.97688542942664e-04
1.64500000000000e+00 2.08919592094277e+00 2.08938380815405e+00 1.87887211286597e-04
1.65000000000000e+00 2.09531734821849e+00 2.09549150281253e+00 1.74154594038800e-04
1.65500000000000e+00 2.09845937848234e+00 2.09861633762302e+00 1.56959140683810e-04
1.66000000000000e+00 2.09862976518807e+00 2.09876666410972e+00 1.36898921656581e-04
1.66500000000000e+00 2.09585507716286e+00 2.09596975652967e+00 1.14679366817416e-04
1.67000000000000e+00 2.09018054974448e+00 2.09027163675968e+00 9.10870152015519e-05
1.67500000000000e+00 2.08166982318513e+00 2.08173678345563e+00 6.69602704999051e-05
1.68000000000000e+00 2.07040456901451e+00 2.07044772727895e+00 4.31582644426776e-05
1.68500000000000e+00 2.05648400569120e+00 2.05650453468774e+00 2.05289965449218e-05
1.69000000000000e+00 2.04002430553637e+00 2.04002418347677e+00 1.22059605978109e-07
1.69500000000000e+00 2.02115789563291e+00 2.02113983391842e+00 1.80617144893702e-05
1.70000000000000e+00 2.00003265608214e+00 2.00000000000000e+00 3.26560821402033e-05
1.70500000000000e+00 1.97681101973243e+00 1.97676762586893e+00 4.33938635004960e-05
1.71000000000000e+00 1.95166897822109e+00 1.95161907318189e+00 4.99050391995493e-05
1.71500000000000e+00 1.92479499989403e+00 1.92474302560309e+00 5.19742909423915e-05
1.72000000000000e+00 1.89638886587712e+00 1.89633931720795e+00 4.95486691702851e-05
1.72500000000000e+00 1.86666043125820e+00 1.86661769201745e+00 4.27392407427174e-05
1.73000000000000e+00 1.83582831898785e+00 1.83579650231313e+00 3.18166747204085e-05
1.73500000000000e+00 1.80411855470973e+00 1.80410135376010e+00 1.72009496341996e-05
1.74000000000000e+00 1.77176315127704e+00 1.77176370569363e+00 5.54416588416373e-07
1.74500000000000e+00 1.73899865218940e+00 1.73901943520098e+00 2.07830115850349e-05
1.75000000000000e+00 1.70606464358634e+00 1.70610737385376e+00 4.27302674224084e-05
1.75500000000000e+00 1.67320224474991e+00 1.67326782611444e+00 6.55813645311643e-05
1.76000000000000e+00 1.64065258729530e+00 1.64074107855382e+00 8.84912585199515e-05
1.76500000000000e+00 1.60865529335860e+00 1.60876590907298e+00 1.10615714375761e-04
1.77000000000000e+00 1.57744696312247e+00 1.57757810532303e+00 1.31142200552992e-04
1.77500000000000e+00 1.54725968195266e+00 1.54740900145948e+00 1.49319506818957e-04
1.78000000000000e+00 1.51831955725270e+00 1.51848404225504e+00 1.64485002340564e-04
1.78500000000000e+00 1.49084529488221e+00 1.49102138342582e+00 1.76088543610176e-04
1.79000000000000e+00 1.46504682463221e+00 1.46523053680291e+00 1.83712170697570e-04
1.79500000000000e+00 1.44112398381503e+00 1.44131106870462e+00 1.87084889593736e-04
1.80000000000000e+00 1.41926526751389e+00 1.41945135953695e+00 1.86092023058970e-04
1.80500000000000e+00 1.39964665345735e+00 1.39982743227203e+00 1.80778814680593e-04
1.81000000000000e+00 1.38243050884760e+00 1.38260185702999e+00 1.71348182389286e-04
1.81500000000000e+00 1.36776458578827e+00 1.36792273852040e+00 1.58152732131933e-04
1.82000000000000e+00 1.35578111123701e+00 1.35592279258843e+00 1.41681351413459e-04
1.82500000000000e+00 1.34659597666488e+00 1.34671851756181e+00 1.22540896927648e-04
1.83000000000000e+00 1.34030803184440e+00 1.34040946551008e+00 1.01433665685269e-04
1.83500000000000e+00 1.33699848642316e+00 1.33707761791153e+00 7.91314883741290e-05
1.84000000000000e+00 1.33673042217993e+00 1.33678686957979e+00 5.64473998523329e-05
1.84500000000000e+00 1.33954841810988e+00 1.33958262403436e+00 3.42059244835546e-05
1.85000000000000e+00 1.34547828975461e+00 1.34549150281253e+00 1.32130579200140e-05
1.85500000000000e+00 1.35452694348591e+00 1.35452117051728e+00 5.77296863002452e-06
1.86000000000000e+00 1.36668234577098e+00 1.36666027668282e+00 2.20690881589380e-05
1.86500000000000e+00 1.38191360679882e+00 1.38187851481848e+00 3.50919803440153e-05
1.87000000000000e+00 1.40017117722983e+00 1.40012679827000e+00 4.43789598294497e-05
1.87500000000000e+00 1.42138715624591e+00 1.42133755181640e+00 4.96044295059672e-05
1.88000000000000e+00 1.44547570852677e+00 1.44542511720755e+00 5.05913192287988e-05
1.88500000000000e+00 1.47233358725520e+00 1.47228627014470e+00 4.73171105050962e-05
1.89000000000000e+00 1.50184075976184e+00 1.50180084551967e+00 3.99142421767529e-05
1.89500000000000e+00 1.53386113195286e+00 1.53383246706028e+00 2.86648925829081e-05
1.90000000000000e+00 1.56824336721980e+00 1.56822937688661e+00 1.39903331939362e-05
1.90500000000000e+00 1.60482179510792e+00 1.60482535986612e+00 3.56475819995872e-06
1.91000000000000e+00 1.64341740461444e+00 1.64344075707161e+00 2.33524571748855e-05
1.91500000000000e+00 1.68383891659725e+00 1.68388356209650e+00 4.46454992482082e-05
1.92000000000000e+00 1.72588392939815e+00 1.72595059347097e+00 6.66640728219647e-05
1.92500000000000e+00 1.76934013141988e+00 1.76942873595353e+00 8.86045336547792e-05
1.93000000000000e+00 1.81398657404254e+00 1.81409624304787e+00 1.09669005333712e-04
1.93500000000000e+00 1.85959499792253e+00 1.85972409271723e+00 1.29094794696805e-04
1.94000000000000e+00 1.90593120538703e+00 1.90607738794082e+00 1.46182553792729e-04
1.94500000000000e+00 1.95275647132148e+00 1.95291679348017e+00 1.60322158690551e-04
1.95000000000000e+00 1.99982898464796e+00 2.00000000000000e+00 1.71015352037784e-04
1.95500000000000e+00 2.04690531221411e+00 2.04708320651983e+00 1.77894305718684e-04
1.96000000000000e+00 2.09374187665808e+00 2.09392261205918e+00 1.80735401095866e-04
1.96500000000000e+00 2.14009643959168e+00 2.14027590728277e+00 1.79467691091340e-04
1.97000000000000e+00 2.18572958125485e+00 2.18590375695213e+00 1.74175697274404e-04
1.97500000000000e+00 2.23040616764916e+00 2.23057126404646e+00 1.65096397306552e-04
1.98000000000000e+00 2.27389679605902e+00 2.27404940652903e+00 1.52610470003811e-04
1.98500000000000e+00 2.31597920982596e+00 2.31611643790350e+00 1.37228077536466e-04
1.99000000000000e+00 2.35643967326004e+00 2.35655924292839e+00 1.19569668354025e-04
1.99500000000000e+00 2.39507429765586e+00 2.39517464013388e+00 1.00342478019044e-04
2.00000000000000e+00 2.43169030954023e+00 2.43177062311339e+00 8.03135731541893e-05
2.00500000000000e+00 2.46610725251242e+00 2.46616753293972e+00 6.02804272986646e-05
2.01000000000000e+00 2.49815811435516e+00 2.49819915448034e+00 4.10401251729198e-05
2.01500000000000e+00 2.52769037149365e+00 2.52771372985530e+00 2.33583616489064e-05
2.02000000000000e+00 2.55456694336442e+00 2.55457488279245e+00 7.93942803722913e-06
2.02500000000000e+00 2.57866704982233e+00 2.57866244818359e+00 4.60163873583497e-06
2.03000000000000e+00 2.59988696536257e+00 2.59987320173000e+00 1.37636325714396e-05
2.03500000000000e+00 2.61814066465807e+00 2.61812148518152e+00 1.91794765496134e-05
2.04000000000000e+00 2.63336035470614e+00 2.63333972331718e+00 2.06313889532517e-05
2.04500000000000e+00 2.64549688973259e+00 2.64547882948272e+00 1.80602498742743e-05
2.05000000000000e+00 2.65452006590632e+00 2.65450849718747e+00 1.15687188508851e-05
2.05500000000000e+00 2.66041879386182e+00 2.66041737596564e+00 1.41789618091082e-06
2.06000000000000e+00 2.66320114799479e+00 2.66321313042021e+00 1.19824254265488e-05
2.06500000000000e+00 2.66289429247847e+00 2.66292238208847e+00 2.80896099980055e-05
2.07000000000000e+00 2.65954428492232e+00 2.65959053448992e+00 4.62495675983554e-05
2.07500000000000e+00 2.65321575955388e+00 2.65328148243819e+00 6.57228843099489e-05
2.08000000000000e+00 2.64399149272694e+00 2.64407720741157e+00 8.57146846304779e-05
2.08500000000000e+00 2.63197185443448e+00 2.63207726147960e+00 1.05407045118078e-04
2.09000000000000e+00 2.61727415031921e+00 2.61739814297001e+00 1.23992650805427e-04
2.09500000000000e+00 2.60003185941689e+00 2.60017256772797e+00 1.40708311084925e-04
2.10000000000000e+00 2.58039377352884e+00 2.58054864046305e+00 1.54866934206854e-04
2.10500000000000e+00 2.55852304469423e+00 2.55868893129538e+00 1.65886601148024e-04
2.11000000000000e+00 2.53459614771627e+00 2.53476946319710e+00 1.73315480827441e-04
2.11500000000000e+00 2.50880176508807e+00 2.50897861657418e+00 1.76851486113350e-04
2.12000000000000e+00 2.48133960196646e+00 2.48151595774496e+00 1.76355778501947e-04
2.12500000000000e+00 2.45241913906018e+00 2.45259099854052e+00 1.71859480344150e-04
2.13000000000000e+00 2.42225833143931e+00 2.42242189467697e+00 1.63563237661979e-04
2.13500000000000e+00 2.39108226134645e+00 2.39123409092702e+00 1.51829580572027e-04
2.14000000000000e+00 2.35912175310638e+00 2.35925892144618e+00 1.37168339801264e-04
2.14500000000000e+00 2.32661195820267e+00 2.32673217388556e+00 1.20215682898550e-04
2.15000000000000e+00 2.29379091852903e+00 2.29389262614624e+00 1.01707617212288e-04
2.15500000000000e+00 2.26089811574176e+00 2.26098056479902e+00 8.24490572641778e-05
2.16000000000000e+00 2.22817301454850e+00 2.22823629430637e+00 6.32797578767885e-05
2.16500000000000e+00 2.19585360767690e+00 2.19589864623990e+00 4.50385630039740e-05
2.17000000000000e+00 2.16417497018193e+00 2.16420349768687e+00 2.85275049418665e-05
2.17500000000000e+00 2.13336783067669e+00 2.13338230798255e+00 1.44773058567971e-05
2.18000000000000e+00 2.10365716701060e+00 2.10366068279205e+00 3.51578145041387e-06
2.18500000000000e+00 2.07526083386976e+00 2.07525697439691e+00 3.85947284620158e-06
2.19000000000000e+00 2.04838822973290e+00 2.04838092681811e+00 7.30291479111855e-06
2.19500000000000e+00 2.02323901057546e+00 2.02323237413107e+00 6.63644439002908e-06
2.20000000000000e+00 2.00000185766610e+00 2.00000000000000e+00 1.85766610316662e-06
2.20500000000000e+00 1.97885330673315e+00 1.97886016608158e+00 6.85934842836744e-06
2.21000000000000e+00 1.95995664567989e+00 1.95997581652323e+00 1.91708433476823e-05
2.21500000000000e+00 1.94346088788827e+00 1.94349546531226e+00 3.45774239938201e-05
2.22000000000000e+00 1.92949982795470e+00 1.92955227272105e+00 5.24447663479144e-05
2.22500000000000e+00 1.91819118644063e+00 1.91826321654437e+00 7.20301037386850e-05
2.23000000000000e+00 1.90963584988411e+00 1.90972836324032e+00 9.25133562041935e-05
2.23500000000000e+00 1.90391721189955e+00 1.90403024347033e+00 1.13031570775579e-04
2.24000000000000e+00 1.90110062068660e+00 1.90123333589028e+00 1.32715203679412e-04
2.24500000000000e+00 1.90123293767448e+00 1.90138366237698e+00 1.50724702497218e-04
2.25000000000000e+00 1.90434221134552e+00 1.90450849718747e+00 1.66285841955771e-04
2.25500000000000e+00 1.91043746951861e+00 1.91061619184595e+00 1.78722327337288e-04
2.26000000000000e+00 1.91950863253400e+00 1.91969611683971e+00 1.87484305715246e-04
2.26500000000000e+00 1.93152654887937e+00 1.93171872048530e+00 1.92171605925440e-04
2.27000000000000e+00 1.94644315384538e+00 1.94663570460343e+00 1.92550758053134e-04
2.27500000000000e+00 1.96419175081097e+00 1.96438031592140e+00 1.88565110429195e-04
2.28000000000000e+00 1.98468741375305e+00 1.98486775140779e+00 1.80337654735796e-04
2.28500000000000e+00 2.00782750856806e+00 2.00799567504205e+00 1.68166473990095e-04
2.29000000000000e+00 2.03349232980070e+00 2.03364484283446e+00 1.52513033760293e-04
2.29500000000000e+00 2.06154584841721e+00 2.06167983224433e+00 1.33983827119710e-04
2.30000000000000e+00 2.09183656535061e+00 2.09194987150091e+00 1.13306150303139e-04
2.30500000000000e+00 2.12419846469791e+00 2.12428976371522e+00 9.12990173067563e-05
2.31000000000000e+00 2.15845205967937e+00 2.15852090008677e+00 6.88404073976301e-05
2.31500000000000e+00 2.19440552378341e+00 2.19445235595975e+00 4.68321763387181e-05
2.32000000000000e+00 2.23185589892971e+00 2.23188206297221e+00 2.61640425072152e-05
2.32500000000000e+00 2.27059037198998e+00 2.27059805007310e+00 7.67808311863405e-06
2.33000000000000e+00 2.31038761061418e+00 2.31037974575665e+00 7.86485753057065e-06
2.33500000000000e+00 2.35101914902013e+00 2.35099933348698e+00 1.98155331521122e-05
2.34000000000000e+00 2.39225081421420e+00 2.39222315195699e+00 2.76622572021878e-05
2.34500000000000e+00 2.43384418301472e+00 2.43381313154985e+00 3.10514648647064e-05
2.35000000000000e+00 2.47555806024433e+00 2.47552825814758e+00 2.98020967530732e-05
2.35500000000000e+00 2.51714996853265e+00 2.51712605526309e+00 2.39132695649680e-05
2.36000000000000e+00 2.55837764031850e+00 2.55836407535858e+00 1.35649599184440e-05
2.36500000000000e+00 2.59900050285403e+00 2.59900139115685e+00 8.88302824630927e-07
2.37000000000000e+00 2.63878114727799e+00 2.63880007775179e+00 1.89304738014151e-05
2.37500000000000e+00 2.67748677313663e+00 2.67752667638138e+00 3.99032447533365e-05
2.38000000000000e+00 2.71489060007436e+00 2.71495363083914e+00 6.30307647844219e-05
2.38500000000000e+00 2.75077323878814e+00 2.75086068766886e+00 8.74488807136586e-05
2.39000000000000e+00 2.78492401372734e+00 2.78503625151058e+00 1.12237783235436e-04
2.39500000000000e+00 2.81714223042060e+00 2.81727868724248e+00 1.36456821875797e-04
2.40000000000000e+00 2.84723838071550e+00 2.84739756089084e+00 1.59180175345774e-04
2.40500000000000e+00 2.87503527962286e+00 2.87521481165829e+00 1.79532035435415e-04
2.41000000000000e+00 2.90036912786062e+00 2.90056584784471e+00 1.96719984092653e-04
2.41500000000000e+00 2.92309049459139e+00 2.92330055990463e+00 2.10065313247298e-04
2.42000000000000e+00 2.94306521524492e+00 2.94328424439572e+00 2.19029150807959e-04
2.42500000000000e+00 2.96017519970904e+00 2.96039843312221e+00 2.23233413164436e-04
2.43000000000000e+00 2.97431914656604e+00 2.97454162236171e+00 2.22475795668142e-04
2.43500000000000e+00 2.98541315944769e+00 2.98562989767982e+00 2.16738232132752e-04
2.44000000000000e+00 2.99339126198460e+00 2.99359745048043e+00 2.06188495830428e-04
2.44500000000000e+00 2.99820580824133e+00 2.99839698310739e+00 1.91174866066124e-04
2.45000000000000e+00 2.99982778595911e+00 3.00000000000000e+00 1.72214040891738e-04
2.45500000000000e+00 2.99824701038199e+00 2.99839698310739e+00 1.49972725400183e-04
2.46000000000000e+00 2.99347220692116e+00 2.99359745048044e+00 1.25243559279564e-04
2.46500000000000e+00 2.98553098142093e+00 2.98562989767982e+00 9.89162588940218e-05
2.47000000000000e+00 2.97446967733487e+00 2.97454162236171e+00 7.19450268391597e-05
2.47500000000000e+00 2.96035311969702e+00 2.96039843312221e+00 4.53134251872100e-05
2.48000000000000e+00 2.94326424639074e+00 2.94328424439572e+00 1.99980049848669e-05
2.48500000000000e+00 2.92330362786769e+00 2.92330055990464e+00 3.06796305427071e-06
2.49000000000000e+00 2.90058887715544e+00 2.90056584784471e+00 2.30293107286172e-05
2.49500000000000e+00 2.87525395270764e+00 2.87521481165830e+00 3.91410493452149e-05
2.50000000000000e+00 2.84744835738981e+00 2.84739756089084e+00 5.07964989662213e-05
2.50500000000000e+00 2.81733623765130e+00 2.81727868724248e+00 5.75504088153878e-05
2.51000000000000e+00 2.78509538769948e+00 2.78503625151058e+00 5.91361888986341e-05
2.51500000000000e+00 2.75091616425555e+00 2.75086068766886e+00 5.54765866902507e-05
2.52000000000000e+00 2.71500031822385e+00 2.71495363083915e+00 4.66873847044802e-05
2.52500000000000e+00 2.67755975033209e+00 2.67752667638138e+00 3.30739507097277e-05
2.53000000000000e+00 2.63881519849089e+00 2.63880007775179e+00 1.51207391012598e-05
2.53500000000000e+00 2.59899486526063e+00 2.59900139115685e+00 6.52589622696098e-06
2.54000000000000e+00 2.55833299439243e+00 2.55836407535859e+00 3.10809661558942e-05
2.54500000000000e+00 2.51706840591623e+00 2.51712605526309e+00 5.76493468589234e-05
2.55000000000000e+00 2.47544299967002e+00 2.47552825814758e+00 8.52584775534737e-05
2.55500000000000e+00 2.43370023749435e+00 2.43381313154985e+00 1.12894055500856e-04
2.56000000000000e+00 2.39208361454536e+00 2.39222315195700e+00 1.39537411638191e-04
2.56500000000000e+00 2.35083513030421e+00 2.35099933348698e+00 1.64203182771328e-04
2.57000000000000e+00 2.31019376987684e+00 2.31037974575666e+00 1.85975879815725e-04
2.57500000000000e+00 2.27039400608444e+00 2.27059805007310e+00 2.04043988653702e-04
2.58000000000000e+00 2.23166433264608e+00 2.23188206297222e+00 2.17730326135701e-04
2.58500000000000e+00 2.19422583844900e+00 2.19445235595975e+00 2.26517510746316e-04
2.59000000000000e+00 2.15829083250169e+00 2.15852090008678e+00 2.30067585090143e-04
2.59500000000000e+00 2.12406152867316e+00 2.12428976371522e+00 2.28235042055047e-04
2.60000000000000e+00 2.09172879874996e+00 2.09194987150091e+00 2.21072750954843e-04
2.60500000000000e+00 2.06147100170299e+00 2.06167983224433e+00 2.08830541338578e-04
2.61000000000000e+00 2.03345289635820e+00 2.03364484283446e+00 1.91946476259197e-04
2.61500000000000e+00 2.00782464392508e+00 2.00799567504205e+00 1.71031116968923e-04
2.62000000000000e+00 1.98472090606404e+00 1.98486775140779e+00 1.46845343744539e-04
2.62500000000000e+00 1.96426004338396e+00 1.96438031592140e+00 1.20272537447397e-04
2.63000000000000e+00 1.94654341846427e+00 1.94663570460343e+00 9.22861391587926e-05
2.63500000000000e+00 1.93165480670658e+00 1.93171872048530e+00 6.39137787168398e-05
2.64000000000000e+00 1.91965991754451e+00 1.91969611683971e+00 3.61992952024881e-05
2.64500000000000e+00 1.91060602779181e+00 1.91061619184595e+00 1.01640541403381e-05
2.65000000000000e+00 1.90452172818981e+00 1.90450849718747e+00 1.32310023372995e-05
2.65500000000000e+00 1.90141678353449e+00 1.90138366237698e+00 3.31211575124168e-05
2.66000000000000e+00 1.90128210612467e+00 1.90123333589028e+00 4.87702343892060e-05
2.66500000000000e+00 1.90408984167473e+00 1.90403024347033e+00 5.95982044051535e-05
2.67000000000000e+00 1.90979356628303e+00 1.90972836324032e+00 6.52030427168437e-05
2.67500000000000e+00 1.91832859253430e+00 1.91826321654437e+00 6.53759899309492e-05
2.68000000000000e+00 1.92961238234165e+00 1.92955227272105e+00 6.01096206047647e-05
2.68500000000000e+00 1.94354506369533e+00 1.94349546531226e+00 4.95983830697266e-05
2.69000000000000e+00 1.96001004807603e+00 1.95997581652323e+00 3.42315528034653e-05
2.69500000000000e+00 1.97887474490680e+00 1.97886016608158e+00 1.45788252252643e-05
2.70000000000000e+00 1.99999136904931e+00 2.00000000000000e+00 8.63095068548425e-06
2.70500000000000e+00 2.02319783699626e+00 2.02323237413106e+00 3.45371348013934e-05
2.71000000000000e+00 2.04831874706160e+00 2.04838092681811e+00 6.21797565045767e-05
2.71500000000000e+00 2.07516643852252e+00 2.07525697439691e+00 9.05358743867879e-05
2.72000000000000e+00 2.10354212431398e+00 2.10366068279205e+00 1.18558478068742e-04
2.72500000000000e+00 2.13323709151821e+00 2.13338230798255e+00 1.45216464339626e-04
2.73000000000000e+00 2.16403396352268e+00 2.16420349768687e+00 1.69534164191187e-04
2.73500000000000e+00 2.19570801734237e+00 2.19589864623990e+00 1.90628897531298e-04
2.74000000000000e+00 2.22802854921686e+00 2.22823629430637e+00 2.07745089511047e-04
2.74500000000000e+00 2.26076028120084e+00 2.26098056479902e+00 2.20283598179272e-04
2.75000000000000e+00 2.29366480107594e+00 2.29389262614624e+00 2.27825070296284e-04
2.75500000000000e+00 2.32650202752617e+00 2.32673217388556e+00 2.30146359387007e-04
2.76000000000000e+00 2.35903169214763e+00 2.35925892144618e+00 2.27229298552789e-04
2.76500000000000e+00 2.39101482951631e+00 2.39123409092702e+00 2.19261410707272e-04
2.77000000000000e+00 2.42221526622495e+00 2.42242189467697e+00 2.06628452016133e-04
2.77500000000000e+00 2.45240109953218e+00 2.45259099854052e+00 1.89899008335548e-04
2.78000000000000e+00 2.48134615605976e+00 2.48151595774496e+00 1.69801685195647e-04
2.78500000000000e+00 2.50883142083488e+00 2.50897861657418e+00 1.47195739296890e-04
2.79000000000000e+00 2.53464642691844e+00 2.53476946319709e+00 1.23036278653732e-04
2.79500000000000e+00 2.55859059589731e+00 2.55868893129538e+00 9.83353980683610e-05
2.80000000000000e+00 2.58047451965740e+00 2.58054864046305e+00 7.41208056487253e-05
2.80500000000000e+00 2.60012117410329e+00 2.60017256772797e+00 5.13936246835378e-05
2.81000000000000e+00 2.61736705585337e+00 2.61739814297001e+00 3.10871166417925e-05
2.81500000000000e+00 2.63206323341946e+00 2.63207726147960e+00 1.40280601432785e-05
2.82000000000000e+00 2.64407630497575e+00 2.64407720741157e+00 9.02435824734482e-07
2.82500000000000e+00 2.65328925552794e+00 2.65328148243819e+00 7.77308975097313e-06
2.83000000000000e+00 2.65960220710442e+00 2.65959053448992e+00 1.16726145056312e-05
2.83500000000000e+00 2.66293305649213e+00 2.66292238208847e+00 1.06744036623141e-05
2.84000000000000e+00 2.66321799601896e+00 2.66321313042021e+00 4.86559874257608e-06
2.84500000000000e+00 2.66041191392250e+00 2.66041737596564e+00 5.46204314044729e-06
2.85000000000000e+00 2.65448867192362e+00 2.65450849718747e+00 1.98252638567986e-05
2.85500000000000e+00 2.64544125871879e+00 2.64547882948272e+00 3.75707639310718e-05
2.86000000000000e+00 2.63328181919790e+00 2.63333972331719e+00 5.79041192860785e-05
2.86500000000000e+00 2.61804156025926e+00 2.61812148518152e+00 7.99249222680487e-05
2.87000000000000e+00 2.59977053511131e+00 2.59987320173000e+00 1.02666618692737e-04
2.87500000000000e+00 2.57853730890008e+00 2.57866244818360e+00 1.25139283518205e-04
2.88000000000000e+00 2.55442850936694e+00 2.55457488279246e+00 1.46373425519819e-04
2.88500000000000e+00 2.52754826700843e+00 2.52771372985530e+00 1.65462846872799e-04
2.89000000000000e+00 2.49801754987009e+00 2.49819915448034e+00 1.81604610244079e-04
2.89500000000000e+00 2.46597339865442e+00 2.46616753293972e+00 1.94134285306902e-04
2.90000000000000e+00 2.43156806825935e+00 2.43177062311339e+00 2.02554854045189e-04
2.90500000000000e+00 2.39496808219278e+00 2.39517464013388e+00 2.06557941103913e-04
2.91000000000000e+00 2.35635320653974e+00 2.35655924292839e+00 2.06036388655129e-04
2.91500000000000e+00 2.31591535030395e+00 2.31611643790350e+00 2.01087599550398e-04
2.92000000000000e+00 2.27385739902356e+00 2.27404940652904e+00 1.92007505471103e-04
2.92500000000000e+00 2.23039198858526e+00 2.23057126404647e+00 1.79275461209993e-04
2.93000000000000e+00 2.18574022615537e+00 2.18590375695213e+00 1.63530796756906e-04
2.93500000000000e+00 2.14013036512863e+00 2.14027590728278e+00 1.45542154143641e-04
2.94000000000000e+00 2.09379644097992e+00 2.09392261205918e+00 1.26171079266157e-04
2.94500000000000e+00 2.04697687491215e+00 2.04708320651984e+00 1.06331607690802e-04
2.95000000000000e+00 1.99991305223163e+00 2.00000000000000e+00 8.69477683724806e-05
2.95500000000000e+00 1.95284788246205e+00 1.95291679348017e+00 6.89110181189001e-05
2.96000000000000e+00 1.90602434833004e+00 1.90607738794082e+00 5.30396107809583e-05
2.96500000000000e+00 1.85968405092102e+00 1.85972409271723e+00 4.00417962067579e-05
2.97000000000000e+00 1.81406575850362e+00 1.81409624304787e+00 3.04845442522517e-05
2.97500000000000e+00 1.76940396674662e+00 1.76942873595354e+00 2.47692069110794e-05
2.98000000000000e+00 1.72592747828794e+00 1.72595059347097e+00 2.31151830347720e-05
2.98500000000000e+00 1.68385800984264e+00 1.68388356209651e+00 2.55522538699093e-05
2.99000000000000e+00 1.64340883523861e+00 1.64344075707161e+00 3.19218330007143e-05
2.99500000000000e+00 1.60478347292244e+00 1.60482535986612e+00 4.18869436797920e-05
3.00000000000000e+00 1.56817442656358e+00 1.56822937688661e+00 5.49503230355963e-05
3.00500000000000e+00 1.53376198738726e+00 1.53383246706028e+00 7.04796730219837e-05
3.01000000000000e+00 1.50171310676326e+00 1.50180084551966e+00 8.77387564000021e-05
3.01500000000000e+00 1.47218034736500e+00 1.47228627014470e+00 1.05922779694234e-04
3.02000000000000e+00 1.44530092087413e+00 1.44542511720755e+00 1.24196333411097e-04
3.02500000000000e+00 1.42119581974375e+00 1.42133755181641e+00 1.41732072653111e-04
3.03000000000000e+00 1.39996904994542e+00 1.40012679827000e+00 1.57748324573381e-04
3.03500000000000e+00 1.38170697091886e+00 1.38187851481848e+00 1.71543899612159e-04
3.04000000000000e+00 1.36647774812952e+00 1.36666027668282e+00 1.82528553300365e-04
3.04500000000000e+00 1.35433092273278e+00 1.35452117051728e+00 1.90247784505493e-04
3.05000000000000e+00 1.34529710185933e+00 1.34549150281253e+00 1.94400953200446e-04
3.05500000000000e+00 1.33938777200015e+00 1.33958262403436e+00 1.94852034214099e-04
3.06000000000000e+00 1.33659523689658e+00 1.33678686957979e+00 1.91632683210097e-04
3.06500000000000e+00 1.33689268025867e+00 1.33707761791153e+00 1.84937652859096e-04
3.07000000000000e+00 1.34023435256134e+00 1.34040946551008e+00 1.75112948747946e-04
3.07500000000000e+00 1.34655588012603e+00 1.34671851756181e+00 1.62637435782598e-04
3.08000000000000e+00 1.35577469370287e+00 1.35592279258843e+00 1.48098885552672e-04
3.08500000000000e+00 1.36779057283928e+00 1.36792273852040e+00 1.32165681112406e-04
3.09000000000000e+00 1.38248630147168e+00 1.38260185702999e+00 1.15555558310998e-04
3.09500000000000e+00 1.39972842941374e+00 1.39982743227203e+00 9.90028582912306e-05
3.10000000000000e+00 1.41936813374469e+00 1.41945135953695e+00 8.32257922585011e-05
3.10500000000000e+00 1.44124217352836e+00 1.44131106870462e+00 6.88951762655154e-05
3.11000000000000e+00 1.46517393081434e+00 1.46523053680290e+00 5.66059885602765e-05
3.11500000000000e+00 1.49097453048772e+00 1.49102138342582e+00 4.68529381014715e-05
3.12000000000000e+00 1.51844403123253e+00 1.51848404225504e+00 4.00110225109440e-05
3.12500000000000e+00 1.54737267965334e+00 1.54740900145948e+00 3.63218061369963e-05
3.13000000000000e+00 1.57754221944626e+00 1.57757810532302e+00 3.58858767690595e-05
3.13500000000000e+00 1.60872724741782e+00 1.60876590907298e+00 3.86616551579788e-05
3.14000000000000e+00 1.64069660810424e+00 1.64074107855382e+00 4.44704495741188e-05
3.14500000000000e+00 1.67321481873892e+00 1.67326782611444e+00 5.30073755173888e-05
3.15000000000000e+00 1.70604351633711e+00 1.70610737385376e+00 6.38575166562738e-05
3.15500000000000e+00 1.73894291871145e+00 1.73901943520098e+00 7.65164895277781e-05
3.16000000000000e+00 1.77167329128769e+00 1.77176370569363e+00 9.04144059405976e-05
3.16500000000000e+00 1.80399641165617e+00 1.80410135376010e+00 1.04942103922534e-04
3.17000000000000e+00 1.83567702386398e+00 1.83579650231313e+00 1.19478449142951e-04
3.17500000000000e+00 1.86648427452569e+00 1.86661769201745e+00 1.33417491763765e-04
3.18000000000000e+00 1.89619312290796e+00 1.89633931720795e+00 1.46194299983415e-04
3.18500000000000e+00 1.92458571722500e+00 1.92474302560309e+00 1.57308378091026e-04
3.19000000000000e+00 1.95145272947390e+00 1.95161907318189e+00 1.66343707989514e-04
3.19500000000000e+00 1.97659464124627e+00 1.97676762586893e+00 1.72984622665906e-04
3.20000000000000e+00 1.99982297307960e+00 2.00000000000000e+00 1.77026920403334e-04
3.20500000000000e+00 2.02096145006835e+00 2.02113983391842e+00 1.78383850067299e-04
3.21000000000000e+00 2.03984709664795e+00 2.04002418347677e+00 1.77086828816453e-04
3.21500000000000e+00 2.05633125369916e+00 2.05650453468774e+00 1.73280988579716e-04
3.22000000000000e+00 2.07028051140833e+00 2.07044772727895e+00 1.67215870623849e-04
3.22500000000000e+00 2.08157755166194e+00 2.08173678345563e+00 1.59231793687820e-04
3.23000000000000e+00 2.09012189416106e+00 2.09027163675968e+00 1.49742598617664e-04
3.23500000000000e+00 2.09583054091279e+00 2.09596975652967e+00 1.39215616888233e-04
3.24000000000000e+00 2.09863851429700e+00 2.09876666410972e+00 1.28149812726353e-04
3.24500000000000e+00 2.09849928451522e+00 2.09861633762302e+00 1.17053107802967e-04
3.25000000000000e+00 2.09538508290238e+00 2.09549150281253e+00 1.06419910146371e-04
3.25500000000000e+00 2.08928709831784e+00 2.08938380815405e+00 9.67098362094632e-05
3.26000000000000e+00 2.08021555462259e+00 2.08030388316029e+00 8.83285376995779e-05
3.26500000000000e+00 2.06819966808539e+00 2.06828127951470e+00 8.16114293131776e-05
3.27000000000000e+00 2.05328748443244e+00 2.05336429539657e+00 7.68109641327008e-05
3.27500000000000e+00 2.03554559615092e+00 2.03561968407860e+00 7.40879276790452e-05
3.28000000000000e+00 2.01505874156241e+00 2.01513224859221e+00 7.35070297994689e-05
3.28500000000000e+00 1.99192928808604e+00 1.99200432495795e+00 7.50368719102390e-05
3.29000000000000e+00 1.96627660299686e+00 1.96635515716554e+00 7.85541686780800e-05
3.29500000000000e+00 1.93823631584126e+00 1.93832016775567e+00 8.38519144139571e-05
3.30000000000000e+00 1.90795947748521e+00 1.90805012849909e+00 9.06510138800609e-05
3.30500000000000e+00 1.87561162152805e+00 1.87571023628479e+00 9.86147567396678e-05
3.31000000000000e+00 1.84137173451083e+00 1.84147909991323e+00 1.07365402399973e-04
3.31500000000000e+00 1.80543114196929e+00 1.80554764404025e+00 1.16502070963254e-04
3.32000000000000e+00 1.76799231792616e+00 1.76811793702778e+00 1.25619101621233e-04
3.32500000000000e+00 1.72926762588056e+00 1.72940194992690e+00 1.34324046344281e-04
3.33000000000000e+00 1.68947799973208e+00 1.68962025424335e+00 1.42254511272588e-04
3.33500000000000e+00 1.64885157337530e+00 1.64900066651302e+00 1.49093137718603e-04
3.34000000000000e+00 1.60762226791947e+00 1.60777684804301e+00 1.54580123535419e-04
3.34500000000000e+00 1.56602834563143e+00 1.56618686845015e+00 1.58522818719309e-04
3.35000000000000e+00 1.52431093977547e+00 1.52447174185243e+00 1.60802076961231e-04
3.35500000000000e+00 1.48271256953389e+00 1.48287394473692e+00 1.61375203024283e-04
3.36000000000000e+00 1.44147564914870e+00 1.44163592464142e+00 1.60275492720574e-04
3.36500000000000e+00 1.40084100032962e+00 1.40099860884315e+00 1.57608513524865e-04
3.37000000000000e+00 1.36104637683749e+00 1.36119992224821e+00 1.53545410725986e-04
3.37500000000000e+00 1.32232500997713e+00 1.32247332361862e+00 1.48313641485487e-04
3.38000000000000e+00 1.28490418352759e+00 1.28504636916086e+00 1.42185633269731e-04
3.38500000000000e+00 1.24900384640211e+00 1.24913931233114e+00 1.35465929037126e-04
3.39000000000000e+00 1.21483527106841e+00 1.21496374848942e+00 1.28477421009299e-04
3.39500000000000e+00 1.18259976547442e+00 1.18272131275752e+00 1.21547283101098e-04
3.40000000000000e+00 1.15248744591235e+00 1.15260243910916e+00 1.14993196808522e-04
3.40500000000000e+00 1.12467607791988e+00 1.12478518834171e+00 1.09110421828928e-04
3.41000000000000e+00 1.09932999195371e+00 1.09943415215529e+00 1.04160201583658e-04
3.41500000000000e+00 1.07659908018143e+00 1.07669944009537e+00 1.00359913936421e-04
3.42000000000000e+00 1.05661788031720e+00 1.05671575560428e+00 9.78752870741673e-05
3.42500000000000e+00 1.03950475197576e+00 1.03960156687779e+00 9.68149020339482e-05
3.43000000000000e+00 1.02536115053447e+00 1.02545837763829e+00 9.72271038215400e-05
3.43500000000000e+00 1.01427100297598e+00 1.01437010232018e+00 9.90993441962740e-05
3.44000000000000e+00 1.00630018963143e+00 1.00640254951957e+00 1.02359888140002e-04
3.44500000000000e+00 1.00149613516156e+00 1.00160301689261e+00 1.06881731045005e-04
3.45000000000000e+00 9.99887511496025e-01 1.00000000000000e+00 1.12488503975383e-04
3.45500000000000e+00 1.00148405480920e+00 1.00160301689261e+00 1.18962083405894e-04
3.46000000000000e+00 1.00627649794135e+00 1.00640254951956e+00 1.26051578210218e-04
3.46500000000000e+00 1.01423661898522e+00 1.01437010232018e+00 1.33483334951778e-04
3.47000000000000e+00 1.02531740605328e+00 1.02545837763829e+00 1.40971585007810e-04
3.47500000000000e+00 1.03945333752501e+00 1.03960156687779e+00 1.48229352782137e-04
3.48000000000000e+00 1.05656077635376e+00 1.05671575560427e+00 1.54979250513554e-04
3.48500000000000e+00 1.07653847629276e+00 1.07669944009536e+00 1.60963802606107e-04
3.49000000000000e+00 1.09926819718677e+00 1.09943415215529e+00 1.65954968517346e-04
3.49500000000000e+00 1.12461542577598e+00 1.12478518834171e+00 1.69762565721099e-04
3.50000000000000e+00 1.15243019777471e+00 1.15260243910915e+00 1.72241334447154e-04
3.50500000000000e+00 1.18254801632786e+00 1.18272131275752e+00 1.73296429657688e-04
3.51000000000000e+00 1.21479086131603e+00 1.21496374848942e+00 1.72887173385261e-04
3.51500000000000e+00 1.24896828337913e+00 1.24913931233114e+00 1.71028952005825e-04
3.52000000000000e+00 1.28487857596556e+00 1.28504636916085e+00 1.67793195294808e-04
3.52500000000000e+00 1.32231001818994e+00 1.32247332361861e+00 1.63305428669824e-04
3.53000000000000e+00 1.36104218080422e+00 1.36119992224821e+00 1.57741443984838e-04
3.53500000000000e+00 1.40084728715384e+00 1.40099860884315e+00 1.51321689308093e-04
3.54000000000000e+00 1.44149162061106e+00 1.44163592464141e+00 1.44304030351039e-04
3.54500000000000e+00 1.48273696964903e+00 1.48287394473691e+00 1.36975087877689e-04
3.55000000000000e+00 1.52434210145070e+00 1.52447174185242e+00 1.29640401719922e-04
3.55500000000000e+00 1.56606425473424e+00 1.56618686845015e+00 1.22613715915154e-04
3.56000000000000e+00 1.60766064232811e+00 1.60777684804300e+00 1.16205714890683e-04
3.56500000000000e+00 1.64888995394275e+00 1.64900066651302e+00 1.10712570271287e-04
3.57000000000000e+00 1.68951384956584e+00 1.68962025424335e+00 1.06404677503891e-04
3.57500000000000e+00 1.72929843395603e+00 1.72940194992690e+00 1.03515970868662e-04
3.58000000000000e+00 1.76801570282495e+00 1.76811793702778e+00 1.02234202827400e-04
3.58500000000000e+00 1.80544495148062e+00 1.80554764404025e+00 1.02692559625917e-04
3.59000000000000e+00 1.84137413695718e+00 1.84147909991322e+00 1.04962956047672e-04
3.59500000000000e+00 1.87560118497373e+00 1.87571023628478e+00 1.09051311058206e-04
3.60000000000000e+00 1.90793523344681e+00 1.90805012849909e+00 1.14895052282238e-04
3.60500000000000e+00 1.93819780472601e+00 1.93832016775567e+00 1.22363029658290e-04
3.61000000000000e+00 1.96622389922247e+00 1.96635515716554e+00 1.31257943070118e-04
3.61500000000000e+00 1.99186300365528e+00 1.99200432495795e+00 1.41321302666420e-04
3.62000000000000e+00 2.01498000774307e+00 2.01513224859221e+00 1.52240849139673e-04
3.62500000000000e+00 2.03545602380941e+00 2.03561968407860e+00 1.63660269186572e-04
3.63000000000000e+00 2.05318910445064e+00 2.05336429539657e+00 1.75190945931991e-04
3.63500000000000e+00 2.06809485411702e+00 2.06828127951470e+00 1.86425397682211e-04
3.64000000000000e+00 2.08010693118356e+00 2.08030388316029e+00 1.96951976725757e-04
3.64500000000000e+00 2.08917743782216e+00 2.08938380815405e+00 2.06370331886419e-04
3.65000000000000e+00 2.09527719572696e+00 2.09549150281253e+00 2.14307085562915e-04
3.65500000000000e+00 2.09839590648251e+00 2.09861633762302e+00 2.20431140505184e-04
3.66000000000000e+00 2.09854219609071e+00 2.09876666410972e+00 2.24468019011770e-04
3.66500000000000e+00 2.09574354388534e+00 2.09596975652967e+00 2.26212644334201e-04
3.67000000000000e+00 2.09004609675218e+00 2.09027163675968e+00 2.25540007503966e-04
3.67500000000000e+00 2.08151437023794e+00 2.08173678345563e+00 2.22413217691564e-04
3.68000000000000e+00 2.07023083876638e+00 2.07044772727895e+00 2.16888512572844e-04
3.68500000000000e+00 2.05629541778466e+00 2.05650453468774e+00 2.09116903082673e-04
3.69000000000000e+00 2.03982484123312e+00 2.04002418347677e+00 1.99342243648370e-04
3.69500000000000e+00 2.02095193827067e+00 2.02113983391842e+00 1.87895647749681e-04
3.70000000000000e+00 1.99982481369252e+00 2.00000000000000e+00 1.75186307477260e-04
3.70500000000000e+00 1.97660593695030e+00 1.97676762586894e+00 1.61688918634662e-04
3.71000000000000e+00 1.95147114512862e+00 1.95161907318189e+00 1.47928053275459e-04
3.71500000000000e+00 1.92460856564780e+00 1.92474302560309e+00 1.34459955286603e-04
3.72000000000000e+00 1.89621746485235e+00 1.89633931720795e+00 1.21852355601915e-04
3.72500000000000e+00 1.86650702901241e+00 1.86661769201745e+00 1.10663005041367e-04
3.73000000000000e+00 1.83569508461045e+00 1.83579650231313e+00 1.01417702685014e-04
3.73500000000000e+00 1.80400676511097e+00 1.80410135376010e+00 9.45886491319214e-05
3.74000000000000e+00 1.77167313171759e+00 1.77176370569363e+00 9.05739760408419e-05
3.74500000000000e+00 1.73892975590853e+00 1.73901943520098e+00 8.96792924567347e-05
3.75000000000000e+00 1.70601527180849e+00 1.70610737385376e+00 9.21020452742116e-05
3.75500000000000e+00 1.67316990669927e+00 1.67326782611444e+00 9.79194151735641e-05
3.76000000000000e+00 1.64063399819152e+00 1.64074107855382e+00 1.07080362299561e-04
3.76500000000000e+00 1.60864650677082e+00 1.60876590907298e+00 1.19402302160898e-04
3.77000000000000e+00 1.57744353258847e+00 1.57757810532303e+00 1.34572734559413e-04
3.77500000000000e+00 1.54725684548749e+00 1.54740900145948e+00 1.52155971996804e-04
3.78000000000000e+00 1.51831243732873e+00 1.51848404225504e+00 1.71604926316515e-04
3.78500000000000e+00 1.49082910570700e+00 1.49102138342582e+00 1.92277718823464e-04
3.79000000000000e+00 1.46501707811631e+00 1.46523053680291e+00 2.13458686593615e-04
3.79500000000000e+00 1.44107668552997e+00 1.44131106870462e+00 2.34383174652963e-04
3.80000000000000e+00 1.41919709420248e+00 1.41945135953695e+00 2.54265334475257e-04
3.80500000000000e+00 1.39955510426728e+00 1.39982743227203e+00 2.72328004746303e-04
3.81000000000000e+00 1.38231402339970e+00 1.38260185702999e+00 2.87833630288725e-04
3.81500000000000e+00 1.36762262342950e+00 1.36792273852040e+00 3.00115090899000e-04
3.82000000000000e+00 1.35561418732616e+00 1.35592279258843e+00 3.08605262260953e-04
3.82500000000000e+00 1.34640565343863e+00 1.34671851756181e+00 3.12864123183987e-04
3.83000000000000e+00 1.34009686325511e+00 1.34040946551008e+00 3.12602254969097e-04
3.83500000000000e+00 1.33676991825893e+00 1.33707761791153e+00 3.07699652602134e-04
3.84000000000000e+00 1.33648865069722e+00 1.33678686957979e+00 2.98218882563317e-04
3.84500000000000e+00 1.33929821226095e+00 1.33958262403436e+00 2.84411773409321e-04
3.85000000000000e+00 1.34522478379861e+00 1.34549150281253e+00 2.66719013917394e-04
3.85500000000000e+00 1.35427540826687e+00 1.35452117051728e+00 2.45762250415060e-04
3.86000000000000e+00 1.36643794816520e+00 1.36666027668282e+00 2.22328517615722e-04
3.86500000000000e+00 1.38168116771881e+00 1.38187851481848e+00 1.97347099660794e-04
3.87000000000000e+00 1.39995493907959e+00 1.40012679826999e+00 1.71859190401191e-04
3.87500000000000e+00 1.42119057081406e+00 1.42133755181640e+00 1.46981002338675e-04
3.88000000000000e+00 1.44530125595826e+00 1.44542511720754e+00 1.23861249285317e-04
3.88500000000000e+00 1.47218263594728e+00 1.47228627014469e+00 1.03634197418101e-04
3.89000000000000e+00 1.50171347578973e+00 1.50180084551966e+00 8.73697299319520e-05
3.89500000000000e+00 1.53375644495904e+00 1.53383246706028e+00 7.60221012421347e-05
3.90000000000000e+00 1.56815899762878e+00 1.56822937688661e+00 7.03792578240492e-05
3.90500000000000e+00 1.60475434509648e+00 1.60482535986612e+00 7.10147696352248e-05
3.91000000000000e+00 1.64336251252574e+00 1.64344075707161e+00 7.82445458726855e-05
3.91500000000000e+00 1.68379147150151e+00 1.68388356209650e+00 9.20905949881590e-05
3.92000000000000e+00 1.72583833933988e+00 1.72595059347097e+00 1.12254131085843e-04
3.92500000000000e+00 1.76929063563063e+00 1.76942873595353e+00 1.38100322903512e-04
3.93000000000000e+00 1.81392758611958e+00 1.81409624304787e+00 1.68656928285493e-04
3.93500000000000e+00 1.85952146376315e+00 1.85972409271722e+00 2.02628954073747e-04
3.94000000000000e+00 1.90583895660804e+00 1.90607738794081e+00 2.38431332775679e-04
3.94500000000000e+00 1.95264255207045e+00 1.95291679348016e+00 2.74241409710552e-04
3.95000000000000e+00 1.99969192720409e+00 2.00000000000000e+00 3.08072795905723e-04
3.95500000000000e+00 2.04674533465949e+00 2.04708320651983e+00 3.37871860341288e-04
3.96000000000000e+00 2.09356097424059e+00 2.09392261205918e+00 3.61637818589777e-04
3.96500000000000e+00 2.13989834025838e+00 2.14027590728278e+00 3.77567024401060e-04
3.97000000000000e+00 2.18551953525895e+00 2.18590375695213e+00 3.84221693185527e-04
3.97500000000000e+00 2.23019054115943e+00 2.23057126404647e+00 3.80722887036722e-04
3.98000000000000e+00 2.27368243935578e+00 2.27404940652903e+00 3.66967173250909e-04
3.98500000000000e+00 2.31577257196035e+00 2.31611643790350e+00 3.43865943149613e-04
3.99000000000000e+00 2.35624563698459e+00 2.35655924292839e+00 3.13605943795814e-04
3.99500000000000e+00 2.39489471098653e+00 2.39517464013388e+00 2.79929147350533e-04
4.00000000000000e+00 2.43152219345351e+00 2.43177062311338e+00 2.48429659876148e-04
