variables = x, value-predict, value-true, error
0.00000000000000e+00 2.43175481106297e+00 2.43177062311339e+00 1.58120504143433e-05
5.00000000000000e-03 2.46614086228764e+00 2.46616753293972e+00 2.66706520770654e-05
1.00000000000000e-02 2.49815995008333e+00 2.49819915448034e+00 3.92043970074418e-05
1.50000000000000e-02 2.52766241201351e+00 2.52771372985530e+00 5.13178417897997e-05
2.00000000000000e-02 2.55451344678229e+00 2.55457488279246e+00 6.14360101693912e-05
2.50000000000000e-02 2.57859397467741e+00 2.57866244818360e+00 6.84735061842190e-05
3.00000000000000e-02 2.59980141021157e+00 2.59987320173000e+00 7.17915184336171e-05
3.50000000000000e-02 2.61805033997398e+00 2.61812148518152e+00 7.11452075465857e-05
4.00000000000000e-02 2.63327309921482e+00 2.63333972331718e+00 6.66241023665748e-05
4.50000000000000e-02 2.64542024131028e+00 2.64547882948272e+00 5.85881724362025e-05
5.00000000000000e-02 2.65446089498842e+00 2.65450849718747e+00 4.76021990576392e-05
5.50000000000000e-02 2.66038300503016e+00 2.66041737596564e+00 3.43709354817534e-05
6.00000000000000e-02 2.66319345308509e+00 2.66321313042021e+00 1.96773351199830e-05
6.50000000000000e-02 2.66291805624182e+00 2.66292238208847e+00 4.32584664222802e-06
7.00000000000000e-02 2.65960144205430e+00 2.65959053448992e+00 1.09075643868195e-05
7.50000000000000e-02 2.65330679982655e+00 2.65328148243819e+00 2.53173883586477e-05
8.00000000000000e-02 2.64411550908077e+00 2.64407720741157e+00 3.83016691936078e-05
8.50000000000000e-02 2.63212664725482e+00 2.63207726147960e+00 4.93857752212890e-05
9.00000000000000e-02 2.61745637977424e+00 2.61739814297001e+00 5.82368042332249e-05
9.50000000000000e-02 2.60023723669931e+00 2.60017256772797e+00 6.46689713357240e-05
1.00000000000000e-01 2.58061728114263e+00 2.58054864046305e+00 6.86406795784578e-05
1.05000000000000e-01 2.55875917556601e+00 2.55868893129538e+00 7.02442706330686e-05
1.10000000000000e-01 2.53483915288722e+00 2.53476946319709e+00 6.96896901266619e-05
1.15000000000000e-01 2.50904590004417e+00 2.50897861657418e+00 6.72834699892988e-05
1.20000000000000e-01 2.48157936226825e+00 2.48151595774496e+00 6.34045232863478e-05
1.25000000000000e-01 2.45264947680974e+00 2.45259099854052e+00 5.84782692198971e-05
1.30000000000000e-01 2.42247484523094e+00 2.42242189467697e+00 5.29505539650366e-05
1.35000000000000e-01 2.39128135364765e+00 2.39123409092702e+00 4.72627206358212e-05
1.40000000000000e-01 2.35930075045657e+00 2.35925892144618e+00 4.18290103900709e-05
1.45000000000000e-01 2.32676919114944e+00 2.32673217388556e+00 3.70172638817223e-05
1.50000000000000e-01 2.29392575979282e+00 2.29389262614624e+00 3.31336465819732e-05
1.55000000000000e-01 2.26101097665905e+00 2.26098056479902e+00 3.04118600351622e-05
1.60000000000000e-01 2.22826530134087e+00 2.22823629430637e+00 2.90070344979299e-05
1.65000000000000e-01 2.19592764048346e+00 2.19589864623990e+00 2.89942435629520e-05
1.70000000000000e-01 2.16423386903375e+00 2.16420349768687e+00 3.03713468818856e-05
1.75000000000000e-01 2.13341537364852e+00 2.13338230798255e+00 3.30656659746076e-05
1.80000000000000e-01 2.10369762662930e+00 2.10366068279205e+00 3.69438372471720e-05
1.85000000000000e-01 2.07529879846679e+00 2.07525697439691e+00 4.18240698807359e-05
1.90000000000000e-01 2.04842841678876e+00 2.04838092681811e+00 4.74899706515153e-05
1.95000000000000e-01 2.02328607920983e+00 2.02323237413107e+00 5.37050787614568e-05
2.00000000000000e-01 2.00006022728081e+00 2.00000000000000e+00 6.02272808052362e-05
2.05000000000000e-01 1.97892698842803e+00 1.97886016608158e+00 6.68223464550532e-05
2.10000000000000e-01 1.96004909245110e+00 1.95997581652323e+00 7.32759278705419e-05
2.15000000000000e-01 1.94357486881001e+00 1.94349546531226e+00 7.94034977553704e-05
2.20000000000000e-01 1.92963733056939e+00 1.92955227272105e+00 8.50578483442277e-05
2.25000000000000e-01 1.91835335047773e+00 1.91826321654437e+00 9.01339333545526e-05
2.30000000000000e-01 1.90982293423091e+00 1.90972836324032e+00 9.45709905937342e-05
2.35000000000000e-01 1.90412859550456e+00 1.90403024347033e+00 9.83520342336952e-05
2.40000000000000e-01 1.90133483682951e+00 1.90123333589028e+00 1.01500939231114e-04
2.45000000000000e-01 1.90148773982980e+00 1.90138366237698e+00 1.04077452823592e-04
2.50000000000000e-01 1.90461466774317e+00 1.90450849718747e+00 1.06170555696838e-04
2.55000000000000e-01 1.91072408249979e+00 1.91061619184595e+00 1.07890653842535e-04
2.60000000000000e-01 1.91980547795096e+00 1.91969611683971e+00 1.09361111252371e-04
2.65000000000000e-01 1.93182943011920e+00 1.93171872048530e+00 1.10709633907913e-04
2.70000000000000e-01 1.94674776459297e+00 1.94663570460343e+00 1.12059989540558e-04
2.75000000000000e-01 1.96449384041924e+00 1.96438031592140e+00 1.13524497838302e-04
2.80000000000000e-01 1.98498294906369e+00 1.98486775140779e+00 1.15197655897958e-04
2.85000000000000e-01 2.00811282622344e+00 2.00799567504205e+00 1.17151181386443e-04
2.90000000000000e-01 2.03376427349706e+00 2.03364484283446e+00 1.19430662597786e-04
2.95000000000000e-01 2.06180188615278e+00 2.06167983224433e+00 1.22053908447661e-04
3.00000000000000e-01 2.09207488249782e+00 2.09194987150091e+00 1.25010996908870e-04
3.05000000000000e-01 2.12441802964627e+00 2.12428976371522e+00 1.28265931055971e-04
3.10000000000000e-01 2.15865265982024e+00 2.15852090008677e+00 1.31759733470904e-04
3.15000000000000e-01 2.19458777070427e+00 2.19445235595975e+00 1.35414744523388e-04
3.20000000000000e-01 2.23202120281200e+00 2.23188206297222e+00 1.39139839787195e-04
3.25000000000000e-01 2.27074088632325e+00 2.27059805007310e+00 1.42836250154765e-04
3.30000000000000e-01 2.31052614940914e+00 2.31037974575665e+00 1.46403652493188e-04
3.35000000000000e-01 2.35114907968815e+00 2.35099933348698e+00 1.49746201169698e-04
3.40000000000000e-01 2.39237593014676e+00 2.39222315195700e+00 1.52778189758340e-04
3.45000000000000e-01 2.43396856061281e+00 2.43381313154985e+00 1.55429062961954e-04
3.50000000000000e-01 2.47568590569270e+00 2.47552825814758e+00 1.57647545126594e-04
3.55000000000000e-01 2.51728545996598e+00 2.51712605526309e+00 1.59404702894772e-04
3.60000000000000e-01 2.55852477117843e+00 2.55836407535859e+00 1.60695819847678e-04
3.65000000000000e-01 2.59916293217882e+00 2.59900139115685e+00 1.61541021967082e-04
3.70000000000000e-01 2.63896206240699e+00 2.63880007775179e+00 1.61984655202119e-04
3.75000000000000e-01 2.67768876985570e+00 2.67752667638138e+00 1.62093474319835e-04
3.80000000000000e-01 2.71511558459514e+00 2.71495363083915e+00 1.61953755992261e-04
3.85000000000000e-01 2.75102235516308e+00 2.75086068766886e+00 1.61667494227302e-04
3.90000000000000e-01 2.78519759938376e+00 2.78503625151058e+00 1.61347873177231e-04
3.95000000000000e-01 2.81743980147989e+00 2.81727868724248e+00 1.61114237408277e-04
4.00000000000000e-01 2.84755864768718e+00 2.84739756089084e+00 1.61086796341525e-04
4.05000000000000e-01 2.87537619296075e+00 2.87521481165829e+00 1.61381302451247e-04
4.10000000000000e-01 2.90072795178149e+00 2.90056584784471e+00 1.62103936777402e-04
4.15000000000000e-01 2.92346390652458e+00 2.92330055990464e+00 1.63346619939553e-04
4.20000000000000e-01 2.94344942733609e+00 2.94328424439572e+00 1.65182940367270e-04
4.25000000000000e-01 2.96056609798403e+00 2.96039843312221e+00 1.67664861821848e-04
4.30000000000000e-01 2.97471244269447e+00 2.97454162236171e+00 1.70820332757060e-04
4.35000000000000e-01 2.98580454956147e+00 2.98562989767982e+00 1.74651881644561e-04
4.40000000000000e-01 2.99377658671780e+00 2.99359745048043e+00 1.79136237365096e-04
4.45000000000000e-01 2.99858120808119e+00 2.99839698310739e+00 1.84224973798663e-04
4.50000000000000e-01 3.00018984613547e+00 3.00000000000000e+00 1.89846135465022e-04
4.55000000000000e-01 2.99859288987160e+00 2.99839698310739e+00 1.95906764206111e-04
4.60000000000000e-01 2.99379974669544e+00 2.99359745048043e+00 2.02296215000786e-04
4.65000000000000e-01 2.98583878780059e+00 2.98562989767982e+00 2.08890120763527e-04
4.70000000000000e-01 2.97475717720841e+00 2.97454162236171e+00 2.15554846692445e-04
4.75000000000000e-01 2.96062058538261e+00 2.96039843312221e+00 2.22152260407338e-04
4.80000000000000e-01 2.94351278903314e+00 2.94328424439572e+00 2.28544637417727e-04
4.85000000000000e-01 2.92353515942699e+00 2.92330055990464e+00 2.34599522352053e-04
4.90000000000000e-01 2.90080604221723e+00 2.90056584784471e+00 2.40194372516100e-04
4.95000000000000e-01 2.87546003248247e+00 2.87521481165829e+00 2.45220824173220e-04
5.00000000000000e-01 2.84764714932857e+00 2.84739756089084e+00 2.49588437724935e-04
5.05000000000000e-01 2.81753191504554e+00 2.81727868724248e+00 2.53227803061584e-04
5.10000000000000e-01 2.78529234441957e+00 2.78503625151058e+00 2.56092908986538e-04
5.15000000000000e-01 2.75111885037843e+00 2.75086068766886e+00 2.58162709568577e-04
5.20000000000000e-01 2.71521307268784e+00 2.71495363083915e+00 2.59441848693420e-04
5.25000000000000e-01 2.67778663691351e+00 2.67752667638138e+00 2.59960532130954e-04
5.30000000000000e-01 2.63905985131690e+00 2.63880007775179e+00 2.59773565108201e-04
5.35000000000000e-01 2.59926034975547e+00 2.59900139115685e+00 2.58958598616577e-04
5.40000000000000e-01 2.55862168901125e+00 2.55836407535859e+00 2.57613652664190e-04
5.45000000000000e-01 2.51738190926706e+00 2.51712605526309e+00 2.55854003974321e-04
5.50000000000000e-01 2.47578206669164e+00 2.47552825814758e+00 2.53808544066203e-04
5.55000000000000e-01 2.43406474727655e+00 2.43381313154985e+00 2.51615726702070e-04
5.60000000000000e-01 2.39247257119084e+00 2.39222315195700e+00 2.49419233843362e-04
5.65000000000000e-01 2.35124669698147e+00 2.35099933348698e+00 2.47363494487729e-04
5.70000000000000e-01 2.31062533494938e+00 2.31037974575665e+00 2.45589192731988e-04
5.75000000000000e-01 2.27084227897295e+00 2.27059805007310e+00 2.44228899849652e-04
5.80000000000000e-01 2.23212546593119e+00 2.23188206297222e+00 2.43402958977068e-04
5.85000000000000e-01 2.19469557170287e+00 2.19445235595975e+00 2.43215743122693e-04
5.90000000000000e-01 2.15876465248114e+00 2.15852090008677e+00 2.43752394371466e-04
5.95000000000000e-01 2.12453483985427e+00 2.12428976371522e+00 2.45076139057776e-04
6.00000000000000e-01 2.09219709775707e+00 2.09194987150091e+00 2.47226256159472e-04
6.05000000000000e-01 2.06193004900268e+00 2.06167983224433e+00 2.50216758347577e-04
6.10000000000000e-01 2.03389887865968e+00 2.03364484283446e+00 2.54035825226318e-04
6.15000000000000e-01 2.00825432104923e+00 2.00799567504205e+00 2.58646007179397e-04
6.20000000000000e-01 1.98513173660609e+00 1.98486775140779e+00 2.63985198302619e-04
6.25000000000000e-01 1.96465028427462e+00 1.96438031592140e+00 2.69968353221905e-04
6.30000000000000e-01 1.94691219450799e+00 1.94663570460343e+00 2.76489904557753e-04
6.35000000000000e-01 1.93200214730045e+00 1.93171872048530e+00 2.83426815149257e-04
6.40000000000000e-01 1.91998675902209e+00 1.91969611683971e+00 2.90642182373846e-04
6.45000000000000e-01 1.91091418113971e+00 1.91061619184595e+00 2.97989293761791e-04
6.50000000000000e-01 1.90481381320747e+00 1.90450849718747e+00 3.05316019993063e-04
6.55000000000000e-01 1.90169613179501e+00 1.90138366237698e+00 3.12469418030314e-04
6.60000000000000e-01 1.90155263630107e+00 1.90123333589028e+00 3.19300410795531e-04
6.65000000000000e-01 1.90435591187281e+00 1.90403024347033e+00 3.25668402487045e-04
6.70000000000000e-01 1.91005980893083e+00 1.90972836324032e+00 3.31445690512577e-04
6.75000000000000e-01 1.91859973807979e+00 1.91826321654437e+00 3.36521535420742e-04
6.80000000000000e-01 1.92989307848058e+00 1.92955227272105e+00 3.40805759529550e-04
6.85000000000000e-01 1.94383969706800e+00 1.94349546531226e+00 3.44231755744939e-04
6.90000000000000e-01 1.96032257532629e+00 1.95997581652323e+00 3.46758803056346e-04
6.95000000000000e-01 1.97920853968728e+00 1.97886016608158e+00 3.48373605705499e-04
7.00000000000000e-01 2.00034909099394e+00 2.00000000000000e+00 3.49090993940759e-04
7.05000000000000e-01 2.02358132788177e+00 2.02323237413106e+00 3.48953750708425e-04
7.10000000000000e-01 2.04872895837318e+00 2.04838092681811e+00 3.48031555072126e-04
7.15000000000000e-01 2.07560339345826e+00 2.07525697439691e+00 3.46419061350023e-04
7.20000000000000e-01 2.10400491595357e+00 2.10366068279205e+00 3.44233161513774e-04
7.25000000000000e-01 2.13372391748889e+00 2.13338230798255e+00 3.41609506338880e-04
7.30000000000000e-01 2.16454219607328e+00 2.16420349768687e+00 3.38698386406655e-04
7.35000000000000e-01 2.19623430633712e+00 2.19589864623990e+00 3.35660097221524e-04
7.40000000000000e-01 2.22856895423908e+00 2.22823629430637e+00 3.32659932710477e-04
7.45000000000000e-01 2.26131042776574e+00 2.26098056479902e+00 3.29862966720551e-04
7.50000000000000e-01 2.29422005493715e+00 2.29389262614624e+00 3.27428790912077e-04
7.55000000000000e-01 2.32705768026973e+00 2.32673217388556e+00 3.25506384170726e-04
7.60000000000000e-01 2.35958315073049e+00 2.35925892144618e+00 3.24229284308863e-04
7.65000000000000e-01 2.39155780215487e+00 2.39123409092702e+00 3.23711227848911e-04
7.70000000000000e-01 2.42274593708489e+00 2.42242189467697e+00 3.24042407914948e-04
7.75000000000000e-01 2.45291628502273e+00 2.45259099854052e+00 3.25286482211862e-04
7.80000000000000e-01 2.48184343618361e+00 2.48151595774496e+00 3.27478438651774e-04
7.85000000000000e-01 2.50930923997117e+00 2.50897861657418e+00 3.30623396993523e-04
7.90000000000000e-01 2.53510415959088e+00 2.53476946319709e+00 3.34696393781808e-04
7.95000000000000e-01 2.55902857445895e+00 2.55868893129538e+00 3.39643163568937e-04
8.00000000000000e-01 2.58089402235749e+00 2.58054864046305e+00 3.45381894437669e-04
8.05000000000000e-01 2.60052437362953e+00 2.60017256772797e+00 3.51805901559477e-04
8.10000000000000e-01 2.61775693009991e+00 2.61739814297001e+00 3.58787129899785e-04
8.15000000000000e-01 2.63244344184633e+00 2.63207726147960e+00 3.66180366728308e-04
8.20000000000000e-01 2.64445103543159e+00 2.64407720741157e+00 3.73828020012290e-04
8.25000000000000e-01 2.65366304773560e+00 2.65328148243819e+00 3.81565297413289e-04
8.30000000000000e-01 2.65997976009652e+00 2.65959053448992e+00 3.89225606599375e-04
8.35000000000000e-01 2.66331902807869e+00 2.66292238208847e+00 3.96645990226041e-04
8.40000000000000e-01 2.66361680282690e+00 2.66321313042021e+00 4.03672406690259e-04
8.45000000000000e-01 2.66082754064140e+00 2.66041737596564e+00 4.10164675760605e-04
8.50000000000000e-01 2.65492449810729e+00 2.65450849718747e+00 4.16000919812642e-04
8.55000000000000e-01 2.64589991083358e+00 2.64547882948272e+00 4.21081350861829e-04
8.60000000000000e-01 2.63376505459618e+00 2.63333972331718e+00 4.25331278997909e-04
8.65000000000000e-01 2.61855018842765e+00 2.61812148518153e+00 4.28703246124318e-04
8.70000000000000e-01 2.60030437995212e+00 2.59987320173000e+00 4.31178222111583e-04
8.75000000000000e-01 2.57909521401890e+00 2.57866244818360e+00 4.32765835308047e-04
8.80000000000000e-01 2.55500838643604e+00 2.55457488279246e+00 4.33503643582522e-04
8.85000000000000e-01 2.52814718534331e+00 2.52771372985530e+00 4.33455488007439e-04
8.90000000000000e-01 2.49863186348246e+00 2.49819915448034e+00 4.32709002121445e-04
8.95000000000000e-01 2.46659890531964e+00 2.46616753293972e+00 4.31372379920525e-04
9.00000000000000e-01 2.43220019364244e+00 2.43177062311339e+00 4.29570529050238e-04
9.05000000000000e-01 2.39560208088941e+00 2.39517464013388e+00 4.27440755523367e-04
9.10000000000000e-01 2.35698437106687e+00 2.35655924292839e+00 4.25128138481501e-04
9.15000000000000e-01 2.31653921866449e+00 2.31611643790350e+00 4.22780760996666e-04
9.20000000000000e-01 2.27446995149060e+00 2.27404940652903e+00 4.20544961574176e-04
9.25000000000000e-01 2.23098982481306e+00 2.23057126404647e+00 4.18560766588971e-04
9.30000000000000e-01 2.18632071460227e+00 2.18590375695213e+00 4.16957650136052e-04
9.35000000000000e-01 2.14069175803481e+00 2.14027590728277e+00 4.15850752037539e-04
9.40000000000000e-01 2.09433794972134e+00 2.09392261205918e+00 4.15337662165172e-04
9.45000000000000e-01 2.04749870237608e+00 2.04708320651983e+00 4.15495856247894e-04
9.50000000000000e-01 2.00041638084062e+00 2.00000000000000e+00 4.16380840620345e-04
9.55000000000000e-01 1.95333481851730e+00 1.95291679348017e+00 4.18025037129510e-04
9.60000000000000e-01 1.90649782535334e+00 1.90607738794082e+00 4.20437412518071e-04
9.65000000000000e-01 1.86014769654785e+00 1.85972409271723e+00 4.23603830618458e-04
9.70000000000000e-01 1.81452373113236e+00 1.81409624304787e+00 4.27488084490113e-04
9.75000000000000e-01 1.76986076949750e+00 1.76942873595353e+00 4.32033543966481e-04
9.80000000000000e-01 1.72638775881113e+00 1.72595059347097e+00 4.37165340164247e-04
9.85000000000000e-01 1.68432635509182e+00 1.68388356209650e+00 4.42792995320573e-04
9.90000000000000e-01 1.64388957047150e+00 1.64344075707161e+00 4.48813399887005e-04
9.95000000000000e-01 1.60528047390089e+00 1.60482535986612e+00 4.55114034766835e-04
1.00000000000000e+00 1.56869095322395e+00 1.56822937688661e+00 4.61576337341008e-04
1.00500000000000e+00 1.53430054617409e+00 1.53383246706028e+00 4.68079113810083e-04
1.01000000000000e+00 1.50227534742645e+00 1.50180084551966e+00 4.74501906785330e-04
1.01500000000000e+00 1.47276699838056e+00 1.47228627014470e+00 4.80728235864758e-04
1.02000000000000e+00 1.44591176584665e+00 1.44542511720755e+00 4.86648639101972e-04
1.02500000000000e+00 1.42182971526991e+00 1.42133755181640e+00 4.92163453505778e-04
1.03000000000000e+00 1.40062398355453e+00 1.40012679827000e+00 4.97185284534130e-04
1.03500000000000e+00 1.38238015594199e+00 1.38187851481848e+00 5.01641123510588e-04
1.04000000000000e+00 1.36716575076566e+00 1.36666027668282e+00 5.05474082846513e-04
1.04500000000000e+00 1.35502981524358e+00 1.35452117051728e+00 5.08644726296748e-04
1.05000000000000e+00 1.34600263479130e+00 1.34549150281253e+00 5.11131978768731e-04
1.05500000000000e+00 1.34009555764149e+00 1.33958262403436e+00 5.12933607127231e-04
1.06000000000000e+00 1.33730093584655e+00 1.33678686957979e+00 5.14066266769531e-04
1.06500000000000e+00 1.33759218302671e+00 1.33707761791153e+00 5.14565115179444e-04
1.07000000000000e+00 1.34092394850609e+00 1.34040946551008e+00 5.14482996008869e-04
1.07500000000000e+00 1.34723240676458e+00 1.34671851756181e+00 5.13889202769402e-04
1.08000000000000e+00 1.35643566042331e+00 1.35592279258843e+00 5.12867834880915e-04
1.08500000000000e+00 1.36843425428618e+00 1.36792273852040e+00 5.11515765784898e-04
1.09000000000000e+00 1.38311179727829e+00 1.38260185702999e+00 5.09940248297536e-04
1.09500000000000e+00 1.40033568846364e+00 1.39982743227203e+00 5.08256191613210e-04
1.10000000000000e+00 1.41995794269019e+00 1.41945135953695e+00 5.06583153234264e-04
1.10500000000000e+00 1.44181611080443e+00 1.44131106870462e+00 5.05042099808728e-04
1.11000000000000e+00 1.46573428880489e+00 1.46523053680291e+00 5.03752001988156e-04
1.11500000000000e+00 1.49152420976615e+00 1.49102138342582e+00 5.02826340323947e-04
1.12000000000000e+00 1.51898641186530e+00 1.51848404225504e+00 5.02369610262843e-04
1.12500000000000e+00 1.54791147538307e+00 1.54740900145948e+00 5.02473923591928e-04
1.13000000000000e+00 1.57808132113610e+00 1.57757810532303e+00 5.03215813073332e-04
1.13500000000000e+00 1.60927056242389e+00 1.60876590907298e+00 5.04653350911211e-04
1.14000000000000e+00 1.64124790224735e+00 1.64074107855382e+00 5.06823693528391e-04
1.14500000000000e+00 1.67377756727692e+00 1.67326782611444e+00 5.09741162481703e-04
1.15000000000000e+00 1.70662076981721e+00 1.70610737385376e+00 5.13395963447572e-04
1.15500000000000e+00 1.73953718883270e+00 1.73901943520098e+00 5.17753631716467e-04
1.16000000000000e+00 1.77228646096869e+00 1.77176370569363e+00 5.22755275065290e-04
1.16500000000000e+00 1.80462967242022e+00 1.80410135376010e+00 5.28318660117488e-04
1.17000000000000e+00 1.83633084247446e+00 1.83579650231313e+00 5.34340161329805e-04
1.17500000000000e+00 1.86715838957615e+00 1.86661769201745e+00 5.40697558698788e-04
1.18000000000000e+00 1.89688657084429e+00 1.89633931720795e+00 5.47253636338896e-04
1.18500000000000e+00 1.92529688610013e+00 1.92474302560309e+00 5.53860497038094e-04
1.19000000000000e+00 1.95217943765548e+00 1.95161907318189e+00 5.60364473586761e-04
1.19500000000000e+00 1.97733423735141e+00 1.97676762586894e+00 5.66611482476942e-04
1.20000000000000e+00 2.00057245263688e+00 2.00000000000000e+00 5.72452636879328e-04
1.20500000000000e+00 2.02171758382974e+00 2.02113983391842e+00 5.77749911317760e-04
1.21000000000000e+00 2.04060656511046e+00 2.04002418347677e+00 5.82381633689177e-04
1.21500000000000e+00 2.05709078226009e+00 2.05650453468774e+00 5.86247572347265e-04
1.22000000000000e+00 2.07103700066742e+00 2.07044772727895e+00 5.89273388460931e-04
1.22500000000000e+00 2.08232819769161e+00 2.08173678345563e+00 5.91414235986409e-04
1.23000000000000e+00 2.09086429407529e+00 2.09027163675968e+00 5.92657315604317e-04
1.23500000000000e+00 2.09656277975323e+00 2.09596975652967e+00 5.93023223552702e-04
1.24000000000000e+00 2.09935923008883e+00 2.09876666410972e+00 5.92565979111281e-04
1.24500000000000e+00 2.09920770929130e+00 2.09861633762302e+00 5.91371668278828e-04
1.25000000000000e+00 2.09608105851123e+00 2.09549150281253e+00 5.89555698703226e-04
1.25500000000000e+00 2.08997106687744e+00 2.08938380815405e+00 5.87258723391937e-04
1.26000000000000e+00 2.08088852451460e+00 2.08030388316029e+00 5.84641354309579e-04
1.26500000000000e+00 2.06886315736359e+00 2.06828127951470e+00 5.81877848889967e-04
1.27000000000000e+00 2.05394344440349e+00 2.05336429539657e+00 5.79149006922908e-04
1.27500000000000e+00 2.03619631864365e+00 2.03561968407860e+00 5.76634565048195e-04
1.28000000000000e+00 2.01570675400291e+00 2.01513224859221e+00 5.74505410699366e-04
1.28500000000000e+00 1.99257724091887e+00 1.99200432495795e+00 5.72915960923570e-04
1.29000000000000e+00 1.96692715422413e+00 1.96635515716554e+00 5.71997058587348e-04
1.29500000000000e+00 1.93889201748411e+00 1.93832016775567e+00 5.71849728436824e-04
1.30000000000000e+00 1.90862266860682e+00 1.90805012849909e+00 5.72540107725894e-04
1.30500000000000e+00 1.87628433210922e+00 1.87571023628478e+00 5.74095824435572e-04
1.31000000000000e+00 1.84205560394739e+00 1.84147909991323e+00 5.76504034165204e-04
1.31500000000000e+00 1.80612735529826e+00 1.80554764404025e+00 5.79711258010818e-04
1.32000000000000e+00 1.76870156210679e+00 1.76811793702778e+00 5.83625079007666e-04
1.32500000000000e+00 1.72999006759666e+00 1.72940194992690e+00 5.88117669756194e-04
1.33000000000000e+00 1.69021328527467e+00 1.68962025424335e+00 5.93031031323799e-04
1.33500000000000e+00 1.64959885025300e+00 1.64900066651302e+00 5.98183739978442e-04
1.34000000000000e+00 1.60838022695924e+00 1.60777684804300e+00 6.03378916236519e-04
1.34500000000000e+00 1.56679528151523e+00 1.56618686845015e+00 6.08413065080970e-04
1.35000000000000e+00 1.52508482723612e+00 1.52447174185242e+00 6.13085383696754e-04
1.35500000000000e+00 1.48349115183729e+00 1.48287394473691e+00 6.17207100377604e-04
1.36000000000000e+00 1.44225653503760e+00 1.44163592464141e+00 6.20610396186549e-04
1.36500000000000e+00 1.40162176531615e+00 1.40099860884315e+00 6.23156472999931e-04
1.37000000000000e+00 1.36182466461102e+00 1.36119992224821e+00 6.24742362808739e-04
1.37500000000000e+00 1.32309862974748e+00 1.32247332361862e+00 6.25306128865244e-04
1.38000000000000e+00 1.28567119934367e+00 1.28504636916085e+00 6.24830182820890e-04
1.38500000000000e+00 1.24976265486034e+00 1.24913931233114e+00 6.23342529196602e-04
1.39000000000000e+00 1.21558466433951e+00 1.21496374848942e+00 6.20915850088943e-04
1.39500000000000e+00 1.18333897720573e+00 1.18272131275752e+00 6.17664448212762e-04
1.40000000000000e+00 1.15321617828231e+00 1.15260243910916e+00 6.13739173155103e-04
1.40500000000000e+00 1.12539450889889e+00 1.12478518834171e+00 6.09320557185544e-04
1.41000000000000e+00 1.10003876263516e+00 1.09943415215529e+00 6.04610479876033e-04
1.41500000000000e+00 1.07729926285056e+00 1.07669944009536e+00 5.99822755193546e-04
1.42000000000000e+00 1.05731092869811e+00 1.05671575560428e+00 5.95173093836721e-04
1.42500000000000e+00 1.04019243580497e+00 1.03960156687779e+00 5.90868927181187e-04
1.43000000000000e+00 1.02604547722870e+00 1.02545837763829e+00 5.87099590409590e-04
1.43500000000000e+00 1.01495412966700e+00 1.01437010232018e+00 5.84027346825389e-04
1.44000000000000e+00 1.00698432921695e+00 1.00640254951957e+00 5.81779697380824e-04
1.44500000000000e+00 1.00218346024967e+00 1.00160301689261e+00 5.80443357067750e-04
1.45000000000000e+00 1.00058006019860e+00 1.00000000000000e+00 5.80060198599242e-04
1.45500000000000e+00 1.00218364226087e+00 1.00160301689261e+00 5.80625368259646e-04
1.46000000000000e+00 1.00698463718950e+00 1.00640254951957e+00 5.82087669929621e-04
1.46500000000000e+00 1.01495445452426e+00 1.01437010232018e+00 5.84352204086036e-04
1.47000000000000e+00 1.02604566277210e+00 1.02545837763829e+00 5.87285133816451e-04
1.47500000000000e+00 1.04019228722534e+00 1.03960156687779e+00 5.90720347543261e-04
1.48000000000000e+00 1.05731022329662e+00 1.05671575560428e+00 5.94467692347056e-04
1.48500000000000e+00 1.07729776247095e+00 1.07669944009536e+00 5.98322375582327e-04
1.49000000000000e+00 1.10003622722926e+00 1.09943415215529e+00 6.02075073971697e-04
1.49500000000000e+00 1.12539071059677e+00 1.12478518834171e+00 6.05522255060276e-04
1.50000000000000e+00 1.15321091531484e+00 1.15260243910916e+00 6.08476205677722e-04
1.50500000000000e+00 1.18333208703350e+00 1.18272131275752e+00 6.10774275974890e-04
1.51000000000000e+00 1.21557603537690e+00 1.21496374848942e+00 6.12286887484714e-04
1.51500000000000e+00 1.24975223624415e+00 1.24913931233114e+00 6.12923913010821e-04
1.52000000000000e+00 1.28565900827841e+00 1.28504636916085e+00 6.12639117553604e-04
1.52500000000000e+00 1.32308475606198e+00 1.32247332361862e+00 6.11432443361037e-04
1.53000000000000e+00 1.36180927227680e+00 1.36119992224821e+00 6.09350028588196e-04
1.53500000000000e+00 1.40160509080247e+00 1.40099860884315e+00 6.06481959318783e-04
1.54000000000000e+00 1.44223888250759e+00 1.44163592464141e+00 6.02957866173703e-04
1.54500000000000e+00 1.48347288531824e+00 1.48287394473691e+00 5.98940581329366e-04
1.55000000000000e+00 1.52506636002007e+00 1.52447174185242e+00 5.94618167652161e-04
1.55500000000000e+00 1.56677706316063e+00 1.56618686845015e+00 5.90194710477387e-04
1.56000000000000e+00 1.60836272836749e+00 1.60777684804300e+00 5.85880324483368e-04
1.56500000000000e+00 1.64958254737888e+00 1.64900066651302e+00 5.81880865856865e-04
1.57000000000000e+00 1.69019864209971e+00 1.68962025424335e+00 5.78387856366103e-04
1.57500000000000e+00 1.72997751904212e+00 1.72940194992690e+00 5.75569115220276e-04
1.58000000000000e+00 1.76869149758974e+00 1.76811793702778e+00 5.73560561956787e-04
1.58500000000000e+00 1.80612010363639e+00 1.80554764404025e+00 5.72459596141606e-04
1.59000000000000e+00 1.84205142029707e+00 1.84147909991323e+00 5.72320383838809e-04
1.59500000000000e+00 1.87628338757182e+00 1.87571023628478e+00 5.73151287031726e-04
1.60000000000000e+00 1.90862504306675e+00 1.90805012849909e+00 5.74914567664564e-04
1.60500000000000e+00 1.93889769614102e+00 1.93832016775567e+00 5.77528385349302e-04
1.61000000000000e+00 1.96693602815949e+00 1.96635515716554e+00 5.80870993950100e-04
1.61500000000000e+00 1.99258911189065e+00 1.99200432495795e+00 5.84786932699588e-04
1.62000000000000e+00 2.01572134349946e+00 2.01513224859221e+00 5.89094907243126e-04
1.62500000000000e+00 2.03621328104755e+00 2.03561968407860e+00 5.93596968952781e-04
1.63000000000000e+00 2.05396238393250e+00 2.05336429539657e+00 5.98088535928909e-04
1.63500000000000e+00 2.06888364826680e+00 2.06828127951470e+00 6.02368752100624e-04
1.64000000000000e+00 2.08091013382356e+00 2.08030388316029e+00 6.06250663267360e-04
1.64500000000000e+00 2.08999337884778e+00 2.08938380815405e+00 6.09570693732575e-04
1.65000000000000e+00 2.09610369975422e+00 2.09549150281253e+00 6.12196941695675e-04
1.65500000000000e+00 2.09923037348992e+00 2.09861633762302e+00 6.14035866902896e-04
1.66000000000000e+00 2.09938170113548e+00 2.09876666410972e+00 6.15037025759158e-04
1.66500000000000e+00 2.09658495213546e+00 2.09596975652967e+00 6.15195605783381e-04
1.67000000000000e+00 2.09088618938315e+00 2.09027163675968e+00 6.14552623463993e-04
1.67500000000000e+00 2.08234997622425e+00 2.08173678345563e+00 6.13192768621040e-04
1.68000000000000e+00 2.07105896727913e+00 2.07044772727895e+00 6.11240000173208e-04
1.68500000000000e+00 2.05711338580159e+00 2.05650453468774e+00 6.08851113849784e-04
1.69000000000000e+00 2.04063039108686e+00 2.04002418347677e+00 6.06207610087672e-04
1.69500000000000e+00 2.02174334019656e+00 2.02113983391842e+00 6.03506278134880e-04
1.70000000000000e+00 2.00060094898218e+00 2.00000000000000e+00 6.00948982179883e-04
1.70500000000000e+00 1.97736635804715e+00 1.97676762586893e+00 5.98732178213712e-04
1.71000000000000e+00 1.95221610988781e+00 1.95161907318189e+00 5.97036705919596e-04
1.71500000000000e+00 1.92533904399024e+00 1.92474302560309e+00 5.96018387152952e-04
1.72000000000000e+00 1.89693511712925e+00 1.89633931720795e+00 5.95799921302875e-04
1.72500000000000e+00 1.86721415651875e+00 1.86661769201745e+00 5.96464501301686e-04
1.73000000000000e+00 1.83639455379618e+00 1.83579650231313e+00 5.98051483052142e-04
1.73500000000000e+00 1.80470190809414e+00 1.80410135376010e+00 6.00554334043490e-04
1.74000000000000e+00 1.77236762666131e+00 1.77176370569363e+00 6.03920967684690e-04
1.74500000000000e+00 1.73962749164293e+00 1.73901943520098e+00 6.08056441945282e-04
1.75000000000000e+00 1.70672020173321e+00 1.70610737385376e+00 6.12827879446609e-04
1.75500000000000e+00 1.67388589746144e+00 1.67326782611444e+00 6.18071347000093e-04
1.76000000000000e+00 1.64136467888505e+00 1.64074107855382e+00 6.23600331225438e-04
1.76500000000000e+00 1.60939512443709e+00 1.60876590907298e+00 6.29215364110314e-04
1.77000000000000e+00 1.57821281961613e+00 1.57757810532303e+00 6.34714293104466e-04
1.77500000000000e+00 1.54804890411930e+00 1.54740900145948e+00 6.39902659823388e-04
1.78000000000000e+00 1.51912864590239e+00 1.51848404225504e+00 6.44603647348863e-04
1.78500000000000e+00 1.49167005050942e+00 1.49102138342582e+00 6.48667083596344e-04
1.79000000000000e+00 1.46588251384303e+00 1.46523053680291e+00 6.51977040126983e-04
1.79500000000000e+00 1.44196552634795e+00 1.44131106870462e+00 6.54457643326278e-04
1.80000000000000e+00 1.42010743634819e+00 1.41945135953695e+00 6.56076811241579e-04
1.80500000000000e+00 1.40048428001163e+00 1.39982743227203e+00 6.56847739602950e-04
1.81000000000000e+00 1.38325868510967e+00 1.38260185702999e+00 6.56828079682370e-04
1.81500000000000e+00 1.36857885539071e+00 1.36792273852040e+00 6.56116870314083e-04
1.82000000000000e+00 1.35657764198972e+00 1.35592279258843e+00 6.54849401295898e-04
1.82500000000000e+00 1.34737170785185e+00 1.34671851756181e+00 6.53190290041739e-04
1.83000000000000e+00 1.34106079065032e+00 1.34040946551008e+00 6.51325140237802e-04
1.83500000000000e+00 1.33772706913137e+00 1.33707761791153e+00 6.49451219833175e-04
1.84000000000000e+00 1.33743463721679e+00 1.33678686957979e+00 6.47767637007579e-04
1.84500000000000e+00 1.34022908954697e+00 1.33958262403436e+00 6.46465512610606e-04
1.85000000000000e+00 1.34613722145098e+00 1.34549150281253e+00 6.45718638451864e-04
1.85500000000000e+00 1.35516684559504e+00 1.35452117051728e+00 6.45675077757257e-04
1.86000000000000e+00 1.36730672679319e+00 1.36666027668282e+00 6.46450110376229e-04
1.86500000000000e+00 1.38252663566651e+00 1.38187851481848e+00 6.48120848037337e-04
1.87000000000000e+00 1.40077752102977e+00 1.40012679827000e+00 6.50722759776290e-04
1.87500000000000e+00 1.42199180006086e+00 1.42133755181640e+00 6.54248244453814e-04
1.88000000000000e+00 1.44608376449491e+00 1.44542511720755e+00 6.58647287360647e-04
1.88500000000000e+00 1.47295010027836e+00 1.47228627014470e+00 6.63830133661225e-04
1.89000000000000e+00 1.50247051733499e+00 1.50180084551967e+00 6.69671815323847e-04
1.89500000000000e+00 1.53450848534199e+00 1.53383246706028e+00 6.76018281712043e-04
1.90000000000000e+00 1.56891207070048e+00 1.56822937688661e+00 6.82693813871982e-04
1.90500000000000e+00 1.60551486921364e+00 1.60482535986612e+00 6.89509347524986e-04
1.91000000000000e+00 1.64413702836737e+00 1.64344075707161e+00 6.96271295760553e-04
1.91500000000000e+00 1.68458635254530e+00 1.68388356209650e+00 7.02790448797730e-04
1.92000000000000e+00 1.72665948400681e+00 1.72595059347097e+00 7.08890535839002e-04
1.92500000000000e+00 1.77014315201224e+00 1.76942873595353e+00 7.14416058709588e-04
1.93000000000000e+00 1.81481548210053e+00 1.81409624304787e+00 7.19239052663134e-04
1.93500000000000e+00 1.86044735720484e+00 1.85972409271723e+00 7.23264487613617e-04
1.94000000000000e+00 1.90680382203342e+00 1.90607738794082e+00 7.26434092597206e-04
1.94500000000000e+00 1.95364552194628e+00 1.95291679348017e+00 7.28728466108608e-04
1.95000000000000e+00 2.00073016741471e+00 2.00000000000000e+00 7.30167414707550e-04
1.95500000000000e+00 2.04781401506576e+00 2.04708320651983e+00 7.30808545928330e-04
1.96000000000000e+00 2.09465335627680e+00 2.09392261205918e+00 7.30744217622536e-04
1.96500000000000e+00 2.14100600430132e+00 2.14027590728277e+00 7.30097018549536e-04
1.97000000000000e+00 2.18663277096490e+00 2.18590375695213e+00 7.29014012768037e-04
1.97500000000000e+00 2.23129892407807e+00 2.23057126404646e+00 7.27660031601740e-04
1.98000000000000e+00 2.27477561685592e+00 2.27404940652903e+00 7.26210326897903e-04
1.98500000000000e+00 2.31684128082386e+00 2.31611643790350e+00 7.24842920357904e-04
1.99000000000000e+00 2.35728297391457e+00 2.35655924292839e+00 7.23730986180726e-04
1.99500000000000e+00 2.39589767572453e+00 2.39517464013388e+00 7.23035590649346e-04
2.00000000000000e+00 2.43249352220326e+00 2.43177062311339e+00 7.22899089876439e-04
2.00500000000000e+00 2.46689097238528e+00 2.46616753293972e+00 7.23439445558860e-04
2.01000000000000e+00 2.49892390015447e+00 2.49819915448034e+00 7.24745674135718e-04
2.01500000000000e+00 2.52844060444293e+00 2.52771372985530e+00 7.26874587624327e-04
2.02000000000000e+00 2.55530473171823e+00 2.55457488279245e+00 7.29848925775212e-04
2.02500000000000e+00 2.57939610510102e+00 2.57866244818359e+00 7.33656917422998e-04
2.03000000000000e+00 2.60061145497857e+00 2.59987320173000e+00 7.38253248564469e-04
2.03500000000000e+00 2.61886504653791e+00 2.61812148518152e+00 7.43561356387534e-04
2.04000000000000e+00 2.63408920023651e+00 2.63333972331718e+00 7.49476919325698e-04
2.04500000000000e+00 2.64623470184921e+00 2.64547882948272e+00 7.55872366498878e-04
2.05000000000000e+00 2.65527109938541e+00 2.65450849718747e+00 7.62602197933671e-04
2.05500000000000e+00 2.66118688484696e+00 2.66041737596564e+00 7.69508881321990e-04
2.06000000000000e+00 2.66398955949693e+00 2.66321313042021e+00 7.76429076716934e-04
2.06500000000000e+00 2.66370558202755e+00 2.66292238208847e+00 7.83199939084156e-04
2.07000000000000e+00 2.66038019974389e+00 2.65959053448992e+00 7.89665253972505e-04
2.07500000000000e+00 2.65407716361721e+00 2.65328148243819e+00 7.95681179019958e-04
2.08000000000000e+00 2.64487832879981e+00 2.64407720741157e+00 8.01121388235959e-04
2.08500000000000e+00 2.63288314292615e+00 2.63207726147960e+00 8.05881446551027e-04
2.09000000000000e+00 2.61820802524894e+00 2.61739814297001e+00 8.09882278927532e-04
2.09500000000000e+00 2.60098564036453e+00 2.60017256772797e+00 8.13072636559387e-04
2.10000000000000e+00 2.58136407096702e+00 2.58054864046305e+00 8.15430503970038e-04
2.10500000000000e+00 2.55950589472508e+00 2.55868893129538e+00 8.16963429702611e-04
2.11000000000000e+00 2.53558717100127e+00 2.53476946319710e+00 8.17707804176671e-04
2.11500000000000e+00 2.50979634371429e+00 2.50897861657418e+00 8.17727140111302e-04
2.12000000000000e+00 2.48233306719003e+00 2.48151595774496e+00 8.17109445071740e-04
2.12500000000000e+00 2.45340696234121e+00 2.45259099854052e+00 8.15963800689712e-04
2.13000000000000e+00 2.42323631096006e+00 2.42242189467697e+00 8.14416283081432e-04
2.13500000000000e+00 2.39204669630334e+00 2.39123409092702e+00 8.12605376325770e-04
2.14000000000000e+00 2.36006959848469e+00 2.35925892144618e+00 8.10677038509233e-04
2.14500000000000e+00 2.32754095347095e+00 2.32673217388556e+00 8.08779585385277e-04
2.15000000000000e+00 2.29469968470197e+00 2.29389262614624e+00 8.07058555734042e-04
2.15500000000000e+00 2.26178621651703e+00 2.26098056479902e+00 8.05651718009059e-04
2.16000000000000e+00 2.22904097867488e+00 2.22823629430637e+00 8.04684368505892e-04
2.16500000000000e+00 2.19670291130044e+00 2.19589864623990e+00 8.04265060538878e-04
2.17000000000000e+00 2.16500797957412e+00 2.16420349768687e+00 8.04481887246578e-04
2.17500000000000e+00 2.13418770740984e+00 2.13338230798255e+00 8.05399427294962e-04
2.18000000000000e+00 2.10446773923277e+00 2.10366068279205e+00 8.07056440712994e-04
2.18500000000000e+00 2.07606643878134e+00 2.07525697439691e+00 8.09464384430747e-04
2.19000000000000e+00 2.04919353361358e+00 2.04838092681811e+00 8.12606795471460e-04
2.19500000000000e+00 2.02404881369772e+00 2.02323237413107e+00 8.16439566655891e-04
2.20000000000000e+00 2.00082089211880e+00 2.00000000000000e+00 8.20892118800653e-04
2.20500000000000e+00 1.97968603552991e+00 1.97886016608158e+00 8.25869448334737e-04
2.21000000000000e+00 1.96080707152963e+00 1.95997581652323e+00 8.31255006401133e-04
2.21500000000000e+00 1.94433237965291e+00 1.94349546531226e+00 8.36914340651029e-04
2.22000000000000e+00 1.93039497213137e+00 1.92955227272105e+00 8.42699410325887e-04
2.22500000000000e+00 1.91911167000202e+00 1.91826321654437e+00 8.48453457642950e-04
2.23000000000000e+00 1.91058237954288e+00 1.90972836324032e+00 8.54016302560323e-04
2.23500000000000e+00 1.90488947337584e+00 1.90403024347033e+00 8.59229905510128e-04
2.24000000000000e+00 1.90209727991722e+00 1.90123333589028e+00 8.63944026943120e-04
2.24500000000000e+00 1.90225168417959e+00 1.90138366237698e+00 8.68021802613361e-04
2.25000000000000e+00 1.90537984222988e+00 1.90450849718747e+00 8.71345042408489e-04
2.25500000000000e+00 1.91149001090809e+00 1.91061619184595e+00 8.73819062140235e-04
2.26000000000000e+00 1.92057149369949e+00 1.91969611683971e+00 8.75376859777344e-04
2.26500000000000e+00 1.93259470294473e+00 1.93171872048530e+00 8.75982459435765e-04
2.27000000000000e+00 1.94751133786931e+00 1.94663570460343e+00 8.75633265877029e-04
2.27500000000000e+00 1.96525467721850e+00 1.96438031592140e+00 8.74361297100945e-04
2.28000000000000e+00 1.98573998460328e+00 1.98486775140779e+00 8.72233195487571e-04
2.28500000000000e+00 2.00886502399974e+00 2.00799567504205e+00 8.69348957687865e-04
2.29000000000000e+00 2.03451068220268e+00 2.03364484283446e+00 8.65839368227483e-04
2.29500000000000e+00 2.06254169441312e+00 2.06167983224433e+00 8.61862168788807e-04
2.30000000000000e+00 2.09280746854947e+00 2.09194987150091e+00 8.57597048561587e-04
2.30500000000000e+00 2.12514300330504e+00 2.12428976371522e+00 8.53239589824195e-04
2.31000000000000e+00 2.15936989444116e+00 2.15852090008677e+00 8.48994354389454e-04
2.31500000000000e+00 2.19529742329983e+00 2.19445235595975e+00 8.45067340080163e-04
2.32000000000000e+00 2.23272372104848e+00 2.23188206297221e+00 8.41658076271568e-04
2.32500000000000e+00 2.27143700173052e+00 2.27059805007310e+00 8.38951657427423e-04
2.33000000000000e+00 2.31121685678912e+00 2.31037974575665e+00 8.37111032471860e-04
2.33500000000000e+00 2.35183560336198e+00 2.35099933348698e+00 8.36269875004625e-04
2.34000000000000e+00 2.39305967831095e+00 2.39222315195699e+00 8.36526353951150e-04
2.34500000000000e+00 2.43465106965096e+00 2.43381313154985e+00 8.37938101108993e-04
2.35000000000000e+00 2.47636877678693e+00 2.47552825814758e+00 8.40518639349419e-04
2.35500000000000e+00 2.51797029074815e+00 2.51712605526309e+00 8.44235485065514e-04
2.36000000000000e+00 2.55921308543667e+00 2.55836407535858e+00 8.49010078081580e-04
2.36500000000000e+00 2.59985611077716e+00 2.59900139115685e+00 8.54719620308142e-04
2.37000000000000e+00 2.63966127857728e+00 2.63880007775179e+00 8.61200825489572e-04
2.37500000000000e+00 2.67839493188086e+00 2.67752667638138e+00 8.68255499476778e-04
2.38000000000000e+00 2.71582928862377e+00 2.71495363083914e+00 8.75657784627393e-04
2.38500000000000e+00 2.75174385049066e+00 2.75086068766886e+00 8.83162821804007e-04
2.39000000000000e+00 2.78592676801859e+00 2.78503625151058e+00 8.90516508009753e-04
2.39500000000000e+00 2.81817615320769e+00 2.81727868724248e+00 8.97465965207900e-04
2.40000000000000e+00 2.84830133117697e+00 2.84739756089084e+00 9.03770286126537e-04
2.40500000000000e+00 2.87612402275086e+00 2.87521481165829e+00 9.09211092569251e-04
2.41000000000000e+00 2.90147945027453e+00 2.90056584784471e+00 9.13602429822191e-04
2.41500000000000e+00 2.92421735943836e+00 2.92330055990463e+00 9.16799533729140e-04
2.42000000000000e+00 2.94420295043278e+00 2.94328424439572e+00 9.18706037057238e-04
2.42500000000000e+00 2.96131771236311e+00 2.96039843312221e+00 9.19279240902959e-04
2.43000000000000e+00 2.97546015551022e+00 2.97454162236171e+00 9.18533148505762e-04
2.43500000000000e+00 2.98654643673438e+00 2.98562989767982e+00 9.16539054561571e-04
2.44000000000000e+00 2.99451087406959e+00 2.99359745048043e+00 9.13423589154139e-04
2.44500000000000e+00 2.99930634733689e+00 2.99839698310739e+00 9.09364229495058e-04
2.45000000000000e+00 3.00090458241546e+00 3.00000000000000e+00 9.04582415463651e-04
2.45500000000000e+00 2.99929631762605e+00 2.99839698310739e+00 8.99334518651429e-04
2.46000000000000e+00 2.99449135150721e+00 2.99359745048044e+00 8.93901026777666e-04
2.46500000000000e+00 2.98651847207880e+00 2.98562989767982e+00 8.88574398980602e-04
2.47000000000000e+00 2.97542526848641e+00 2.97454162236171e+00 8.83646124696824e-04
2.47500000000000e+00 2.96127782669257e+00 2.96039843312221e+00 8.79393570363263e-04
2.48000000000000e+00 2.94416031162036e+00 2.94328424439572e+00 8.76067224638621e-04
2.48500000000000e+00 2.92417443885185e+00 2.92330055990464e+00 8.73878947210471e-04
2.49000000000000e+00 2.90143883963849e+00 2.90056584784471e+00 8.72991793772648e-04
2.49500000000000e+00 2.87608832358267e+00 2.87521481165830e+00 8.73511924373904e-04
2.50000000000000e+00 2.84827304390564e+00 2.84739756089084e+00 8.75483014795897e-04
2.50500000000000e+00 2.81815757071759e+00 2.81727868724248e+00 8.78883475111891e-04
2.51000000000000e+00 2.78591987816223e+00 2.78503625151058e+00 8.83626651650538e-04
2.51500000000000e+00 2.75175025171407e+00 2.75086068766886e+00 8.89564045211788e-04
2.52000000000000e+00 2.71585012227315e+00 2.71495363083915e+00 8.96491434002389e-04
2.52500000000000e+00 2.67843083402767e+00 2.67752667638138e+00 9.04157646285597e-04
2.53000000000000e+00 2.63971235334892e+00 2.63880007775179e+00 9.12275597128254e-04
2.53500000000000e+00 2.59992192624484e+00 2.59900139115685e+00 9.20535087991503e-04
2.54000000000000e+00 2.55929269213737e+00 2.55836407535859e+00 9.28616778778757e-04
2.54500000000000e+00 2.51806226194202e+00 2.51712605526309e+00 9.36206678928464e-04
2.55000000000000e+00 2.47647126862209e+00 2.47552825814758e+00 9.43010474512285e-04
2.55500000000000e+00 2.43476189856229e+00 2.43381313154985e+00 9.48767012439955e-04
2.56000000000000e+00 2.39317641225695e+00 2.39222315195700e+00 9.53260299954461e-04
2.56500000000000e+00 2.35195566293446e+00 2.35099933348698e+00 9.56329447471038e-04
2.57000000000000e+00 2.31133762183775e+00 2.31037974575666e+00 9.57876081093101e-04
2.57500000000000e+00 2.27155591894576e+00 2.27059805007310e+00 9.57868872657919e-04
2.58000000000000e+00 2.23283840794681e+00 2.23188206297222e+00 9.56344974595069e-04
2.58500000000000e+00 2.19540576425554e+00 2.19445235595975e+00 9.53408295787828e-04
2.59000000000000e+00 2.15947012479417e+00 2.15852090008678e+00 9.49224707398333e-04
2.59500000000000e+00 2.12523377812923e+00 2.12428976371522e+00 9.44014414017147e-04
2.60000000000000e+00 2.09288791336169e+00 2.09194987150091e+00 9.38041860779837e-04
2.60500000000000e+00 2.06261143590657e+00 2.06167983224433e+00 9.31603662240654e-04
2.61000000000000e+00 2.03456985796539e+00 2.03364484283446e+00 9.25015130931683e-04
2.61500000000000e+00 2.00891427108601e+00 2.00799567504205e+00 9.18596043960829e-04
2.62000000000000e+00 1.98578040772628e+00 1.98486775140779e+00 9.12656318490246e-04
2.62500000000000e+00 1.96528779818437e+00 1.96438031592140e+00 9.07482262963999e-04
2.63000000000000e+00 1.94753902864075e+00 1.94663570460343e+00 9.03324037320186e-04
2.63500000000000e+00 1.93261910537587e+00 1.93171872048530e+00 9.00384890572425e-04
2.64000000000000e+00 1.92059492949244e+00 1.91969611683971e+00 8.98812652731174e-04
2.64500000000000e+00 1.91151488569250e+00 1.91061619184595e+00 8.98693846555165e-04
2.65000000000000e+00 1.90540854784159e+00 1.90450849718747e+00 9.00050654112361e-04
2.65500000000000e+00 1.90228650321523e+00 1.90138366237698e+00 9.02840838246100e-04
2.66000000000000e+00 1.90214029646683e+00 1.90123333589028e+00 9.06960576554594e-04
2.66500000000000e+00 1.90494249350207e+00 1.90403024347033e+00 9.12250031742001e-04
2.67000000000000e+00 1.91064686459656e+00 1.90972836324032e+00 9.18501356238277e-04
2.67500000000000e+00 1.91918868526519e+00 1.91826321654437e+00 9.25468720816225e-04
2.68000000000000e+00 1.93048515259193e+00 1.92955227272105e+00 9.32879870887859e-04
2.68500000000000e+00 1.94443591396334e+00 1.94349546531226e+00 9.40448651078452e-04
2.69000000000000e+00 1.96092370442856e+00 1.95997581652323e+00 9.47887905333511e-04
2.69500000000000e+00 1.97981508823531e+00 1.97886016608158e+00 9.54922153734605e-04
2.70000000000000e+00 2.00096129946914e+00 2.00000000000000e+00 9.61299469139476e-04
2.70500000000000e+00 2.02419917615784e+00 2.02323237413106e+00 9.66802026777014e-04
2.71000000000000e+00 2.04935218169028e+00 2.04838092681811e+00 9.71254872173866e-04
2.71500000000000e+00 2.07623150694213e+00 2.07525697439691e+00 9.74532545216178e-04
2.72000000000000e+00 2.10463724609844e+00 2.10366068279205e+00 9.76563306386957e-04
2.72500000000000e+00 2.13435963881109e+00 2.13338230798255e+00 9.77330828543899e-04
2.73000000000000e+00 2.16518037102533e+00 2.16420349768687e+00 9.76873338466522e-04
2.73500000000000e+00 2.19687392655312e+00 2.19589864623990e+00 9.75280313217475e-04
2.74000000000000e+00 2.22920898125365e+00 2.22823629430637e+00 9.72686947281698e-04
2.74500000000000e+00 2.26194983150638e+00 2.26098056479902e+00 9.69266707358862e-04
2.75000000000000e+00 2.29485784851968e+00 2.29389262614624e+00 9.65222373445762e-04
2.75500000000000e+00 2.32769294991338e+00 2.32673217388556e+00 9.60776027816301e-04
2.76000000000000e+00 2.36021507993713e+00 2.35925892144618e+00 9.56158490952763e-04
2.76500000000000e+00 2.39218568964567e+00 2.39123409092702e+00 9.51598718650803e-04
2.77000000000000e+00 2.42336920833988e+00 2.42242189467697e+00 9.47313662912563e-04
2.77500000000000e+00 2.45353449760446e+00 2.45259099854052e+00 9.43499063940312e-04
2.78000000000000e+00 2.48245627932854e+00 2.48151595774496e+00 9.40321583585924e-04
2.78500000000000e+00 2.50991652918819e+00 2.50897861657418e+00 9.37912614008773e-04
2.79000000000000e+00 2.53570582720174e+00 2.53476946319709e+00 9.36364004644030e-04
2.79500000000000e+00 2.55962465714349e+00 2.55868893129538e+00 9.35725848114632e-04
2.80000000000000e+00 2.58148464682346e+00 2.58054864046305e+00 9.36006360412023e-04
2.80500000000000e+00 2.60110974151156e+00 2.60017256772797e+00 9.37173783590151e-04
2.81000000000000e+00 2.61833730310854e+00 2.61739814297001e+00 9.39160138529793e-04
2.81500000000000e+00 2.63301912804606e+00 2.63207726147960e+00 9.41866566463556e-04
2.82000000000000e+00 2.64502237733389e+00 2.64407720741157e+00 9.45169922313305e-04
2.82500000000000e+00 2.65423041266700e+00 2.65328148243819e+00 9.48930228815481e-04
2.83000000000000e+00 2.66054353305493e+00 2.65959053448992e+00 9.52998565015850e-04
2.83500000000000e+00 2.66387960704263e+00 2.66292238208847e+00 9.57224954162506e-04
2.84000000000000e+00 2.66417459624796e+00 2.66321313042021e+00 9.61465827744590e-04
2.84500000000000e+00 2.66138296664541e+00 2.66041737596564e+00 9.65590679772532e-04
2.85000000000000e+00 2.65547798476881e+00 2.65450849718747e+00 9.69487581338857e-04
2.85500000000000e+00 2.64645189678214e+00 2.64547882948272e+00 9.73067299427477e-04
2.86000000000000e+00 2.63431598916976e+00 2.63333972331719e+00 9.76265852576041e-04
2.86500000000000e+00 2.61910053061030e+00 2.61812148518152e+00 9.79045428777248e-04
2.87000000000000e+00 2.60085459542108e+00 2.59987320173000e+00 9.81393691077415e-04
2.87500000000000e+00 2.57964576977368e+00 2.57866244818360e+00 9.83321590086295e-04
2.88000000000000e+00 2.55555974268131e+00 2.55457488279246e+00 9.84859888852441e-04
2.88500000000000e+00 2.52869978453402e+00 2.52771372985530e+00 9.86054678722148e-04
2.89000000000000e+00 2.49918611669984e+00 2.49819915448034e+00 9.86962219500676e-04
2.89500000000000e+00 2.46715517641129e+00 2.46616753293972e+00 9.87643471572319e-04
2.90000000000000e+00 2.43275878181136e+00 2.43177062311339e+00 9.88158697964536e-04
2.90500000000000e+00 2.39616320263591e+00 2.39517464013388e+00 9.88562502025392e-04
2.91000000000000e+00 2.35754814255979e+00 2.35655924292839e+00 9.88899631400031e-04
2.91500000000000e+00 2.31710563972540e+00 2.31611643790350e+00 9.89201821895769e-04
2.92000000000000e+00 2.27503889241142e+00 2.27404940652904e+00 9.89485882386454e-04
2.92500000000000e+00 2.23156101718231e+00 2.23057126404647e+00 9.89753135840044e-04
2.93000000000000e+00 2.18689374719027e+00 2.18590375695213e+00 9.89990238143168e-04
2.93500000000000e+00 2.14126607858506e+00 2.14027590728278e+00 9.90171302285070e-04
2.94000000000000e+00 2.09491287322453e+00 2.09392261205918e+00 9.90261165346062e-04
2.94500000000000e+00 2.04807342607531e+00 2.04708320651984e+00 9.90219555474514e-04
2.95000000000000e+00 2.00099000585280e+00 2.00000000000000e+00 9.90005852796294e-04
2.95500000000000e+00 1.95390637757269e+00 1.95291679348017e+00 9.89584092521811e-04
2.96000000000000e+00 1.90706631577750e+00 1.90607738794082e+00 9.88927836673259e-04
2.96500000000000e+00 1.86071211726059e+00 1.85972409271723e+00 9.88024543357779e-04
2.97000000000000e+00 1.81508312213626e+00 1.81409624304787e+00 9.86879088391568e-04
2.97500000000000e+00 1.77041425209805e+00 1.76942873595354e+00 9.85516144512033e-04
2.98000000000000e+00 1.72693457466242e+00 1.72595059347097e+00 9.83981191447159e-04
2.98500000000000e+00 1.68486590211380e+00 1.68388356209651e+00 9.82340017296579e-04
2.99000000000000e+00 1.64442143373819e+00 1.64344075707161e+00 9.80676666582525e-04
2.99500000000000e+00 1.60580444975900e+00 1.60482535986612e+00 9.79089892886753e-04
3.00000000000000e+00 1.56920706515903e+00 1.56822937688661e+00 9.77688272413069e-04
3.00500000000000e+00 1.53480905128936e+00 1.53383246706028e+00 9.76584229073651e-04
3.01000000000000e+00 1.50277673281851e+00 1.50180084551966e+00 9.75887298844125e-04
3.01500000000000e+00 1.47326196716890e+00 1.47228627014470e+00 9.75697024201860e-04
3.02000000000000e+00 1.44640121311308e+00 1.44542511720755e+00 9.76095905536489e-04
3.02500000000000e+00 1.42231469466846e+00 1.42133755181641e+00 9.77142852049973e-04
3.03000000000000e+00 1.40110566583004e+00 1.40012679827000e+00 9.78867560038843e-04
3.03500000000000e+00 1.38285978102790e+00 1.38187851481848e+00 9.81266209425513e-04
3.04000000000000e+00 1.36764457548748e+00 1.36666027668282e+00 9.84298804661554e-04
3.04500000000000e+00 1.35550905892194e+00 1.35452117051728e+00 9.87888404653248e-04
3.05000000000000e+00 1.34648342519684e+00 1.34549150281253e+00 9.91922384316668e-04
3.05500000000000e+00 1.34057887979541e+00 1.33958262403436e+00 9.96255761052112e-04
3.06000000000000e+00 1.33778758608226e+00 1.33678686957979e+00 1.00071650247680e-03
3.06500000000000e+00 1.33808273052981e+00 1.33707761791153e+00 1.00511261827840e-03
3.07000000000000e+00 1.34141870624312e+00 1.34040946551008e+00 1.00924073303288e-03
3.07500000000000e+00 1.34773141330548e+00 1.34671851756181e+00 1.01289574366792e-03
3.08000000000000e+00 1.35693867368174e+00 1.35592279258843e+00 1.01588109331230e-03
3.08500000000000e+00 1.36894075766354e+00 1.36792273852040e+00 1.01801914314548e-03
3.09000000000000e+00 1.38362101813084e+00 1.38260185702999e+00 1.01916110084788e-03
3.09500000000000e+00 1.40084662824203e+00 1.39982743227203e+00 1.01919597000721e-03
3.10000000000000e+00 1.42046941755487e+00 1.41945135953695e+00 1.01805801792398e-03
3.10500000000000e+00 1.44232680102477e+00 1.44131106870462e+00 1.01573232015406e-03
3.11000000000000e+00 1.46624279482834e+00 1.46523053680290e+00 1.01225802544125e-03
3.11500000000000e+00 1.49202911251650e+00 1.49102138342582e+00 1.00772909068247e-03
3.12000000000000e+00 1.51948633461050e+00 1.51848404225504e+00 1.00229235546223e-03
3.12500000000000e+00 1.54840514441769e+00 1.54740900145948e+00 9.96142958211932e-04
3.13000000000000e+00 1.57856762255115e+00 1.57757810532302e+00 9.89517228121795e-04
3.13500000000000e+00 1.60974859239096e+00 1.60876590907298e+00 9.82683317976019e-04
3.14000000000000e+00 1.64171700851769e+00 1.64074107855382e+00 9.75929963867195e-04
3.14500000000000e+00 1.67423737997427e+00 1.67326782611444e+00 9.69553859834660e-04
3.15000000000000e+00 1.70707122007339e+00 1.70610737385376e+00 9.63846219631082e-04
3.15500000000000e+00 1.73997851435344e+00 1.73901943520098e+00 9.59079152455633e-04
3.16000000000000e+00 1.77271919819969e+00 1.77176370569363e+00 9.55492506060196e-04
3.16500000000000e+00 1.80505463558610e+00 1.80410135376010e+00 9.53281826003849e-04
3.17000000000000e+00 1.83674909035491e+00 1.83579650231313e+00 9.52588041784885e-04
3.17500000000000e+00 1.86757118144118e+00 1.86661769201745e+00 9.53489423730636e-04
3.18000000000000e+00 1.89729531346531e+00 1.89633931720795e+00 9.55996257359093e-04
3.18500000000000e+00 1.92570307416510e+00 1.92474302560309e+00 9.60048562010041e-04
3.19000000000000e+00 1.95258459022302e+00 1.95161907318189e+00 9.65517041133790e-04
3.19500000000000e+00 1.97773983316831e+00 1.97676762586893e+00 9.72207299371419e-04
3.20000000000000e+00 2.00097986720439e+00 2.00000000000000e+00 9.79867204390139e-04
3.20500000000000e+00 2.02212803103418e+00 2.02113983391842e+00 9.88197115756151e-04
3.21000000000000e+00 2.04102104603490e+00 2.04002418347677e+00 9.96862558130918e-04
3.21500000000000e+00 2.05751004347468e+00 2.05650453468774e+00 1.00550878693584e-03
3.22000000000000e+00 2.07146150386993e+00 2.07044772727895e+00 1.01377659097768e-03
3.22500000000000e+00 2.08275810205722e+00 2.08173678345563e+00 1.02131860159060e-03
3.23000000000000e+00 2.09129945209744e+00 2.09027163675968e+00 1.02781533775520e-03
3.23500000000000e+00 2.09700274674281e+00 2.09596975652967e+00 1.03299021313452e-03
3.24000000000000e+00 2.09980328687661e+00 2.09876666410972e+00 1.03662276688210e-03
3.24500000000000e+00 2.09965489707504e+00 2.09861633762302e+00 1.03855945202103e-03
3.25000000000000e+00 2.09653022423461e+00 2.09549150281253e+00 1.03872142208417e-03
3.25500000000000e+00 2.09042091705030e+00 2.08938380815405e+00 1.03710889624775e-03
3.26000000000000e+00 2.08133768500185e+00 2.08030388316029e+00 1.03380184156565e-03
3.26500000000000e+00 2.06931023640565e+00 2.06828127951470e+00 1.02895689094940e-03
3.27000000000000e+00 2.05438709599553e+00 2.05336429539657e+00 1.02280059895721e-03
3.27500000000000e+00 2.03663530339949e+00 2.03561968407860e+00 1.01561932089123e-03
3.28000000000000e+00 2.01613999476421e+00 2.01513224859221e+00 1.00774617200328e-03
3.28500000000000e+00 1.99300387063214e+00 1.99200432495795e+00 9.99545674191582e-04
3.29000000000000e+00 1.96734655398554e+00 1.96635515716554e+00 9.91396819998158e-04
3.29500000000000e+00 1.93930384312519e+00 1.93832016775567e+00 9.83675369523151e-04
3.30000000000000e+00 1.90902686474020e+00 1.90805012849909e+00 9.76736241113940e-04
3.30500000000000e+00 1.87668113314372e+00 1.87571023628479e+00 9.70896858932813e-04
3.31000000000000e+00 1.84244552219015e+00 1.84147909991323e+00 9.66422276916123e-04
3.31500000000000e+00 1.80651115685342e+00 1.80554764404025e+00 9.63512813168643e-04
3.32000000000000e+00 1.76908023183376e+00 1.76811793702778e+00 9.62294805976205e-04
3.32500000000000e+00 1.73036476487073e+00 1.72940194992690e+00 9.62814943830104e-04
3.33000000000000e+00 1.69058529268771e+00 1.68962025424335e+00 9.65038444355137e-04
3.33500000000000e+00 1.64996951767259e+00 1.64900066651302e+00 9.68851159563133e-04
3.34000000000000e+00 1.60875091353096e+00 1.60777684804301e+00 9.74065487954423e-04
3.34500000000000e+00 1.56716729822923e+00 1.56618686845015e+00 9.80429779076752e-04
3.35000000000000e+00 1.52545938259573e+00 1.52447174185243e+00 9.87640743298712e-04
3.35500000000000e+00 1.48386930296489e+00 1.48287394473692e+00 9.95358227974030e-04
3.36000000000000e+00 1.44263914624925e+00 1.44163592464142e+00 1.00322160783639e-03
3.36500000000000e+00 1.40200947580516e+00 1.40099860884315e+00 1.01086696201724e-03
3.37000000000000e+00 1.36221786642839e+00 1.36119992224821e+00 1.01794418017342e-03
3.37500000000000e+00 1.32349745677278e+00 1.32247332361862e+00 1.02413315416494e-03
3.38000000000000e+00 1.28607552743192e+00 1.28504636916086e+00 1.02915827106109e-03
3.38500000000000e+00 1.25017211285279e+00 1.24913931233114e+00 1.03280052164889e-03
3.39000000000000e+00 1.21599865516118e+00 1.21496374848942e+00 1.03490667175787e-03
3.39500000000000e+00 1.18375670786063e+00 1.18272131275752e+00 1.03539510310591e-03
3.40000000000000e+00 1.15363669721689e+00 1.15260243910916e+00 1.03425810772828e-03
3.40500000000000e+00 1.12581674894535e+00 1.12478518834171e+00 1.03156060363929e-03
3.41000000000000e+00 1.10046158757721e+00 1.09943415215529e+00 1.02743542191686e-03
3.41500000000000e+00 1.07772151557965e+00 1.07669944009537e+00 1.02207548428712e-03
3.42000000000000e+00 1.05773147894322e+00 1.05671575560428e+00 1.01572333894473e-03
3.42500000000000e+00 1.04061022552006e+00 1.03960156687779e+00 1.00865864226818e-03
3.43000000000000e+00 1.02645956189792e+00 1.02545837763829e+00 1.00118425963336e-03
3.43500000000000e+00 1.01536371402764e+00 1.01437010232018e+00 9.93611707464481e-04
3.44000000000000e+00 1.00738879618711e+00 1.00640254951957e+00 9.86246667547430e-04
3.44500000000000e+00 1.00258239216875e+00 1.00160301689261e+00 9.79375276147110e-04
3.45000000000000e+00 1.00097325182674e+00 1.00000000000000e+00 9.73251826737354e-04
3.45500000000000e+00 1.00257110532295e+00 1.00160301689261e+00 9.68088430342684e-04
3.46000000000000e+00 1.00736659657879e+00 1.00640254951956e+00 9.64047059224260e-04
3.46500000000000e+00 1.01533133658271e+00 1.01437010232018e+00 9.61234262534472e-04
3.47000000000000e+00 1.02641807633733e+00 1.02545837763829e+00 9.59698699040779e-04
3.47500000000000e+00 1.04056099836110e+00 1.03960156687779e+00 9.59431483307682e-04
3.48000000000000e+00 1.05767612480729e+00 1.05671575560427e+00 9.60369203018452e-04
3.48500000000000e+00 1.07766183943335e+00 1.07669944009536e+00 9.62399337990139e-04
3.49000000000000e+00 1.10039951985913e+00 1.09943415215529e+00 9.65367703843256e-04
3.49500000000000e+00 1.12575427580265e+00 1.12478518834171e+00 9.69087460941154e-04
3.50000000000000e+00 1.15357578828237e+00 1.15260243910915e+00 9.73349173214233e-04
3.50500000000000e+00 1.18369924413225e+00 1.18272131275752e+00 9.77931374734453e-04
3.51000000000000e+00 1.21594635959477e+00 1.21496374848942e+00 9.82611105352582e-04
3.51500000000000e+00 1.25012648623638e+00 1.24913931233114e+00 9.87173905237171e-04
3.52000000000000e+00 1.28603779197513e+00 1.28504636916085e+00 9.91422814279996e-04
3.52500000000000e+00 1.32346850961489e+00 1.32247332361861e+00 9.95185996279790e-04
3.53000000000000e+00 1.36219824494755e+00 1.36119992224821e+00 9.98322699342857e-04
3.53500000000000e+00 1.40199933620797e+00 1.40099860884315e+00 1.00072736482337e-03
3.54000000000000e+00 1.44263825644354e+00 1.44163592464141e+00 1.00233180213349e-03
3.54500000000000e+00 1.48387705018798e+00 1.48287394473691e+00 1.00310545107396e-03
3.55000000000000e+00 1.52547479570242e+00 1.52447174185242e+00 1.00305384999833e-03
3.55500000000000e+00 1.56718908396429e+00 1.56618686845015e+00 1.00221551413449e-03
3.56000000000000e+00 1.60877750554071e+00 1.60777684804300e+00 1.00065749770617e-03
3.56500000000000e+00 1.64999913647846e+00 1.64900066651302e+00 9.98469965440840e-04
3.57000000000000e+00 1.69061601437277e+00 1.68962025424335e+00 9.95760129425260e-04
3.57500000000000e+00 1.73039459584409e+00 1.72940194992690e+00 9.92645917188284e-04
3.58000000000000e+00 1.76910718675397e+00 1.76811793702778e+00 9.89249726183639e-04
3.58500000000000e+00 1.80653333662990e+00 1.80554764404025e+00 9.85692589648313e-04
3.59000000000000e+00 1.84246118894539e+00 1.84147909991322e+00 9.82089032166789e-04
3.59500000000000e+00 1.87668877911846e+00 1.87571023628478e+00 9.78542833678597e-04
3.60000000000000e+00 1.90902527235079e+00 1.90805012849909e+00 9.75143851703830e-04
3.60500000000000e+00 1.93929213373343e+00 1.93832016775567e+00 9.71965977762945e-04
3.61000000000000e+00 1.96732422339499e+00 1.96635515716554e+00 9.69066229446147e-04
3.61500000000000e+00 1.99297080986807e+00 1.99200432495795e+00 9.66484910116305e-04
3.62000000000000e+00 2.01609649529732e+00 2.01513224859221e+00 9.64246705110305e-04
3.62500000000000e+00 2.03658204661210e+00 2.03561968407860e+00 9.62362533501349e-04
3.63000000000000e+00 2.05432512733385e+00 2.05336429539657e+00 9.60831937281359e-04
3.63500000000000e+00 2.06924092528407e+00 2.06828127951470e+00 9.59645769369910e-04
3.64000000000000e+00 2.08126267209819e+00 2.08030388316029e+00 9.58788937905020e-04
3.64500000000000e+00 2.09034205113077e+00 2.08938380815405e+00 9.58242976722978e-04
3.65000000000000e+00 2.09644949105236e+00 2.09549150281253e+00 9.57988239830065e-04
3.65500000000000e+00 2.09957434318091e+00 2.09861633762302e+00 9.58005557888164e-04
3.66000000000000e+00 2.09972494135621e+00 2.09876666410972e+00 9.58277246484673e-04
3.66500000000000e+00 2.09692854394262e+00 2.09596975652967e+00 9.58787412944861e-04
3.67000000000000e+00 2.09123115832817e+00 2.09027163675968e+00 9.59521568486110e-04
3.67500000000000e+00 2.08269724906745e+00 2.08173678345563e+00 9.60465611817174e-04
3.68000000000000e+00 2.07140933158231e+00 2.07044772727895e+00 9.61604303356012e-04
3.68500000000000e+00 2.05746745408162e+00 2.05650453468774e+00 9.62919393877826e-04
3.69000000000000e+00 2.04098857108057e+00 2.04002418347677e+00 9.64387603804351e-04
3.69500000000000e+00 2.02210581258654e+00 2.02113983391842e+00 9.65978668118428e-04
3.70000000000000e+00 2.00096765366446e+00 2.00000000000000e+00 9.67653664456947e-04
3.70500000000000e+00 1.97773698969803e+00 1.97676762586894e+00 9.69363829096626e-04
3.71000000000000e+00 1.95259012321909e+00 1.95161907318189e+00 9.71050037199550e-04
3.71500000000000e+00 1.92571566868607e+00 1.92474302560309e+00 9.72643082982838e-04
3.72000000000000e+00 1.89731338204965e+00 1.89633931720795e+00 9.74064841700262e-04
3.72500000000000e+00 1.86759292235415e+00 1.86661769201745e+00 9.75230336699218e-04
3.73000000000000e+00 1.83677255298260e+00 1.83579650231313e+00 9.76050669464268e-04
3.73500000000000e+00 1.80507779046814e+00 1.80410135376010e+00 9.76436708035378e-04
3.74000000000000e+00 1.77274000906279e+00 1.77176370569363e+00 9.76303369160547e-04
3.74500000000000e+00 1.73999500947942e+00 1.73901943520098e+00 9.75574278441194e-04
3.75000000000000e+00 1.70708156040693e+00 1.70610737385376e+00 9.74186553167389e-04
3.75500000000000e+00 1.67423992154158e+00 1.67326782611444e+00 9.72095427134390e-04
3.76000000000000e+00 1.64171035698159e+00 1.64074107855382e+00 9.69278427764841e-04
3.76500000000000e+00 1.60973164789616e+00 1.60876590907298e+00 9.65738823182072e-04
3.77000000000000e+00 1.57853961340553e+00 1.57757810532303e+00 9.61508082496954e-04
3.77500000000000e+00 1.54836564859240e+00 1.54740900145948e+00 9.56647132919208e-04
3.78000000000000e+00 1.51943528850671e+00 1.51848404225504e+00 9.51246251668758e-04
3.78500000000000e+00 1.49196680692314e+00 1.49102138342582e+00 9.45423497313858e-04
3.79000000000000e+00 1.46616985846011e+00 1.46523053680291e+00 9.39321657203118e-04
3.79500000000000e+00 1.44224417247083e+00 1.44131106870462e+00 9.33103766212806e-04
3.80000000000000e+00 1.42037830686418e+00 1.41945135953695e+00 9.26947327225980e-04
3.80500000000000e+00 1.40074846970974e+00 1.39982743227203e+00 9.21037437717098e-04
3.81000000000000e+00 1.38351741611998e+00 1.38260185702999e+00 9.15559089988971e-04
3.81500000000000e+00 1.36883342748624e+00 1.36792273852040e+00 9.10688965842343e-04
3.82000000000000e+00 1.35682937967393e+00 1.35592279258843e+00 9.06587085501620e-04
3.82500000000000e+00 1.34762190625411e+00 1.34671851756181e+00 9.03388692298446e-04
3.83000000000000e+00 1.34131066227080e+00 1.34040946551008e+00 9.01196760717982e-04
3.83500000000000e+00 1.33797769341429e+00 1.33707761791153e+00 9.00075502754394e-04
3.84000000000000e+00 1.33768691479812e+00 1.33678686957979e+00 9.00045218338974e-04
3.84500000000000e+00 1.34048370282430e+00 1.33958262403436e+00 9.01078789933729e-04
3.85000000000000e+00 1.34639460287744e+00 1.34549150281253e+00 9.03100064910234e-04
3.85500000000000e+00 1.35542715481319e+00 1.35452117051728e+00 9.05984295903828e-04
3.86000000000000e+00 1.36756983741772e+00 1.36666027668282e+00 9.09560734901005e-04
3.86500000000000e+00 1.38279213220906e+00 1.38187851481848e+00 9.13617390584598e-04
3.87000000000000e+00 1.40104470614444e+00 1.40012679826999e+00 9.17907874451451e-04
3.87500000000000e+00 1.42225971199237e+00 1.42133755181640e+00 9.22160175969466e-04
3.88000000000000e+00 1.44635120433344e+00 1.44542511720754e+00 9.26087125896480e-04
3.88500000000000e+00 1.47321566837736e+00 1.47228627014469e+00 9.29398232667467e-04
3.89000000000000e+00 1.50273265802795e+00 1.50180084551966e+00 9.31812508290886e-04
3.89500000000000e+00 1.53476553890433e+00 1.53383246706028e+00 9.33071844045452e-04
3.90000000000000e+00 1.56916233133303e+00 1.56822937688661e+00 9.32954446419387e-04
3.90500000000000e+00 1.60575664767522e+00 1.60482535986612e+00 9.31287809100567e-04
3.91000000000000e+00 1.64436871773900e+00 1.64344075707161e+00 9.27960667388872e-04
3.91500000000000e+00 1.68480649546214e+00 1.68388356209650e+00 9.22933365639533e-04
3.92000000000000e+00 1.72686683953046e+00 1.72595059347097e+00 9.16246059488923e-04
3.92500000000000e+00 1.77033676012661e+00 1.76942873595353e+00 9.08024173075672e-04
3.93000000000000e+00 1.81499472358552e+00 1.81409624304787e+00 8.98480537653290e-04
3.93500000000000e+00 1.86061200636476e+00 1.85972409271722e+00 8.87913647534599e-04
3.94000000000000e+00 1.90695408942445e+00 1.90607738794081e+00 8.76701483633058e-04
3.94500000000000e+00 1.95378208385131e+00 1.95291679348016e+00 8.65290371150573e-04
3.95000000000000e+00 2.00085417835715e+00 2.00000000000000e+00 8.54178357151403e-04
3.95500000000000e+00 2.04792709913285e+00 2.04708320651983e+00 8.43892613013431e-04
3.96000000000000e+00 2.09475757244810e+00 2.09392261205918e+00 8.34960388928607e-04
3.96500000000000e+00 2.14110378035376e+00 2.14027590728278e+00 8.27873070985419e-04
3.97000000000000e+00 2.18672679986980e+00 2.18590375695213e+00 8.23042917672989e-04
3.97500000000000e+00 2.23139201612959e+00 2.23057126404647e+00 8.20752083117160e-04
3.98000000000000e+00 2.27487050009968e+00 2.27404940652903e+00 8.21093570653186e-04
3.98500000000000e+00 2.31694034170800e+00 2.31611643790350e+00 8.23903804501480e-04
3.99000000000000e+00 2.35738792948981e+00 2.35655924292839e+00 8.28686561426650e-04
3.99500000000000e+00 2.39600916820398e+00 2.39517464013388e+00 8.34528070101204e-04
4.00000000000000e+00 2.43261062628211e+00 2.43177062311338e+00 8.40003168729009e-04
