variables = x, value-predict, value-true, error
0.00000000000000e+00 2.43159959586224e+00 2.43177062311339e+00 1.71027251146594e-04
5.00000000000000e-03 2.46597441704493e+00 2.46616753293972e+00 1.93115894786544e-04
1.00000000000000e-02 2.49798518946908e+00 2.49819915448034e+00 2.13965011260697e-04
1.50000000000000e-02 2.52748433385618e+00 2.52771372985530e+00 2.29395999118420e-04
2.00000000000000e-02 2.55433722875129e+00 2.55457488279246e+00 2.37654041160607e-04
2.50000000000000e-02 2.57842370598427e+00 2.57866244818360e+00 2.38742199328179e-04
3.00000000000000e-02 2.59963937046841e+00 2.59987320173000e+00 2.33831261590378e-04
3.50000000000000e-02 2.61789672870583e+00 2.61812148518152e+00 2.24756475692534e-04
4.00000000000000e-02 2.63312611609116e+00 2.63333972331718e+00 2.13607226026813e-04
4.50000000000000e-02 2.64527641866012e+00 2.64547882948272e+00 2.02410822593091e-04
5.00000000000000e-02 2.65431559005841e+00 2.65450849718747e+00 1.92907129066722e-04
5.50000000000000e-02 2.66023096899803e+00 2.66041737596564e+00 1.86406967609631e-04
6.00000000000000e-02 2.66302940616995e+00 2.66321313042021e+00 1.83724250264916e-04
6.50000000000000e-02 2.66273721240154e+00 2.66292238208847e+00 1.85169686929498e-04
7.00000000000000e-02 2.65939994175854e+00 2.65959053448992e+00 1.90592731374117e-04
7.50000000000000e-02 2.65308202432393e+00 2.65328148243819e+00 1.99458114258366e-04
8.00000000000000e-02 2.64386626362102e+00 2.64407720741157e+00 2.10943790551976e-04
8.50000000000000e-02 2.63185321320580e+00 2.63207726147960e+00 2.24048273798072e-04
9.00000000000000e-02 2.61716044597956e+00 2.61739814297001e+00 2.37696990446512e-04
9.50000000000000e-02 2.59992172842902e+00 2.60017256772797e+00 2.50839298956418e-04
1.00000000000000e-01 2.58028611044834e+00 2.58054864046305e+00 2.62530014710993e-04
1.05000000000000e-01 2.55841693979043e+00 2.55868893129538e+00 2.71991504949831e-04
1.10000000000000e-01 2.53449080866775e+00 2.53476946319709e+00 2.78654529342948e-04
1.15000000000000e-01 2.50869643868879e+00 2.50897861657418e+00 2.82177885391199e-04
1.20000000000000e-01 2.48123350925686e+00 2.48151595774496e+00 2.82448488100329e-04
1.25000000000000e-01 2.45231143382758e+00 2.45259099854052e+00 2.79564712941660e-04
1.30000000000000e-01 2.42214808804213e+00 2.42242189467697e+00 2.73806634844664e-04
1.35000000000000e-01 2.39096849372109e+00 2.39123409092702e+00 2.65597205926671e-04
1.40000000000000e-01 2.35900346298734e+00 2.35925892144618e+00 2.55458458838564e-04
1.45000000000000e-01 2.32648820733533e+00 2.32673217388556e+00 2.43966550230290e-04
1.50000000000000e-01 2.29366091721127e+00 2.29389262614624e+00 2.31708934962160e-04
1.55000000000000e-01 2.26076131853589e+00 2.26098056479902e+00 2.19246263130302e-04
1.60000000000000e-01 2.22802921350682e+00 2.22823629430637e+00 2.07080799550230e-04
1.65000000000000e-01 2.19570301388021e+00 2.19589864623990e+00 1.95632359692333e-04
1.70000000000000e-01 2.16401827567598e+00 2.16420349768687e+00 1.85222010893327e-04
1.75000000000000e-01 2.13320624481815e+00 2.13338230798255e+00 1.76063164401441e-04
1.80000000000000e-01 2.10349242356554e+00 2.10366068279205e+00 1.68259226511758e-04
1.85000000000000e-01 2.07509516768651e+00 2.07525697439691e+00 1.61806710401891e-04
1.90000000000000e-01 2.04822432418311e+00 2.04838092681811e+00 1.56602634993952e-04
1.95000000000000e-01 2.02307991899833e+00 2.02323237413107e+00 1.52455132737206e-04
2.00000000000000e-01 1.99985090358656e+00 2.00000000000000e+00 1.49096413444738e-04
2.05000000000000e-01 1.97871396855234e+00 1.97886016608158e+00 1.46197529234726e-04
2.10000000000000e-01 1.95983243183287e+00 1.95997581652323e+00 1.43384690362680e-04
2.15000000000000e-01 1.94335520818583e+00 1.94349546531226e+00 1.40257126429955e-04
2.20000000000000e-01 1.92941586610803e+00 1.92955227272105e+00 1.36406613015172e-04
2.25000000000000e-01 1.91813177779561e+00 1.91826321654437e+00 1.31438748760759e-04
2.30000000000000e-01 1.90960336738605e+00 1.90972836324032e+00 1.24995854267951e-04
2.35000000000000e-01 1.90391346248455e+00 1.90403024347033e+00 1.16780985781606e-04
2.40000000000000e-01 1.90112675383302e+00 1.90123333589028e+00 1.06582057255444e-04
2.45000000000000e-01 1.90128936785756e+00 1.90138366237698e+00 9.42945194177813e-05
2.50000000000000e-01 1.90442855663685e+00 1.90450849718747e+00 7.99405506224371e-05
2.55000000000000e-01 1.91055250946552e+00 1.91061619184595e+00 6.36823804285314e-05
2.60000000000000e-01 1.91965028954287e+00 1.91969611683971e+00 4.58272968428819e-05
2.65000000000000e-01 1.93169189832084e+00 1.93171872048530e+00 2.68221644545985e-05
2.70000000000000e-01 1.94662846865806e+00 1.94663570460343e+00 7.23594536689021e-06
2.75000000000000e-01 1.96439258616559e+00 1.96438031592140e+00 1.22702441849309e-05
2.80000000000000e-01 1.98489873607461e+00 1.98486775140779e+00 3.09846668191671e-05
2.85000000000000e-01 2.00804387075090e+00 2.00799567504205e+00 4.81957088478424e-05
2.90000000000000e-01 2.03370809082029e+00 2.03364484283446e+00 6.32479858349022e-05
2.95000000000000e-01 2.06175543098078e+00 2.06167983224433e+00 7.55987364517985e-05
3.00000000000000e-01 2.09203474018451e+00 2.09194987150091e+00 8.48686835981383e-05
3.05000000000000e-01 2.12438064516365e+00 2.12428976371522e+00 9.08814484321674e-05
3.10000000000000e-01 2.15861458635929e+00 2.15852090008677e+00 9.36862725127163e-05
3.15000000000000e-01 2.19454591619933e+00 2.19445235595975e+00 9.35602395855106e-05
3.20000000000000e-01 2.23197305124801e+00 2.23188206297222e+00 9.09882757973435e-05
3.25000000000000e-01 2.27068467178898e+00 2.27059805007310e+00 8.66217158796978e-05
3.30000000000000e-01 2.31046096458979e+00 2.31037974575665e+00 8.12188331407171e-05
3.35000000000000e-01 2.35107490656618e+00 2.35099933348698e+00 7.55730792030285e-05
3.40000000000000e-01 2.39229358847016e+00 2.39222315195700e+00 7.04365131660722e-05
3.45000000000000e-01 2.43387957828808e+00 2.43381313154985e+00 6.64467382254230e-05
3.50000000000000e-01 2.47559232359784e+00 2.47552825814758e+00 6.40654502599425e-05
3.55000000000000e-01 2.51718959069726e+00 2.51712605526309e+00 6.35354341742556e-05
3.60000000000000e-01 2.55842893603889e+00 2.55836407535859e+00 6.48606803084206e-05
3.65000000000000e-01 2.59906920268978e+00 2.59900139115685e+00 6.78115329244555e-05
3.70000000000000e-01 2.63887203156699e+00 2.63880007775179e+00 7.19538152034183e-05
3.75000000000000e-01 2.67760337449829e+00 2.67752667638138e+00 7.66981169064707e-05
3.80000000000000e-01 2.71503499409450e+00 2.71495363083915e+00 8.13632553526844e-05
3.85000000000000e-01 2.75094593426669e+00 2.75086068766886e+00 8.52465978344874e-05
3.90000000000000e-01 2.78512394510271e+00 2.78503625151058e+00 8.76935921283462e-05
3.95000000000000e-01 2.81736684670383e+00 2.81727868724248e+00 8.81594613511005e-05
4.00000000000000e-01 2.84748381830157e+00 2.84739756089084e+00 8.62574107265424e-05
4.05000000000000e-01 2.87529660125461e+00 2.87521481165829e+00 8.17895963183268e-05
4.10000000000000e-01 2.90064060704926e+00 2.90056584784471e+00 7.47592045473588e-05
4.15000000000000e-01 2.92336592388996e+00 2.92330055990464e+00 6.53639853269716e-05
4.20000000000000e-01 2.94333821763159e+00 2.94328424439572e+00 5.39732358699752e-05
4.25000000000000e-01 2.96043952453236e+00 2.96039843312221e+00 4.10914101522941e-05
4.30000000000000e-01 2.97456893456481e+00 2.97454162236171e+00 2.73122031004824e-05
4.35000000000000e-01 2.98564316487572e+00 2.98562989767982e+00 1.32671958987807e-05
4.40000000000000e-01 2.99359702355868e+00 2.99359745048043e+00 4.26921749951958e-07
4.45000000000000e-01 2.99838376433694e+00 2.99839698310739e+00 1.32187704537934e-05
4.50000000000000e-01 2.99997533316037e+00 3.00000000000000e+00 2.46668396326477e-05
4.55000000000000e-01 2.99836250814782e+00 2.99839698310739e+00 3.44749595786453e-05
4.60000000000000e-01 2.99355493472302e+00 2.99359745048043e+00 4.25157574146517e-05
4.65000000000000e-01 2.98558105809625e+00 2.98562989767982e+00 4.88395835733790e-05
4.70000000000000e-01 2.97448795529462e+00 2.97454162236171e+00 5.36670670916450e-05
4.75000000000000e-01 2.96034106861008e+00 2.96039843312221e+00 5.73645121240141e-05
4.80000000000000e-01 2.94322384155079e+00 2.94328424439572e+00 6.04028449329164e-05
4.85000000000000e-01 2.92323725719644e+00 2.92330055990464e+00 6.33027081970994e-05
4.90000000000000e-01 2.90049927745643e+00 2.90056584784471e+00 6.65703882871682e-05
4.95000000000000e-01 2.87514418042801e+00 2.87521481165829e+00 7.06312302871659e-05
5.00000000000000e-01 2.84732179225454e+00 2.84739756089084e+00 7.57686363015431e-05
5.05000000000000e-01 2.81719661000471e+00 2.81727868724248e+00 8.20772377707613e-05
5.10000000000000e-01 2.78494681345913e+00 2.78503625151058e+00 8.94380514511184e-05
5.15000000000000e-01 2.75076316643614e+00 2.75086068766886e+00 9.75212327198882e-05
5.20000000000000e-01 2.71484781228366e+00 2.71495363083915e+00 1.05818555487414e-04
5.25000000000000e-01 2.67741297298357e+00 2.67752667638138e+00 1.13703397810916e-04
5.30000000000000e-01 2.63867956627494e+00 2.63880007775179e+00 1.20511476851437e-04
5.35000000000000e-01 2.59887575947505e+00 2.59900139115685e+00 1.25631681805682e-04
5.40000000000000e-01 2.55823548145180e+00 2.55836407535859e+00 1.28593906788765e-04
5.45000000000000e-01 2.51699691487349e+00 2.51712605526309e+00 1.29140389597548e-04
5.50000000000000e-01 2.47540098919270e+00 2.47552825814758e+00 1.27268954878801e-04
5.55000000000000e-01 2.43368989101680e+00 2.43381313154985e+00 1.23240533049351e-04
5.60000000000000e-01 2.39210560321548e+00 2.39222315195700e+00 1.17548741512152e-04
5.65000000000000e-01 2.35088847825595e+00 2.35099933348698e+00 1.10855231028051e-04
5.70000000000000e-01 2.31027584588698e+00 2.31037974575665e+00 1.03899869669632e-04
5.75000000000000e-01 2.27050065134757e+00 2.27059805007310e+00 9.73987255279418e-05
5.80000000000000e-01 2.23179011838875e+00 2.23188206297222e+00 9.19445834659527e-05
5.85000000000000e-01 2.19436443179164e+00 2.19445235595975e+00 8.79241681039922e-05
5.90000000000000e-01 2.15843543654240e+00 2.15852090008677e+00 8.54635443698903e-05
5.95000000000000e-01 2.12420535483854e+00 2.12428976371522e+00 8.44088766749351e-05
6.00000000000000e-01 2.09186552689039e+00 2.09194987150091e+00 8.43446105176504e-05
6.05000000000000e-01 2.06159518622938e+00 2.06167983224433e+00 8.46460149492856e-05
6.10000000000000e-01 2.03356028420891e+00 2.03364484283446e+00 8.45586255464603e-05
6.15000000000000e-01 2.00791238104226e+00 2.00799567504205e+00 8.32939997899018e-05
6.20000000000000e-01 1.98478762176661e+00 1.98486775140779e+00 8.01296411780950e-05
6.25000000000000e-01 1.96430581490621e+00 1.96438031592140e+00 7.45010151907977e-05
6.30000000000000e-01 1.94656962950053e+00 1.94663570460343e+00 6.60751029006867e-05
6.35000000000000e-01 1.93166392289829e+00 1.93171872048530e+00 5.47975870033302e-05
6.40000000000000e-01 1.91965520772085e+00 1.91969611683971e+00 4.09091188586785e-05
6.45000000000000e-01 1.91059126212288e+00 1.91061619184595e+00 2.49297230661139e-05
6.50000000000000e-01 1.90450088335008e+00 1.90450849718747e+00 7.61383739367183e-06
6.55000000000000e-01 1.90139378096598e+00 1.90138366237698e+00 1.01185889986866e-05
6.60000000000000e-01 1.90126060324749e+00 1.90123333589028e+00 2.72673572159210e-05
6.65000000000000e-01 1.90407308827843e+00 1.90403024347033e+00 4.28448081029043e-05
6.70000000000000e-01 1.90978433023940e+00 1.90972836324032e+00 5.59669990838341e-05
6.75000000000000e-01 1.91832915124606e+00 1.91826321654437e+00 6.59347016831457e-05
6.80000000000000e-01 1.92962456969573e+00 1.92955227272105e+00 7.22969746795865e-05
6.85000000000000e-01 1.94357035726406e+00 1.94349546531226e+00 7.48919518045454e-05
6.90000000000000e-01 1.96004967823978e+00 1.95997581652323e+00 7.38617165443323e-05
6.95000000000000e-01 1.97892980658483e+00 1.97886016608158e+00 6.96405032487579e-05
7.00000000000000e-01 2.00006291775798e+00 2.00000000000000e+00 6.29177579818396e-05
7.05000000000000e-01 2.02328695376968e+00 2.02323237413106e+00 5.45796386153263e-05
7.10000000000000e-01 2.04842656100769e+00 2.04838092681811e+00 4.56341895831436e-05
7.15000000000000e-01 2.07529410099084e+00 2.07525697439691e+00 3.71265939298482e-05
7.20000000000000e-01 2.10369073431906e+00 2.10366068279205e+00 3.00515270037494e-05
7.25000000000000e-01 2.13340757767972e+00 2.13338230798255e+00 2.52696971720923e-05
7.30000000000000e-01 2.16422693287011e+00 2.16420349768687e+00 2.34351832366642e-05
7.35000000000000e-01 2.19592358546203e+00 2.19589864623990e+00 2.49392221345346e-05
7.40000000000000e-01 2.22826616905650e+00 2.22823629430637e+00 2.98747501301655e-05
7.45000000000000e-01 2.26101858916154e+00 2.26098056479902e+00 3.80243625222043e-05
7.50000000000000e-01 2.29394149869997e+00 2.29389262614624e+00 4.88725537381995e-05
7.55000000000000e-01 2.32679381514684e+00 2.32673217388556e+00 6.16412612819417e-05
7.60000000000000e-01 2.35933426743981e+00 2.35925892144618e+00 7.53459936277956e-05
7.65000000000000e-01 2.39132295922310e+00 2.39123409092702e+00 8.88682960837883e-05
7.70000000000000e-01 2.42252293378315e+00 2.42242189467697e+00 1.01039106177314e-04
7.75000000000000e-01 2.45270172529642e+00 2.45259099854052e+00 1.10726755903290e-04
7.80000000000000e-01 2.48163288079103e+00 2.48151595774496e+00 1.16923046070916e-04
7.85000000000000e-01 2.50909743754556e+00 2.50897861657418e+00 1.18820971381606e-04
7.90000000000000e-01 2.53488534149672e+00 2.53476946319709e+00 1.15878299628225e-04
7.95000000000000e-01 2.55879679355278e+00 2.55868893129538e+00 1.07862257398672e-04
8.00000000000000e-01 2.58064351243211e+00 2.58054864046305e+00 9.48719690585520e-05
8.05000000000000e-01 2.60024990465883e+00 2.60017256772797e+00 7.73369308575411e-05
8.10000000000000e-01 2.61745413452695e+00 2.61739814297001e+00 5.59915569358083e-05
8.15000000000000e-01 2.63210908905745e+00 2.63207726147960e+00 3.18275778452559e-05
8.20000000000000e-01 2.64408323509032e+00 2.64407720741157e+00 6.02767874990917e-06
8.25000000000000e-01 2.65326136755481e+00 2.65328148243819e+00 2.01148833745002e-05
8.30000000000000e-01 2.65954524954852e+00 2.65959053448992e+00 4.52849413989931e-05
8.35000000000000e-01 2.66285414605715e+00 2.66292238208847e+00 6.82360313213337e-05
8.40000000000000e-01 2.66312525391939e+00 2.66321313042021e+00 8.78765008289761e-05
8.45000000000000e-01 2.66031403097937e+00 2.66041737596564e+00 1.03344986273513e-04
8.50000000000000e-01 2.65439442729527e+00 2.65450849718747e+00 1.14069892204416e-04
8.55000000000000e-01 2.64535902084130e+00 2.64547882948272e+00 1.19808641419361e-04
8.60000000000000e-01 2.63321905942901e+00 2.63333972331718e+00 1.20663888172778e-04
8.65000000000000e-01 2.61800440968012e+00 2.61812148518153e+00 1.17075501407715e-04
8.70000000000000e-01 2.59976341291287e+00 2.59987320173000e+00 1.09788817134859e-04
8.75000000000000e-01 2.57856264687041e+00 2.57866244818360e+00 9.98013131887632e-05
8.80000000000000e-01 2.55448659142861e+00 2.55457488279246e+00 8.82913638440286e-05
8.85000000000000e-01 2.52763719587054e+00 2.52771372985530e+00 7.65339847661473e-05
8.90000000000000e-01 2.49813334508352e+00 2.49819915448034e+00 6.58093968119999e-05
8.95000000000000e-01 2.46611022218183e+00 2.46616753293972e+00 5.73107578945020e-05
9.00000000000000e-01 2.43171856561346e+00 2.43177062311339e+00 5.20574999298695e-05
9.05000000000000e-01 2.39512381977860e+00 2.39517464013388e+00 5.08203552822550e-05
9.10000000000000e-01 2.35650517954281e+00 2.35655924292839e+00 5.40633855834471e-05
9.15000000000000e-01 2.31605453071847e+00 2.31611643790350e+00 6.19071850298525e-05
9.20000000000000e-01 2.27397529053454e+00 2.27404940652903e+00 7.41159944848135e-05
9.25000000000000e-01 2.23048115421921e+00 2.23057126404647e+00 9.01098272545475e-05
9.30000000000000e-01 2.18579475597044e+00 2.18590375695213e+00 1.09000981685980e-04
9.35000000000000e-01 2.14014625466592e+00 2.14027590728277e+00 1.29652616848386e-04
9.40000000000000e-01 2.09377185654764e+00 2.09392261205918e+00 1.50755511535205e-04
9.45000000000000e-01 2.04691228869694e+00 2.04708320651983e+00 1.70917822894801e-04
9.50000000000000e-01 1.99981123829978e+00 2.00000000000000e+00 1.88761700218532e-04
9.55000000000000e-01 1.95271377341722e+00 1.95291679348017e+00 2.03020062943260e-04
9.60000000000000e-01 1.90586476117921e+00 1.90607738794082e+00 2.12626761609824e-04
9.65000000000000e-01 1.85950729899879e+00 1.85972409271723e+00 2.16793718440522e-04
9.70000000000000e-01 1.81388117357736e+00 1.81409624304787e+00 2.15069470511642e-04
9.75000000000000e-01 1.76922136119053e+00 1.76942873595353e+00 2.07374763002255e-04
9.80000000000000e-01 1.72575658108678e+00 1.72595059347097e+00 1.94012384187259e-04
9.85000000000000e-01 1.68370791189851e+00 1.68388356209650e+00 1.75650197997257e-04
9.90000000000000e-01 1.64328747887478e+00 1.64344075707161e+00 1.53278196832307e-04
9.95000000000000e-01 1.60469721762396e+00 1.60482535986612e+00 1.28142242157070e-04
1.00000000000000e+00 1.56812771802935e+00 1.56822937688661e+00 1.01658857260878e-04
1.00500000000000e+00 1.53375715019456e+00 1.53383246706028e+00 7.53168657183778e-05
1.01000000000000e+00 1.50175027279227e+00 1.50180084551966e+00 5.05727273905077e-05
1.01500000000000e+00 1.47225752311763e+00 1.47228627014470e+00 2.87470270643464e-05
1.02000000000000e+00 1.44541418754350e+00 1.44542511720755e+00 1.09296640404821e-05
1.02500000000000e+00 1.42133965096776e+00 1.42133755181640e+00 2.09915135718219e-06
1.03000000000000e+00 1.40013672422567e+00 1.40012679827000e+00 9.92595567739230e-06
1.03500000000000e+00 1.38189104927179e+00 1.38187851481848e+00 1.25344533170590e-05
1.04000000000000e+00 1.36667058313849e+00 1.36666027668282e+00 1.03064556713495e-05
1.04500000000000e+00 1.35452516314333e+00 1.35452117051728e+00 3.99262604133810e-06
1.05000000000000e+00 1.34548615740695e+00 1.34549150281253e+00 5.34540557262098e-06
1.05500000000000e+00 1.33956620629938e+00 1.33958262403436e+00 1.64177349795125e-05
1.06000000000000e+00 1.33675906178579e+00 1.33678686957979e+00 2.78077939921406e-05
1.06500000000000e+00 1.33703953262332e+00 1.33707761791153e+00 3.80852882106986e-05
1.07000000000000e+00 1.34036354381289e+00 1.34040946551008e+00 4.59216971957499e-05
1.07500000000000e+00 1.34666831850755e+00 1.34671851756181e+00 5.01990542614017e-05
1.08000000000000e+00 1.35587268963769e+00 1.35592279258843e+00 5.01029507395945e-05
1.08500000000000e+00 1.36787754680699e+00 1.36792273852040e+00 4.51917134116631e-05
1.09000000000000e+00 1.38256642158060e+00 1.38260185702999e+00 3.54354493923292e-05
1.09500000000000e+00 1.39980621123970e+00 1.39982743227203e+00 2.12210323315976e-05
1.10000000000000e+00 1.41944803759431e+00 1.41945135953695e+00 3.32194264407448e-06
1.10500000000000e+00 1.44132823376786e+00 1.44131106870462e+00 1.71650632407871e-05
1.11000000000000e+00 1.46526944827251e+00 1.46523053680291e+00 3.89114696026649e-05
1.11500000000000e+00 1.49108185247954e+00 1.49102138342582e+00 6.04690537138186e-05
1.12000000000000e+00 1.51856443503441e+00 1.51848404225504e+00 8.03927793722181e-05
1.12500000000000e+00 1.54750636510664e+00 1.54740900145948e+00 9.73636471570671e-05
1.13000000000000e+00 1.57768840575741e+00 1.57757810532303e+00 1.10300434378097e-04
1.13500000000000e+00 1.60888435921311e+00 1.60876590907298e+00 1.18450140127901e-04
1.14000000000000e+00 1.64086252739628e+00 1.64074107855382e+00 1.21448842457239e-04
1.14500000000000e+00 1.67338717352324e+00 1.67326782611444e+00 1.19347408799264e-04
1.15000000000000e+00 1.70621997366835e+00 1.70610737385376e+00 1.12599814590553e-04
1.15500000000000e+00 1.73912145058545e+00 1.73901943520098e+00 1.02015384467524e-04
1.16000000000000e+00 1.77185238540319e+00 1.77176370569363e+00 8.86797095591696e-05
1.16500000000000e+00 1.80417520571649e+00 1.80410135376010e+00 7.38519563858731e-05
1.17000000000000e+00 1.83585535077278e+00 1.83579650231313e+00 5.88484596495409e-05
1.17500000000000e+00 1.86666261568162e+00 1.86661769201745e+00 4.49236641619777e-05
1.18000000000000e+00 1.89637247674861e+00 1.89633931720795e+00 3.31595406646290e-05
1.18500000000000e+00 1.92476739916306e+00 1.92474302560309e+00 2.43735599758654e-05
1.19000000000000e+00 1.95163812648528e+00 1.95161907318189e+00 1.90533033845863e-05
1.19500000000000e+00 1.97678494891425e+00 1.97676762586894e+00 1.73230453193174e-05
1.20000000000000e+00 2.00001894447201e+00 2.00000000000000e+00 1.89444720108956e-05
1.20500000000000e+00 2.02116318434872e+00 2.02113983391842e+00 2.33504303035481e-05
1.21000000000000e+00 2.04005389104408e+00 2.04002418347677e+00 2.97075673163505e-05
1.21500000000000e+00 2.05654153589663e+00 2.05650453468774e+00 3.70012088883875e-05
1.22000000000000e+00 2.07049186133193e+00 2.07044772727895e+00 4.41340529797607e-05
1.22500000000000e+00 2.08178681280603e+00 2.08173678345563e+00 5.00293503997717e-05
1.23000000000000e+00 2.09032536600170e+00 2.09027163675968e+00 5.37292420164093e-05
1.23500000000000e+00 2.09602423629263e+00 2.09596975652967e+00 5.44797629529192e-05
1.24000000000000e+00 2.09881845968437e+00 2.09876666410972e+00 5.17955746461851e-05
1.24500000000000e+00 2.09866183717925e+00 2.09861633762302e+00 4.54995562324534e-05
1.25000000000000e+00 2.09552723757078e+00 2.09549150281253e+00 3.57347582546907e-05
1.25500000000000e+00 2.08940675682046e+00 2.08938380815405e+00 2.29486664062861e-05
1.26000000000000e+00 2.08031173519078e+00 2.08030388316029e+00 7.85203048980776e-06
1.26500000000000e+00 2.06827263601860e+00 2.06828127951470e+00 8.64349610463222e-06
1.27000000000000e+00 2.05333879227305e+00 2.05336429539657e+00 2.55031235143477e-05
1.27500000000000e+00 2.03557802875933e+00 2.03561968407860e+00 4.16553192650326e-05
1.28000000000000e+00 2.01507616896267e+00 2.01513224859221e+00 5.60796295445698e-05
1.28500000000000e+00 1.99193643607863e+00 1.99200432495795e+00 6.78888793164134e-05
1.29000000000000e+00 1.96627875778915e+00 1.96635515716554e+00 7.63993763868154e-05
1.29500000000000e+00 1.93823898389365e+00 1.93832016775567e+00 8.11838620151661e-05
1.30000000000000e+00 1.90796802508807e+00 1.90805012849909e+00 8.21034110218832e-05
1.30500000000000e+00 1.87563092011460e+00 1.87571023628478e+00 7.93161701821976e-05
1.31000000000000e+00 1.84140583730194e+00 1.84147909991323e+00 7.32626112909252e-05
1.31500000000000e+00 1.80548301529909e+00 1.80554764404025e+00 6.46287411669721e-05
1.32000000000000e+00 1.76806364669213e+00 1.76811793702778e+00 5.42903356477442e-05
1.32500000000000e+00 1.72935870728422e+00 1.72940194992690e+00 4.32426426826282e-05
1.33000000000000e+00 1.68958773320233e+00 1.68962025424335e+00 3.25210410134780e-05
1.33500000000000e+00 1.64897754773544e+00 1.64900066651302e+00 2.31187775749930e-05
1.34000000000000e+00 1.60776093994664e+00 1.60777684804300e+00 1.59080963642033e-05
1.34500000000000e+00 1.56617529764891e+00 1.56618686845015e+00 1.15708012420335e-05
1.35000000000000e+00 1.52446119827114e+00 1.52447174185242e+00 1.05435812844945e-05
1.35500000000000e+00 1.48286096241768e+00 1.48287394473691e+00 1.29823192371870e-05
1.36000000000000e+00 1.44161717646474e+00 1.44163592464141e+00 1.87481766680264e-05
1.36500000000000e+00 1.40097119223616e+00 1.40099860884315e+00 2.74166069842430e-05
1.37000000000000e+00 1.36116161354116e+00 1.36119992224821e+00 3.83087070456867e-05
1.37500000000000e+00 1.32242278100720e+00 1.32247332361862e+00 5.05426114156826e-05
1.38000000000000e+00 1.28498326807242e+00 1.28504636916085e+00 6.31010884282190e-05
1.38500000000000e+00 1.24906440209627e+00 1.24913931233114e+00 7.49102348689412e-05
1.39000000000000e+00 1.21487882520379e+00 1.21496374848942e+00 8.49232856272586e-05
1.39500000000000e+00 1.18262910963019e+00 1.18272131275752e+00 9.22031273358215e-05
1.40000000000000e+00 1.15250644194169e+00 1.15260243910916e+00 9.59971674707738e-05
1.40500000000000e+00 1.12468938958151e+00 1.12478518834171e+00 9.57987601939436e-05
1.41000000000000e+00 1.09934276176769e+00 1.09943415215529e+00 9.13903876009758e-05
1.41500000000000e+00 1.07661657493182e+00 1.07669944009536e+00 8.28651635433886e-05
1.42000000000000e+00 1.05664513074165e+00 1.05671575560428e+00 7.06248626274331e-05
1.42500000000000e+00 1.03954621242441e+00 1.03960156687779e+00 5.53544533854478e-05
1.43000000000000e+00 1.02542040274144e+00 1.02545837763829e+00 3.79748968457605e-05
1.43500000000000e+00 1.01435052469631e+00 1.01437010232018e+00 1.95776238678391e-05
1.44000000000000e+00 1.00640120401644e+00 1.00640254951957e+00 1.34550312380632e-06
1.44500000000000e+00 1.00161855074136e+00 1.00160301689261e+00 1.55338487570766e-05
1.45000000000000e+00 1.00002995595814e+00 1.00000000000000e+00 2.99559581367070e-05
1.45500000000000e+00 1.00164399889701e+00 1.00160301689261e+00 4.09820044033893e-05
1.46000000000000e+00 1.00645045924890e+00 1.00640254951957e+00 4.79097293355490e-05
1.46500000000000e+00 1.01442042967116e+00 1.01437010232018e+00 5.03273509822044e-05
1.47000000000000e+00 1.02550652395297e+00 1.02545837763829e+00 4.81463146815297e-05
1.47500000000000e+00 1.03964317713473e+00 1.03960156687779e+00 4.16102569347210e-05
1.48000000000000e+00 1.05674703490991e+00 1.05671575560428e+00 3.12793056380656e-05
1.48500000000000e+00 1.07671743076297e+00 1.07669944009536e+00 1.79906676069930e-05
1.49000000000000e+00 1.09943695038391e+00 1.09943415215529e+00 2.79822862392365e-06
1.49500000000000e+00 1.12477208382390e+00 1.12478518834171e+00 1.31045178100031e-05
1.50000000000000e+00 1.15257396649995e+00 1.15260243910916e+00 2.84726092092402e-05
1.50500000000000e+00 1.18267921042597e+00 1.18272131275752e+00 4.21023315488878e-05
1.51000000000000e+00 1.21491082687165e+00 1.21496374848942e+00 5.29216177733716e-05
1.51500000000000e+00 1.24907924099682e+00 1.24913931233114e+00 6.00713343212878e-05
1.52000000000000e+00 1.28498339787747e+00 1.28504636916085e+00 6.29712833835061e-05
1.52500000000000e+00 1.32241195777428e+00 1.32247332361862e+00 6.13658443404663e-05
1.53000000000000e+00 1.36114457657454e+00 1.36119992224821e+00 5.53456736755997e-05
1.53500000000000e+00 1.40095326517637e+00 1.40099860884315e+00 4.53436667806617e-05
1.54000000000000e+00 1.44160381931894e+00 1.44163592464141e+00 3.21053224718870e-05
1.54500000000000e+00 1.48285730914568e+00 1.48287394473691e+00 1.66355912303295e-05
1.55000000000000e+00 1.52447161577396e+00 1.52447174185242e+00 1.26078462336920e-07
1.55500000000000e+00 1.56620300047749e+00 1.56618686845015e+00 1.61320273388554e-05
1.56000000000000e+00 1.60780769088597e+00 1.60777684804300e+00 3.08428429656171e-05
1.56500000000000e+00 1.64904346795666e+00 1.64900066651302e+00 4.28014436384405e-05
1.57000000000000e+00 1.68967123741813e+00 1.68962025424335e+00 5.09831747836920e-05
1.57500000000000e+00 1.72945656992888e+00 1.72940194992690e+00 5.46200019797549e-05
1.58000000000000e+00 1.76817119528844e+00 1.76811793702778e+00 5.32582606560528e-05
1.58500000000000e+00 1.80559443760493e+00 1.80554764404025e+00 4.67935646741857e-05
1.59000000000000e+00 1.84151458024778e+00 1.84147909991323e+00 3.54803345545829e-05
1.59500000000000e+00 1.87573015156445e+00 1.87571023628478e+00 1.99152796698243e-05
1.60000000000000e+00 1.90805112457258e+00 1.90805012849909e+00 9.96073490133753e-07
1.60500000000000e+00 1.93830002601342e+00 1.93832016775567e+00 2.01417422436290e-05
1.61000000000000e+00 1.96631295213889e+00 1.96635515716554e+00 4.22050266570828e-05
1.61500000000000e+00 1.99194049029292e+00 1.99200432495795e+00 6.38346650256860e-05
1.62000000000000e+00 2.01504854665617e+00 2.01513224859221e+00 8.37019360422353e-05
1.62500000000000e+00 2.03551908139489e+00 2.03561968407860e+00 1.00602683710260e-04
1.63000000000000e+00 2.05325075287236e+00 2.05336429539657e+00 1.13542524206700e-04
1.63500000000000e+00 2.06815947255191e+00 2.06828127951470e+00 1.21806962788185e-04
1.64000000000000e+00 2.08017887178794e+00 2.08030388316029e+00 1.25011372352990e-04
1.64500000000000e+00 2.08926068093426e+00 2.08938380815405e+00 1.23127219796793e-04
1.65000000000000e+00 2.09537502018976e+00 2.09549150281253e+00 1.16482622769976e-04
1.65500000000000e+00 2.09851060046137e+00 2.09861633762302e+00 1.05737161650410e-04
1.66000000000000e+00 2.09867483137601e+00 2.09876666410972e+00 9.18327337116054e-05
1.66500000000000e+00 2.09589383254338e+00 2.09596975652967e+00 7.59239862917482e-05
1.67000000000000e+00 2.09021234338207e+00 2.09027163675968e+00 5.92933776086824e-05
1.67500000000000e+00 2.08169352638259e+00 2.08173678345563e+00 4.32570730417581e-05
1.68000000000000e+00 2.07041865868037e+00 2.07044772727895e+00 2.90685985788741e-05
1.68500000000000e+00 2.05648670730762e+00 2.05650453468774e+00 1.78273801165751e-05
1.69000000000000e+00 2.04001378450741e+00 2.04002418347677e+00 1.03989693553963e-05
1.69500000000000e+00 2.02113248100932e+00 2.02113983391842e+00 7.35290909670283e-06
1.70000000000000e+00 1.99999107712255e+00 2.00000000000000e+00 8.92287744691522e-06
1.70500000000000e+00 1.97675263380216e+00 1.97676762586893e+00 1.49920667711356e-05
1.71000000000000e+00 1.95159396835457e+00 1.95161907318189e+00 2.51048273272048e-05
1.71500000000000e+00 1.92470452201472e+00 1.92474302560309e+00 3.85035883625484e-05
1.72000000000000e+00 1.89628512908355e+00 1.89633931720795e+00 5.41881243971698e-05
1.72500000000000e+00 1.86654669949767e+00 1.86661769201745e+00 7.09925197810435e-05
1.73000000000000e+00 1.83570882847086e+00 1.83579650231313e+00 8.76738422641576e-05
1.73500000000000e+00 1.80399834808546e+00 1.80410135376010e+00 1.03005674637169e-04
1.74000000000000e+00 1.77164783635282e+00 1.77176370569363e+00 1.15869340802766e-04
1.74500000000000e+00 1.73889409928406e+00 1.73901943520098e+00 1.25335916921321e-04
1.75000000000000e+00 1.70597664094390e+00 1.70610737385376e+00 1.30732909868536e-04
1.75500000000000e+00 1.67313613537610e+00 1.67326782611444e+00 1.31690738333745e-04
1.76000000000000e+00 1.64061291279854e+00 1.64074107855382e+00 1.28165755277854e-04
1.76500000000000e+00 1.60864547070450e+00 1.60876590907298e+00 1.20438368480524e-04
1.77000000000000e+00 1.57746901861861e+00 1.57757810532303e+00 1.09086704413563e-04
1.77500000000000e+00 1.54731406338282e+00 1.54740900145948e+00 9.49380766557262e-05
1.78000000000000e+00 1.51840504011596e+00 1.51848404225504e+00 7.90021390821849e-05
1.78500000000000e+00 1.49095899250552e+00 1.49102138342582e+00 6.23909203030237e-05
1.79000000000000e+00 1.46518430492916e+00 1.46523053680291e+00 4.62318737444178e-05
1.79500000000000e+00 1.44127948811907e+00 1.44131106870462e+00 3.15805855548579e-05
1.80000000000000e+00 1.41943201970177e+00 1.41945135953695e+00 1.93398351839846e-05
1.80500000000000e+00 1.39981724097670e+00 1.39982743227203e+00 1.01912953247574e-05
1.81000000000000e+00 1.38259731172581e+00 1.38260185702999e+00 4.54530418303456e-06
1.81500000000000e+00 1.36792022564459e+00 1.36792273852040e+00 2.51287581143345e-06
1.82000000000000e+00 1.35591889009996e+00 1.35592279258843e+00 3.90248846482422e-06
1.82500000000000e+00 1.34671027527628e+00 1.34671851756181e+00 8.24228553253370e-06
1.83000000000000e+00 1.34039463926208e+00 1.34040946551008e+00 1.48262480093031e-05
1.83500000000000e+00 1.33705483711715e+00 1.33707761791153e+00 2.27807943791181e-05
1.84000000000000e+00 1.33675572327392e+00 1.33678686957979e+00 3.11463058673134e-05
1.84500000000000e+00 1.33954365757625e+00 1.33958262403436e+00 3.89664581070814e-05
1.85000000000000e+00 1.34544612564814e+00 1.34549150281253e+00 4.53771643895706e-05
1.85500000000000e+00 1.35447148393501e+00 1.35452117051728e+00 4.96865822774417e-05
1.86000000000000e+00 1.36660883854883e+00 1.36666027668282e+00 5.14381339906667e-05
1.86500000000000e+00 1.38182806492669e+00 1.38187851481848e+00 5.04498917854868e-05
1.87000000000000e+00 1.40007997234757e+00 1.40012679827000e+00 4.68259224253309e-05
1.87500000000000e+00 1.42129661372635e+00 1.42133755181640e+00 4.09380900507905e-05
1.88000000000000e+00 1.44539173712304e+00 1.44542511720755e+00 3.33800845095933e-05
1.88500000000000e+00 1.47226137146216e+00 1.47228627014470e+00 2.48986825333031e-05
1.89000000000000e+00 1.50178453549248e+00 1.50180084551967e+00 1.63100271908245e-05
1.89500000000000e+00 1.53382405644735e+00 1.53383246706028e+00 8.41061292833345e-06
1.90000000000000e+00 1.56822748351741e+00 1.56822937688661e+00 1.89336920408678e-06
1.90500000000000e+00 1.60482808128502e+00 1.60482535986612e+00 2.72141890533817e-06
1.91000000000000e+00 1.64344588966122e+00 1.64344075707161e+00 5.13258961198915e-06
1.91500000000000e+00 1.68388883935905e+00 1.68388356209650e+00 5.27726254362371e-06
1.92000000000000e+00 1.72595391510186e+00 1.72595059347097e+00 3.32163088945236e-06
1.92500000000000e+00 1.76942836204856e+00 1.76942873595353e+00 3.73904973871575e-07
1.93000000000000e+00 1.81409093374561e+00 1.81409624304787e+00 5.30930226450010e-06
1.93500000000000e+00 1.85971318179511e+00 1.85972409271723e+00 1.09109221195780e-05
1.94000000000000e+00 1.90606078803801e+00 1.90607738794082e+00 1.65999028101105e-05
1.94500000000000e+00 1.95289493930509e+00 1.95291679348017e+00 2.18541750773849e-05
1.95000000000000e+00 1.99997374284817e+00 2.00000000000000e+00 2.62571518334642e-05
1.95500000000000e+00 2.04705367780365e+00 2.04708320651983e+00 2.95287161771185e-05
1.96000000000000e+00 2.09389107496806e+00 2.09392261205918e+00 3.15370911150303e-05
1.96500000000000e+00 2.14024361431659e+00 2.14027590728277e+00 3.22929661851212e-05
1.97000000000000e+00 2.18587182752794e+00 2.18590375695213e+00 3.19294241890589e-05
1.97500000000000e+00 2.23054059158219e+00 2.23057126404646e+00 3.06724642786804e-05
1.98000000000000e+00 2.27402059935244e+00 2.27404940652903e+00 2.88071765890408e-05
1.98500000000000e+00 2.31608979388434e+00 2.31611643790350e+00 2.66440191594164e-05
1.99000000000000e+00 2.35653475445912e+00 2.35655924292839e+00 2.44884692670588e-05
1.99500000000000e+00 2.39515202419731e+00 2.39517464013388e+00 2.26159365679379e-05
2.00000000000000e+00 2.43174937052740e+00 2.43177062311339e+00 2.12525859835111e-05
2.00500000000000e+00 2.46614697106402e+00 2.46616753293972e+00 2.05618756945469e-05
2.01000000000000e+00 2.49817851820759e+00 2.49819915448034e+00 2.06362727439569e-05
2.01500000000000e+00 2.52769223614915e+00 2.52771372985530e+00 2.14937061504550e-05
2.02000000000000e+00 2.55455180412175e+00 2.55457488279245e+00 2.30786707051678e-05
2.02500000000000e+00 2.57863717992944e+00 2.57866244818359e+00 2.52682541530547e-05
2.03000000000000e+00 2.59984531823887e+00 2.59987320173000e+00 2.78834911284775e-05
2.03500000000000e+00 2.61809077898374e+00 2.61812148518152e+00 3.07061977875556e-05
2.04000000000000e+00 2.63330622253060e+00 2.63333972331718e+00 3.35007865865933e-05
2.04500000000000e+00 2.64544278986864e+00 2.64547882948272e+00 3.60396140797192e-05
2.05000000000000e+00 2.65447036779142e+00 2.65450849718747e+00 3.81293960556306e-05
2.05500000000000e+00 2.66037774055673e+00 2.66041737596564e+00 3.96354089109430e-05
2.06000000000000e+00 2.66317263057852e+00 2.66321313042021e+00 4.04998416949631e-05
2.06500000000000e+00 2.66288163114047e+00 2.66292238208847e+00 4.07509479978252e-05
2.07000000000000e+00 2.65955003386928e+00 2.65959053448992e+00 4.05006206345426e-05
2.07500000000000e+00 2.65324155285998e+00 2.65328148243819e+00 3.99295782087528e-05
2.08000000000000e+00 2.64403794613221e+00 2.64407720741157e+00 3.92612793675973e-05
2.08500000000000e+00 2.63203853383583e+00 2.63207726147960e+00 3.87276437741058e-05
2.09000000000000e+00 2.61735961167161e+00 2.61739814297001e+00 3.85312984043651e-05
2.09500000000000e+00 2.60013375766944e+00 2.60017256772797e+00 3.88100585375639e-05
2.10000000000000e+00 2.58050903099777e+00 2.58054864046305e+00 3.96094652819201e-05
2.10500000000000e+00 2.55864806294577e+00 2.55868893129538e+00 4.08683496062601e-05
2.11000000000000e+00 2.53472704254126e+00 2.53476946319710e+00 4.24206558351514e-05
2.11500000000000e+00 2.50893460220097e+00 2.50897861657418e+00 4.40143732083342e-05
2.12000000000000e+00 2.48147061199120e+00 2.48151595774496e+00 4.53457537599178e-05
2.12500000000000e+00 2.45254489407513e+00 2.45259099854052e+00 4.61044653938814e-05
2.13000000000000e+00 2.42237587131553e+00 2.42242189467697e+00 4.60233614467676e-05
2.13500000000000e+00 2.39118916544200e+00 2.39123409092702e+00 4.49254850218850e-05
2.14000000000000e+00 2.35921616047396e+00 2.35925892144618e+00 4.27609722173372e-05
2.14500000000000e+00 2.32669254618425e+00 2.32673217388556e+00 3.96277013186008e-05
2.15000000000000e+00 2.29385685444672e+00 2.29389262614624e+00 3.57716995154078e-05
2.15500000000000e+00 2.26094899864819e+00 2.26098056479902e+00 3.15661508261122e-05
2.16000000000000e+00 2.22820882338118e+00 2.22823629430637e+00 2.74709251906202e-05
2.16500000000000e+00 2.19587466883224e+00 2.19589864623990e+00 2.39774076584709e-05
2.17000000000000e+00 2.16418195206588e+00 2.16420349768687e+00 2.15456209944342e-05
2.17500000000000e+00 2.13336176610273e+00 2.13338230798255e+00 2.05418798207013e-05
2.18000000000000e+00 2.10363949747789e+00 2.10366068279205e+00 2.11853141607321e-05
2.18500000000000e+00 2.07523346384481e+00 2.07525697439691e+00 2.35105521011469e-05
2.19000000000000e+00 2.04835357500000e+00 2.04838092681811e+00 2.73518181121979e-05
2.19500000000000e+00 2.02320002314683e+00 2.02323237413107e+00 3.23509842385938e-05
2.20000000000000e+00 1.99996201091132e+00 2.00000000000000e+00 3.79890886768042e-05
2.20500000000000e+00 1.97881652816174e+00 1.97886016608158e+00 4.36379198407444e-05
2.21000000000000e+00 1.95992719069484e+00 1.95997581652323e+00 4.86258283942664e-05
2.21500000000000e+00 1.94344315504508e+00 1.94349546531226e+00 5.23102671816655e-05
2.22000000000000e+00 1.92949812387709e+00 1.92955227272105e+00 5.41488439533833e-05
2.22500000000000e+00 1.91820945559664e+00 1.91826321654437e+00 5.37609477353485e-05
2.23000000000000e+00 1.90967739004704e+00 1.90972836324032e+00 5.09731932769597e-05
2.23500000000000e+00 1.90398439963772e+00 1.90403024347033e+00 4.58438326118582e-05
2.24000000000000e+00 1.90119467224144e+00 1.90123333589028e+00 3.86636488316494e-05
2.24500000000000e+00 1.90135372899298e+00 1.90138366237698e+00 2.99333840059202e-05
2.25000000000000e+00 1.90448817701309e+00 1.90450849718747e+00 2.03201743855796e-05
2.25500000000000e+00 1.91060559432331e+00 1.91061619184595e+00 1.05975226374344e-05
2.26000000000000e+00 1.91969454199786e+00 1.91969611683971e+00 1.57484185181467e-06
2.26500000000000e+00 1.93172469703995e+00 1.93171872048530e+00 5.97655465650604e-06
2.27000000000000e+00 1.94664709860958e+00 1.94663570460343e+00 1.13940061474693e-05
2.27500000000000e+00 1.96439450003902e+00 1.96438031592140e+00 1.41841176237723e-05
2.28000000000000e+00 1.98488181946102e+00 1.98486775140779e+00 1.40680532352278e-05
2.28500000000000e+00 2.00800668270874e+00 2.00799567504205e+00 1.10076666874903e-05
2.29000000000000e+00 2.03365005326858e+00 2.03364484283446e+00 5.21043412549105e-06
2.29500000000000e+00 2.06167694530697e+00 2.06167983224433e+00 2.88693736205659e-06
2.30000000000000e+00 2.09193721698837e+00 2.09194987150091e+00 1.26545125436195e-05
2.30500000000000e+00 2.12426644231077e+00 2.12428976371522e+00 2.33214044484953e-05
2.31000000000000e+00 2.15848686038852e+00 2.15852090008677e+00 3.40396982472235e-05
2.31500000000000e+00 2.19440840142876e+00 2.19445235595975e+00 4.39545309851574e-05
2.32000000000000e+00 2.23182978853016e+00 2.23188206297221e+00 5.22744420536903e-05
2.32500000000000e+00 2.27053971387289e+00 2.27059805007310e+00 5.83362002068988e-05
2.33000000000000e+00 2.31031808689349e+00 2.31037974575665e+00 6.16588631614512e-05
2.33500000000000e+00 2.35093735070780e+00 2.35099933348698e+00 6.19827791750183e-05
2.34000000000000e+00 2.39216386144586e+00 2.39222315195699e+00 5.92905111336250e-05
2.34500000000000e+00 2.43375932340093e+00 2.43381313154985e+00 5.38081489218634e-05
2.35000000000000e+00 2.47548227109179e+00 2.47552825814758e+00 4.59870557838471e-05
2.35500000000000e+00 2.51708958761475e+00 2.51712605526309e+00 3.64676483308735e-05
2.36000000000000e+00 2.55833804714077e+00 2.55836407535858e+00 2.60282178157212e-05
2.36500000000000e+00 2.59898586819909e+00 2.59900139115685e+00 1.55229577618599e-05
2.37000000000000e+00 2.63879426356837e+00 2.63880007775179e+00 5.81418342093798e-06
2.37500000000000e+00 2.67752897222939e+00 2.67752667638138e+00 2.29584800948146e-06
2.38000000000000e+00 2.71496175894905e+00 2.71495363083914e+00 8.12810990824531e-06
2.38500000000000e+00 2.75087186765968e+00 2.75086068766886e+00 1.11799908206756e-05
2.39000000000000e+00 2.78504741583453e+00 2.78503625151058e+00 1.11643239555370e-05
2.39500000000000e+00 2.81728671847363e+00 2.81727868724248e+00 8.03123115611371e-06
2.40000000000000e+00 2.84739953201231e+00 2.84739756089084e+00 1.97112146826939e-06
2.40500000000000e+00 2.87520821034009e+00 2.87521481165829e+00 6.60131820362508e-06
2.41000000000000e+00 2.90054876704906e+00 2.90056584784471e+00 1.70807956503261e-05
2.41500000000000e+00 2.92327183990002e+00 2.92330055990463e+00 2.87200046167335e-05
2.42000000000000e+00 2.94324355518786e+00 2.94328424439572e+00 4.06892078639309e-05
2.42500000000000e+00 2.96034629110890e+00 2.96039843312221e+00 5.21420133097195e-05
2.43000000000000e+00 2.97447934030851e+00 2.97454162236171e+00 6.22820532019119e-05
2.43500000000000e+00 2.98555947247308e+00 2.98562989767982e+00 7.04252067436073e-05
2.44000000000000e+00 2.99352139811317e+00 2.99359745048043e+00 7.60523672593827e-05
2.44500000000000e+00 2.99831813458605e+00 2.99839698310739e+00 7.88485213480961e-05
2.45000000000000e+00 2.99992127497820e+00 3.00000000000000e+00 7.87250217975100e-05
2.45500000000000e+00 2.99832115979462e+00 2.99839698310739e+00 7.58233127697849e-05
2.46000000000000e+00 2.99352695058588e+00 2.99359745048044e+00 7.04998945528779e-05
2.46500000000000e+00 2.98556660380686e+00 2.98562989767982e+00 6.32938729676624e-05
2.47000000000000e+00 2.97448674246806e+00 2.97454162236171e+00 5.48798936512718e-05
2.47500000000000e+00 2.96035242263272e+00 2.96039843312221e+00 4.60104894890456e-05
2.48000000000000e+00 2.94324679163467e+00 2.94328424439572e+00 3.74527610587094e-05
2.48500000000000e+00 2.92327063512340e+00 2.92330055990464e+00 2.99247812383108e-05
2.49000000000000e+00 2.90054181072566e+00 2.90056584784471e+00 2.40371190534105e-05
2.49500000000000e+00 2.87519456725159e+00 2.87521481165830e+00 2.02444067012308e-05
2.50000000000000e+00 2.84737874992579e+00 2.84739756089084e+00 1.88109650558488e-05
2.50500000000000e+00 2.81725889400680e+00 2.81727868724248e+00 1.97932356811314e-05
2.51000000000000e+00 2.78501321125406e+00 2.78503625151058e+00 2.30402565248866e-05
2.51500000000000e+00 2.75083247586449e+00 2.75086068766886e+00 2.82118043677393e-05
2.52000000000000e+00 2.71491881857643e+00 2.71495363083915e+00 3.48122627165104e-05
2.52500000000000e+00 2.67748443947439e+00 2.67752667638138e+00 4.22369069990047e-05
2.53000000000000e+00 2.63875025149225e+00 2.63880007775179e+00 4.98262595360899e-05
2.53500000000000e+00 2.59894446760657e+00 2.59900139115685e+00 5.69235502805299e-05
2.54000000000000e+00 2.55830114518068e+00 2.55836407535859e+00 6.29301779064839e-05
2.54500000000000e+00 2.51705870086071e+00 2.51712605526309e+00 6.73544023821471e-05
2.55000000000000e+00 2.47545840887873e+00 2.47552825814758e+00 6.98492688475660e-05
2.55500000000000e+00 2.43374289467534e+00 2.43381313154985e+00 7.02368745084669e-05
2.56000000000000e+00 2.39215463453303e+00 2.39222315195700e+00 6.85174239656305e-05
2.56500000000000e+00 2.35093447055188e+00 2.35099933348698e+00 6.48629351007735e-05
2.57000000000000e+00 2.31032014894058e+00 2.31037974575666e+00 5.95968160803650e-05
2.57500000000000e+00 2.27054488836664e+00 2.27059805007310e+00 5.31617064551959e-05
2.58000000000000e+00 2.23183598411151e+00 2.23188206297222e+00 4.60788607039575e-05
2.58500000000000e+00 2.19441345307318e+00 2.19445235595975e+00 3.89028865721563e-05
2.59000000000000e+00 2.15848872427815e+00 2.15852090008678e+00 3.21758086299084e-05
2.59500000000000e+00 2.12426337948921e+00 2.12428976371522e+00 2.63842260088687e-05
2.60000000000000e+00 2.09192794867730e+00 2.09194987150091e+00 2.19228236151281e-05
2.60500000000000e+00 2.06166076549001e+00 2.06167983224433e+00 1.90667543185086e-05
2.61000000000000e+00 2.03362688830699e+00 2.03364484283446e+00 1.79545274674453e-05
2.61500000000000e+00 2.00797709293253e+00 2.00799567504205e+00 1.85821095208816e-05
2.62000000000000e+00 1.98484694335705e+00 1.98486775140779e+00 2.08080507351216e-05
2.62500000000000e+00 1.96435594725521e+00 1.96438031592140e+00 2.43686661984821e-05
2.63000000000000e+00 1.94660680293750e+00 1.94663570460343e+00 2.89016659333896e-05
2.63500000000000e+00 1.93168474431351e+00 1.93171872048530e+00 3.39761717895737e-05
2.64000000000000e+00 1.91965699005862e+00 1.91969611683971e+00 3.91267810875284e-05
2.64500000000000e+00 1.91057230262025e+00 1.91061619184595e+00 4.38892256950929e-05
2.65000000000000e+00 1.90446066197847e+00 1.90450849718747e+00 4.78352090029777e-05
2.65500000000000e+00 1.90133305822150e+00 1.90138366237698e+00 5.06041554839687e-05
2.66000000000000e+00 1.90118140603392e+00 1.90123333589028e+00 5.19298563543824e-05
2.66500000000000e+00 1.90397858314968e+00 1.90403024347033e+00 5.16603206455191e-05
2.67000000000000e+00 1.90967859370694e+00 1.90972836324032e+00 4.97695333796511e-05
2.67500000000000e+00 1.91821685627062e+00 1.91826321654437e+00 4.63602737514890e-05
2.68000000000000e+00 1.92951061506933e+00 1.92955227272105e+00 4.16576517148215e-05
2.68500000000000e+00 1.94345947173925e+00 1.94349546531226e+00 3.59935730074312e-05
2.69000000000000e+00 1.95994603359670e+00 1.95997581652323e+00 2.97829265314409e-05
2.69500000000000e+00 1.97883667320198e+00 1.97886016608158e+00 2.34928796005729e-05
2.70000000000000e+00 1.99998239276982e+00 2.00000000000000e+00 1.76072301820707e-05
2.70500000000000e+00 2.02321978587565e+00 2.02323237413106e+00 1.25882554167234e-05
2.71000000000000e+00 2.04837208795797e+00 2.04838092681811e+00 8.83886013580693e-06
2.71500000000000e+00 2.07525030638203e+00 2.07525697439691e+00 6.66801488113933e-06
2.72000000000000e+00 2.10365442035774e+00 2.10366068279205e+00 6.26243431023354e-06
2.72500000000000e+00 2.13337464082878e+00 2.13338230798255e+00 7.66715376210314e-06
2.73000000000000e+00 2.16419272058191e+00 2.16420349768687e+00 1.07771049577821e-05
2.73500000000000e+00 2.19588330524778e+00 2.19589864623990e+00 1.53409921184178e-05
2.74000000000000e+00 2.22821531653034e+00 2.22823629430637e+00 2.09777760296070e-05
2.74500000000000e+00 2.26095335983415e+00 2.26098056479902e+00 2.72049648666339e-05
2.75000000000000e+00 2.29385914935918e+00 2.29389262614624e+00 3.34767870517894e-05
2.75500000000000e+00 2.32669294458755e+00 2.32673217388556e+00 3.92292980091469e-05
2.76000000000000e+00 2.35921499278256e+00 2.35925892144618e+00 4.39286636160219e-05
2.76500000000000e+00 2.39118697255689e+00 2.39123409092702e+00 4.71183701282740e-05
2.77000000000000e+00 2.42237343366914e+00 2.42242189467697e+00 4.84610078319569e-05
2.77500000000000e+00 2.45254322793998e+00 2.45259099854052e+00 4.77706005410639e-05
2.78000000000000e+00 2.48147092554987e+00 2.48151595774496e+00 4.50321950880017e-05
2.78500000000000e+00 2.50893821004558e+00 2.50897861657418e+00 4.04065286008226e-05
2.79000000000000e+00 2.53473524424150e+00 2.53476946319709e+00 3.42189555961880e-05
2.79500000000000e+00 2.55866199798787e+00 2.55868893129538e+00 2.69333075126887e-05
2.80000000000000e+00 2.58052952764139e+00 2.58054864046305e+00 1.91128216573411e-05
2.80500000000000e+00 2.60016119616960e+00 2.60017256772797e+00 1.13715583713869e-05
2.81000000000000e+00 2.61739382228323e+00 2.61739814297001e+00 4.32068677458375e-06
2.81500000000000e+00 2.63207874692445e+00 2.63207726147960e+00 1.48544485467639e-06
2.82000000000000e+00 2.64408280589933e+00 2.64407720741157e+00 5.59848776182648e-06
2.82500000000000e+00 2.65328919843345e+00 2.65328148243819e+00 7.71599526094846e-06
2.83000000000000e+00 2.65959824289943e+00 2.65959053448992e+00 7.70840951469509e-06
2.83500000000000e+00 2.66292801281593e+00 2.66292238208847e+00 5.63072745896065e-06
2.84000000000000e+00 2.66321484831427e+00 2.66321313042021e+00 1.71789405767342e-06
2.84500000000000e+00 2.66041374045725e+00 2.66041737596564e+00 3.63550838544668e-06
2.85000000000000e+00 2.65449858791542e+00 2.65450849718747e+00 9.90927205046788e-06
2.85500000000000e+00 2.64546232741734e+00 2.64547882948272e+00 1.65020653786208e-05
2.86000000000000e+00 2.63331694097508e+00 2.63333972331719e+00 2.27823421083961e-05
2.86500000000000e+00 2.61809334407108e+00 2.61812148518152e+00 2.81411104405827e-05
2.87000000000000e+00 2.59984115974388e+00 2.59987320173000e+00 3.20419861195020e-05
2.87500000000000e+00 2.57862838384367e+00 2.57866244818360e+00 3.40643399301399e-05
2.88000000000000e+00 2.55454094669601e+00 2.55457488279246e+00 3.39360964507485e-05
2.88500000000000e+00 2.52768217609791e+00 2.52771372985530e+00 3.15537573922775e-05
2.89000000000000e+00 2.49817216607865e+00 2.49819915448034e+00 2.69884016899091e-05
2.89500000000000e+00 2.46614705529999e+00 2.46616753293972e+00 2.04776397345618e-05
2.90000000000000e+00 2.43175821845404e+00 2.43177062311339e+00 1.24046593485971e-05
2.90500000000000e+00 2.39517137363417e+00 2.39517464013388e+00 3.26649971071902e-06
2.91000000000000e+00 2.35656560847642e+00 2.35655924292839e+00 6.36554803135070e-06
2.91500000000000e+00 2.31613232793919e+00 2.31611643790350e+00 1.58900356854730e-05
2.92000000000000e+00 2.27407412692189e+00 2.27404940652904e+00 2.47203928585016e-05
2.92500000000000e+00 2.23060359150829e+00 2.23057126404647e+00 3.23274618190261e-05
2.93000000000000e+00 2.18594203341928e+00 2.18590375695213e+00 3.82764671540414e-05
2.93500000000000e+00 2.14031816322243e+00 2.14027590728278e+00 4.22559396513478e-05
2.94000000000000e+00 2.09396670890284e+00 2.09392261205918e+00 4.40968436539180e-05
2.94500000000000e+00 2.04712698748558e+00 2.04708320651984e+00 4.37809657389820e-05
2.95000000000000e+00 2.00004143844202e+00 2.00000000000000e+00 4.14384420168723e-05
2.95500000000000e+00 1.95295412855189e+00 1.95291679348017e+00 3.73350717237653e-05
2.96000000000000e+00 1.90610923867634e+00 1.90607738794082e+00 3.18507355137054e-05
2.96500000000000e+00 1.85974954348771e+00 1.85972409271723e+00 2.54507704746665e-05
2.97000000000000e+00 1.81411489557459e+00 1.81409624304787e+00 1.86525267138471e-05
2.97500000000000e+00 1.76944072548491e+00 1.76942873595354e+00 1.19895313790419e-05
2.98000000000000e+00 1.72595656918837e+00 1.72595059347097e+00 5.97571739691105e-06
2.98500000000000e+00 1.68388463414427e+00 1.68388356209651e+00 1.07204776211844e-06
2.99000000000000e+00 1.64343841467324e+00 1.64344075707161e+00 2.34239836771621e-06
2.99500000000000e+00 1.60482136667819e+00 1.60482535986612e+00 3.99318792720926e-06
3.00000000000000e+00 1.56822565097302e+00 1.56822937688661e+00 3.72591358943630e-06
3.00500000000000e+00 1.53383095359032e+00 1.53383246706028e+00 1.51346996357660e-06
3.01000000000000e+00 1.50180339048515e+00 1.50180084551966e+00 2.54496548102168e-06
3.01500000000000e+00 1.47229450306551e+00 1.47228627014470e+00 8.23292081375548e-06
3.02000000000000e+00 1.44544034999112e+00 1.44542511720755e+00 1.52327835749588e-05
3.02500000000000e+00 1.42136069972056e+00 1.42133755181641e+00 2.31479041536975e-05
3.03000000000000e+00 1.40015832737616e+00 1.40012679827000e+00 3.15291061638856e-05
3.03500000000000e+00 1.38191841865587e+00 1.38187851481848e+00 3.99038373910532e-05
3.04000000000000e+00 1.36670808276645e+00 1.36666027668282e+00 4.78060836313077e-05
3.04500000000000e+00 1.35457597568958e+00 1.35452117051728e+00 5.48051722917275e-05
3.05000000000000e+00 1.34555203452359e+00 1.34549150281253e+00 6.05317110624615e-05
3.05500000000000e+00 1.33964732316402e+00 1.33958262403436e+00 6.46991296540111e-05
3.06000000000000e+00 1.33685398918312e+00 1.33678686957979e+00 6.71196033390498e-05
3.06500000000000e+00 1.33714533142819e+00 1.33707761791153e+00 6.77135166586851e-05
3.07000000000000e+00 1.34047597755767e+00 1.34040946551008e+00 6.65120475822345e-05
3.07500000000000e+00 1.34678217045271e+00 1.34671851756181e+00 6.36528908992684e-05
3.08000000000000e+00 1.35598216215428e+00 1.35592279258843e+00 5.93695658559490e-05
3.08500000000000e+00 1.36797671366085e+00 1.36792273852040e+00 5.39751404502464e-05
3.09000000000000e+00 1.38264969855976e+00 1.38260185702999e+00 4.78415297708867e-05
3.09500000000000e+00 1.39986880804051e+00 1.39982743227203e+00 4.13757684856186e-05
3.10000000000000e+00 1.41948635434165e+00 1.41945135953695e+00 3.49948047024817e-05
3.10500000000000e+00 1.44134016911182e+00 1.44131106870462e+00 2.91004072019430e-05
3.11000000000000e+00 1.46525459252297e+00 1.46523053680290e+00 2.40557200628100e-05
3.11500000000000e+00 1.49104154827094e+00 1.49102138342582e+00 2.01648451194636e-05
3.12000000000000e+00 1.51850169885202e+00 1.51848404225504e+00 1.76565969831621e-05
3.12500000000000e+00 1.54742567473441e+00 1.54740900145948e+00 1.66732749313780e-05
3.13000000000000e+00 1.57759537027683e+00 1.57757810532302e+00 1.72649538030534e-05
3.13500000000000e+00 1.60878529850882e+00 1.60876590907298e+00 1.93894358426761e-05
3.14000000000000e+00 1.64076399620498e+00 1.64074107855382e+00 2.29176511656881e-05
3.14500000000000e+00 1.67329547008463e+00 1.67326782611444e+00 2.76439701982767e-05
3.15000000000000e+00 1.70614067446967e+00 1.70610737385376e+00 3.33006159063398e-05
3.15500000000000e+00 1.73905901035402e+00 1.73901943520098e+00 3.95751530422039e-05
3.16000000000000e+00 1.77180983558977e+00 1.77176370569363e+00 4.61298961389467e-05
3.16500000000000e+00 1.80415397578197e+00 1.80410135376010e+00 5.26220218750595e-05
3.17000000000000e+00 1.83585522550669e+00 1.83579650231313e+00 5.87231935618160e-05
3.17500000000000e+00 1.86668182961641e+00 1.86661769201745e+00 6.41375989547388e-05
3.18000000000000e+00 1.89640793466433e+00 1.89633931720795e+00 6.86174563795383e-05
3.18500000000000e+00 1.92481500084688e+00 1.92474302560309e+00 7.19752437965404e-05
3.19000000000000e+00 1.95169316531613e+00 1.95161907318189e+00 7.40921342394785e-05
3.19500000000000e+00 1.97684254823153e+00 1.97676762586893e+00 7.49223625917672e-05
3.20000000000000e+00 2.00007449348689e+00 2.00000000000000e+00 7.44934868843750e-05
3.20500000000000e+00 2.02121273664630e+00 2.02113983391842e+00 7.29027278767447e-05
3.21000000000000e+00 2.04009449324016e+00 2.04002418347677e+00 7.03097633931726e-05
3.21500000000000e+00 2.05657146119784e+00 2.05650453468774e+00 6.69265100960992e-05
3.22000000000000e+00 2.07051073182053e+00 2.07044772727895e+00 6.30045415763725e-05
3.22500000000000e+00 2.08179560432177e+00 2.08173678345563e+00 5.88208661391754e-05
3.23000000000000e+00 2.09032629958191e+00 2.09027163675968e+00 5.46628222304335e-05
3.23500000000000e+00 2.09602056937697e+00 2.09596975652967e+00 5.08128472977987e-05
3.24000000000000e+00 2.09881419795186e+00 2.09876666410972e+00 4.75338421406235e-05
3.24500000000000e+00 2.09866139341498e+00 2.09861633762302e+00 4.50557919662309e-05
3.25000000000000e+00 2.09553506703629e+00 2.09549150281253e+00 4.35642237666123e-05
3.25500000000000e+00 2.08942699913533e+00 2.08938380815405e+00 4.31909812772524e-05
3.26000000000000e+00 2.08034789084921e+00 2.08030388316029e+00 4.40076889205443e-05
3.26500000000000e+00 2.06832730167313e+00 2.06828127951470e+00 4.60221584286380e-05
3.27000000000000e+00 2.05341347326618e+00 2.05336429539657e+00 4.91778696107836e-05
3.27500000000000e+00 2.03567304061225e+00 2.03561968407860e+00 5.33565336513497e-05
3.28000000000000e+00 2.01519063221782e+00 2.01513224859221e+00 5.83836256060621e-05
3.28500000000000e+00 1.99206836161349e+00 1.99200432495795e+00 6.40366555424432e-05
3.29000000000000e+00 1.96642521300339e+00 1.96635515716554e+00 7.00558378450289e-05
3.29500000000000e+00 1.93839632447291e+00 1.93832016775567e+00 7.61567172398170e-05
3.30000000000000e+00 1.90813217272097e+00 1.90805012849909e+00 8.20442218780748e-05
3.30500000000000e+00 1.87579766382412e+00 1.87571023628479e+00 8.74275393358825e-05
3.31000000000000e+00 1.84157113506797e+00 1.84147909991323e+00 9.20351547364362e-05
3.31500000000000e+00 1.80564327339275e+00 1.80554764404025e+00 9.56293524929652e-05
3.32000000000000e+00 1.76821595649647e+00 1.76811793702778e+00 9.80194686837077e-05
3.32500000000000e+00 1.72950102311924e+00 1.72940194992690e+00 9.90731923349308e-05
3.33000000000000e+00 1.68971897949796e+00 1.68962025424335e+00 9.87252546109652e-05
3.33500000000000e+00 1.64909764943130e+00 1.64900066651302e+00 9.69829182757564e-05
3.34000000000000e+00 1.60787077583241e+00 1.60777684804301e+00 9.39277894023149e-05
3.34500000000000e+00 1.56627658206963e+00 1.56618686845015e+00 8.97136194764059e-05
3.35000000000000e+00 1.52455630180238e+00 1.52447174185243e+00 8.45599499508243e-05
3.35500000000000e+00 1.48295268640469e+00 1.48287394473692e+00 7.87416677787700e-05
3.36000000000000e+00 1.44170849942494e+00 1.44163592464142e+00 7.25747835175206e-05
3.36500000000000e+00 1.40106500784427e+00 1.40099860884315e+00 6.63990011249282e-05
3.37000000000000e+00 1.36126048015231e+00 1.36119992224821e+00 6.05579040995341e-05
3.37500000000000e+00 1.32252870143681e+00 1.32247332361862e+00 5.53778181955344e-05
3.38000000000000e+00 1.28509751576322e+00 1.28504636916086e+00 5.11466023667140e-05
3.38500000000000e+00 1.24918740607767e+00 1.24913931233114e+00 4.80937465292541e-05
3.39000000000000e+00 1.21501012168430e+00 1.21496374848942e+00 4.63731948767698e-05
3.39500000000000e+00 1.18276736300960e+00 1.18272131275752e+00 4.60502520773787e-05
3.40000000000000e+00 1.15264953286607e+00 1.15260243910916e+00 4.70937569130303e-05
3.40500000000000e+00 1.12483456276664e+00 1.12478518834171e+00 4.93744249325800e-05
3.41000000000000e+00 1.09948682203407e+00 1.09943415215529e+00 5.26698787792768e-05
3.41500000000000e+00 1.07675611651988e+00 1.07669944009537e+00 5.66764245153450e-05
3.42000000000000e+00 1.05677678272985e+00 1.05671575560428e+00 6.10271255738759e-05
3.42500000000000e+00 1.03966688209094e+00 1.03960156687779e+00 6.53152131502299e-05
3.43000000000000e+00 1.02552749903465e+00 1.02545837763829e+00 6.91213963632809e-05
3.43500000000000e+00 1.01444214556269e+00 1.01437010232018e+00 7.20432425116435e-05
3.44000000000000e+00 1.00647627404692e+00 1.00640254951957e+00 7.37245273492171e-05
3.44500000000000e+00 1.00167689923336e+00 1.00160301689261e+00 7.38823407493427e-05
3.45000000000000e+00 1.00007232979392e+00 1.00000000000000e+00 7.23297939189127e-05
3.45500000000000e+00 1.00167200930993e+00 1.00160301689261e+00 6.89924173289391e-05
3.46000000000000e+00 1.00646646627196e+00 1.00640254951956e+00 6.39167523952544e-05
3.46500000000000e+00 1.01442737251852e+00 1.01437010232018e+00 5.72701983472257e-05
3.47000000000000e+00 1.02550770947608e+00 1.02545837763829e+00 4.93318377920993e-05
3.47500000000000e+00 1.03964204155515e+00 1.03960156687779e+00 4.04746773601250e-05
3.48000000000000e+00 1.05674689604863e+00 1.05671575560427e+00 3.11404443602559e-05
3.48500000000000e+00 1.07672124881065e+00 1.07669944009536e+00 2.18087152858981e-05
3.49000000000000e+00 1.09944711481531e+00 1.09943415215529e+00 1.29626600240407e-05
3.49500000000000e+00 1.12479024236017e+00 1.12478518834171e+00 5.05401846195852e-06
3.50000000000000e+00 1.15260090915906e+00 1.15260243910915e+00 1.52995009305990e-06
3.50500000000000e+00 1.18271481785116e+00 1.18272131275752e+00 6.49490636317474e-06
3.51000000000000e+00 1.21495408754352e+00 1.21496374848942e+00 9.66094590149069e-06
3.51500000000000e+00 1.24912833693066e+00 1.24913931233114e+00 1.09754004773421e-05
3.52000000000000e+00 1.28503585334010e+00 1.28504636916085e+00 1.05158207559519e-05
3.52500000000000e+00 1.32246484079707e+00 1.32247332361861e+00 8.48282154453095e-06
3.53000000000000e+00 1.36119473895368e+00 1.36119992224821e+00 5.18329453313982e-06
3.53500000000000e+00 1.40099760355908e+00 1.40099860884315e+00 1.00528406599132e-06
3.54000000000000e+00 1.44163953812964e+00 1.44163592464141e+00 3.61348822819352e-06
3.54500000000000e+00 1.48288216567113e+00 1.48287394473691e+00 8.22093421692927e-06
3.55000000000000e+00 1.52448412875826e+00 1.52447174185242e+00 1.23869058399340e-05
3.55500000000000e+00 1.56620260601782e+00 1.56618686845015e+00 1.57375676723692e-05
3.56000000000000e+00 1.60779483310075e+00 1.60777684804300e+00 1.79850577535223e-05
3.56500000000000e+00 1.64901961655278e+00 1.64900066651302e+00 1.89500397627107e-05
3.57000000000000e+00 1.68963882957086e+00 1.68962025424335e+00 1.85753275094847e-05
3.57500000000000e+00 1.72941887941532e+00 1.72940194992690e+00 1.69294884200255e-05
3.58000000000000e+00 1.76813213717455e+00 1.76811793702778e+00 1.42001467671182e-05
3.58500000000000e+00 1.80555832158192e+00 1.80554764404025e+00 1.06775416739424e-05
3.59000000000000e+00 1.84148582959594e+00 1.84147909991322e+00 6.72968271886454e-06
3.59500000000000e+00 1.87571300740873e+00 1.87571023628478e+00 2.77112394364565e-06
3.60000000000000e+00 1.90804935639132e+00 1.90805012849909e+00 7.72107767277319e-07
3.60500000000000e+00 1.93831666917540e+00 1.93832016775567e+00 3.49858026194028e-06
3.61000000000000e+00 1.96635009158460e+00 1.96635515716554e+00 5.06558094048870e-06
3.61500000000000e+00 1.99199910645759e+00 1.99200432495795e+00 5.21850035917204e-06
3.62000000000000e+00 2.01512843555803e+00 2.01513224859221e+00 3.81303418306445e-06
3.62500000000000e+00 2.03561885576797e+00 2.03561968407860e+00 8.28310631195706e-07
3.63000000000000e+00 2.05336792564818e+00 2.05336429539657e+00 3.63025161487229e-06
3.63500000000000e+00 2.06829061826706e+00 2.06828127951470e+00 9.33875235809012e-06
3.64000000000000e+00 2.08031985600069e+00 2.08030388316029e+00 1.59728404023340e-05
3.64500000000000e+00 2.08940694284471e+00 2.08938380815405e+00 2.31346906622854e-05
3.65000000000000e+00 2.09552188970566e+00 2.09549150281253e+00 3.03868931372797e-05
3.65500000000000e+00 2.09865362820663e+00 2.09861633762302e+00 3.72905836081294e-05
3.66000000000000e+00 2.09881010879308e+00 2.09876666410972e+00 4.34446833583735e-05
3.66500000000000e+00 2.09601827939806e+00 2.09596975652967e+00 4.85228683828609e-05
3.67000000000000e+00 2.09032394164997e+00 2.09027163675968e+00 5.23048902878465e-05
3.67500000000000e+00 2.08179148260009e+00 2.08173678345563e+00 5.46991444667633e-05
3.68000000000000e+00 2.07050348121223e+00 2.07044772727895e+00 5.57539332795010e-05
3.68500000000000e+00 2.05656019038100e+00 2.05650453468774e+00 5.56556932536090e-05
3.69000000000000e+00 2.04007889698941e+00 2.04002418347677e+00 5.47135126369724e-05
3.69500000000000e+00 2.02119316441917e+00 2.02113983391842e+00 5.33305007479612e-05
3.70000000000000e+00 2.00005196389746e+00 2.00000000000000e+00 5.19638974565417e-05
3.70500000000000e+00 1.97681870298687e+00 1.97676762586894e+00 5.10771179311753e-05
3.71000000000000e+00 1.95167016126320e+00 1.95161907318189e+00 5.10880813087145e-05
3.71500000000000e+00 1.92479534463139e+00 1.92474302560309e+00 5.23190282968322e-05
3.72000000000000e+00 1.89639427065921e+00 1.89633931720795e+00 5.49534512614969e-05
3.72500000000000e+00 1.86667669763854e+00 1.86661769201745e+00 5.90056210820755e-05
3.73000000000000e+00 1.83586080973182e+00 1.83579650231313e+00 6.43074186865711e-05
3.73500000000000e+00 1.80417186950659e+00 1.80410135376010e+00 7.05157464879758e-05
3.74000000000000e+00 1.77184084745412e+00 1.77176370569363e+00 7.71417604932267e-05
3.74500000000000e+00 1.73910303587140e+00 1.73901943520098e+00 8.36006704174608e-05
3.75000000000000e+00 1.70619665198359e+00 1.70610737385376e+00 8.92781298256207e-05
3.75500000000000e+00 1.67336143270488e+00 1.67326782611444e+00 9.36065904388883e-05
3.76000000000000e+00 1.64083722134221e+00 1.64074107855382e+00 9.61427883914290e-05
3.76500000000000e+00 1.60886254522752e+00 1.60876590907298e+00 9.66361545411409e-05
3.77000000000000e+00 1.57767318307844e+00 1.57757810532303e+00 9.50777554067361e-05
3.77500000000000e+00 1.54750072210557e+00 1.54740900145948e+00 9.17206460879783e-05
3.78000000000000e+00 1.51857110761335e+00 1.51848404225504e+00 8.70653583031622e-05
3.78500000000000e+00 1.49110319195938e+00 1.49102138342582e+00 8.18085335567709e-05
3.79000000000000e+00 1.46530729484530e+00 1.46523053680291e+00 7.67580423948200e-05
3.79500000000000e+00 1.44138379232562e+00 1.44131106870462e+00 7.27236210011917e-05
3.80000000000000e+00 1.41952175672674e+00 1.41945135953695e+00 7.03971897844102e-05
3.80500000000000e+00 1.39989767284578e+00 1.39982743227203e+00 7.02405737567080e-05
3.81000000000000e+00 1.38267425641296e+00 1.38260185702999e+00 7.23993829669922e-05
3.81500000000000e+00 1.36799939822255e+00 1.36792273852040e+00 7.66597021542026e-05
3.82000000000000e+00 1.35600525145521e+00 1.35592279258843e+00 8.24588667800441e-05
3.82500000000000e+00 1.34680747105935e+00 1.34671851756181e+00 8.89534975425654e-05
3.83000000000000e+00 1.34050460381658e+00 1.34040946551008e+00 9.51383064957678e-05
3.83500000000000e+00 1.33717761755766e+00 1.33707761791153e+00 9.99996461246155e-05
3.84000000000000e+00 1.33688954979553e+00 1.33678686957979e+00 1.02680215744666e-04
3.84500000000000e+00 1.33968525148000e+00 1.33958262403436e+00 1.02627445636383e-04
3.85000000000000e+00 1.34559120176345e+00 1.34549150281253e+00 9.96989509276514e-05
3.85500000000000e+00 1.35461537483567e+00 1.35452117051728e+00 9.42043183869146e-05
3.86000000000000e+00 1.36674714928559e+00 1.36666027668282e+00 8.68726027698496e-05
3.86500000000000e+00 1.38195726242535e+00 1.38187851481848e+00 7.87476068702109e-05
3.87000000000000e+00 1.40019782430233e+00 1.40012679826999e+00 7.10260323377732e-05
3.87500000000000e+00 1.42140241629061e+00 1.42133755181640e+00 6.48644742087257e-05
3.88000000000000e+00 1.44548630506781e+00 1.44542511720754e+00 6.11878602669869e-05
3.88500000000000e+00 1.47234680306508e+00 1.47228627014469e+00 6.05329203839933e-05
3.89000000000000e+00 1.50186380077259e+00 1.50180084551966e+00 6.29552529303190e-05
3.89500000000000e+00 1.53390048534112e+00 1.53383246706028e+00 6.80182808376895e-05
3.90000000000000e+00 1.56830424545650e+00 1.56822937688661e+00 7.48685698890306e-05
3.90500000000000e+00 1.60490774683562e+00 1.60482535986612e+00 8.23869695074642e-05
3.91000000000000e+00 1.64353014847091e+00 1.64344075707161e+00 8.93913993020856e-05
3.91500000000000e+00 1.68397841927569e+00 1.68388356209650e+00 9.48571791909991e-05
3.92000000000000e+00 1.72604870978066e+00 1.72595059347097e+00 9.81163096906990e-05
3.92500000000000e+00 1.76952773485907e+00 1.76942873595353e+00 9.89989055382168e-05
3.93000000000000e+00 1.81419413099790e+00 1.81409624304787e+00 9.78879500366236e-05
3.93500000000000e+00 1.85981976434079e+00 1.85972409271722e+00 9.56716235687161e-05
3.94000000000000e+00 1.90617098180608e+00 1.90607738794081e+00 9.35938652706358e-05
3.94500000000000e+00 1.95300981473439e+00 1.95291679348016e+00 9.30212542262776e-05
3.95000000000000e+00 2.00009516026115e+00 2.00000000000000e+00 9.51602611485303e-05
3.95500000000000e+00 2.04718397759336e+00 2.04708320651983e+00 1.00771073530126e-04
3.96000000000000e+00 2.09403254268983e+00 2.09392261205918e+00 1.09930630655786e-04
3.96500000000000e+00 2.14039780429914e+00 2.14027590728278e+00 1.21897016356787e-04
3.97000000000000e+00 2.18603887658513e+00 2.18590375695213e+00 1.35119633001946e-04
3.97500000000000e+00 2.23071868932577e+00 2.23057126404647e+00 1.47425279298563e-04
3.98000000000000e+00 2.27420579749257e+00 2.27404940652903e+00 1.56390963540254e-04
3.98500000000000e+00 2.31627633023434e+00 2.31611643790350e+00 1.59892330847011e-04
3.99000000000000e+00 2.35671603765822e+00 2.35655924292839e+00 1.56794729837539e-04
3.99500000000000e+00 2.39532237511587e+00 2.39517464013388e+00 1.47734981988279e-04
4.00000000000000e+00 2.43190655136366e+00 2.43177062311338e+00 1.35928250278639e-04
