variables = x, value-predict, value-true, error
0.00000000000000e+00 2.43188264828393e+00 2.43177062311339e+00 1.12025170542651e-04
5.00000000000000e-03 2.46626627153299e+00 2.46616753293972e+00 9.87385932691431e-05
1.00000000000000e-02 2.49828562152072e+00 2.49819915448034e+00 8.64670403815104e-05
1.50000000000000e-02 2.52778950054163e+00 2.52771372985530e+00 7.57706863261376e-05
2.00000000000000e-02 2.55464116166624e+00 2.55457488279246e+00 6.62788737804121e-05
2.50000000000000e-02 2.57871964061612e+00 2.57866244818360e+00 5.71924325232231e-05
3.00000000000000e-02 2.59992086710215e+00 2.59987320173000e+00 4.76653721408482e-05
3.50000000000000e-02 2.61815854361045e+00 2.61812148518152e+00 3.70584289264286e-05
4.00000000000000e-02 2.63336479315781e+00 2.63333972331718e+00 2.50698406256689e-05
4.50000000000000e-02 2.64549058938416e+00 2.64547882948272e+00 1.17599014406444e-05
5.00000000000000e-02 2.65450599130074e+00 2.65450849718747e+00 2.50588673322838e-06
5.50000000000000e-02 2.66040021032454e+00 2.66041737596564e+00 1.71656410969945e-05
6.00000000000000e-02 2.66318153867863e+00 2.66321313042021e+00 3.15917415862899e-05
6.50000000000000e-02 2.66287716609206e+00 2.66292238208847e+00 4.52159964092758e-05
7.00000000000000e-02 2.65953290667573e+00 2.65959053448992e+00 5.76278141846132e-05
7.50000000000000e-02 2.65321285085912e+00 2.65328148243819e+00 6.86315790692227e-05
8.00000000000000e-02 2.64399894947753e+00 2.64407720741157e+00 7.82579340414813e-05
8.50000000000000e-02 2.63199052964002e+00 2.63207726147960e+00 8.67318395827432e-05
9.00000000000000e-02 2.61730373589790e+00 2.61739814297001e+00 9.44070721140555e-05
9.50000000000000e-02 2.60007088625180e+00 2.60017256772797e+00 1.01681476174065e-04
1.00000000000000e-01 2.58043973113998e+00 2.58054864046305e+00 1.08909323071504e-04
1.05000000000000e-01 2.55857260483798e+00 2.55868893129538e+00 1.16326457396454e-04
1.10000000000000e-01 2.53464546239774e+00 2.53476946319709e+00 1.24000799353929e-04
1.15000000000000e-01 2.50884680076152e+00 2.50897861657418e+00 1.31815812661529e-04
1.20000000000000e-01 2.48137646915751e+00 2.48151595774496e+00 1.39488587444614e-04
1.25000000000000e-01 2.45244438034382e+00 2.45259099854052e+00 1.46618196700476e-04
1.30000000000000e-01 2.42226913975461e+00 2.42242189467697e+00 1.52754922365439e-04
1.35000000000000e-01 2.39107661331266e+00 2.39123409092702e+00 1.57477614363355e-04
1.40000000000000e-01 2.35909845608577e+00 2.35925892144618e+00 1.60465360406814e-04
1.45000000000000e-01 2.32657062293534e+00 2.32673217388556e+00 1.61550950225298e-04
1.50000000000000e-01 2.29373187908607e+00 2.29389262614624e+00 1.60747060171662e-04
1.55000000000000e-01 2.26082232375557e+00 2.26098056479902e+00 1.58241043453966e-04
1.60000000000000e-01 2.22808193449685e+00 2.22823629430637e+00 1.54359809521942e-04
1.65000000000000e-01 2.19574913471478e+00 2.19589864623990e+00 1.49511525121326e-04
1.70000000000000e-01 2.16405938283885e+00 2.16420349768687e+00 1.44114848016574e-04
1.75000000000000e-01 2.13324377956006e+00 2.13338230798255e+00 1.38528422482853e-04
1.80000000000000e-01 2.10352768970256e+00 2.10366068279205e+00 1.32993089493549e-04
1.85000000000000e-01 2.07512937761943e+00 2.07525697439691e+00 1.27596777482530e-04
1.90000000000000e-01 2.04825865899558e+00 2.04838092681811e+00 1.22267822528777e-04
1.95000000000000e-01 2.02311557682426e+00 2.02323237413107e+00 1.16797306803917e-04
2.00000000000000e-01 1.99988911415534e+00 2.00000000000000e+00 1.10885844664566e-04
2.05000000000000e-01 1.97875596006984e+00 1.97886016608158e+00 1.04206011738883e-04
2.10000000000000e-01 1.95987934748506e+00 1.95997581652323e+00 9.64690381726196e-05
2.15000000000000e-01 1.94340798141941e+00 1.94349546531226e+00 8.74838928466293e-05
2.20000000000000e-01 1.92947507421872e+00 1.92955227272105e+00 7.71985023266808e-05
2.25000000000000e-01 1.91819750031019e+00 1.91826321654437e+00 6.57162341790585e-05
2.30000000000000e-01 1.90967507795998e+00 1.90972836324032e+00 5.32852803414308e-05
2.35000000000000e-01 1.90398998009137e+00 1.90403024347033e+00 4.02633789549078e-05
2.40000000000000e-01 1.90120627132798e+00 1.90123333589028e+00 2.70645622990617e-05
2.45000000000000e-01 1.90136956478857e+00 1.90138366237698e+00 1.40975884077577e-05
2.50000000000000e-01 1.90450679026470e+00 1.90450849718747e+00 1.70692277778883e-06
2.55000000000000e-01 1.91062606542456e+00 1.91061619184595e+00 9.87357861470528e-06
2.60000000000000e-01 1.91971666344020e+00 1.91969611683971e+00 2.05466004910004e-05
2.65000000000000e-01 1.93174907346146e+00 1.93171872048530e+00 3.03529761636057e-05
2.70000000000000e-01 1.94667515398568e+00 1.94663570460343e+00 3.94493822479802e-05
2.75000000000000e-01 1.96442838262699e+00 1.96438031592140e+00 4.80667055859918e-05
2.80000000000000e-01 1.98492420835074e+00 1.98486775140779e+00 5.64569429553075e-05
2.85000000000000e-01 2.00806051335038e+00 2.00799567504205e+00 6.48383083330373e-05
2.90000000000000e-01 2.03371819111637e+00 2.03364484283446e+00 7.33482819073039e-05
2.95000000000000e-01 2.06176184490670e+00 2.06167983224433e+00 8.20126623675144e-05
3.00000000000000e-01 2.09204060711578e+00 2.09194987150091e+00 9.07356148687199e-05
3.05000000000000e-01 2.12438907554288e+00 2.12428976371522e+00 9.93118276624294e-05
3.10000000000000e-01 2.15862835801221e+00 2.15852090008677e+00 1.07457925432541e-04
3.15000000000000e-01 2.19456721292467e+00 2.19445235595975e+00 1.14856964923860e-04
3.20000000000000e-01 2.23200327072044e+00 2.23188206297222e+00 1.21207748223107e-04
3.25000000000000e-01 2.27072432024537e+00 2.27059805007310e+00 1.26270172274179e-04
3.30000000000000e-01 2.31050964467911e+00 2.31037974575665e+00 1.29898922455851e-04
3.35000000000000e-01 2.35113139372735e+00 2.35099933348698e+00 1.32060240369380e-04
3.40000000000000e-01 2.39235598169610e+00 2.39222315195700e+00 1.32829739105667e-04
3.45000000000000e-01 2.43394550421269e+00 2.43381313154985e+00 1.32372662841718e-04
3.50000000000000e-01 2.47565916910370e+00 2.47552825814758e+00 1.30910956120278e-04
3.55000000000000e-01 2.51725473877557e+00 2.51712605526309e+00 1.28683512484074e-04
3.60000000000000e-01 2.55848998207972e+00 2.55836407535859e+00 1.25906721130331e-04
3.65000000000000e-01 2.59912413304140e+00 2.59900139115685e+00 1.22741884553523e-04
3.70000000000000e-01 2.63891935219458e+00 2.63880007775179e+00 1.19274442787365e-04
3.75000000000000e-01 2.67764218397163e+00 2.67752667638138e+00 1.15507590243702e-04
3.80000000000000e-01 2.71506500112020e+00 2.71495363083915e+00 1.11370281049794e-04
3.85000000000000e-01 2.75096742492315e+00 2.75086068766886e+00 1.06737254288003e-04
3.90000000000000e-01 2.78513770846133e+00 2.78503625151058e+00 1.01456950746481e-04
3.95000000000000e-01 2.81737406951329e+00 2.81727868724248e+00 9.53822708100738e-05
4.00000000000000e-01 2.84748595999616e+00 2.84739756089084e+00 8.83991053188815e-05
4.05000000000000e-01 2.87529526002304e+00 2.87521481165829e+00 8.04483647489640e-05
4.10000000000000e-01 2.90063738646624e+00 2.90056584784471e+00 7.15386215306424e-05
4.15000000000000e-01 2.92336230808422e+00 2.92330055990464e+00 6.17481795890384e-05
4.20000000000000e-01 2.94333546148886e+00 2.94328424439572e+00 5.12170931341593e-05
4.25000000000000e-01 2.96043856423098e+00 2.96039843312221e+00 4.01311087752099e-05
4.30000000000000e-01 2.97457032287087e+00 2.97454162236171e+00 2.87005091559323e-05
4.35000000000000e-01 2.98564703497369e+00 2.98562989767982e+00 1.71372938635450e-05
4.40000000000000e-01 2.99360308452139e+00 2.99359745048043e+00 5.63404095244024e-06
4.45000000000000e-01 2.99839133033628e+00 2.99839698310739e+00 5.65277111475027e-06
4.50000000000000e-01 2.99998338690147e+00 3.00000000000000e+00 1.66130985346236e-05
4.55000000000000e-01 2.99836979660251e+00 2.99839698310739e+00 2.71865048842024e-05
4.60000000000000e-01 2.99356009206724e+00 2.99359745048043e+00 3.73584131909688e-05
4.65000000000000e-01 2.98558274708838e+00 2.98562989767982e+00 4.71505914396708e-05
4.70000000000000e-01 2.97448501467758e+00 2.97454162236171e+00 5.66076841335139e-05
4.75000000000000e-01 2.96033265117236e+00 2.96039843312221e+00 6.57819498517398e-05
4.80000000000000e-01 2.94320952600328e+00 2.94328424439572e+00 7.47183924394434e-05
4.85000000000000e-01 2.92321711768872e+00 2.92330055990464e+00 8.34422159190495e-05
4.90000000000000e-01 2.90047389778769e+00 2.90056584784471e+00 9.19500570217835e-05
4.95000000000000e-01 2.87511460581964e+00 2.87521481165829e+00 1.00205838657441e-04
5.00000000000000e-01 2.84728941945693e+00 2.84739756089084e+00 1.08141433911690e-04
5.05000000000000e-01 2.81716302552579e+00 2.81727868724248e+00 1.15661716686422e-04
5.10000000000000e-01 2.78491359843893e+00 2.78503625151058e+00 1.22653071645829e-04
5.15000000000000e-01 2.75073169357867e+00 2.75086068766886e+00 1.28994090186296e-04
5.20000000000000e-01 2.71481906382348e+00 2.71495363083915e+00 1.34567015668718e-04
5.25000000000000e-01 2.67738740786047e+00 2.67752667638138e+00 1.39268520913394e-04
5.30000000000000e-01 2.63865705916682e+00 2.63880007775179e+00 1.43018584966459e-04
5.35000000000000e-01 2.59885562460800e+00 2.59900139115685e+00 1.45766548850457e-04
5.40000000000000e-01 2.55821658153397e+00 2.55836407535859e+00 1.47493824619538e-04
5.45000000000000e-01 2.51697784210453e+00 2.51712605526309e+00 1.48213158556398e-04
5.50000000000000e-01 2.47538029339141e+00 2.47552825814758e+00 1.47964756168406e-04
5.55000000000000e-01 2.43366632162918e+00 2.43381313154985e+00 1.46809920666069e-04
5.60000000000000e-01 2.39207832885379e+00 2.39222315195700e+00 1.44823103207070e-04
5.65000000000000e-01 2.35085725009606e+00 2.35099933348698e+00 1.42083390915371e-04
5.70000000000000e-01 2.31024107929545e+00 2.31037974575665e+00 1.38666461197090e-04
5.75000000000000e-01 2.27046341215856e+00 2.27059805007310e+00 1.34637914537716e-04
5.80000000000000e-01 2.23175201428883e+00 2.23188206297222e+00 1.30048683387951e-04
5.85000000000000e-01 2.19432742302925e+00 2.19445235595975e+00 1.24932930503086e-04
5.90000000000000e-01 2.15840159155356e+00 2.15852090008677e+00 1.19308533212070e-04
5.95000000000000e-01 2.12417658377806e+00 2.12428976371522e+00 1.13179937155650e-04
6.00000000000000e-01 2.09184332860972e+00 2.09194987150091e+00 1.06542891189054e-04
6.05000000000000e-01 2.06158044187107e+00 2.06167983224433e+00 9.93903732653401e-05
6.10000000000000e-01 2.03355312392813e+00 2.03364484283446e+00 9.17189063316393e-05
6.15000000000000e-01 2.00791214058874e+00 2.00799567504205e+00 8.35344533056670e-05
6.20000000000000e-01 1.98479289423999e+00 1.98486775140779e+00 7.48571677944287e-05
6.25000000000000e-01 1.96431459147209e+00 1.96438031592140e+00 6.57244493131870e-05
6.30000000000000e-01 1.94657951262002e+00 1.94663570460343e+00 5.61919834138891e-05
6.35000000000000e-01 1.93167238777625e+00 1.93171872048530e+00 4.63327090487464e-05
6.40000000000000e-01 1.91965988292661e+00 1.91969611683971e+00 3.62339131012579e-05
6.45000000000000e-01 1.91059019897175e+00 1.91061619184595e+00 2.59928742023519e-05
6.50000000000000e-01 1.90449278555042e+00 1.90450849718747e+00 1.57116370560484e-05
6.55000000000000e-01 1.90137817080066e+00 1.90138366237698e+00 5.49157631990482e-06
6.60000000000000e-01 1.90123790749126e+00 1.90123333589028e+00 4.57160098310538e-06
6.65000000000000e-01 1.90404463533031e+00 1.90403024347033e+00 1.43918599866399e-05
6.70000000000000e-01 1.90975225869749e+00 1.90972836324032e+00 2.38954571711858e-05
6.75000000000000e-01 1.91829623853211e+00 1.91826321654437e+00 3.30219877364701e-05
6.80000000000000e-01 1.92959399661522e+00 1.92955227272105e+00 4.17238941718967e-05
6.85000000000000e-01 1.94354542998292e+00 1.94349546531226e+00 4.99646706577650e-05
6.90000000000000e-01 1.96003353267784e+00 1.95997581652323e+00 5.77161546062577e-05
6.95000000000000e-01 1.97892512146952e+00 1.97886016608158e+00 6.49553879445985e-05
7.00000000000000e-01 2.00007166154632e+00 2.00000000000000e+00 7.16615463183246e-05
7.05000000000000e-01 2.02331018750846e+00 2.02323237413106e+00 7.78133773997602e-05
7.10000000000000e-01 2.04846431428944e+00 2.04838092681811e+00 8.33874713319638e-05
7.15000000000000e-01 2.07534533192691e+00 2.07525697439691e+00 8.83575300010264e-05
7.20000000000000e-01 2.10375337742622e+00 2.10366068279205e+00 9.26946341675006e-05
7.25000000000000e-01 2.13347867633761e+00 2.13338230798255e+00 9.63683550665451e-05
7.30000000000000e-01 2.16430284613186e+00 2.16420349768687e+00 9.93484449876014e-05
7.35000000000000e-01 2.19600025302330e+00 2.19589864623990e+00 1.01606783404762e-04
7.40000000000000e-01 2.22833941356426e+00 2.22823629430637e+00 1.03119257885975e-04
7.45000000000000e-01 2.26108443211497e+00 2.26098056479902e+00 1.03867315949024e-04
7.50000000000000e-01 2.29399646516643e+00 2.29389262614624e+00 1.03839020191288e-04
7.55000000000000e-01 2.32683520343878e+00 2.32673217388556e+00 1.03029553216949e-04
7.60000000000000e-01 2.35936036267373e+00 2.35925892144618e+00 1.01441227546406e-04
7.65000000000000e-01 2.39133317406480e+00 2.39123409092702e+00 9.90831377811752e-05
7.70000000000000e-01 2.42251786531091e+00 2.42242189467697e+00 9.59706339402899e-05
7.75000000000000e-01 2.45268312333093e+00 2.45259099854052e+00 9.21247904086542e-05
7.80000000000000e-01 2.48160352974414e+00 2.48151595774496e+00 8.75719991841883e-05
7.85000000000000e-01 2.50906096031672e+00 2.50897861657418e+00 8.23437425379048e-05
7.90000000000000e-01 2.53484593971458e+00 2.53476946319709e+00 7.64765174894322e-05
7.95000000000000e-01 2.55875894310878e+00 2.55868893129538e+00 7.00118134049355e-05
8.00000000000000e-01 2.58061163646487e+00 2.58054864046305e+00 6.29960018221354e-05
8.05000000000000e-01 2.60022804772353e+00 2.60017256772797e+00 5.54799955585494e-05
8.10000000000000e-01 2.61744566154395e+00 2.61739814297001e+00 4.75185739432504e-05
8.15000000000000e-01 2.63211643082430e+00 2.63207726147960e+00 3.91693446988306e-05
8.20000000000000e-01 2.64410769881645e+00 2.64407720741157e+00 3.04914048734339e-05
8.25000000000000e-01 2.65330302629078e+00 2.65328148243819e+00 2.15438525912326e-05
8.30000000000000e-01 2.65960291885604e+00 2.65959053448992e+00 1.23843661214984e-05
8.35000000000000e-01 2.66292545017953e+00 2.66292238208847e+00 3.06809106520589e-06
8.40000000000000e-01 2.66320677746901e+00 2.66321313042021e+00 6.35295120421375e-06
8.45000000000000e-01 2.66040154616847e+00 2.66041737596564e+00 1.58297971686316e-05
8.50000000000000e-01 2.65448318139223e+00 2.65450849718747e+00 2.53157952423422e-05
8.55000000000000e-01 2.64544406419137e+00 2.64547882948272e+00 3.47652913434970e-05
8.60000000000000e-01 2.63329559133641e+00 2.63333972331718e+00 4.41319807760188e-05
8.65000000000000e-01 2.61806811793026e+00 2.61812148518153e+00 5.33672512643690e-05
8.70000000000000e-01 2.59981078285391e+00 2.59987320173000e+00 6.24188760940392e-05
8.75000000000000e-01 2.57859121779941e+00 2.57866244818360e+00 7.12303841834405e-05
8.80000000000000e-01 2.55449514145649e+00 2.55457488279246e+00 7.97413359636678e-05
8.85000000000000e-01 2.52762584127026e+00 2.52771372985530e+00 8.78885850403854e-05
8.90000000000000e-01 2.49810354604996e+00 2.49819915448034e+00 9.56084303709304e-05
8.95000000000000e-01 2.46606469354568e+00 2.46616753293972e+00 1.02839394035659e-04
9.00000000000000e-01 2.43166109788515e+00 2.43177062311339e+00 1.09525228240148e-04
9.05000000000000e-01 2.39505902244586e+00 2.39517464013388e+00 1.15617688022596e-04
9.10000000000000e-01 2.35643816430905e+00 2.35655924292839e+00 1.21078619340409e-04
9.15000000000000e-01 2.31599055689693e+00 2.31611643790350e+00 1.25881006567408e-04
9.20000000000000e-01 2.27391939774451e+00 2.27404940652903e+00 1.30008784514857e-04
9.25000000000000e-01 2.23043780862553e+00 2.23057126404647e+00 1.33455420940010e-04
9.30000000000000e-01 2.18576753547128e+00 2.18590375695213e+00 1.36221480852683e-04
9.35000000000000e-01 2.14013759572538e+00 2.14027590728277e+00 1.38311557392079e-04
9.40000000000000e-01 2.09378288099454e+00 2.09392261205918e+00 1.39731064639381e-04
9.45000000000000e-01 2.04694272310393e+00 2.04708320651983e+00 1.40483415898007e-04
9.50000000000000e-01 1.99985943194808e+00 2.00000000000000e+00 1.40568051918422e-04
9.55000000000000e-01 1.95277681383149e+00 1.95291679348017e+00 1.39979648672739e-04
9.60000000000000e-01 1.90593867929437e+00 1.90607738794082e+00 1.38708646453489e-04
9.65000000000000e-01 1.85958734968248e+00 1.85972409271723e+00 1.36743034751419e-04
9.70000000000000e-01 1.81396217191391e+00 1.81409624304787e+00 1.34071133962577e-04
9.75000000000000e-01 1.76929805098713e+00 1.76942873595353e+00 1.30684966398453e-04
9.80000000000000e-01 1.72582400974484e+00 1.72595059347097e+00 1.26583726130169e-04
9.85000000000000e-01 1.68376178524669e+00 1.68388356209650e+00 1.21776849810740e-04
9.90000000000000e-01 1.64332447081717e+00 1.64344075707161e+00 1.16286254440823e-04
9.95000000000000e-01 1.60471521243596e+00 1.60482535986612e+00 1.10147430155250e-04
1.00000000000000e+00 1.56812596765238e+00 1.56822937688661e+00 1.03409234232910e-04
1.00500000000000e+00 1.53373633465792e+00 1.53383246706028e+00 9.61324023600607e-05
1.01000000000000e+00 1.50171245856804e+00 1.50180084551966e+00 8.83869516290492e-05
1.01500000000000e+00 1.47220602136751e+00 1.47228627014470e+00 8.02487771893734e-05
1.02000000000000e+00 1.44535332137905e+00 1.44542511720755e+00 7.17958284917053e-05
1.02500000000000e+00 1.42127444753078e+00 1.42133755181640e+00 6.31042856218400e-05
1.03000000000000e+00 1.40007255312760e+00 1.40012679827000e+00 5.42451423992674e-05
1.03500000000000e+00 1.38183323327268e+00 1.38187851481848e+00 4.52815457925304e-05
1.04000000000000e+00 1.36662400953219e+00 1.36666027668282e+00 3.62671506215495e-05
1.04500000000000e+00 1.35449392488235e+00 1.35452117051728e+00 2.72456349392769e-05
1.05000000000000e+00 1.34547325141543e+00 1.34549150281253e+00 1.82513970945486e-05
1.05500000000000e+00 1.33957331270293e+00 1.33958262403436e+00 9.31133143167173e-06
1.06000000000000e+00 1.33678642211279e+00 1.33678686957979e+00 4.47466990349810e-07
1.06500000000000e+00 1.33708593774949e+00 1.33707761791153e+00 8.31983795768210e-06
1.07000000000000e+00 1.34042643402457e+00 1.34040946551008e+00 1.69685144859599e-05
1.07500000000000e+00 1.34674398917143e+00 1.34671851756181e+00 2.54716096179664e-05
1.08000000000000e+00 1.35595658729008e+00 1.35592279258843e+00 3.37947016562090e-05
1.08500000000000e+00 1.36796463275082e+00 1.36792273852040e+00 4.18942304254433e-05
1.09000000000000e+00 1.38265157400703e+00 1.38260185702999e+00 4.97169770374839e-05
1.09500000000000e+00 1.39988463307902e+00 1.39982743227203e+00 5.72008069923413e-05
1.10000000000000e+00 1.41951563618874e+00 1.41945135953695e+00 6.42766517877646e-05
1.10500000000000e+00 1.44138194026785e+00 1.44131106870462e+00 7.08715632338208e-05
1.11000000000000e+00 1.46530744934946e+00 1.46523053680291e+00 7.69125465571729e-05
1.11500000000000e+00 1.49110371420628e+00 1.49102138342582e+00 8.23307804564966e-05
1.12000000000000e+00 1.51857110803147e+00 1.51848404225504e+00 8.70657764302507e-05
1.12500000000000e+00 1.54750007048514e+00 1.54740900145948e+00 9.10690256605839e-05
1.13000000000000e+00 1.57767241205466e+00 1.57757810532303e+00 9.43067316314661e-05
1.13500000000000e+00 1.60886267039853e+00 1.60876590907298e+00 9.67613255469235e-05
1.14000000000000e+00 1.64083951015325e+00 1.64074107855382e+00 9.84315994301266e-05
1.14500000000000e+00 1.67336715756572e+00 1.67326782611444e+00 9.93314512851562e-05
1.15000000000000e+00 1.70620686125199e+00 1.70610737385376e+00 9.94873982285149e-05
1.15500000000000e+00 1.73911837035816e+00 1.73901943520098e+00 9.89351571765162e-05
1.16000000000000e+00 1.77186142139288e+00 1.77176370569363e+00 9.77156992538752e-05
1.16500000000000e+00 1.80419722500114e+00 1.80410135376010e+00 9.58712410392693e-05
1.17000000000000e+00 1.83588994394800e+00 1.83579650231313e+00 9.34416348705724e-05
1.17500000000000e+00 1.86670815358074e+00 1.86661769201745e+00 9.04615632850714e-05
1.18000000000000e+00 1.89642627604405e+00 1.89633931720795e+00 8.69588360996598e-05
1.18500000000000e+00 1.92482597955055e+00 1.92474302560309e+00 8.29539474600516e-05
1.19000000000000e+00 1.95169753407485e+00 1.95161907318189e+00 7.84608929540465e-05
1.19500000000000e+00 1.97684111496192e+00 1.97676762586894e+00 7.34890929801058e-05
1.20000000000000e+00 2.00006804613828e+00 2.00000000000000e+00 6.80461382820408e-05
1.20500000000000e+00 2.02120197490045e+00 2.02113983391842e+00 6.21409820298346e-05
1.21000000000000e+00 2.04007997063715e+00 2.04002418347677e+00 5.57871603810156e-05
1.21500000000000e+00 2.05655354032170e+00 2.05650453468774e+00 4.90056339605971e-05
1.22000000000000e+00 2.07048955418199e+00 2.07044772727895e+00 4.18269030348917e-05
1.22500000000000e+00 2.08177107560503e+00 2.08173678345563e+00 3.42921494045356e-05
1.23000000000000e+00 2.09029809004464e+00 2.09027163675968e+00 2.64532849527654e-05
1.23500000000000e+00 2.09598812845206e+00 2.09596975652967e+00 1.83719223842971e-05
1.24000000000000e+00 2.09877678152178e+00 2.09876666410972e+00 1.01174120539227e-05
1.24500000000000e+00 2.09861810181574e+00 2.09861633762302e+00 1.76419272168715e-06
1.25000000000000e+00 2.09548489158612e+00 2.09549150281253e+00 6.61122641076872e-06
1.25500000000000e+00 2.08936887484545e+00 2.08938380815405e+00 1.49333086021386e-05
1.26000000000000e+00 2.08028075293015e+00 2.08030388316029e+00 2.31302301409997e-05
1.26500000000000e+00 2.06825014346757e+00 2.06828127951470e+00 3.11360471347832e-05
1.27000000000000e+00 2.05332540329329e+00 2.05336429539657e+00 3.88921032792311e-05
1.27500000000000e+00 2.03557333648137e+00 2.03561968407860e+00 4.63475972245497e-05
1.28000000000000e+00 2.01507878925620e+00 2.01513224859221e+00 5.34593360081992e-05
1.28500000000000e+00 1.99194413415874e+00 1.99200432495795e+00 6.01907992123785e-05
1.29000000000000e+00 1.96628864645077e+00 1.96635515716554e+00 6.65107147710398e-05
1.29500000000000e+00 1.93824777636200e+00 1.93832016775567e+00 7.23913936719889e-05
1.30000000000000e+00 1.90797232141619e+00 1.90805012849909e+00 7.78070828950650e-05
1.30500000000000e+00 1.87562750371125e+00 1.87571023628478e+00 8.27325735357487e-05
1.31000000000000e+00 1.84139195766312e+00 1.84147909991323e+00 8.71422501087515e-05
1.31500000000000e+00 1.80545663434595e+00 1.80554764404025e+00 9.10096943056438e-05
1.32000000000000e+00 1.76802362915396e+00 1.76811793702778e+00 9.43078738175895e-05
1.32500000000000e+00 1.72930494006201e+00 1.72940194992690e+00 9.70098648918061e-05
1.33000000000000e+00 1.68952116425637e+00 1.68962025424335e+00 9.90899869750539e-05
1.33500000000000e+00 1.64890014133476e+00 1.64900066651302e+00 1.00525178264199e-04
1.34000000000000e+00 1.60767555162601e+00 1.60777684804300e+00 1.01296416995744e-04
1.34500000000000e+00 1.56608547845255e+00 1.56618686845015e+00 1.01389997599455e-04
1.35000000000000e+00 1.52437094335176e+00 1.52447174185242e+00 1.00798500658028e-04
1.35500000000000e+00 1.48277442339079e+00 1.48287394473691e+00 9.95213461194577e-05
1.36000000000000e+00 1.44153835975940e+00 1.44163592464141e+00 9.75648820120689e-05
1.36500000000000e+00 1.40090366681646e+00 1.40099860884315e+00 9.49420266915801e-05
1.37000000000000e+00 1.36110825070583e+00 1.36119992224821e+00 9.16715423762149e-05
1.37500000000000e+00 1.32238554655615e+00 1.32247332361862e+00 8.77770624700958e-05
1.38000000000000e+00 1.28496308314030e+00 1.28504636916085e+00 8.32860205495223e-05
1.38500000000000e+00 1.24906108370067e+00 1.24913931233114e+00 7.82286304703561e-05
1.39000000000000e+00 1.21489111144201e+00 1.21496374848942e+00 7.26370474091187e-05
1.39500000000000e+00 1.18265476795593e+00 1.18272131275752e+00 6.65448015924053e-05
1.40000000000000e+00 1.15254245256249e+00 1.15260243910916e+00 5.99865466708316e-05
1.40500000000000e+00 1.12473219023037e+00 1.12478518834171e+00 5.29981113324141e-05
1.41000000000000e+00 1.09938853536146e+00 1.09943415215529e+00 4.56167938303054e-05
1.41500000000000e+00 1.07666155829385e+00 1.07669944009536e+00 3.78818015107640e-05
1.42000000000000e+00 1.05668592088718e+00 1.05671575560428e+00 2.98347171008295e-05
1.42500000000000e+00 1.03958004700554e+00 1.03960156687779e+00 2.15198722512966e-05
1.43000000000000e+00 1.02544539311188e+00 1.02545837763829e+00 1.29845264096318e-05
1.43500000000000e+00 1.01436582353803e+00 1.01437010232018e+00 4.27878214304123e-06
1.44000000000000e+00 1.00640709430857e+00 1.00640254951957e+00 4.54478900691058e-06
1.44500000000000e+00 1.00161644868309e+00 1.00160301689261e+00 1.34317904794123e-05
1.45000000000000e+00 1.00002232685316e+00 1.00000000000000e+00 2.23268531551746e-05
1.45500000000000e+00 1.00163419149694e+00 1.00160301689261e+00 3.11746043322181e-05
1.46000000000000e+00 1.00644247016488e+00 1.00640254951957e+00 3.99206453152168e-05
1.46500000000000e+00 1.01441861475099e+00 1.01437010232018e+00 4.85124308096108e-05
1.47000000000000e+00 1.02551527759938e+00 1.02545837763829e+00 5.68999610961463e-05
1.47500000000000e+00 1.03966660310623e+00 1.03960156687779e+00 6.50362284386752e-05
1.48000000000000e+00 1.05678863300231e+00 1.05671575560428e+00 7.28773980291919e-05
1.48500000000000e+00 1.07677982283940e+00 1.07669944009536e+00 8.03827440321037e-05
1.49000000000000e+00 1.09952166655267e+00 1.09943415215529e+00 8.75143973861903e-05
1.49500000000000e+00 1.12487942532948e+00 1.12478518834171e+00 9.42369877714455e-05
1.50000000000000e+00 1.15270295638331e+00 1.15260243910916e+00 1.00517274155720e-04
1.50500000000000e+00 1.18282763661311e+00 1.18272131275752e+00 1.06323855584289e-04
1.51000000000000e+00 1.21507537552563e+00 1.21496374848942e+00 1.11627036207818e-04
1.51500000000000e+00 1.24925571122132e+00 1.24913931233114e+00 1.16398890178004e-04
1.52000000000000e+00 1.28516698269797e+00 1.28504636916085e+00 1.20613537118119e-04
1.52500000000000e+00 1.32259757122157e+00 1.32247332361862e+00 1.24247602953043e-04
1.53000000000000e+00 1.36132720305821e+00 1.36119992224821e+00 1.27280809998798e-04
1.53500000000000e+00 1.40112830546164e+00 1.40099860884315e+00 1.29696618495823e-04
1.54000000000000e+00 1.44176740747381e+00 1.44163592464141e+00 1.31482832401719e-04
1.54500000000000e+00 1.48300657682345e+00 1.48287394473691e+00 1.32632086543349e-04
1.55000000000000e+00 1.52460488400114e+00 1.52447174185242e+00 1.33142148713183e-04
1.55500000000000e+00 1.56631988444641e+00 1.56618686845015e+00 1.33015996262031e-04
1.56000000000000e+00 1.60790910970115e+00 1.60777684804300e+00 1.32261658144062e-04
1.56500000000000e+00 1.64913155835776e+00 1.64900066651302e+00 1.30891844746239e-04
1.57000000000000e+00 1.68974917765875e+00 1.68962025424335e+00 1.28923415398496e-04
1.57500000000000e+00 1.72952832667949e+00 1.72940194992690e+00 1.26376752586754e-04
1.58000000000000e+00 1.76824121214824e+00 1.76811793702778e+00 1.23275120454069e-04
1.58500000000000e+00 1.80566728812292e+00 1.80554764404025e+00 1.19644082670955e-04
1.59000000000000e+00 1.84159461095481e+00 1.84147909991323e+00 1.15511041584915e-04
1.59500000000000e+00 1.87582114122463e+00 1.87571023628478e+00 1.10904939845335e-04
1.60000000000000e+00 1.90815598463924e+00 1.90805012849909e+00 1.05856140154348e-04
1.60500000000000e+00 1.93842056422842e+00 1.93832016775567e+00 1.00396472750619e-04
1.61000000000000e+00 1.96644971658263e+00 1.96635515716554e+00 9.45594170915776e-05
1.61500000000000e+00 1.99209270532493e+00 1.99200432495795e+00 8.83803669802230e-05
1.62000000000000e+00 2.01521414551101e+00 2.01513224859221e+00 8.18969187941221e-05
1.62500000000000e+00 2.03569483319980e+00 2.03561968407860e+00 7.51491212036548e-05
1.63000000000000e+00 2.05343247502797e+00 2.05336429539657e+00 6.81796313988237e-05
1.63500000000000e+00 2.06834231324983e+00 2.06828127951470e+00 6.10337351312218e-05
1.64000000000000e+00 2.08035764236471e+00 2.08030388316029e+00 5.37592044209667e-05
1.64500000000000e+00 2.08943021413871e+00 2.08938380815405e+00 4.64059846558840e-05
1.65000000000000e+00 2.09553052853191e+00 2.09549150281253e+00 3.90257193876309e-05
1.65500000000000e+00 2.09864800875913e+00 2.09861633762302e+00 3.16711361150190e-05
1.66000000000000e+00 2.09879105943613e+00 2.09876666410972e+00 2.43953264109642e-05
1.66500000000000e+00 2.09598700749054e+00 2.09596975652967e+00 1.72509608686866e-05
1.67000000000000e+00 2.09028192624167e+00 2.09027163675968e+00 1.02894819913324e-05
1.67500000000000e+00 2.08174034377366e+00 2.08173678345563e+00 3.56031803194767e-06
1.68000000000000e+00 2.07044483743691e+00 2.07044772727895e+00 2.88984204654952e-06
1.68500000000000e+00 2.05649551701136e+00 2.05650453468774e+00 9.01767638517015e-06
1.69000000000000e+00 2.04000939974653e+00 2.04002418347677e+00 1.47837302360010e-05
1.69500000000000e+00 2.02111968115434e+00 2.02113983391842e+00 2.01527640775190e-05
1.70000000000000e+00 1.99997490606671e+00 2.00000000000000e+00 2.50939332868683e-05
1.70500000000000e+00 1.97673804507698e+00 1.97676762586893e+00 2.95807919545865e-05
1.71000000000000e+00 1.95158548205812e+00 1.95161907318189e+00 3.35911237758779e-05
1.71500000000000e+00 1.92470591898773e+00 1.92474302560309e+00 3.71066153523891e-05
1.72000000000000e+00 1.89629920480787e+00 1.89633931720795e+00 4.01124000803943e-05
1.72500000000000e+00 1.86657509550360e+00 1.86661769201745e+00 4.25965138521889e-05
1.73000000000000e+00 1.83575195299778e+00 1.83579650231313e+00 4.45493153504728e-05
1.73500000000000e+00 1.80405539082824e+00 1.80410135376010e+00 4.59629318605437e-05
1.74000000000000e+00 1.77171687489896e+00 1.77176370569363e+00 4.68307946634994e-05
1.74500000000000e+00 1.73897228787622e+00 1.73901943520098e+00 4.71473247609655e-05
1.75000000000000e+00 1.70606046603474e+00 1.70610737385376e+00 4.69078190246108e-05
1.75500000000000e+00 1.67322171754524e+00 1.67326782611444e+00 4.61085691938479e-05
1.76000000000000e+00 1.64069633133165e+00 1.64074107855382e+00 4.47472221682954e-05
1.76500000000000e+00 1.60872308571025e+00 1.60876590907298e+00 4.28233627258745e-05
1.77000000000000e+00 1.57753776605187e+00 1.57757810532303e+00 4.03392711549877e-05
1.77500000000000e+00 1.54737170067676e+00 1.54740900145948e+00 3.73007827167982e-05
1.78000000000000e+00 1.51845032409865e+00 1.51848404225504e+00 3.37181563869748e-05
1.78500000000000e+00 1.49099177657555e+00 1.49102138342582e+00 2.96068502723124e-05
1.79000000000000e+00 1.46520554870050e+00 1.46523053680291e+00 2.49881024103615e-05
1.79500000000000e+00 1.44129117947519e+00 1.44131106870462e+00 1.98892294314135e-05
1.80000000000000e+00 1.41943701595599e+00 1.41945135953695e+00 1.43435809647485e-05
1.80500000000000e+00 1.39981904214967e+00 1.39982743227203e+00 8.39012235487324e-06
1.81000000000000e+00 1.38259978437155e+00 1.38260185702999e+00 2.07265843643611e-06
1.81500000000000e+00 1.36792729976760e+00 1.36792273852040e+00 4.56124719949713e-06
1.82000000000000e+00 1.35593425415482e+00 1.35592279258843e+00 1.14615663950879e-05
1.82500000000000e+00 1.34673709475659e+00 1.34671851756181e+00 1.85771947780466e-05
1.83000000000000e+00 1.34043532281062e+00 1.34040946551008e+00 2.58573005385010e-05
1.83500000000000e+00 1.33711087041297e+00 1.33707761791153e+00 3.32525014390406e-05
1.84000000000000e+00 1.33682758533571e+00 1.33678686957979e+00 4.07157559285665e-05
1.84500000000000e+00 1.33963082692197e+00 1.33958262403436e+00 4.82028876136464e-05
1.85000000000000e+00 1.34554717552001e+00 1.34549150281253e+00 5.56727074867425e-05
1.85500000000000e+00 1.35458425726709e+00 1.35452117051728e+00 6.30867498019327e-05
1.86000000000000e+00 1.36673068537098e+00 1.36666027668282e+00 7.04086881584409e-05
1.86500000000000e+00 1.38195611836087e+00 1.38187851481848e+00 7.76035423890598e-05
1.87000000000000e+00 1.40021143508635e+00 1.40012679827000e+00 8.46368163536226e-05
1.87500000000000e+00 1.42142902553448e+00 1.42133755181640e+00 9.14737180774949e-05
1.88000000000000e+00 1.44552319581106e+00 1.44542511720755e+00 9.80786035134074e-05
1.88500000000000e+00 1.47239068489912e+00 1.47228627014470e+00 1.04414754423132e-04
1.89000000000000e+00 1.50191129007190e+00 1.50180084551967e+00 1.10444552233302e-04
1.89500000000000e+00 1.53394859711096e+00 1.53383246706028e+00 1.16130050677121e-04
1.90000000000000e+00 1.56835081077422e+00 1.56822937688661e+00 1.21433887610323e-04
1.90500000000000e+00 1.60495168028714e+00 1.60482535986612e+00 1.26320421028225e-04
1.91000000000000e+00 1.64357151400574e+00 1.64344075707161e+00 1.30756934125120e-04
1.91500000000000e+00 1.68401827683366e+00 1.68388356209650e+00 1.34714737153763e-04
1.92000000000000e+00 1.72608876347401e+00 1.72595059347097e+00 1.38170003045390e-04
1.92500000000000e+00 1.76956984016337e+00 1.76942873595353e+00 1.41104209840481e-04
1.93000000000000e+00 1.81423974716975e+00 1.81409624304787e+00 1.43504121883797e-04
1.93500000000000e+00 1.85986945403158e+00 1.85972409271723e+00 1.45361314351833e-04
1.94000000000000e+00 1.90622405926313e+00 1.90607738794082e+00 1.46671322311498e-04
1.94500000000000e+00 1.95306422604268e+00 1.95291679348017e+00 1.47432562517258e-04
1.95000000000000e+00 2.00014764522242e+00 2.00000000000000e+00 1.47645222416282e-04
1.95500000000000e+00 2.04723051684720e+00 2.04708320651983e+00 1.47310327367478e-04
1.96000000000000e+00 2.09406904123769e+00 2.09392261205918e+00 1.46429178508267e-04
1.96500000000000e+00 2.14042091058387e+00 2.14027590728277e+00 1.45003301093904e-04
1.97000000000000e+00 2.18604679191494e+00 2.18590375695213e+00 1.43034962814426e-04
1.97500000000000e+00 2.23071179227123e+00 2.23057126404646e+00 1.40528224767067e-04
1.98000000000000e+00 2.27418689691888e+00 2.27404940652903e+00 1.37490389851003e-04
1.98500000000000e+00 2.31625037153362e+00 2.31611643790350e+00 1.33933630118932e-04
1.99000000000000e+00 2.35668911944968e+00 2.35655924292839e+00 1.29876521292704e-04
1.99500000000000e+00 2.39529998533382e+00 2.39517464013388e+00 1.25345199937232e-04
2.00000000000000e+00 2.43189099700536e+00 2.43177062311339e+00 1.20373891967951e-04
2.00500000000000e+00 2.46628253757731e+00 2.46616753293972e+00 1.15004637591287e-04
2.01000000000000e+00 2.49830844062834e+00 2.49819915448034e+00 1.09286148008980e-04
2.01500000000000e+00 2.52781700171353e+00 2.52771372985530e+00 1.03271858231224e-04
2.02000000000000e+00 2.55467190016053e+00 2.55457488279245e+00 9.70173680752140e-05
2.02500000000000e+00 2.57875302575370e+00 2.57866244818359e+00 9.05775701078859e-05
2.03000000000000e+00 2.59995720556094e+00 2.59987320173000e+00 8.40038309335434e-05
2.03500000000000e+00 2.61819882678986e+00 2.61812148518152e+00 7.73416083408307e-05
2.04000000000000e+00 2.63341035216422e+00 2.63333972331718e+00 7.06288470366800e-05
2.04500000000000e+00 2.64554272488514e+00 2.64547882948272e+00 6.38954024236860e-05
2.05000000000000e+00 2.65456566079621e+00 2.65450849718747e+00 5.71636087380867e-05
2.05500000000000e+00 2.66046782591718e+00 2.66041737596564e+00 5.04499515456835e-05
2.06000000000000e+00 2.66325689806878e+00 2.66321313042021e+00 4.37676485631755e-05
2.06500000000000e+00 2.66295951189696e+00 2.66292238208847e+00 3.71298084931304e-05
2.07000000000000e+00 2.65962108723498e+00 2.65959053448992e+00 3.05527450663590e-05
2.07500000000000e+00 2.65330554142463e+00 2.65328148243819e+00 2.40589864417551e-05
2.08000000000000e+00 2.64409488695500e+00 2.64407720741157e+00 1.76795434221333e-05
2.08500000000000e+00 2.63208871656140e+00 2.63207726147960e+00 1.14550817982284e-05
2.09000000000000e+00 2.61740357874358e+00 2.61739814297001e+00 5.43577356770797e-06
2.09500000000000e+00 2.60017224749012e+00 2.60017256772797e+00 3.20237853124183e-07
2.10000000000000e+00 2.58054289081143e+00 2.58054864046305e+00 5.74965162147834e-06
2.10500000000000e+00 2.55867814346165e+00 2.55868893129538e+00 1.07878337352041e-05
2.11000000000000e+00 2.53475408994778e+00 2.53476946319710e+00 1.53732493188841e-05
2.11500000000000e+00 2.50895916456347e+00 2.50897861657418e+00 1.94520107132945e-05
2.12000000000000e+00 2.48149297573151e+00 2.48151595774496e+00 2.29820134545200e-05
2.12500000000000e+00 2.45256506238579e+00 2.45259099854052e+00 2.59361547310100e-05
2.13000000000000e+00 2.42239359046741e+00 2.42242189467697e+00 2.83042095645669e-05
2.13500000000000e+00 2.39120399785527e+00 2.39123409092702e+00 3.00930717491710e-05
2.14000000000000e+00 2.35922759620666e+00 2.35925892144618e+00 3.13252395218733e-05
2.14500000000000e+00 2.32670013826143e+00 2.32673217388556e+00 3.20356241387820e-05
2.15000000000000e+00 2.29386035918179e+00 2.29389262614624e+00 3.22669644474693e-05
2.15500000000000e+00 2.26094850047910e+00 2.26098056479902e+00 3.20643199245296e-05
2.16000000000000e+00 2.22820482504118e+00 2.22823629430637e+00 3.14692651981474e-05
2.16500000000000e+00 2.19586813174137e+00 2.19589864623990e+00 3.05144985310868e-05
2.17000000000000e+00 2.16417427810084e+00 2.16420349768687e+00 2.92195860356337e-05
2.17500000000000e+00 2.13335471950184e+00 2.13338230798255e+00 2.75884807030558e-05
2.18000000000000e+00 2.10363507351153e+00 2.10366068279205e+00 2.56092805268615e-05
2.18500000000000e+00 2.07523371796354e+00 2.07525697439691e+00 2.32564333750851e-05
2.19000000000000e+00 2.04836043153349e+00 2.04838092681811e+00 2.04952846170059e-05
2.19500000000000e+00 2.02321508559851e+00 2.02323237413107e+00 1.72885325584460e-05
2.20000000000000e+00 1.99998639614656e+00 2.00000000000000e+00 1.36038534384042e-05
2.20500000000000e+00 1.97885074435361e+00 1.97886016608158e+00 9.42172796958296e-06
2.21000000000000e+00 1.95997107413539e+00 1.95997581652323e+00 4.74238783931824e-06
2.21500000000000e+00 1.94349587448048e+00 1.94349546531226e+00 4.09168219972500e-07
2.22000000000000e+00 1.92955825367447e+00 1.92955227272105e+00 5.98095342829730e-06
2.22500000000000e+00 1.91827511164920e+00 1.91826321654437e+00 1.18951048295735e-05
2.23000000000000e+00 1.90974641567391e+00 1.90972836324032e+00 1.80524335904320e-05
2.23500000000000e+00 1.90405458350810e+00 1.90403024347033e+00 2.43400377752945e-05
2.24000000000000e+00 1.90126397702869e+00 1.90123333589028e+00 3.06411384092264e-05
2.24500000000000e+00 1.90142050830152e+00 1.90138366237698e+00 3.68459245401187e-05
2.25000000000000e+00 1.90455135915693e+00 1.90450849718747e+00 4.28619694545773e-05
2.25500000000000e+00 1.91066481459613e+00 1.91061619184595e+00 4.86227501816927e-05
2.26000000000000e+00 1.91975020982452e+00 1.91969611683971e+00 5.40929848082961e-05
2.26500000000000e+00 1.93177799036814e+00 1.93171872048530e+00 5.92698828438820e-05
2.27000000000000e+00 1.94669988454272e+00 1.94663570460343e+00 6.41799392882003e-05
2.27500000000000e+00 1.96444918744563e+00 1.96438031592140e+00 6.88715242314064e-05
2.28000000000000e+00 1.98494115554691e+00 1.98486775140779e+00 7.34041391217133e-05
2.28500000000000e+00 2.00807351078051e+00 2.00799567504205e+00 7.78357384572104e-05
2.29000000000000e+00 2.03372705270165e+00 2.03364484283446e+00 8.22098671910965e-05
2.29500000000000e+00 2.06176637672311e+00 2.06167983224433e+00 8.65444787807590e-05
2.30000000000000e+00 2.09204069564708e+00 2.09194987150091e+00 9.08241461665682e-05
2.30500000000000e+00 2.12438476068124e+00 2.12428976371522e+00 9.49969660291039e-05
2.31000000000000e+00 2.15861987691971e+00 2.15852090008677e+00 9.89768329358043e-05
2.31500000000000e+00 2.19455500696559e+00 2.19445235595975e+00 1.02651005845722e-04
2.32000000000000e+00 2.23198795508286e+00 2.23188206297221e+00 1.05892110647599e-04
2.32500000000000e+00 2.27070662310697e+00 2.27059805007310e+00 1.08573033875015e-04
2.33000000000000e+00 2.31049032842888e+00 2.31037974575665e+00 1.10582672235182e-04
2.33500000000000e+00 2.35111117377953e+00 2.35099933348698e+00 1.11840292551513e-04
2.34000000000000e+00 2.39233545832912e+00 2.39222315195699e+00 1.12306372128224e-04
2.34500000000000e+00 2.43392511977662e+00 2.43381313154985e+00 1.11988226772830e-04
2.35000000000000e+00 2.47563919758799e+00 2.47552825814758e+00 1.10939440412405e-04
2.35500000000000e+00 2.51723530825377e+00 2.51712605526309e+00 1.09252990686759e-04
2.36000000000000e+00 2.55847112425022e+00 2.55836407535858e+00 1.07048891639927e-04
2.36500000000000e+00 2.59910584916658e+00 2.59900139115685e+00 1.04458009725583e-04
2.37000000000000e+00 2.63890168207420e+00 2.63880007775179e+00 1.01604322416460e-04
2.37500000000000e+00 2.67762526456142e+00 2.67752667638138e+00 9.85881800343869e-05
2.38000000000000e+00 2.71504910388625e+00 2.71495363083914e+00 9.54730471049992e-05
2.38500000000000e+00 2.75095296541125e+00 2.75086068766886e+00 9.22777423966181e-05
2.39000000000000e+00 2.78512522693651e+00 2.78503625151058e+00 8.89754259305597e-05
2.39500000000000e+00 2.81736418684931e+00 2.81727868724248e+00 8.54996068277991e-05
2.40000000000000e+00 2.84747931730041e+00 2.84739756089084e+00 8.17564095716428e-05
2.40500000000000e+00 2.87529245305230e+00 2.87521481165829e+00 7.76413940037912e-05
2.41000000000000e+00 2.90063890636287e+00 2.90056584784471e+00 7.30585181543120e-05
2.41500000000000e+00 2.92336849837814e+00 2.92330055990463e+00 6.79384735016164e-05
2.42000000000000e+00 2.94334649806237e+00 2.94328424439572e+00 6.22536666479157e-05
2.42500000000000e+00 2.96045446069180e+00 2.96039843312221e+00 5.60275695882240e-05
2.43000000000000e+00 2.97459095931177e+00 2.97454162236171e+00 4.93369500538243e-05
2.43500000000000e+00 2.98567220419192e+00 2.98562989767982e+00 4.23065120935817e-05
2.44000000000000e+00 2.99363254705767e+00 2.99359745048043e+00 3.50965772399903e-05
2.44500000000000e+00 2.99842486856676e+00 2.99839698310739e+00 2.78854593638300e-05
2.45000000000000e+00 3.00002084898159e+00 3.00000000000000e+00 2.08489815900492e-05
2.45500000000000e+00 2.99841112314213e+00 2.99839698310739e+00 1.41400347311027e-05
2.46000000000000e+00 2.99360532159528e+00 2.99359745048044e+00 7.87111484212843e-06
2.46500000000000e+00 2.98563200007261e+00 2.98562989767982e+00 2.10239278120028e-06
2.47000000000000e+00 2.97453845947279e+00 2.97454162236171e+00 3.16288892099337e-06
2.47500000000000e+00 2.96039045819811e+00 2.96039843312221e+00 7.97492409754241e-06
2.48000000000000e+00 2.94327181825229e+00 2.94328424439572e+00 1.24261434302220e-05
2.48500000000000e+00 2.92328392608923e+00 2.92330055990464e+00 1.66338154121703e-05
2.49000000000000e+00 2.90054512896213e+00 2.90056584784471e+00 2.07188825833704e-05
2.49500000000000e+00 2.87519002759459e+00 2.87521481165830e+00 2.47840637102037e-05
2.50000000000000e+00 2.84736866646427e+00 2.84739756089084e+00 2.88944265700586e-05
2.50500000000000e+00 2.81724562389101e+00 2.81727868724248e+00 3.30633514735723e-05
2.51000000000000e+00 2.78499900541923e+00 2.78503625151058e+00 3.72460913493633e-05
2.51500000000000e+00 2.75081934558888e+00 2.75086068766886e+00 4.13420799776354e-05
2.52000000000000e+00 2.71490842495257e+00 2.71495363083915e+00 4.52058865780813e-05
2.52500000000000e+00 2.67747801094369e+00 2.67752667638138e+00 4.86654376907758e-05
2.53000000000000e+00 2.63874853274063e+00 2.63880007775179e+00 5.15450111580051e-05
2.53500000000000e+00 2.59894770143559e+00 2.59900139115685e+00 5.36897212652931e-05
2.54000000000000e+00 2.55830908747075e+00 2.55836407535859e+00 5.49878878408627e-05
2.54500000000000e+00 2.51707066738111e+00 2.51712605526309e+00 5.53878819768983e-05
2.55000000000000e+00 2.47547335138863e+00 2.47552825814758e+00 5.49067589523666e-05
2.55500000000000e+00 2.43375950241034e+00 2.43381313154985e+00 5.36291395101252e-05
2.56000000000000e+00 2.39217145572931e+00 2.39222315195700e+00 5.16962276928545e-05
2.56500000000000e+00 2.35095004713533e+00 2.35099933348698e+00 4.92863516554642e-05
2.57000000000000e+00 2.31033315600039e+00 2.31037974575666e+00 4.65897562680340e-05
2.57500000000000e+00 2.27055426872527e+00 2.27059805007310e+00 4.37813478302296e-05
2.58000000000000e+00 2.23184106744743e+00 2.23188206297222e+00 4.09955247886451e-05
2.58500000000000e+00 2.19441404892707e+00 2.19445235595975e+00 3.83070326845925e-05
2.59000000000000e+00 2.15848517912534e+00 2.15852090008678e+00 3.57209614394449e-05
2.59500000000000e+00 2.12425659005220e+00 2.12428976371522e+00 3.31736630205803e-05
2.60000000000000e+00 2.09191932679923e+00 2.09194987150091e+00 3.05447016821780e-05
2.60500000000000e+00 2.06165215403318e+00 2.06167983224433e+00 2.76782111572338e-05
2.61000000000000e+00 2.03362043233367e+00 2.03364484283446e+00 2.44105007869422e-05
2.61500000000000e+00 2.00797507536308e+00 2.00799567504205e+00 2.05996789670593e-05
2.62000000000000e+00 1.98485159877220e+00 1.98486775140779e+00 1.61526355930697e-05
2.62500000000000e+00 1.96436927088868e+00 1.96438031592140e+00 1.10450327244216e-05
2.63000000000000e+00 1.94663037363797e+00 1.94663570460343e+00 5.33096546462275e-06
2.63500000000000e+00 1.93171957995826e+00 1.93171872048530e+00 8.59472961245444e-07
2.64000000000000e+00 1.91970345143673e+00 1.91969611683971e+00 7.33459701773853e-06
2.64500000000000e+00 1.91063005731465e+00 1.91061619184595e+00 1.38654686994144e-05
2.65000000000000e+00 1.90452871369602e+00 1.90450849718747e+00 2.02165085456674e-05
2.65500000000000e+00 1.90140984001998e+00 1.90138366237698e+00 2.61776429990590e-05
2.66000000000000e+00 1.90126492880838e+00 1.90123333589028e+00 3.15929181071706e-05
2.66500000000000e+00 1.90406662445042e+00 1.90403024347033e+00 3.63809800898451e-05
2.67000000000000e+00 1.90976890728123e+00 1.90972836324032e+00 4.05440409156910e-05
2.67500000000000e+00 1.91830738027600e+00 1.91826321654437e+00 4.41637316235255e-05
2.68000000000000e+00 1.92959965704528e+00 1.92955227272105e+00 4.73843242381200e-05
2.68500000000000e+00 1.94354585115909e+00 1.94349546531226e+00 5.03858468343665e-05
2.69000000000000e+00 1.96002916781879e+00 1.95997581652323e+00 5.33512955620541e-05
2.69500000000000e+00 1.97891659926255e+00 1.97886016608158e+00 5.64331809747021e-05
2.70000000000000e+00 2.00005972484961e+00 2.00000000000000e+00 5.97248496165825e-05
2.70500000000000e+00 2.02329561547050e+00 2.02323237413106e+00 6.32413394368037e-05
2.71000000000000e+00 2.04844783986600e+00 2.04838092681811e+00 6.69130478918589e-05
2.71500000000000e+00 2.07532756783394e+00 2.07525697439691e+00 7.05934370324179e-05
2.72000000000000e+00 2.10373476248979e+00 2.10366068279205e+00 7.40796977360958e-05
2.72500000000000e+00 2.13345945110712e+00 2.13338230798255e+00 7.71431245771836e-05
2.73000000000000e+00 2.16428306197179e+00 2.16420349768687e+00 7.95642849271694e-05
2.73500000000000e+00 2.19597981343632e+00 2.19589864623990e+00 8.11671964258132e-05
2.74000000000000e+00 2.22831814113068e+00 2.22823629430637e+00 8.18468243077852e-05
2.74500000000000e+00 2.26106215007712e+00 2.26098056479902e+00 8.15852781013149e-05
2.75000000000000e+00 2.29397308010601e+00 2.29389262614624e+00 8.04539597782927e-05
2.75500000000000e+00 2.32681077516562e+00 2.32673217388556e+00 7.86012800562119e-05
2.76000000000000e+00 2.35933514945611e+00 2.35925892144618e+00 7.62280099264601e-05
2.76500000000000e+00 2.39130764536891e+00 2.39123409092702e+00 7.35544418946077e-05
2.77000000000000e+00 2.42249267960335e+00 2.42242189467697e+00 7.07849263794635e-05
2.77500000000000e+00 2.45265907431549e+00 2.45259099854052e+00 6.80757749695893e-05
2.78000000000000e+00 2.48158146965238e+00 2.48151595774496e+00 6.55119074250976e-05
2.78500000000000e+00 2.50904171264800e+00 2.50897861657418e+00 6.30960738221553e-05
2.79000000000000e+00 2.53483021548275e+00 2.53476946319709e+00 6.07522856528320e-05
2.79500000000000e+00 2.55874727392860e+00 2.55868893129538e+00 5.83426332219084e-05
2.80000000000000e+00 2.58060433485180e+00 2.58054864046305e+00 5.56943887488615e-05
2.80500000000000e+00 2.60022520032107e+00 2.60017256772797e+00 5.26325930962912e-05
2.81000000000000e+00 2.61744715545946e+00 2.61739814297001e+00 4.90124894554356e-05
2.81500000000000e+00 2.63212200780680e+00 2.63207726147960e+00 4.47463272008619e-05
2.82000000000000e+00 2.64411702757460e+00 2.64407720741157e+00 3.98201630300576e-05
2.82500000000000e+00 2.65331578055436e+00 2.65328148243819e+00 3.42981161685074e-05
2.83000000000000e+00 2.65961884823951e+00 2.65959053448992e+00 2.83137495897812e-05
2.83500000000000e+00 2.66294443253929e+00 2.66292238208847e+00 2.20504508261499e-05
2.84000000000000e+00 2.66322884490986e+00 2.66321313042021e+00 1.57144896428818e-05
2.84500000000000e+00 2.66042688149957e+00 2.66041737596564e+00 9.50553393419540e-06
2.85000000000000e+00 2.65451208682772e+00 2.65450849718747e+00 3.58964024949060e-06
2.85500000000000e+00 2.64547690857522e+00 2.64547882948272e+00 1.92090749218110e-06
2.86000000000000e+00 2.63333274540488e+00 2.63333972331719e+00 6.97791230619416e-06
2.86500000000000e+00 2.61810988861492e+00 2.61812148518152e+00 1.15965666021012e-05
2.87000000000000e+00 2.59985735720330e+00 2.59987320173000e+00 1.58445267008922e-05
2.87500000000000e+00 2.57864262493169e+00 2.57866244818360e+00 1.98232519035280e-05
2.88000000000000e+00 2.55455123751985e+00 2.55457488279246e+00 2.36452726114500e-05
2.88500000000000e+00 2.52768631835476e+00 2.52771372985530e+00 2.74115005454156e-05
2.89000000000000e+00 2.49816796210387e+00 2.49819915448034e+00 3.11923764617639e-05
2.89500000000000e+00 2.46613251726738e+00 2.46616753293972e+00 3.50156723385453e-05
2.90000000000000e+00 2.43173176075835e+00 2.43177062311339e+00 3.88623550393596e-05
2.90500000000000e+00 2.39513196975459e+00 2.39517464013388e+00 4.26703792975047e-05
2.91000000000000e+00 2.35651289800836e+00 2.35655924292839e+00 4.63449200327481e-05
2.91500000000000e+00 2.31606666527415e+00 2.31611643790350e+00 4.97726293486878e-05
2.92000000000000e+00 2.27399656937688e+00 2.27404940652904e+00 5.28371521539839e-05
2.92500000000000e+00 2.23051583068756e+00 2.23057126404647e+00 5.54333589111167e-05
2.93000000000000e+00 2.18584627852520e+00 2.18590375695213e+00 5.74784269291584e-05
2.93500000000000e+00 2.14021698847810e+00 2.14027590728278e+00 5.89188046737910e-05
2.94000000000000e+00 2.09386287907879e+00 2.09392261205918e+00 5.97329803913027e-05
2.94500000000000e+00 2.04702327588198e+00 2.04708320651984e+00 5.99306378519238e-05
2.95000000000000e+00 1.99994045089688e+00 2.00000000000000e+00 5.95491031201156e-05
2.95500000000000e+00 1.95285814551185e+00 1.95291679348017e+00 5.86479683162278e-05
2.96000000000000e+00 1.90602008540986e+00 1.90607738794082e+00 5.73025309589248e-05
2.96500000000000e+00 1.85966849633406e+00 1.85972409271723e+00 5.55963831725403e-05
2.97000000000000e+00 1.81404262974953e+00 1.81409624304787e+00 5.36132983399717e-05
2.97500000000000e+00 1.76937730734692e+00 1.76942873595354e+00 5.14286066173320e-05
2.98000000000000e+00 1.72590149293478e+00 1.72595059347097e+00 4.91005361891172e-05
2.98500000000000e+00 1.68383689967027e+00 1.68388356209651e+00 4.66624262394078e-05
2.99000000000000e+00 1.64339663995922e+00 1.64344075707161e+00 4.41171123863882e-05
2.99500000000000e+00 1.60478392491901e+00 1.60482535986612e+00 4.14349471078435e-05
3.00000000000000e+00 1.56819082019144e+00 1.56822937688661e+00 3.85566951757177e-05
3.00500000000000e+00 1.53379706517074e+00 1.53383246706028e+00 3.54018895385444e-05
3.01000000000000e+00 1.50176896328933e+00 1.50180084551966e+00 3.18822303313482e-05
3.01500000000000e+00 1.47225835168248e+00 1.47228627014470e+00 2.79184622220541e-05
3.02000000000000e+00 1.44540165905917e+00 1.44542511720755e+00 2.34581483797847e-05
3.02500000000000e+00 1.42131906066687e+00 1.42133755181641e+00 1.84911495320073e-05
3.03000000000000e+00 1.40011373865269e+00 1.40012679827000e+00 1.30596173053554e-05
3.03500000000000e+00 1.38187125482311e+00 1.38187851481848e+00 7.25999536443922e-06
3.04000000000000e+00 1.36665904087561e+00 1.36666027668282e+00 1.23580720789995e-06
3.04500000000000e+00 1.35452600884770e+00 1.35452117051728e+00 4.83833041786674e-06
3.05000000000000e+00 1.34550228212900e+00 1.34549150281253e+00 1.07793164736414e-05
3.05500000000000e+00 1.33959904526352e+00 1.33958262403436e+00 1.64212291573484e-05
3.06000000000000e+00 1.33680850923881e+00 1.33678686957979e+00 2.16396590198009e-05
3.06500000000000e+00 1.33710398821060e+00 1.33707761791153e+00 2.63702990714876e-05
3.07000000000000e+00 1.34044008368990e+00 1.34040946551008e+00 3.06181798208627e-05
3.07500000000000e+00 1.34675297300702e+00 1.34671851756181e+00 3.44554452036405e-05
3.08000000000000e+00 1.35596080011054e+00 1.35592279258843e+00 3.80075221149134e-05
3.08500000000000e+00 1.36796416811520e+00 1.36792273852040e+00 4.14295947979149e-05
3.09000000000000e+00 1.38264673411356e+00 1.38260185702999e+00 4.48770835663748e-05
3.09500000000000e+00 1.39987590728805e+00 1.39982743227203e+00 4.84750160225644e-05
3.10000000000000e+00 1.41950365107866e+00 1.41945135953695e+00 5.22915417122682e-05
3.10500000000000e+00 1.44136738899869e+00 1.44131106870462e+00 5.63202940675467e-05
3.11000000000000e+00 1.46529101172517e+00 1.46523053680290e+00 6.04749222703482e-05
3.11500000000000e+00 1.49108598054878e+00 1.49102138342582e+00 6.45971229635833e-05
3.12000000000000e+00 1.51855251948622e+00 1.51848404225504e+00 6.84772311823068e-05
3.12500000000000e+00 1.54748088572788e+00 1.54740900145948e+00 7.18842683975485e-05
3.13000000000000e+00 1.57765270599086e+00 1.57757810532302e+00 7.46006678351563e-05
3.13500000000000e+00 1.60884236507382e+00 1.60876590907298e+00 7.64560008441606e-05
3.14000000000000e+00 1.64081843263291e+00 1.64074107855382e+00 7.73540790892646e-05
3.14500000000000e+00 1.67334511492671e+00 1.67326782611444e+00 7.72888122726467e-05
3.15000000000000e+00 1.70618371985521e+00 1.70610737385376e+00 7.63460014476802e-05
3.15500000000000e+00 1.73909412574855e+00 1.73901943520098e+00 7.46905475716986e-05
3.16000000000000e+00 1.77183624666238e+00 1.77176370569363e+00 7.25409687514222e-05
3.16500000000000e+00 1.80417148900111e+00 1.80410135376010e+00 7.01352410108491e-05
3.17000000000000e+00 1.83586419576004e+00 1.83579650231313e+00 6.76934469083790e-05
3.17500000000000e+00 1.86668307530215e+00 1.86661769201745e+00 6.53832847004043e-05
3.18000000000000e+00 1.89640261126840e+00 1.89633931720795e+00 6.32940604581300e-05
3.18500000000000e+00 1.92480444903168e+00 1.92474302560309e+00 6.14234285967186e-05
3.19000000000000e+00 1.95167875226973e+00 1.95161907318189e+00 5.96790878351072e-05
3.19500000000000e+00 1.97682552109092e+00 1.97676762586893e+00 5.78952219862927e-05
3.20000000000000e+00 2.00005586109604e+00 2.00000000000000e+00 5.58610960421646e-05
3.20500000000000e+00 2.02119319118295e+00 2.02113983391842e+00 5.33572645271541e-05
3.21000000000000e+00 2.04007437711098e+00 2.04002418347677e+00 5.01936342098830e-05
3.21500000000000e+00 2.05655077802280e+00 2.05650453468774e+00 4.62433350576497e-05
3.22000000000000e+00 2.07048919430644e+00 2.07044772727895e+00 4.14670274881956e-05
3.22500000000000e+00 2.08177270724869e+00 2.08173678345563e+00 3.59237930602774e-05
3.23000000000000e+00 2.09030140362954e+00 2.09027163675968e+00 2.97668698618914e-05
3.23500000000000e+00 2.09599298139476e+00 2.09596975652967e+00 2.32248650875455e-05
3.24000000000000e+00 2.09878323544404e+00 2.09876666410972e+00 1.65713343149854e-05
3.24500000000000e+00 2.09862642503529e+00 2.09861633762302e+00 1.00874122708206e-05
3.25000000000000e+00 2.09549552605560e+00 2.09549150281253e+00 4.02324307513524e-06
3.25500000000000e+00 2.08938237228710e+00 2.08938380815405e+00 1.43586695466880e-06
3.26000000000000e+00 2.08029768977674e+00 2.08030388316029e+00 6.19338354912458e-06
3.26500000000000e+00 2.06827102761483e+00 2.06828127951470e+00 1.02518998712497e-05
3.27000000000000e+00 2.05335058706636e+00 2.05336429539657e+00 1.37083302078622e-05
3.27500000000000e+00 2.03560294939344e+00 2.03561968407860e+00 1.67346851562833e-05
3.28000000000000e+00 2.01511270120307e+00 2.01513224859221e+00 1.95473891402287e-05
3.28500000000000e+00 1.99198195508454e+00 1.99200432495795e+00 2.23698734134192e-05
3.29000000000000e+00 1.96632976293330e+00 1.96635515716554e+00 2.53942322476775e-05
3.29500000000000e+00 1.93829141985646e+00 1.93832016775567e+00 2.87478992064827e-05
3.30000000000000e+00 1.90801765795083e+00 1.90805012849909e+00 3.24705482581678e-05
3.30500000000000e+00 1.87567373142868e+00 1.87571023628479e+00 3.65048561008496e-05
3.31000000000000e+00 1.84143839730279e+00 1.84147909991323e+00 4.07026104340957e-05
3.31500000000000e+00 1.80550279879672e+00 1.80554764404025e+00 4.48452435370950e-05
3.32000000000000e+00 1.76806926143909e+00 1.76811793702778e+00 4.86755886905943e-05
3.32500000000000e+00 1.72935001406166e+00 1.72940194992690e+00 5.19358652426583e-05
3.33000000000000e+00 1.68956584835138e+00 1.68962025424335e+00 5.44058919667023e-05
3.33500000000000e+00 1.64894473103142e+00 1.64900066651302e+00 5.59354815981017e-05
3.34000000000000e+00 1.60772038214183e+00 1.60777684804301e+00 5.64659011756952e-05
3.34500000000000e+00 1.56613083140098e+00 1.56618686845015e+00 5.60370491731188e-05
3.35000000000000e+00 1.52441696253741e+00 1.52447174185243e+00 5.47793150187381e-05
3.35500000000000e+00 1.48282105316972e+00 1.48287394473692e+00 5.28915671988983e-05
3.36000000000000e+00 1.44158531569339e+00 1.44163592464142e+00 5.06089480283300e-05
3.36500000000000e+00 1.40095044308003e+00 1.40099860884315e+00 4.81657631210552e-05
3.37000000000000e+00 1.36115416277355e+00 1.36119992224821e+00 4.57594746652301e-05
3.37500000000000e+00 1.32242980209169e+00 1.32247332361862e+00 4.35215269247724e-05
3.38000000000000e+00 1.28500486964887e+00 1.28504636916086e+00 4.14995119899508e-05
3.38500000000000e+00 1.24909965908589e+00 1.24913931233114e+00 3.96532452588971e-05
3.39000000000000e+00 1.21492588348243e+00 1.21496374848942e+00 3.78650069898789e-05
3.39500000000000e+00 1.18268535084207e+00 1.18272131275752e+00 3.59619154510771e-05
3.40000000000000e+00 1.15256869259689e+00 1.15260243910916e+00 3.37465122699498e-05
3.40500000000000e+00 1.12475415788114e+00 1.12478518834171e+00 3.10304605664058e-05
3.41000000000000e+00 1.09940648620588e+00 1.09943415215529e+00 2.76659494100606e-05
3.41500000000000e+00 1.07667587011900e+00 1.07669944009537e+00 2.35699763662112e-05
3.42000000000000e+00 1.05669701759739e+00 1.05671575560428e+00 1.87380068885634e-05
3.42500000000000e+00 1.03958832154679e+00 1.03960156687779e+00 1.32453309997782e-05
3.43000000000000e+00 1.02545114120486e+00 1.02545837763829e+00 7.23643343203406e-06
3.43500000000000e+00 1.01436919778647e+00 1.01437010232018e+00 9.04533709267241e-07
3.44000000000000e+00 1.00640808466403e+00 1.00640254951957e+00 5.53514446588466e-06
3.44500000000000e+00 1.00161489093627e+00 1.00160301689261e+00 1.18740436607645e-05
3.45000000000000e+00 1.00001793649077e+00 1.00000000000000e+00 1.79364907650914e-05
3.45500000000000e+00 1.00162661657538e+00 1.00160301689261e+00 2.35996827699925e-05
3.46000000000000e+00 1.00643135432697e+00 1.00640254951956e+00 2.88048074041924e-05
3.46500000000000e+00 1.01440366045816e+00 1.01437010232018e+00 3.35581379817818e-05
3.47000000000000e+00 1.02549630013469e+00 1.02545837763829e+00 3.79224964066616e-05
3.47500000000000e+00 1.03964356775632e+00 1.03960156687779e+00 4.20008785302350e-05
3.48000000000000e+00 1.05676167069050e+00 1.05671575560427e+00 4.59150862308633e-05
3.48500000000000e+00 1.07674922287595e+00 1.07669944009536e+00 4.97827805929774e-05
3.49000000000000e+00 1.09948784856510e+00 1.09943415215529e+00 5.36964098176718e-05
3.49500000000000e+00 1.12484289534443e+00 1.12478518834171e+00 5.77070027265592e-05
3.50000000000000e+00 1.15266425406178e+00 1.15260243910915e+00 6.18149526203648e-05
3.50500000000000e+00 1.18278728155225e+00 1.18272131275752e+00 6.59687947250909e-05
3.51000000000000e+00 1.21503382026774e+00 1.21496374848942e+00 7.00717783219673e-05
3.51500000000000e+00 1.24921330725616e+00 1.24913931233114e+00 7.39949250161409e-05
3.52000000000000e+00 1.28512396355979e+00 1.28504636916085e+00 7.75943989377303e-05
3.52500000000000e+00 1.32255405411812e+00 1.32247332361861e+00 8.07304995031899e-05
3.53000000000000e+00 1.36128320772582e+00 1.36119992224821e+00 8.32854776078307e-05
3.53500000000000e+00 1.40108378650957e+00 1.40099860884315e+00 8.51776664241299e-05
3.54000000000000e+00 1.44172229469158e+00 1.44163592464141e+00 8.63700501732012e-05
3.54500000000000e+00 1.48296081700306e+00 1.48287394473691e+00 8.68722661486743e-05
3.55000000000000e+00 1.52455847786894e+00 1.52447174185242e+00 8.67360165142106e-05
3.55500000000000e+00 1.56627291326689e+00 1.56618686845015e+00 8.60448167439021e-05
3.56000000000000e+00 1.60786174783948e+00 1.60777684804300e+00 8.48997964808529e-05
3.56500000000000e+00 1.64908407030257e+00 1.64900066651302e+00 8.34037895547368e-05
3.57000000000000e+00 1.68970190038129e+00 1.68962025424335e+00 8.16461379398170e-05
3.57500000000000e+00 1.72948164039498e+00 1.72940194992690e+00 7.96904680822053e-05
3.58000000000000e+00 1.76819550423598e+00 1.76811793702778e+00 7.75672082011791e-05
3.58500000000000e+00 1.80562291591410e+00 1.80554764404025e+00 7.52718738503688e-05
3.59000000000000e+00 1.84155186917856e+00 1.84147909991322e+00 7.27692653363921e-05
3.59500000000000e+00 1.87578023910711e+00 1.87571023628478e+00 7.00028223248328e-05
3.60000000000000e+00 1.90811703609734e+00 1.90805012849909e+00 6.69075982475675e-05
3.60500000000000e+00 1.93838359252219e+00 1.93832016775567e+00 6.34247665209919e-05
3.61000000000000e+00 1.96641467249934e+00 1.96635515716554e+00 5.95153338032173e-05
3.61500000000000e+00 1.99205949581063e+00 1.99200432495795e+00 5.51708526790318e-05
3.62000000000000e+00 2.01518266797541e+00 2.01513224859221e+00 5.04193832004951e-05
3.62500000000000e+00 2.03566500976530e+00 2.03561968407860e+00 4.53256867016805e-05
3.63000000000000e+00 2.05340428093432e+00 2.05336429539657e+00 3.99855377573033e-05
3.63500000000000e+00 2.06831579449013e+00 2.06828127951470e+00 3.45149754248375e-05
3.64000000000000e+00 2.08033291929789e+00 2.08030388316029e+00 2.90361376036330e-05
3.64500000000000e+00 2.08940747005396e+00 2.08938380815405e+00 2.36618999078786e-05
3.65000000000000e+00 2.09550998458833e+00 2.09549150281253e+00 1.84817757999944e-05
3.65500000000000e+00 2.09862988900426e+00 2.09861633762302e+00 1.35513812424826e-05
3.66000000000000e+00 2.09877555134897e+00 2.09876666410972e+00 8.88723924896695e-06
3.66500000000000e+00 2.09597422440289e+00 2.09596975652967e+00 4.46787321362052e-06
3.67000000000000e+00 2.09027187789815e+00 2.09027163675968e+00 2.41138469192492e-07
3.67500000000000e+00 2.08173292018316e+00 2.08173678345563e+00 3.86327247170470e-06
3.68000000000000e+00 2.07043980919929e+00 2.07044772727895e+00 7.91807966704638e-06
3.68500000000000e+00 2.05649255276865e+00 2.05650453468774e+00 1.19819190955717e-05
3.69000000000000e+00 2.04000809870226e+00 2.04002418347677e+00 1.60847745047654e-05
3.69500000000000e+00 2.02111961615931e+00 2.02113983391842e+00 2.02177591144270e-05
3.70000000000000e+00 1.99997567098181e+00 2.00000000000000e+00 2.43290181889400e-05
3.70500000000000e+00 1.97673929929299e+00 1.97676762586894e+00 2.83265759444262e-05
3.71000000000000e+00 1.95158698532790e+00 1.95161907318189e+00 3.20878539947778e-05
3.71500000000000e+00 1.92470755108392e+00 1.92474302560309e+00 3.54745191701866e-05
3.72000000000000e+00 1.89630096676052e+00 1.89633931720795e+00 3.83504474235075e-05
3.72500000000000e+00 1.86657709195842e+00 1.86661769201745e+00 4.06000590327249e-05
3.73000000000000e+00 1.83575435813753e+00 1.83579650231313e+00 4.21441756057739e-05
3.73500000000000e+00 1.80405840286921e+00 1.80410135376010e+00 4.29508908890153e-05
3.74000000000000e+00 1.77172066600880e+00 1.77176370569363e+00 4.30396848312142e-05
3.74500000000000e+00 1.73897695716999e+00 1.73901943520098e+00 4.24780309966621e-05
3.75000000000000e+00 1.70606600295782e+00 1.70610737385376e+00 4.13708959463577e-05
3.75500000000000e+00 1.67322798148476e+00 1.67326782611444e+00 3.98446296807631e-05
3.76000000000000e+00 1.64070305092257e+00 1.64074107855382e+00 3.80276312501593e-05
3.76500000000000e+00 1.60872987836539e+00 1.60876590907298e+00 3.60307075899513e-05
3.77000000000000e+00 1.57754417518054e+00 1.57757810532303e+00 3.39301424860938e-05
3.77500000000000e+00 1.54737724532259e+00 1.54740900145948e+00 3.17561368965436e-05
3.78000000000000e+00 1.51845455373673e+00 1.51848404225504e+00 2.94885183145244e-05
3.78500000000000e+00 1.49099432287459e+00 1.49102138342582e+00 2.70605512309174e-05
3.79000000000000e+00 1.46520616633740e+00 1.46523053680291e+00 2.43704655094046e-05
3.79500000000000e+00 1.44128976957506e+00 1.44131106870462e+00 2.12991295649445e-05
3.80000000000000e+00 1.41943362822934e+00 1.41945135953695e+00 1.77313076135110e-05
3.80500000000000e+00 1.39981385496610e+00 1.39982743227203e+00 1.35773059286581e-05
3.81000000000000e+00 1.38259306539114e+00 1.38260185702999e+00 8.79163885603162e-06
3.81500000000000e+00 1.36791935284585e+00 1.36792273852040e+00 3.38567454827299e-06
3.82000000000000e+00 1.35592536056198e+00 1.35592279258843e+00 2.56797355424609e-06
3.82500000000000e+00 1.34672745791970e+00 1.34671851756181e+00 8.94035789000824e-06
3.83000000000000e+00 1.34042502556182e+00 1.34040946551008e+00 1.55600517410814e-05
3.83500000000000e+00 1.33709985207188e+00 1.33707761791153e+00 2.22341603461906e-05
3.84000000000000e+00 1.33681564304687e+00 1.33678686957979e+00 2.87734670796347e-05
3.84500000000000e+00 1.33961764189352e+00 1.33958262403436e+00 3.50178591619343e-05
3.85000000000000e+00 1.34553236071473e+00 1.34549150281253e+00 4.08579022024291e-05
3.85500000000000e+00 1.35456741932277e+00 1.35452117051728e+00 4.62488054893129e-05
3.86000000000000e+00 1.36671149071961e+00 1.36666027668282e+00 5.12140367920910e-05
3.86500000000000e+00 1.38193435221991e+00 1.38187851481848e+00 5.58374014301144e-05
3.87000000000000e+00 1.40018704256155e+00 1.40012679826999e+00 6.02442915567103e-05
3.87500000000000e+00 1.42140212657280e+00 1.42133755181640e+00 6.45747563949861e-05
3.88000000000000e+00 1.44549406992302e+00 1.44542511720754e+00 6.89527154791314e-05
3.88500000000000e+00 1.47235972685609e+00 1.47228627014469e+00 7.34567113918061e-05
3.89000000000000e+00 1.50187894332963e+00 1.50180084551966e+00 7.80978099714780e-05
3.89500000000000e+00 1.53391527651122e+00 1.53383246706028e+00 8.28094509397470e-05
3.90000000000000e+00 1.56831682912349e+00 1.56822937688661e+00 8.74522368849995e-05
3.90500000000000e+00 1.60491719388308e+00 1.60482535986612e+00 9.18340169615561e-05
3.91000000000000e+00 1.64353649962617e+00 1.64344075707161e+00 9.57425545602408e-05
3.91500000000000e+00 1.68398254719735e+00 1.68388356209650e+00 9.89851008514897e-05
3.92000000000000e+00 1.72605202041998e+00 1.72595059347097e+00 1.01426949016936e-04
3.92500000000000e+00 1.76953175607551e+00 1.76942873595353e+00 1.03020121972053e-04
3.93000000000000e+00 1.81420005726550e+00 1.81409624304787e+00 1.03814217637721e-04
3.93500000000000e+00 1.85982803702593e+00 1.85972409271722e+00 1.03944308703419e-04
3.94000000000000e+00 1.90618098344817e+00 1.90607738794081e+00 1.03595507358056e-04
3.94500000000000e+00 1.95301974324343e+00 1.95291679348016e+00 1.02949763266080e-04
3.95000000000000e+00 2.00010212662551e+00 2.00000000000000e+00 1.02126625513455e-04
3.95500000000000e+00 2.04718434116594e+00 2.04708320651983e+00 1.01134646106171e-04
3.96000000000000e+00 2.09402246424044e+00 2.09392261205918e+00 9.98521812647368e-05
3.96500000000000e+00 2.14037396116610e+00 2.14027590728278e+00 9.80538833230682e-05
3.97000000000000e+00 2.18599924769828e+00 2.18590375695213e+00 9.54907461512278e-05
3.97500000000000e+00 2.23066328032616e+00 2.23057126404647e+00 9.20162796869128e-05
3.98000000000000e+00 2.27413713568421e+00 2.27404940652903e+00 8.77291551804049e-05
3.98500000000000e+00 2.31619951228681e+00 2.31611643790350e+00 8.30743833084568e-05
3.99000000000000e+00 2.35663805567319e+00 2.35655924292839e+00 7.88127448001497e-05
3.99500000000000e+00 2.39525037492043e+00 2.39517464013388e+00 7.57347865456559e-05
4.00000000000000e+00 2.43184458816666e+00 2.43177062311338e+00 7.39650532795011e-05
