variables = x, value-predict, value-true, error
0.00000000000000e+00 2.43176049655104e+00 2.43177062311339e+00 1.01265623539959e-05
5.00000000000000e-03 2.46614913156249e+00 2.46616753293972e+00 1.84013772281943e-05
1.00000000000000e-02 2.49817493591953e+00 2.49819915448034e+00 2.42185608070322e-05
1.50000000000000e-02 2.52768768012496e+00 2.52771372985530e+00 2.60497303417040e-05
2.00000000000000e-02 2.55455089785123e+00 2.55457488279246e+00 2.39849412246862e-05
2.50000000000000e-02 2.57864336011637e+00 2.57866244818360e+00 1.90880672268356e-05
3.00000000000000e-02 2.59986034663512e+00 2.59987320173000e+00 1.28550948890194e-05
3.50000000000000e-02 2.61811469305961e+00 2.61812148518152e+00 6.79212191334599e-06
4.00000000000000e-02 2.63333760270491e+00 2.63333972331718e+00 2.12061227689020e-06
4.50000000000000e-02 2.64547922174439e+00 2.64547882948272e+00 3.92261678694439e-07
5.00000000000000e-02 2.65450898684966e+00 2.65450849718747e+00 4.89662189018247e-07
5.50000000000000e-02 2.66041576291135e+00 2.66041737596564e+00 1.61305429058345e-06
6.00000000000000e-02 2.66320779498936e+00 2.66321313042021e+00 5.33543085756705e-06
6.50000000000000e-02 2.66291250239937e+00 2.66292238208847e+00 9.87968909793580e-06
7.00000000000000e-02 2.65957614356026e+00 2.65959053448992e+00 1.43909296594913e-05
7.50000000000000e-02 2.65326337798623e+00 2.65328148243819e+00 1.81044519593776e-05
8.00000000000000e-02 2.64405674705972e+00 2.64407720741157e+00 2.04603518554336e-05
8.50000000000000e-02 2.63205608873212e+00 2.63207726147960e+00 2.11727474810353e-05
9.00000000000000e-02 2.61737789404106e+00 2.61739814297001e+00 2.02489289473640e-05
9.50000000000000e-02 2.60015460634419e+00 2.60017256772797e+00 1.79613837834047e-05
1.00000000000000e-01 2.58053385840426e+00 2.58054864046305e+00 1.47820587921288e-05
1.05000000000000e-01 2.55867763865331e+00 2.55868893129538e+00 1.12926420658965e-05
1.10000000000000e-01 2.53476137653097e+00 2.53476946319709e+00 8.08666612517328e-06
1.15000000000000e-01 2.50897293778505e+00 2.50897861657418e+00 5.67878912871578e-06
1.20000000000000e-01 2.48151152374369e+00 2.48151595774496e+00 4.43400127014826e-06
1.25000000000000e-01 2.45258647323248e+00 2.45259099854052e+00 4.52530803674023e-06
1.30000000000000e-01 2.42241597125605e+00 2.42242189467697e+00 5.92342092087250e-06
1.35000000000000e-01 2.39122567397653e+00 2.39123409092702e+00 8.41695049125235e-06
1.40000000000000e-01 2.35924726416046e+00 2.35925892144618e+00 1.16572857193908e-05
1.45000000000000e-01 2.32671695456653e+00 2.32673217388556e+00 1.52193190272598e-05
1.50000000000000e-01 2.29387395839182e+00 2.29389262614624e+00 1.86677544125047e-05
1.55000000000000e-01 2.26095894583683e+00 2.26098056479902e+00 2.16189621942142e-05
1.60000000000000e-01 2.22821250429392e+00 2.22823629430637e+00 2.37900124524515e-05
1.65000000000000e-01 2.19587361701147e+00 2.19589864623990e+00 2.50292284342812e-05
1.70000000000000e-01 2.16417817185078e+00 2.16420349768687e+00 2.53258360918274e-05
1.75000000000000e-01 2.13335750847411e+00 2.13338230798255e+00 2.47995084396990e-05
1.80000000000000e-01 2.10363700945348e+00 2.10366068279205e+00 2.36733385770016e-05
1.85000000000000e-01 2.07523473871845e+00 2.07525697439691e+00 2.22356784642663e-05
1.90000000000000e-01 2.04836012964229e+00 2.04838092681811e+00 2.07971758148240e-05
1.95000000000000e-01 2.02321272490307e+00 2.02323237413107e+00 1.96492279997962e-05
2.00000000000000e-01 1.99998097089670e+00 2.00000000000000e+00 1.90291032990952e-05
2.05000000000000e-01 1.97884107066499e+00 1.97886016608158e+00 1.90954165883994e-05
2.10000000000000e-01 1.95995590072111e+00 1.95997581652323e+00 1.99158021207957e-05
2.15000000000000e-01 1.94347399850540e+00 1.94349546531226e+00 2.14668068585500e-05
2.20000000000000e-01 1.92952862823421e+00 1.92955227272105e+00 2.36444868317864e-05
2.25000000000000e-01 1.91823693344991e+00 1.91826321654437e+00 2.62830944643966e-05
2.30000000000000e-01 1.90969918457323e+00 1.90972836324032e+00 2.91786670865157e-05
2.35000000000000e-01 1.90399812922265e+00 1.90403024347033e+00 3.21142476724656e-05
2.40000000000000e-01 1.90119845209101e+00 1.90123333589028e+00 3.48837992647510e-05
2.45000000000000e-01 1.90134634988994e+00 1.90138366237698e+00 3.73124870414188e-05
2.50000000000000e-01 1.90446922543143e+00 1.90450849718747e+00 3.92717560468991e-05
2.55000000000000e-01 1.91057550344201e+00 1.91061619184595e+00 4.06884039405586e-05
2.60000000000000e-01 1.91965456929830e+00 1.91969611683971e+00 4.15475414130562e-05
2.65000000000000e-01 1.93167683059385e+00 1.93171872048530e+00 4.18898914467114e-05
2.70000000000000e-01 1.94659390032209e+00 1.94663570460343e+00 4.18042813439268e-05
2.75000000000000e-01 1.96433889948648e+00 1.96438031592140e+00 4.14164349222812e-05
2.80000000000000e-01 1.98482687610735e+00 1.98486775140779e+00 4.08753004357276e-05
2.85000000000000e-01 2.00795533686036e+00 2.00799567504205e+00 4.03381816846959e-05
2.90000000000000e-01 2.03360488693262e+00 2.03364484283446e+00 3.99559018373630e-05
2.95000000000000e-01 2.06163997310441e+00 2.06167983224433e+00 3.98591399251025e-05
3.00000000000000e-01 2.09190972455312e+00 2.09194987150091e+00 4.01469477857574e-05
3.05000000000000e-01 2.12424888543320e+00 2.12428976371522e+00 4.08782820144893e-05
3.10000000000000e-01 2.15847883291673e+00 2.15852090008677e+00 4.20671700420705e-05
3.15000000000000e-01 2.19440867408799e+00 2.19445235595975e+00 4.36818717619580e-05
3.20000000000000e-01 2.23183641486887e+00 2.23188206297222e+00 4.56481033488387e-05
3.25000000000000e-01 2.27055019400143e+00 2.27059805007310e+00 4.78560716636878e-05
3.30000000000000e-01 2.31032957501036e+00 2.31037974575665e+00 5.01707462929879e-05
3.35000000000000e-01 2.35094688898684e+00 2.35099933348698e+00 5.24445001404139e-05
3.40000000000000e-01 2.39216862094860e+00 2.39222315195700e+00 5.45310083936990e-05
3.45000000000000e-01 2.43375683240993e+00 2.43381313154985e+00 5.62991399175594e-05
3.50000000000000e-01 2.47547061261955e+00 2.47552825814758e+00 5.76455280261179e-05
3.55000000000000e-01 2.51706755067848e+00 2.51712605526309e+00 5.85045846039911e-05
3.60000000000000e-01 2.55830522043439e+00 2.55836407535859e+00 5.88549241995473e-05
3.65000000000000e-01 2.59894266967467e+00 2.59900139115685e+00 5.87214821834436e-05
3.70000000000000e-01 2.63874190473426e+00 2.63880007775179e+00 5.81730175319706e-05
3.75000000000000e-01 2.67746936123168e+00 2.67752667638138e+00 5.73151497009761e-05
3.80000000000000e-01 2.71489735129484e+00 2.71495363083915e+00 5.62795443084241e-05
3.85000000000000e-01 2.75080547738388e+00 2.75086068766886e+00 5.52102849784575e-05
3.90000000000000e-01 2.78498200271089e+00 2.78503625151058e+00 5.42487996919583e-05
3.95000000000000e-01 2.81722516833366e+00 2.81727868724248e+00 5.35189088211041e-05
4.00000000000000e-01 2.84734444729213e+00 2.84739756089084e+00 5.31135987169584e-05
4.05000000000000e-01 2.87516172667130e+00 2.87521481165829e+00 5.30849869972982e-05
4.10000000000000e-01 2.90051240920561e+00 2.90056584784471e+00 5.34386391000119e-05
4.15000000000000e-01 2.92324642695778e+00 2.92330055990464e+00 5.41329468539686e-05
4.20000000000000e-01 2.94322916066327e+00 2.94328424439572e+00 5.50837324539977e-05
4.25000000000000e-01 2.96034225946819e+00 2.96039843312221e+00 5.61736540136692e-05
4.30000000000000e-01 2.97448435693296e+00 2.97454162236171e+00 5.72654287491758e-05
4.35000000000000e-01 2.98557168025576e+00 2.98562989767982e+00 5.82174240646438e-05
4.40000000000000e-01 2.99353855062489e+00 2.99359745048043e+00 5.88998555439701e-05
4.45000000000000e-01 2.99833777338911e+00 2.99839698310739e+00 5.92097182812168e-05
4.50000000000000e-01 2.99994091731370e+00 3.00000000000000e+00 5.90826863042793e-05
4.55000000000000e-01 2.99833848256787e+00 2.99839698310739e+00 5.85005395246085e-05
4.60000000000000e-01 2.99353995729344e+00 2.99359745048043e+00 5.74931869987694e-05
4.65000000000000e-01 2.98557376268743e+00 2.98562989767982e+00 5.61349923930976e-05
4.70000000000000e-01 2.97448708656477e+00 2.97454162236171e+00 5.45357969405913e-05
4.75000000000000e-01 2.96034560543079e+00 2.96039843312221e+00 5.28276914155690e-05
4.80000000000000e-01 2.94323309526827e+00 2.94328424439572e+00 5.11491274588494e-05
4.85000000000000e-01 2.92325093159652e+00 2.92330055990464e+00 4.96283081177218e-05
4.90000000000000e-01 2.90051747993711e+00 2.90056584784471e+00 4.83679075995447e-05
4.95000000000000e-01 2.87516737863617e+00 2.87521481165829e+00 4.74330221260644e-05
5.00000000000000e-01 2.84735071703042e+00 2.84739756089084e+00 4.68438604235288e-05
5.05000000000000e-01 2.81723211315141e+00 2.81727868724248e+00 4.65740910677859e-05
5.10000000000000e-01 2.78498969646252e+00 2.78503625151058e+00 4.65550480637233e-05
5.15000000000000e-01 2.75081400242065e+00 2.75086068766886e+00 4.66852482028379e-05
5.20000000000000e-01 2.71490678684801e+00 2.71495363083915e+00 4.68439911331942e-05
5.25000000000000e-01 2.67747976909445e+00 2.67752667638138e+00 4.69072869346832e-05
5.30000000000000e-01 2.63875331369522e+00 2.63880007775179e+00 4.67640565697813e-05
5.35000000000000e-01 2.59895506063756e+00 2.59900139115685e+00 4.63305192921482e-05
5.40000000000000e-01 2.55831851443562e+00 2.55836407535859e+00 4.55609229703668e-05
5.45000000000000e-01 2.51708160200626e+00 2.51712605526309e+00 4.44532568231182e-05
5.50000000000000e-01 2.47548520890065e+00 2.47552825814758e+00 4.30492469294386e-05
5.55000000000000e-01 2.43377170286489e+00 2.43381313154985e+00 4.14286849568235e-05
5.60000000000000e-01 2.39218345307791e+00 2.39222315195700e+00 3.96988790916097e-05
5.65000000000000e-01 2.35096135284157e+00 2.35099933348698e+00 3.79806454091636e-05
5.70000000000000e-01 2.31034335306211e+00 2.31037974575665e+00 3.63926945445847e-05
5.75000000000000e-01 2.27056301361648e+00 2.27059805007310e+00 3.50364566172878e-05
5.80000000000000e-01 2.23184807966736e+00 2.23188206297222e+00 3.39833048577098e-05
5.85000000000000e-01 2.19441909015963e+00 2.19445235595975e+00 3.32658001154229e-05
5.90000000000000e-01 2.15848802605338e+00 2.15852090008677e+00 3.28740333879196e-05
5.95000000000000e-01 2.12425700624794e+00 2.12428976371522e+00 3.27574672791542e-05
6.00000000000000e-01 2.09191703953947e+00 2.09194987150091e+00 3.28319614415484e-05
6.05000000000000e-01 2.06164684123818e+00 2.06167983224433e+00 3.29910061518390e-05
6.10000000000000e-01 2.03361172316763e+00 2.03364484283446e+00 3.31196668295064e-05
6.15000000000000e-01 2.00796256561753e+00 2.00799567504205e+00 3.31094245189512e-05
6.20000000000000e-01 1.98483487938954e+00 1.98486775140779e+00 3.28720182447562e-05
6.25000000000000e-01 1.96434796536328e+00 1.96438031592140e+00 3.23505581243388e-05
6.30000000000000e-01 1.94660417804867e+00 1.94663570460343e+00 3.15265547603527e-05
6.35000000000000e-01 1.93168829843807e+00 1.93171872048530e+00 3.04220472280292e-05
6.40000000000000e-01 1.91966702020349e+00 1.91969611683971e+00 2.90966362195277e-05
6.45000000000000e-01 1.91058855198499e+00 1.91061619184595e+00 2.76398609611039e-05
6.50000000000000e-01 1.90448233726667e+00 1.90450849718747e+00 2.61599207991292e-05
6.55000000000000e-01 1.90135889220827e+00 1.90138366237698e+00 2.47701687154933e-05
6.60000000000000e-01 1.90120976084195e+00 1.90123333589028e+00 2.35750483232877e-05
6.65000000000000e-01 1.90400758628565e+00 1.90403024347033e+00 2.26571846755341e-05
6.70000000000000e-01 1.90970629606570e+00 1.90972836324032e+00 2.20671746180567e-05
6.75000000000000e-01 1.91824139926463e+00 1.91826321654437e+00 2.18172797437077e-05
6.80000000000000e-01 1.92953039297222e+00 1.92955227272105e+00 2.18797488265032e-05
6.85000000000000e-01 1.94347327536744e+00 1.94349546531226e+00 2.21899448149543e-05
6.90000000000000e-01 1.95995316263487e+00 1.95997581652323e+00 2.26538883643101e-05
6.95000000000000e-01 1.97883700676266e+00 1.97886016608158e+00 2.31593189188306e-05
7.00000000000000e-01 1.99997641102892e+00 2.00000000000000e+00 2.35889710766823e-05
7.05000000000000e-01 2.02320853961913e+00 2.02323237413106e+00 2.38345119396577e-05
7.10000000000000e-01 2.04835711730869e+00 2.04838092681811e+00 2.38095094196034e-05
7.15000000000000e-01 2.07523351448732e+00 2.07525697439691e+00 2.34599095905175e-05
7.20000000000000e-01 2.10363791201202e+00 2.10366068279205e+00 2.27707800282140e-05
7.25000000000000e-01 2.13336053948701e+00 2.13338230798255e+00 2.17684955323705e-05
7.30000000000000e-01 2.16418297962927e+00 2.16420349768687e+00 2.05180576013930e-05
7.35000000000000e-01 2.19587953044548e+00 2.19589864623990e+00 1.91157944162690e-05
7.40000000000000e-01 2.22821861608233e+00 2.22823629430637e+00 1.76782240401963e-05
7.45000000000000e-01 2.26096423647773e+00 2.26098056479902e+00 1.63283212888388e-05
7.50000000000000e-01 2.29387744538972e+00 2.29389262614624e+00 1.51807565162976e-05
7.55000000000000e-01 2.32671784605267e+00 2.32673217388556e+00 1.43278328947893e-05
7.60000000000000e-01 2.35924509363141e+00 2.35925892144618e+00 1.38278147745474e-05
7.65000000000000e-01 2.39122039381686e+00 2.39123409092702e+00 1.36971101625250e-05
7.70000000000000e-01 2.42240798731414e+00 2.42242189467697e+00 1.39073628360187e-05
7.75000000000000e-01 2.45257661057826e+00 2.45259099854052e+00 1.43879622598320e-05
7.80000000000000e-01 2.48150092389746e+00 2.48151595774496e+00 1.50338474949052e-05
7.85000000000000e-01 2.50896289874106e+00 2.50897861657418e+00 1.57178331194885e-05
7.90000000000000e-01 2.53475315710107e+00 2.53476946319709e+00 1.63060960263195e-05
7.95000000000000e-01 2.55867225629013e+00 2.55868893129538e+00 1.66750052481568e-05
8.00000000000000e-01 2.58053191324595e+00 2.58054864046305e+00 1.67272170976673e-05
8.05000000000000e-01 2.60015616278653e+00 2.60017256772797e+00 1.64049414395073e-05
8.10000000000000e-01 2.61738244443746e+00 2.61739814297001e+00 1.56985325525660e-05
8.15000000000000e-01 2.63206261241915e+00 2.63207726147960e+00 1.46490604500116e-05
8.20000000000000e-01 2.64406386317901e+00 2.64407720741157e+00 1.33442325633837e-05
8.25000000000000e-01 2.65326957455157e+00 2.65328148243819e+00 1.19078866145372e-05
8.30000000000000e-01 2.65958005032836e+00 2.65959053448992e+00 1.04841615549134e-05
8.35000000000000e-01 2.66291316383107e+00 2.66292238208847e+00 9.21825739297333e-06
8.40000000000000e-01 2.66320489412413e+00 2.66321313042021e+00 8.23629608470711e-06
8.45000000000000e-01 2.66040974887652e+00 2.66041737596564e+00 7.62708912027676e-06
8.50000000000000e-01 2.65450106865773e+00 2.65450849718747e+00 7.42852974511266e-06
8.55000000000000e-01 2.64547120864958e+00 2.64547882948272e+00 7.62083313565753e-06
8.60000000000000e-01 2.63333159533687e+00 2.63333972331718e+00 8.12798031057937e-06
8.65000000000000e-01 2.61811265760530e+00 2.61812148518153e+00 8.82757622999719e-06
8.70000000000000e-01 2.59986363366858e+00 2.59987320173000e+00 9.56806141960698e-06
8.75000000000000e-01 2.57865225717488e+00 2.57866244818360e+00 1.01910087200174e-05
8.80000000000000e-01 2.55456432749781e+00 2.55457488279246e+00 1.05552946418896e-05
8.85000000000000e-01 2.52770317041776e+00 2.52771372985530e+00 1.05594375465756e-05
8.90000000000000e-01 2.49818899601373e+00 2.49819915448034e+00 1.01584666074572e-05
8.95000000000000e-01 2.46615816057512e+00 2.46616753293972e+00 9.37236460263335e-06
9.00000000000000e-01 2.43176233876418e+00 2.43177062311339e+00 8.28434921107402e-06
9.05000000000000e-01 2.39516761127921e+00 2.39517464013388e+00 7.02885467651626e-06
9.10000000000000e-01 2.35655347213124e+00 2.35655924292839e+00 5.77079714636497e-06
9.15000000000000e-01 2.31611175864574e+00 2.31611643790350e+00 4.67925775504696e-06
9.20000000000000e-01 2.27404550672028e+00 2.27404940652903e+00 3.89980875104001e-06
9.25000000000000e-01 2.23056773393205e+00 2.23057126404647e+00 3.53011441456275e-06
9.30000000000000e-01 2.18590015390553e+00 2.18590375695213e+00 3.60304659707822e-06
9.35000000000000e-01 2.14027182688929e+00 2.14027590728277e+00 4.08039348487321e-06
9.40000000000000e-01 2.09391775357394e+00 2.09392261205918e+00 4.85848523501531e-06
9.45000000000000e-01 2.04707742151040e+00 2.04708320651983e+00 5.78500942927107e-06
9.50000000000000e-01 1.99999331569072e+00 2.00000000000000e+00 6.68430927697194e-06
9.55000000000000e-01 1.95290940656420e+00 1.95291679348017e+00 7.38691597024221e-06
9.60000000000000e-01 1.90606962968172e+00 1.90607738794082e+00 7.75825909871131e-06
9.65000000000000e-01 1.85971637112898e+00 1.85972409271723e+00 7.72158824990932e-06
9.70000000000000e-01 1.81408897192722e+00 1.81409624304787e+00 7.27112065379565e-06
9.75000000000000e-01 1.76942226282403e+00 1.76942873595353e+00 6.47312950752266e-06
9.80000000000000e-01 1.72594513867538e+00 1.72595059347097e+00 5.45479559432849e-06
9.85000000000000e-01 1.68387917932198e+00 1.68388356209650e+00 4.38277452619040e-06
9.90000000000000e-01 1.64343732187476e+00 1.64344075707161e+00 3.43519685030991e-06
9.95000000000000e-01 1.60482258796039e+00 1.60482535986612e+00 2.77190572850472e-06
1.00000000000000e+00 1.56822686892048e+00 1.56822937688661e+00 2.50796613410209e-06
1.00500000000000e+00 1.53382977222842e+00 1.53383246706028e+00 2.69483186299269e-06
1.01000000000000e+00 1.50179753334737e+00 1.50180084551966e+00 3.31217229887493e-06
1.01500000000000e+00 1.47228199863685e+00 1.47228627014470e+00 4.27150784920727e-06
1.02000000000000e+00 1.44541968638980e+00 1.44542511720755e+00 5.43081774417864e-06
1.02500000000000e+00 1.42133093430479e+00 1.42133755181640e+00 6.61751161534774e-06
1.03000000000000e+00 1.40011914238629e+00 1.40012679827000e+00 7.65588371054449e-06
1.03500000000000e+00 1.38187012023666e+00 1.38187851481848e+00 8.39458181345343e-06
1.04000000000000e+00 1.36665154690295e+00 1.36666027668282e+00 8.72977986565715e-06
1.04500000000000e+00 1.35451254994140e+00 1.35452117051728e+00 8.62057588890686e-06
1.05000000000000e+00 1.34548340834050e+00 1.34549150281253e+00 8.09447202265723e-06
1.05500000000000e+00 1.33957538164286e+00 1.33958262403436e+00 7.24239150451389e-06
1.06000000000000e+00 1.33678066529401e+00 1.33678686957979e+00 6.20428577935428e-06
1.06500000000000e+00 1.33707247016880e+00 1.33707761791153e+00 5.14774272919460e-06
1.07000000000000e+00 1.34040522257167e+00 1.34040946551008e+00 4.24293840950440e-06
1.07500000000000e+00 1.34671487988907e+00 1.34671851756181e+00 3.63767274147442e-06
1.08000000000000e+00 1.35591935651595e+00 1.35592279258843e+00 3.43607247721422e-06
1.08500000000000e+00 1.36791905462937e+00 1.36792273852040e+00 3.68389103155842e-06
1.09000000000000e+00 1.38259749472358e+00 1.38260185702999e+00 4.36230641365221e-06
1.09500000000000e+00 1.39982204139336e+00 1.39982743227203e+00 5.39087866857635e-06
1.10000000000000e+00 1.41944472048230e+00 1.41945135953695e+00 6.63905464937109e-06
1.10500000000000e+00 1.44130312423429e+00 1.44131106870462e+00 7.94447033558576e-06
1.11000000000000e+00 1.46522140136435e+00 1.46523053680291e+00 9.13543856073673e-06
1.11500000000000e+00 1.49101132890627e+00 1.49102138342582e+00 1.00545195484969e-05
1.12000000000000e+00 1.51847346225740e+00 1.51848404225504e+00 1.05799976397591e-05
1.12500000000000e+00 1.54739835903718e+00 1.54740900145948e+00 1.06424223047519e-05
1.13000000000000e+00 1.57756787126410e+00 1.57757810532303e+00 1.02340589236416e-05
1.13500000000000e+00 1.60875649903264e+00 1.60876590907298e+00 9.41004034382686e-06
1.14000000000000e+00 1.64073279746098e+00 1.64074107855382e+00 8.28109284434220e-06
1.14500000000000e+00 1.67326082731749e+00 1.67326782611444e+00 6.99879694443517e-06
1.15000000000000e+00 1.70610163854989e+00 1.70610737385376e+00 5.73530387693033e-06
1.15500000000000e+00 1.73901477505221e+00 1.73901943520098e+00 4.66014876931986e-06
1.16000000000000e+00 1.77175978849843e+00 1.77176370569363e+00 3.91719519288181e-06
1.16500000000000e+00 1.80409774899622e+00 1.80410135376010e+00 3.60476388139297e-06
1.17000000000000e+00 1.83579274067945e+00 1.83579650231313e+00 3.76163367943327e-06
1.17500000000000e+00 1.86661333112573e+00 1.86661769201745e+00 4.36089172528575e-06
1.18000000000000e+00 1.89633400457836e+00 1.89633931720795e+00 5.31262959047041e-06
1.18500000000000e+00 1.92473655025958e+00 1.92474302560309e+00 6.47534350872725e-06
1.19000000000000e+00 1.95161139844716e+00 1.95161907318189e+00 7.67473472773617e-06
1.19500000000000e+00 1.97675889830393e+00 1.97676762586894e+00 8.72756500136518e-06
1.20000000000000e+00 1.99999053255891e+00 2.00000000000000e+00 9.46744108909492e-06
1.20500000000000e+00 2.02113006492030e+00 2.02113983391842e+00 9.76899812288323e-06
1.21000000000000e+00 2.04001461647379e+00 2.04002418347677e+00 9.56700297605195e-06
1.21500000000000e+00 2.05649566725535e+00 2.05650453468774e+00 8.86743238792675e-06
1.22000000000000e+00 2.07043997871698e+00 2.07044772727895e+00 7.74856197294227e-06
1.22500000000000e+00 2.08173043202292e+00 2.08173678345563e+00 6.35143271177085e-06
1.23000000000000e+00 2.09026677617645e+00 2.09027163675968e+00 4.86058322968219e-06
1.23500000000000e+00 2.09596627908453e+00 2.09596975652967e+00 3.47744514739290e-06
1.24000000000000e+00 2.09876427403979e+00 2.09876666410972e+00 2.39006993796309e-06
1.24500000000000e+00 2.09861459395248e+00 2.09861633762302e+00 1.74367053729085e-06
1.25000000000000e+00 2.09548988616705e+00 2.09549150281253e+00 1.61664548103957e-06
1.25500000000000e+00 2.08938180194288e+00 2.08938380815405e+00 2.00621116874800e-06
1.26000000000000e+00 2.08030105665152e+00 2.08030388316029e+00 2.82650876348711e-06
1.26500000000000e+00 2.06827735930636e+00 2.06828127951470e+00 3.92020834327766e-06
1.27000000000000e+00 2.05335921294359e+00 2.05336429539657e+00 5.08245298069809e-06
1.27500000000000e+00 2.03561359026800e+00 2.03561968407860e+00 6.09381059701875e-06
1.28000000000000e+00 2.01512549147741e+00 2.01513224859221e+00 6.75711480413455e-06
1.28500000000000e+00 1.99199739291957e+00 1.99200432495795e+00 6.93203838508794e-06
1.29000000000000e+00 1.96634859594559e+00 1.96635515716554e+00 6.56121995512571e-06
1.29500000000000e+00 1.93831448489413e+00 1.93832016775567e+00 5.68286153934672e-06
1.30000000000000e+00 1.90804570166465e+00 1.90805012849909e+00 4.42683444079606e-06
1.30500000000000e+00 1.87570724211892e+00 1.87571023628478e+00 2.99416586480028e-06
1.31000000000000e+00 1.84147747706445e+00 1.84147909991323e+00 1.62284877225360e-06
1.31500000000000e+00 1.80554709839450e+00 1.80554764404025e+00 5.45645748806223e-07
1.32000000000000e+00 1.76811798964514e+00 1.76811793702778e+00 5.26173615789105e-08
1.32500000000000e+00 1.72940202020820e+00 1.72940194992690e+00 7.02812965602817e-08
1.33000000000000e+00 1.68961976389882e+00 1.68962025424335e+00 4.90344526760111e-07
1.33500000000000e+00 1.64899914541111e+00 1.64900066651302e+00 1.52110190865251e-06
1.34000000000000e+00 1.60777402199330e+00 1.60777684804300e+00 2.82604969892297e-06
1.34500000000000e+00 1.56618271178965e+00 1.56618686845015e+00 4.15666050446184e-06
1.35000000000000e+00 1.52446648396534e+00 1.52447174185242e+00 5.25788708172215e-06
1.35500000000000e+00 1.48286802823377e+00 1.48287394473691e+00 5.91650313941372e-06
1.36000000000000e+00 1.44162992221776e+00 1.44163592464141e+00 6.00242364989789e-06
1.36500000000000e+00 1.40099311399845e+00 1.40099860884315e+00 5.49484469769546e-06
1.37000000000000e+00 1.36119543441058e+00 1.36119992224821e+00 4.48783763329352e-06
1.37500000000000e+00 1.32247014965946e+00 1.32247332361862e+00 3.17395915883090e-06
1.38000000000000e+00 1.28504456043737e+00 1.28504636916085e+00 1.80872347987915e-06
1.38500000000000e+00 1.24913864976883e+00 1.24913931233114e+00 6.62562309239334e-07
1.39000000000000e+00 1.21496377908368e+00 1.21496374848942e+00 3.05942633449519e-08
1.39500000000000e+00 1.18272143101672e+00 1.18272131275752e+00 1.18259200654336e-07
1.40000000000000e+00 1.15260199831143e+00 1.15260243910916e+00 4.40797722545128e-07
1.40500000000000e+00 1.12478362072156e+00 1.12478518834171e+00 1.56762014591472e-06
1.41000000000000e+00 1.09943107537976e+00 1.09943415215529e+00 3.07677552302543e-06
1.41500000000000e+00 1.07669472994790e+00 1.07669944009536e+00 4.71014746250553e-06
1.42000000000000e+00 1.05670957114265e+00 1.05671575560428e+00 6.18446162792274e-06
1.42500000000000e+00 1.03959432322794e+00 1.03960156687779e+00 7.24364985171810e-06
1.43000000000000e+00 1.02545067132560e+00 1.02545837763829e+00 7.70631268798283e-06
1.43500000000000e+00 1.01436260279709e+00 1.01437010232018e+00 7.49952308876090e-06
1.44000000000000e+00 1.00639587672040e+00 1.00640254951957e+00 6.67279916144459e-06
1.44500000000000e+00 1.00159762714221e+00 1.00160301689261e+00 5.38975039954259e-06
1.45000000000000e+00 9.99996101025235e-01 1.00000000000000e+00 3.89897476549272e-06
1.45500000000000e+00 1.00160052738004e+00 1.00160301689261e+00 2.48951256409669e-06
1.46000000000000e+00 1.00640111062857e+00 1.00640254951957e+00 1.43889099990524e-06
1.46500000000000e+00 1.01436913925837e+00 1.01437010232018e+00 9.63061804526433e-07
1.47000000000000e+00 1.02545720048827e+00 1.02545837763829e+00 1.17715001590746e-06
1.47500000000000e+00 1.03959949288881e+00 1.03960156687779e+00 2.07398897988931e-06
1.48000000000000e+00 1.05671223133269e+00 1.05671575560428e+00 3.52427159011626e-06
1.48500000000000e+00 1.07669414174281e+00 1.07669944009536e+00 5.29835255269617e-06
1.49000000000000e+00 1.09942704621095e+00 1.09943415215529e+00 7.10594433361855e-06
1.49500000000000e+00 1.12477654153310e+00 1.12478518834171e+00 8.64680860979128e-06
1.50000000000000e+00 1.15259277551717e+00 1.15260243910916e+00 9.66359198995015e-06
1.50500000000000e+00 1.18271132522885e+00 1.18272131275752e+00 9.98752867409358e-06
1.51000000000000e+00 1.21495417957259e+00 1.21496374848942e+00 9.56891683334682e-06
1.51500000000000e+00 1.24913082545050e+00 1.24913931233114e+00 8.48688063848080e-06
1.52000000000000e+00 1.28503943264085e+00 1.28504636916085e+00 6.93652000105516e-06
1.52500000000000e+00 1.32246812810705e+00 1.32247332361862e+00 5.19551157163178e-06
1.53000000000000e+00 1.36119634638095e+00 1.36119992224821e+00 3.57586725630021e-06
1.53500000000000e+00 1.40099623961062e+00 1.40099860884315e+00 2.36923253194021e-06
1.54000000000000e+00 1.44163412931344e+00 1.44163592464141e+00 1.79532797184301e-06
1.54500000000000e+00 1.48287198207094e+00 1.48287394473691e+00 1.96266596774741e-06
1.55000000000000e+00 1.52446889327837e+00 1.52447174185242e+00 2.84857405730143e-06
1.55500000000000e+00 1.56618256626448e+00 1.56618686845015e+00 4.30218566971341e-06
1.56000000000000e+00 1.60777077803054e+00 1.60777684804300e+00 6.07001246022421e-06
1.56500000000000e+00 1.64899282680027e+00 1.64900066651302e+00 7.83971274831430e-06
1.57000000000000e+00 1.68961095980652e+00 1.68962025424335e+00 9.29443682573527e-06
1.57500000000000e+00 1.72939178168295e+00 1.72940194992690e+00 1.01682439550554e-05
1.58000000000000e+00 1.76810764414320e+00 1.76811793702778e+00 1.02928845868711e-05
1.58500000000000e+00 1.80553801628467e+00 1.80554764404025e+00 9.62775558011053e-06
1.59000000000000e+00 1.84147083212625e+00 1.84147909991323e+00 8.26778698082009e-06
1.59500000000000e+00 1.87570380841093e+00 1.87571023628478e+00 6.42787385407573e-06
1.60000000000000e+00 1.90804572196061e+00 1.90805012849909e+00 4.40653848055028e-06
1.60500000000000e+00 1.93831763267124e+00 1.93832016775567e+00 2.53508442904504e-06
1.61000000000000e+00 1.96635403619464e+00 1.96635515716554e+00 1.12097090787522e-06
1.61500000000000e+00 1.99200392987104e+00 1.99200432495795e+00 3.95086907190034e-07
1.62000000000000e+00 2.01513177669070e+00 2.01513224859221e+00 4.71901512089090e-07
1.62500000000000e+00 2.03561835482399e+00 2.03561968407860e+00 1.32925460771816e-06
1.63000000000000e+00 2.05336148417064e+00 2.05336429539657e+00 2.81122592893368e-06
1.63500000000000e+00 2.06827662586778e+00 2.06828127951470e+00 4.65364692159298e-06
1.64000000000000e+00 2.08029735511649e+00 2.08030388316029e+00 6.52804379708272e-06
1.64500000000000e+00 2.08937571142093e+00 2.08938380815405e+00 8.09673312529569e-06
1.65000000000000e+00 2.09548243288937e+00 2.09549150281253e+00 9.06992315963251e-06
1.65500000000000e+00 2.09860708232701e+00 2.09861633762302e+00 9.25529600426245e-06
1.66000000000000e+00 2.09875807239335e+00 2.09876666410972e+00 8.59171637701550e-06
1.66500000000000e+00 2.09596259528060e+00 2.09596975652967e+00 7.16124907240712e-06
1.67000000000000e+00 2.09026645958119e+00 2.09027163675968e+00 5.17717849035648e-06
1.67500000000000e+00 2.08173383379172e+00 2.08173678345563e+00 2.94966391045648e-06
1.68000000000000e+00 2.07044689286464e+00 2.07044772727895e+00 8.34414315864507e-07
1.68500000000000e+00 2.05650536196726e+00 2.05650453468774e+00 8.27279519111102e-07
1.69000000000000e+00 2.04002595063776e+00 2.04002418347677e+00 1.76716099486995e-06
1.69500000000000e+00 2.02114167115128e+00 2.02113983391842e+00 1.83723285740456e-06
1.70000000000000e+00 2.00000103719368e+00 2.00000000000000e+00 1.03719367805510e-06
1.70500000000000e+00 1.97676714268387e+00 1.97676762586893e+00 4.83185067734482e-07
1.71000000000000e+00 1.95161662532682e+00 1.95161907318189e+00 2.44785507397260e-06
1.71500000000000e+00 1.92473852455629e+00 1.92474302560309e+00 4.50104679505792e-06
1.72000000000000e+00 1.89633304816930e+00 1.89633931720795e+00 6.26903864997530e-06
1.72500000000000e+00 1.86661026541170e+00 1.86661769201745e+00 7.42660575414611e-06
1.73000000000000e+00 1.83578874594582e+00 1.83579650231313e+00 7.75636731087381e-06
1.73500000000000e+00 1.80409416368895e+00 1.80410135376010e+00 7.19007115379533e-06
1.74000000000000e+00 1.77175788198428e+00 1.77176370569363e+00 5.82370934432141e-06
1.74500000000000e+00 1.73901553235929e+00 1.73901943520098e+00 3.90284168894084e-06
1.75000000000000e+00 1.70610559398038e+00 1.70610737385376e+00 1.77987338578767e-06
1.75500000000000e+00 1.67326797578138e+00 1.67326782611444e+00 1.49666942617088e-07
1.76000000000000e+00 1.64074259913083e+00 1.64074107855382e+00 1.52057700608665e-06
1.76500000000000e+00 1.60876797666930e+00 1.60876590907298e+00 2.06759631682374e-06
1.77000000000000e+00 1.57757978313470e+00 1.57757810532303e+00 1.67781167070835e-06
1.77500000000000e+00 1.54740941669395e+00 1.54740900145948e+00 4.15234471029535e-07
1.78000000000000e+00 1.51848255411699e+00 1.51848404225504e+00 1.48813805034287e-06
1.78500000000000e+00 1.49101770922264e+00 1.49102138342582e+00 3.67420318547751e-06
1.79000000000000e+00 1.46522481025085e+00 1.46523053680291e+00 5.72655205544059e-06
1.79500000000000e+00 1.44130381692985e+00 1.44131106870462e+00 7.25177477423067e-06
1.80000000000000e+00 1.41944340090419e+00 1.41945135953695e+00 7.95863276015218e-06
1.80500000000000e+00 1.39981971312313e+00 1.39982743227203e+00 7.71914889385883e-06
1.81000000000000e+00 1.38259525852867e+00 1.38260185702999e+00 6.59850131445872e-06
1.81500000000000e+00 1.36791789229451e+00 1.36792273852040e+00 4.84622589236317e-06
1.82000000000000e+00 1.35591994387455e+00 1.35592279258843e+00 2.84871387923324e-06
1.82500000000000e+00 1.34671746657756e+00 1.34671851756181e+00 1.05098425451366e-06
1.83000000000000e+00 1.34040960285542e+00 1.34040946551008e+00 1.37345333550698e-07
1.83500000000000e+00 1.33707805048214e+00 1.33707761791153e+00 4.32570610220395e-07
1.84000000000000e+00 1.33678661346635e+00 1.33678686957979e+00 2.56113430685545e-07
1.84500000000000e+00 1.33958082443130e+00 1.33958262403436e+00 1.79960305723981e-06
1.85000000000000e+00 1.34548763205778e+00 1.34549150281253e+00 3.87075474228560e-06
1.85500000000000e+00 1.35451515687671e+00 1.35452117051728e+00 6.01364057506437e-06
1.86000000000000e+00 1.36665252926229e+00 1.36666027668282e+00 7.74742052667143e-06
1.86500000000000e+00 1.38186983240767e+00 1.38187851481848e+00 8.68241081097842e-06
1.87000000000000e+00 1.40011817776103e+00 1.40012679827000e+00 8.62050897043609e-06
1.87500000000000e+00 1.42132993879006e+00 1.42133755181640e+00 7.61302634200156e-06
1.88000000000000e+00 1.44541916015926e+00 1.44542511720755e+00 5.95704829042809e-06
1.88500000000000e+00 1.47228214434858e+00 1.47228627014470e+00 4.12579612230068e-06
1.89000000000000e+00 1.50179819930326e+00 1.50180084551967e+00 2.64621640910789e-06
1.89500000000000e+00 1.53383051342936e+00 1.53383246706028e+00 1.95363092481138e-06
1.90000000000000e+00 1.56822711336153e+00 1.56822937688661e+00 2.26352508359007e-06
1.90500000000000e+00 1.60482185978835e+00 1.60482535986612e+00 3.50007776606098e-06
1.91000000000000e+00 1.64343544901311e+00 1.64344075707161e+00 5.30805849829896e-06
1.91500000000000e+00 1.68387641077232e+00 1.68388356209650e+00 7.15132417905551e-06
1.92000000000000e+00 1.72594211997544e+00 1.72595059347097e+00 8.47349552612897e-06
1.92500000000000e+00 1.76941986256039e+00 1.76942873595353e+00 8.87339314359359e-06
1.93000000000000e+00 1.81408800470430e+00 1.81409624304787e+00 8.23834356578068e-06
1.93500000000000e+00 1.85971730481181e+00 1.85972409271723e+00 6.78790541597252e-06
1.94000000000000e+00 1.90607237999195e+00 1.90607738794082e+00 5.00794886648670e-06
1.94500000000000e+00 1.95291330120888e+00 1.95291679348017e+00 3.49227128992879e-06
1.95000000000000e+00 1.99999725701067e+00 2.00000000000000e+00 2.74298933033990e-06
1.95500000000000e+00 2.04708020805553e+00 2.04708320651983e+00 2.99846430440454e-06
1.96000000000000e+00 2.09391846165065e+00 2.09392261205918e+00 4.15040853063431e-06
1.96500000000000e+00 2.14027012602885e+00 2.14027590728277e+00 5.78125392269868e-06
1.97000000000000e+00 2.18589644735997e+00 2.18590375695213e+00 7.30959216133087e-06
1.97500000000000e+00 2.23056307208642e+00 2.23057126404646e+00 8.19196004275824e-06
1.98000000000000e+00 2.27404129763805e+00 2.27404940652903e+00 8.10889097335732e-06
1.98500000000000e+00 2.31610936800739e+00 2.31611643790350e+00 7.06989610987918e-06
1.99000000000000e+00 2.35655384004714e+00 2.35655924292839e+00 5.40288124550869e-06
1.99500000000000e+00 2.39517100419743e+00 2.39517464013388e+00 3.63593645769100e-06
2.00000000000000e+00 2.43176830621180e+00 2.43177062311339e+00 2.31690158392084e-06
2.00500000000000e+00 2.46616569797277e+00 2.46616753293972e+00 1.83496694861063e-06
2.01000000000000e+00 2.49819685114137e+00 2.49819915448034e+00 2.30333896356072e-06
2.01500000000000e+00 2.52771019307495e+00 2.52771372985530e+00 3.53678035525107e-06
2.02000000000000e+00 2.55456975914952e+00 2.55457488279245e+00 5.12364293081546e-06
2.02500000000000e+00 2.57865588645985e+00 2.57866244818359e+00 6.56172374302599e-06
2.03000000000000e+00 2.59986579113704e+00 2.59987320173000e+00 7.41059296283098e-06
2.03500000000000e+00 2.61811407167663e+00 2.61812148518152e+00 7.41350488864256e-06
2.04000000000000e+00 2.63333316648121e+00 2.63333972331718e+00 6.55683596706425e-06
2.04500000000000e+00 2.64547377223838e+00 2.64547882948272e+00 5.05724433574883e-06
2.05000000000000e+00 2.65450520876338e+00 2.65450849718747e+00 3.28842409702546e-06
2.05500000000000e+00 2.66041570178177e+00 2.66041737596564e+00 1.67418386576301e-06
2.06000000000000e+00 2.66321255076690e+00 2.66321313042021e+00 5.79653314236594e-07
2.06500000000000e+00 2.66292215391007e+00 2.66292238208847e+00 2.28178396621814e-07
2.07000000000000e+00 2.65958987363778e+00 2.65959053448992e+00 6.60852140565993e-07
2.07500000000000e+00 2.65327973979028e+00 2.65328148243819e+00 1.74264790775425e-06
2.08000000000000e+00 2.64407399991223e+00 2.64407720741157e+00 3.20749934257236e-06
2.08500000000000e+00 2.63207253453269e+00 2.63207726147960e+00 4.72694690678566e-06
2.09000000000000e+00 2.61739215880488e+00 2.61739814297001e+00 5.98416512653799e-06
2.09500000000000e+00 2.60016583079496e+00 2.60017256772797e+00 6.73693301189715e-06
2.10000000000000e+00 2.58054178236554e+00 2.58054864046305e+00 6.85809750944344e-06
2.10500000000000e+00 2.55868258272091e+00 2.55868893129538e+00 6.34857446613069e-06
2.11000000000000e+00 2.53476413893075e+00 2.53476946319710e+00 5.32426634203276e-06
2.11500000000000e+00 2.50897463339198e+00 2.50897861657418e+00 3.98318219918536e-06
2.12000000000000e+00 2.48151339592452e+00 2.48151595774496e+00 2.56182043756326e-06
2.12500000000000e+00 2.45258970815091e+00 2.45259099854052e+00 1.29038960894334e-06
2.13000000000000e+00 2.42242153963755e+00 2.42242189467697e+00 3.55039424526638e-07
2.13500000000000e+00 2.39123421833086e+00 2.39123409092702e+00 1.27403839034201e-07
2.14000000000000e+00 2.35925904134195e+00 2.35925892144618e+00 1.19895770644973e-07
2.14500000000000e+00 2.32673183541246e+00 2.32673217388556e+00 3.38473108651982e-07
2.15000000000000e+00 2.29389147890049e+00 2.29389262614624e+00 1.14724575350778e-06
2.15500000000000e+00 2.26097839857545e+00 2.26098056479902e+00 2.16622356852270e-06
2.16000000000000e+00 2.22823305487094e+00 2.22823629430637e+00 3.23943543145688e-06
2.16500000000000e+00 2.19589442869513e+00 2.19589864623990e+00 4.21754477564207e-06
2.17000000000000e+00 2.16419852175210e+00 2.16420349768687e+00 4.97593477266633e-06
2.17500000000000e+00 2.13337688094125e+00 2.13338230798255e+00 5.42704129324889e-06
2.18000000000000e+00 2.10365515609182e+00 2.10366068279205e+00 5.52670023568069e-06
2.18500000000000e+00 2.07525169926911e+00 2.07525697439691e+00 5.27512780346129e-06
2.19000000000000e+00 2.04837621323895e+00 2.04838092681811e+00 4.71357916076443e-06
2.19500000000000e+00 2.02322845635250e+00 2.02323237413107e+00 3.91777856467712e-06
2.20000000000000e+00 1.99999701098020e+00 2.00000000000000e+00 2.98901979856048e-06
2.20500000000000e+00 1.97885812250529e+00 1.97886016608158e+00 2.04357628508234e-06
2.21000000000000e+00 1.95997461562882e+00 1.95997581652323e+00 1.20089441835169e-06
2.21500000000000e+00 1.94349489424325e+00 1.94349546531226e+00 5.71069012522685e-07
2.22000000000000e+00 1.92955203039374e+00 1.92955227272105e+00 2.42327307997670e-07
2.22500000000000e+00 1.91826294694371e+00 1.91826321654437e+00 2.69600666902292e-07
2.23000000000000e+00 1.90972769763770e+00 1.90972836324032e+00 6.65602613469929e-07
2.23500000000000e+00 1.90402884747379e+00 1.90403024347033e+00 1.39599654103151e-06
2.24000000000000e+00 1.90123095580145e+00 1.90123333589028e+00 2.38008882269547e-06
2.24500000000000e+00 1.90138016442398e+00 1.90138366237698e+00 3.49795300458311e-06
2.25000000000000e+00 1.90450389318569e+00 1.90450849718747e+00 4.60400178359244e-06
2.25500000000000e+00 1.91061064594658e+00 1.91061619184595e+00 5.54589936663241e-06
2.26000000000000e+00 1.91968993028509e+00 1.91969611683971e+00 6.18655462569784e-06
2.26500000000000e+00 1.93171229448117e+00 1.93171872048530e+00 6.42600412237293e-06
2.27000000000000e+00 1.94662948507748e+00 1.94663570460343e+00 6.21952595203368e-06
2.27500000000000e+00 1.96437472742775e+00 1.96438031592140e+00 5.58849364584724e-06
2.28000000000000e+00 1.98486313006101e+00 1.98486775140779e+00 4.62134677947645e-06
2.28500000000000e+00 2.00799221150246e+00 2.00799567504205e+00 3.46353958979861e-06
2.29000000000000e+00 2.03364254562520e+00 2.03364484283446e+00 2.29720925792876e-06
2.29500000000000e+00 2.06167851899419e+00 2.06167983224433e+00 1.31325013530414e-06
2.30000000000000e+00 2.09194919139498e+00 2.09194987150091e+00 6.80105928019259e-07
2.30500000000000e+00 2.12428924917032e+00 2.12428976371522e+00 5.14544894691937e-07
2.31000000000000e+00 2.15852004037448e+00 2.15852090008677e+00 8.59712291134684e-07
2.31500000000000e+00 2.19445068118029e+00 2.19445235595975e+00 1.67477945778316e-06
2.32000000000000e+00 2.23187922432476e+00 2.23188206297221e+00 2.83864745531659e-06
2.32500000000000e+00 2.27059388234915e+00 2.27059805007310e+00 4.16772394462583e-06
2.33000000000000e+00 2.31037430053820e+00 2.31037974575665e+00 5.44521844858536e-06
2.33500000000000e+00 2.35099287629739e+00 2.35099933348698e+00 6.45718958569574e-06
2.34000000000000e+00 2.39221612278478e+00 2.39222315195699e+00 7.02917221628852e-06
2.34500000000000e+00 2.43380607463641e+00 2.43381313154985e+00 7.05691343672044e-06
2.35000000000000e+00 2.47552173250614e+00 2.47552825814758e+00 6.52564143921452e-06
2.35500000000000e+00 2.51712054102703e+00 2.51712605526309e+00 5.51423605132939e-06
2.36000000000000e+00 2.55835989204657e+00 2.55836407535858e+00 4.18331201323952e-06
2.36500000000000e+00 2.59899864207997e+00 2.59900139115685e+00 2.74907687947135e-06
2.37000000000000e+00 2.63879863039462e+00 2.63880007775179e+00 1.44735717233502e-06
2.37500000000000e+00 2.67752618244513e+00 2.67752667638138e+00 4.93936253675997e-07
2.38000000000000e+00 2.71495358283489e+00 2.71495363083914e+00 4.80042574579898e-08
2.38500000000000e+00 2.75086050268828e+00 2.75086068766886e+00 1.84980576634075e-07
2.39000000000000e+00 2.78503536816358e+00 2.78503625151058e+00 8.83346994662304e-07
2.39500000000000e+00 2.81727665951536e+00 2.81727868724248e+00 2.02772712221133e-06
2.40000000000000e+00 2.84739413319735e+00 2.84739756089084e+00 3.42769349259697e-06
2.40500000000000e+00 2.87520996250809e+00 2.87521481165829e+00 4.84915020226850e-06
2.41000000000000e+00 2.90055979478267e+00 2.90056584784471e+00 6.05306204315426e-06
2.41500000000000e+00 2.92329372479573e+00 2.92330055990463e+00 6.83510890420180e-06
2.42000000000000e+00 2.94327718468313e+00 2.94328424439572e+00 7.05971258829763e-06
2.42500000000000e+00 2.96039175030752e+00 2.96039843312221e+00 6.68281468918508e-06
2.43000000000000e+00 2.97453586274437e+00 2.97454162236171e+00 5.75961734528008e-06
2.43500000000000e+00 2.98562546174199e+00 2.98562989767982e+00 4.43593783172602e-06
2.44000000000000e+00 2.99359452599068e+00 2.99359745048043e+00 2.92448975391935e-06
2.44500000000000e+00 2.99839551323405e+00 2.99839698310739e+00 1.46987334082027e-06
2.45000000000000e+00 2.99999969205240e+00 3.00000000000000e+00 3.07947595423741e-07
2.45500000000000e+00 2.99839735684581e+00 2.99839698310739e+00 3.73738418879555e-07
2.46000000000000e+00 2.99359791831753e+00 2.99359745048044e+00 4.67837097506418e-07
2.46500000000000e+00 2.98562986362243e+00 2.98562989767982e+00 3.40573969026536e-08
2.47000000000000e+00 2.97454058314798e+00 2.97454162236171e+00 1.03921373373339e-06
2.47500000000000e+00 2.96039606432684e+00 2.96039843312221e+00 2.36879537274248e-06
2.48000000000000e+00 2.94328045651122e+00 2.94328424439572e+00 3.78788450605683e-06
2.48500000000000e+00 2.92329551428163e+00 2.92330055990464e+00 5.04562300651656e-06
2.49000000000000e+00 2.90055992914316e+00 2.90056584784471e+00 5.91870155730589e-06
2.49500000000000e+00 2.87520856101045e+00 2.87521481165830e+00 6.25064784998131e-06
2.50000000000000e+00 2.84739158099833e+00 2.84739756089084e+00 5.97989251671649e-06
2.50500000000000e+00 2.81727353584512e+00 2.81727868724248e+00 5.15139735934866e-06
2.51000000000000e+00 2.78503234206338e+00 2.78503625151058e+00 3.90944719663722e-06
2.51500000000000e+00 2.75085821510759e+00 2.75086068766886e+00 2.47256126728601e-06
2.52000000000000e+00 2.71495253606936e+00 2.71495363083915e+00 1.09476979037737e-06
2.52500000000000e+00 2.67752665627881e+00 2.67752667638138e+00 2.01025764923202e-08
2.53000000000000e+00 2.63880063922459e+00 2.63880007775179e+00 5.61472801141605e-07
2.53500000000000e+00 2.59900193971028e+00 2.59900139115685e+00 5.48553427570653e-07
2.54000000000000e+00 2.55836402216044e+00 2.55836407535859e+00 5.31981525497827e-08
2.54500000000000e+00 2.51712492318931e+00 2.51712605526309e+00 1.13207378271696e-06
2.55000000000000e+00 2.47552576740254e+00 2.47552825814758e+00 2.49074503644309e-06
2.55500000000000e+00 2.43380924921756e+00 2.43381313154985e+00 3.88233229386969e-06
2.56000000000000e+00 2.39221809654502e+00 2.39222315195700e+00 5.05541198148052e-06
2.56500000000000e+00 2.35099353389185e+00 2.35099933348698e+00 5.79959513880013e-06
2.57000000000000e+00 2.31037376249951e+00 2.31037974575666e+00 5.98325715062131e-06
2.57500000000000e+00 2.27059247351942e+00 2.27059805007310e+00 5.57655368194077e-06
2.58000000000000e+00 2.23187740727308e+00 2.23188206297222e+00 4.65569914087638e-06
2.58500000000000e+00 2.19444896792205e+00 2.19445235595975e+00 3.38803770016938e-06
2.59000000000000e+00 2.15851889908804e+00 2.15852090008678e+00 2.00099873870485e-06
2.59500000000000e+00 2.12428902280095e+00 2.12428976371522e+00 7.40914262387093e-07
2.60000000000000e+00 2.09195004214489e+00 2.09194987150091e+00 1.70643981167728e-07
2.60500000000000e+00 2.06168040739026e+00 2.06167983224433e+00 5.75145930881149e-07
2.61000000000000e+00 2.03364524622303e+00 2.03364484283446e+00 4.03388574099495e-07
2.61500000000000e+00 2.00799536060736e+00 2.00799567504205e+00 3.14434686288223e-07
2.62000000000000e+00 1.98486629534813e+00 1.98486775140779e+00 1.45605966372919e-06
2.62500000000000e+00 1.96437748596603e+00 1.96438031592140e+00 2.82995537781439e-06
2.63000000000000e+00 1.94663149550370e+00 1.94663570460343e+00 4.20909972764782e-06
2.63500000000000e+00 1.93171335092207e+00 1.93171872048530e+00 5.36956322538806e-06
2.64000000000000e+00 1.91968998960040e+00 1.91969611683971e+00 6.12723931348036e-06
2.64500000000000e+00 1.91060982512158e+00 1.91061619184595e+00 6.36672436793440e-06
2.65000000000000e+00 1.90450243921079e+00 1.90450849718747e+00 6.05797668473684e-06
2.65500000000000e+00 1.90137840375165e+00 1.90138366237698e+00 5.25862533407029e-06
2.66000000000000e+00 1.90122923365312e+00 1.90123333589028e+00 4.10223715774372e-06
2.66500000000000e+00 1.90402746839846e+00 1.90403024347033e+00 2.77507186563497e-06
2.67000000000000e+00 1.90972687771785e+00 1.90972836324032e+00 1.48552246881373e-06
2.67500000000000e+00 1.91826278521025e+00 1.91826321654437e+00 4.31334126638205e-07
2.68000000000000e+00 1.92955250297805e+00 1.92955227272105e+00 2.30257007238777e-07
2.68500000000000e+00 1.94349587037400e+00 1.94349546531226e+00 4.05061743036228e-07
2.69000000000000e+00 1.95997589062339e+00 1.95997581652323e+00 7.41001606741065e-08
2.69500000000000e+00 1.97885946013335e+00 1.97886016608158e+00 7.05948230095288e-07
2.70000000000000e+00 1.99999818645944e+00 2.00000000000000e+00 1.81354055839300e-06
2.70500000000000e+00 2.02322929190645e+00 2.02323237413106e+00 3.08222461908869e-06
2.71000000000000e+00 2.04837660038007e+00 2.04838092681811e+00 4.32643803405242e-06
2.71500000000000e+00 2.07525160523739e+00 2.07525697439691e+00 5.36915952453754e-06
2.72000000000000e+00 2.10365461544973e+00 2.10366068279205e+00 6.06734232455608e-06
2.72500000000000e+00 2.13337597642216e+00 2.13338230798255e+00 6.33156038976068e-06
2.73000000000000e+00 2.16419736041341e+00 2.16420349768687e+00 6.13727345788462e-06
2.73500000000000e+00 2.19589311983158e+00 2.19589864623990e+00 5.52640831497087e-06
2.74000000000000e+00 2.22823169493784e+00 2.22823629430637e+00 4.59936853225429e-06
2.74500000000000e+00 2.26097706587309e+00 2.26098056479902e+00 3.49892592765855e-06
2.75000000000000e+00 2.29389023761069e+00 2.29389262614624e+00 2.38853554757057e-06
2.75500000000000e+00 2.32673074557043e+00 2.32673217388556e+00 1.42831512528474e-06
2.76000000000000e+00 2.35925816928638e+00 2.35925892144618e+00 7.52159798889096e-07
2.76500000000000e+00 2.39123364171975e+00 2.39123409092702e+00 4.49207267827489e-07
2.77000000000000e+00 2.42242134249993e+00 2.42242189467697e+00 5.52177041868163e-07
2.77500000000000e+00 2.45258996445667e+00 2.45259099854052e+00 1.03408384699577e-06
2.78000000000000e+00 2.48151414412905e+00 2.48151595774496e+00 1.81361590945173e-06
2.78500000000000e+00 2.50897584833351e+00 2.50897861657418e+00 2.76824066736125e-06
2.79000000000000e+00 2.53476571017604e+00 2.53476946319709e+00 3.75302105481978e-06
2.79500000000000e+00 2.55868430895532e+00 2.55868893129538e+00 4.62234005516038e-06
2.80000000000000e+00 2.58054338911727e+00 2.58054864046305e+00 5.25134578266417e-06
2.80500000000000e+00 2.60016701373178e+00 2.60017256772797e+00 5.55399619672770e-06
2.81000000000000e+00 2.61739264787748e+00 2.61739814297001e+00 5.49509252500968e-06
2.81500000000000e+00 2.63207216690380e+00 2.63207726147960e+00 5.09457579855876e-06
2.82000000000000e+00 2.64407278391203e+00 2.64407720741157e+00 4.42349954266064e-06
2.82500000000000e+00 2.65327789011301e+00 2.65328148243819e+00 3.59232517999075e-06
2.83000000000000e+00 2.65958780115163e+00 2.65959053448992e+00 2.73333828548772e-06
2.83500000000000e+00 2.66292040220537e+00 2.66292238208847e+00 1.97988309746933e-06
2.84000000000000e+00 2.66321168480092e+00 2.66321313042021e+00 1.44561929182885e-06
2.84500000000000e+00 2.66041616893478e+00 2.66041737596564e+00 1.20703085393359e-06
2.85000000000000e+00 2.65450720524521e+00 2.65450849718747e+00 1.29194226738960e-06
2.85500000000000e+00 2.64547715360423e+00 2.64547882948272e+00 1.67587848931561e-06
2.86000000000000e+00 2.63333743644605e+00 2.63333972331719e+00 2.28687113779102e-06
2.86500000000000e+00 2.61811846723064e+00 2.61812148518152e+00 3.01795087986889e-06
2.87000000000000e+00 2.59986945643684e+00 2.59987320173000e+00 3.74529316848893e-06
2.87500000000000e+00 2.57865809916629e+00 2.57866244818360e+00 4.34901730228532e-06
2.88000000000000e+00 2.55457014963899e+00 2.55457488279246e+00 4.73315346383174e-06
2.88500000000000e+00 2.52770888846390e+00 2.52771372985530e+00 4.84139140644047e-06
2.89000000000000e+00 2.49819448856679e+00 2.49819915448034e+00 4.66591354619794e-06
2.89500000000000e+00 2.46616328514631e+00 2.46616753293972e+00 4.24779340857384e-06
2.90000000000000e+00 2.43176695420053e+00 2.43177062311339e+00 3.66891286374127e-06
2.90500000000000e+00 2.39517160327409e+00 2.39517464013388e+00 3.03685979874402e-06
2.91000000000000e+00 2.35655677739418e+00 2.35655924292839e+00 2.46553421501261e-06
2.91500000000000e+00 2.31611438293081e+00 2.31611643790350e+00 2.05497269512023e-06
2.92000000000000e+00 2.27404753248856e+00 2.27404940652904e+00 1.87404047169437e-06
2.92500000000000e+00 2.23056931494821e+00 2.23057126404647e+00 1.94909825790290e-06
2.93000000000000e+00 2.18590149633070e+00 2.18590375695213e+00 2.26062143449113e-06
2.93500000000000e+00 2.14027315903778e+00 2.14027590728278e+00 2.74824499202353e-06
2.94000000000000e+00 2.09391928894019e+00 2.09392261205918e+00 3.32311899464699e-06
2.94500000000000e+00 2.04707932142175e+00 2.04708320651984e+00 3.88509808946225e-06
2.95000000000000e+00 1.99999565857815e+00 2.00000000000000e+00 4.34142185068431e-06
2.95500000000000e+00 1.95291217014220e+00 1.95291679348017e+00 4.62333797357495e-06
2.96000000000000e+00 1.90607269033018e+00 1.90607738794082e+00 4.69761064469942e-06
2.96500000000000e+00 1.85971952178624e+00 1.85972409271723e+00 4.57093098860106e-06
2.97000000000000e+00 1.81409195636840e+00 1.81409624304787e+00 4.28667947116601e-06
2.97500000000000e+00 1.76942482096875e+00 1.76942873595354e+00 3.91498478902186e-06
2.98000000000000e+00 1.72594705519119e+00 1.72595059347097e+00 3.53827978516463e-06
2.98500000000000e+00 1.68388032676753e+00 1.68388356209651e+00 3.23532897916756e-06
2.99000000000000e+00 1.64343769021324e+00 1.64344075707161e+00 3.06685836903853e-06
2.99500000000000e+00 1.60482229441533e+00 1.60482535986612e+00 3.06545078432308e-06
3.00000000000000e+00 1.56822614548567e+00 1.56822937688661e+00 3.23140094171670e-06
3.00500000000000e+00 1.53382893208890e+00 1.53383246706028e+00 3.53497137894898e-06
3.01000000000000e+00 1.50179692130265e+00 1.50180084551966e+00 3.92421701511658e-06
3.01500000000000e+00 1.47228193363742e+00 1.47228627014470e+00 4.33650727482693e-06
3.02000000000000e+00 1.44542040594408e+00 1.44542511720755e+00 4.71126346224260e-06
3.02500000000000e+00 1.42133255047363e+00 1.42133755181641e+00 5.00134277348074e-06
3.03000000000000e+00 1.40012161734383e+00 1.40012679827000e+00 5.18092616275112e-06
3.03500000000000e+00 1.38187326622655e+00 1.38187851481848e+00 5.24859192152505e-06
3.04000000000000e+00 1.36665505138850e+00 1.36666027668282e+00 5.22529432167573e-06
3.04500000000000e+00 1.35451602251653e+00 1.35452117051728e+00 5.14800075168687e-06
3.05000000000000e+00 1.34548644224551e+00 1.34549150281253e+00 5.06056701810031e-06
3.05500000000000e+00 1.33957762013743e+00 1.33958262403436e+00 5.00389692903447e-06
3.06000000000000e+00 1.33678186211504e+00 1.33678686957979e+00 5.00746474663138e-06
3.06500000000000e+00 1.33707253401989e+00 1.33707761791153e+00 5.08389164166623e-06
3.07000000000000e+00 1.34040423795492e+00 1.34040946551008e+00 5.22755516585427e-06
3.07500000000000e+00 1.34671310023305e+00 1.34671851756181e+00 5.41732876002676e-06
3.08000000000000e+00 1.35591716991032e+00 1.35592279258843e+00 5.62267810821915e-06
3.08500000000000e+00 1.36791692686346e+00 1.36792273852040e+00 5.81165693991359e-06
3.09000000000000e+00 1.38259589805137e+00 1.38260185702999e+00 5.95897861987993e-06
3.09500000000000e+00 1.39982137991301e+00 1.39982743227203e+00 6.05235901329770e-06
3.10000000000000e+00 1.41944526381708e+00 1.41945135953695e+00 6.09571987242319e-06
3.10500000000000e+00 1.44130496017831e+00 1.44131106870462e+00 6.10852631299785e-06
3.11000000000000e+00 1.46522441543711e+00 1.46523053680290e+00 6.12136579314360e-06
3.11500000000000e+00 1.49101521473672e+00 1.49102138342582e+00 6.16868910374713e-06
3.12000000000000e+00 1.51847776199429e+00 1.51848404225504e+00 6.28026075433219e-06
3.12500000000000e+00 1.54740252828113e+00 1.54740900145948e+00 6.47317835333894e-06
3.13000000000000e+00 1.57757135907146e+00 1.57757810532302e+00 6.74625156471542e-06
3.13500000000000e+00 1.60875883098240e+00 1.60876590907298e+00 7.07809057831632e-06
3.14000000000000e+00 1.64073364902860e+00 1.64074107855382e+00 7.42952521548546e-06
3.14500000000000e+00 1.67326007601437e+00 1.67326782611444e+00 7.75010007059151e-06
3.15000000000000e+00 1.70609938631289e+00 1.70610737385376e+00 7.98754086961395e-06
3.15500000000000e+00 1.73901133676992e+00 1.73901943520098e+00 8.09843106419628e-06
3.16000000000000e+00 1.77175564768400e+00 1.77176370569363e+00 8.05800962888625e-06
3.16500000000000e+00 1.80409348668848e+00 1.80410135376010e+00 7.86707161970490e-06
3.17000000000000e+00 1.83578894789427e+00 1.83579650231313e+00 7.55441885336161e-06
3.17500000000000e+00 1.86661051792833e+00 1.86661769201745e+00 7.17408912098705e-06
3.18000000000000e+00 1.89633251965870e+00 1.89633931720795e+00 6.79754924992615e-06
3.18500000000000e+00 1.92473652360801e+00 1.92474302560309e+00 6.50199507590266e-06
3.19000000000000e+00 1.95161271649805e+00 1.95161907318189e+00 6.35668384219024e-06
3.19500000000000e+00 1.97676121618546e+00 1.97676762586893e+00 6.40968347664916e-06
3.20000000000000e+00 1.99999332253245e+00 2.00000000000000e+00 6.67746755556031e-06
3.20500000000000e+00 2.02113269452292e+00 2.02113983391842e+00 7.13939549745746e-06
3.21000000000000e+00 2.04001644512593e+00 2.04002418347677e+00 7.73835084144636e-06
3.21500000000000e+00 2.05649614689794e+00 2.05650453468774e+00 8.38778979828092e-06
3.22000000000000e+00 2.07043874293251e+00 2.07044772727895e+00 8.98434644325263e-06
3.22500000000000e+00 2.08172735931872e+00 2.08173678345563e+00 9.42413690774302e-06
3.23000000000000e+00 2.09026201658262e+00 2.09027163675968e+00 9.62017706029883e-06
3.23500000000000e+00 2.09596023852064e+00 2.09596975652967e+00 9.51800903470357e-06
3.24000000000000e+00 2.09875755731924e+00 2.09876666410972e+00 9.10679048349294e-06
3.24500000000000e+00 2.09860791389422e+00 2.09861633762302e+00 8.42372879539255e-06
3.25000000000000e+00 2.09548395205687e+00 2.09549150281253e+00 7.55075565450625e-06
3.25500000000000e+00 2.08937720457043e+00 2.08938380815405e+00 6.60358361992408e-06
3.26000000000000e+00 2.08029816859087e+00 2.08030388316029e+00 5.71456941678150e-06
3.26500000000000e+00 2.06827626759751e+00 2.06828127951470e+00 5.01191719814997e-06
3.27000000000000e+00 2.05335969690099e+00 2.05336429539657e+00 4.59849558120951e-06
3.27500000000000e+00 2.03561515030600e+00 2.03561968407860e+00 4.53377260445365e-06
3.28000000000000e+00 2.01512742656490e+00 2.01513224859221e+00 4.82202730678338e-06
3.28500000000000e+00 1.99199891585524e+00 1.99200432495795e+00 5.40910271240591e-06
3.29000000000000e+00 1.96634896852136e+00 1.96635515716554e+00 6.18864418533427e-06
3.29500000000000e+00 1.93831315053543e+00 1.93832016775567e+00 7.01722024087914e-06
3.30000000000000e+00 1.90804239229670e+00 1.90805012849909e+00 7.73620238603279e-06
3.30500000000000e+00 1.87570203923699e+00 1.87571023628479e+00 8.19704779786434e-06
3.31000000000000e+00 1.84147081400190e+00 1.84147909991323e+00 8.28591132795431e-06
3.31500000000000e+00 1.80553970057985e+00 1.80554764404025e+00 7.94346040855487e-06
3.32000000000000e+00 1.76811076060972e+00 1.76811793702778e+00 7.17641806202707e-06
3.32500000000000e+00 1.72939589129447e+00 1.72940194992690e+00 6.05863243663407e-06
3.33000000000000e+00 1.68961553307446e+00 1.68962025424335e+00 4.72116889205232e-06
3.33500000000000e+00 1.64899733375331e+00 1.64900066651302e+00 3.33275971442504e-06
3.34000000000000e+00 1.60777477443293e+00 1.60777684804301e+00 2.07361007453777e-06
3.34500000000000e+00 1.56618576170145e+00 1.56618686845015e+00 1.10674870423821e-06
3.35000000000000e+00 1.52447119024423e+00 1.52447174185243e+00 5.51608198007258e-07
3.35500000000000e+00 1.48287348051444e+00 1.48287394473692e+00 4.64222476681542e-07
3.36000000000000e+00 1.44163509726274e+00 1.44163592464142e+00 8.27378675793966e-07
3.36500000000000e+00 1.40099705640937e+00 1.40099860884315e+00 1.55243377597536e-06
3.37000000000000e+00 1.36119742966402e+00 1.36119992224821e+00 2.49258419215970e-06
3.37500000000000e+00 1.32246985812745e+00 1.32247332361862e+00 3.46549116292394e-06
3.38000000000000e+00 1.28504208751969e+00 1.28504636916086e+00 4.28164116716978e-06
3.38500000000000e+00 1.24913453841825e+00 1.24913931233114e+00 4.77391289810392e-06
3.39000000000000e+00 1.21495892481537e+00 1.21496374848942e+00 4.82367404552875e-06
3.39500000000000e+00 1.18271693340951e+00 1.18272131275752e+00 4.37934800934237e-06
3.40000000000000e+00 1.15259897446081e+00 1.15260243910916e+00 3.46464834488636e-06
3.40500000000000e+00 1.12478301299327e+00 1.12478518834171e+00 2.17534843782730e-06
3.41000000000000e+00 1.09943348690668e+00 1.09943415215529e+00 6.65248608644475e-07
3.41500000000000e+00 1.07670031646503e+00 1.07669944009537e+00 8.76369665725463e-07
3.42000000000000e+00 1.05671800790462e+00 1.05671575560428e+00 2.25230034001100e-06
3.42500000000000e+00 1.03960485272363e+00 1.03960156687779e+00 3.28584583986213e-06
3.43000000000000e+00 1.02546222364083e+00 1.02545837763829e+00 3.84600254488277e-06
3.43500000000000e+00 1.01437396820589e+00 1.01437010232018e+00 3.86588571710256e-06
3.44000000000000e+00 1.00640590148372e+00 1.00640254951957e+00 3.35196415490735e-06
3.44500000000000e+00 1.00160539993516e+00 1.00160301689261e+00 2.38304255106847e-06
3.45000000000000e+00 1.00000109937059e+00 1.00000000000000e+00 1.09937058656584e-06
3.45500000000000e+00 1.00160270046251e+00 1.00160301689261e+00 3.16430092128783e-07
3.46000000000000e+00 1.00640088560858e+00 1.00640254951956e+00 1.66391098499474e-06
3.46500000000000e+00 1.01436735083124e+00 1.01437010232018e+00 2.75148893935651e-06
3.47000000000000e+00 1.02545495584219e+00 1.02545837763829e+00 3.42179609447157e-06
3.47500000000000e+00 1.03959799440495e+00 1.03960156687779e+00 3.57247284465956e-06
3.48000000000000e+00 1.05671258576461e+00 1.05671575560427e+00 3.16983966608397e-06
3.48500000000000e+00 1.07669718628421e+00 1.07669944009536e+00 2.25381115215306e-06
3.49000000000000e+00 1.09943321865456e+00 1.09943415215529e+00 9.33500724498160e-07
3.49500000000000e+00 1.12478581426063e+00 1.12478518834171e+00 6.25918919139323e-07
3.50000000000000e+00 1.15260466261519e+00 1.15260243910915e+00 2.22350603529264e-06
3.50500000000000e+00 1.18272496031837e+00 1.18272131275752e+00 3.64756085446949e-06
3.51000000000000e+00 1.21496845085522e+00 1.21496374848942e+00 4.70236579719341e-06
3.51500000000000e+00 1.24914454576237e+00 1.24913931233114e+00 5.23343123348674e-06
3.52000000000000e+00 1.28505151730808e+00 1.28504636916085e+00 5.14814723007184e-06
3.52500000000000e+00 1.32247775283386e+00 1.32247332361861e+00 4.42921524501649e-06
3.53000000000000e+00 1.36120306126638e+00 1.36119992224821e+00 3.13901817161621e-06
3.53500000000000e+00 1.40100002295496e+00 1.40099860884315e+00 1.41411181631135e-06
3.54000000000000e+00 1.44163537482572e+00 1.44163592464141e+00 5.49815690309430e-07
3.54500000000000e+00 1.48287142374627e+00 1.48287394473691e+00 2.52099063469124e-06
3.55000000000000e+00 1.52446748182971e+00 1.52447174185242e+00 4.26002270992321e-06
3.55500000000000e+00 1.56618131803857e+00 1.56618686845015e+00 5.55041158012415e-06
3.56000000000000e+00 1.60777062076225e+00 1.60777684804300e+00 6.22728074528567e-06
3.56500000000000e+00 1.64899446595164e+00 1.64900066651302e+00 6.20056137434766e-06
3.57000000000000e+00 1.68961478487294e+00 1.68962025424335e+00 5.46937040390993e-06
3.57500000000000e+00 1.72939782461898e+00 1.72940194992690e+00 4.12530792237575e-06
3.58000000000000e+00 1.76811559328763e+00 1.76811793702778e+00 2.34374014729255e-06
3.58500000000000e+00 1.80554728035836e+00 1.80554764404025e+00 3.63681889048451e-07
3.59000000000000e+00 1.84148064146568e+00 1.84147909991322e+00 1.54155245413179e-06
3.59500000000000e+00 1.87571333569747e+00 1.87571023628478e+00 3.09941268206160e-06
3.60000000000000e+00 1.90805420293379e+00 1.90805012849909e+00 4.07443469563340e-06
3.60500000000000e+00 1.93832446874405e+00 1.93832016775567e+00 4.30098838388737e-06
3.61000000000000e+00 1.96635886505732e+00 1.96635515716554e+00 3.70789177783770e-06
3.61500000000000e+00 1.99200665620510e+00 1.99200432495795e+00 2.33124714643651e-06
3.62000000000000e+00 2.01513256190715e+00 2.01513224859221e+00 3.13314944655474e-07
3.62500000000000e+00 2.03561757114375e+00 2.03561968407860e+00 2.11293484841946e-06
3.63000000000000e+00 2.05335964338755e+00 2.05336429539657e+00 4.65200901400564e-06
3.63500000000000e+00 2.06827429608399e+00 2.06828127951470e+00 6.98343070748564e-06
3.64000000000000e+00 2.08029507930836e+00 2.08030388316029e+00 8.80385192791877e-06
3.64500000000000e+00 2.08937393998002e+00 2.08938380815405e+00 9.86817403214602e-06
3.65000000000000e+00 2.09548147874489e+00 2.09549150281253e+00 1.00240676355057e-05
3.65500000000000e+00 2.09860710261335e+00 2.09861633762302e+00 9.23500966365509e-06
3.66000000000000e+00 2.09875907573460e+00 2.09876666410972e+00 7.58837512515598e-06
3.66500000000000e+00 2.09596446947031e+00 2.09596975652967e+00 5.28705936275742e-06
3.67000000000000e+00 2.09026901144800e+00 2.09027163675968e+00 2.62531168182534e-06
3.67500000000000e+00 2.08173683181826e+00 2.08173678345563e+00 4.83626352298927e-08
3.68000000000000e+00 2.07045010380758e+00 2.07044772727895e+00 2.37652862411508e-06
3.68500000000000e+00 2.05650857510942e+00 2.05650453468774e+00 4.04042168167251e-06
3.69000000000000e+00 2.04002898687809e+00 2.04002418347677e+00 4.80340131980839e-06
3.69500000000000e+00 2.02114437816605e+00 2.02113983391842e+00 4.54424763329797e-06
3.70000000000000e+00 2.00000327554192e+00 2.00000000000000e+00 3.27554191814627e-06
3.70500000000000e+00 1.97676877018711e+00 1.97676762586894e+00 1.14431817421767e-06
3.71000000000000e+00 1.95161748773861e+00 1.95161907318189e+00 1.58544328865418e-06
3.71500000000000e+00 1.92473845919323e+00 1.92474302560309e+00 4.56640986201684e-06
3.72000000000000e+00 1.89633190396233e+00 1.89633931720795e+00 7.41324561359669e-06
3.72500000000000e+00 1.86660793833324e+00 1.86661769201745e+00 9.75368421984868e-06
3.73000000000000e+00 1.83578522389788e+00 1.83579650231313e+00 1.12784152490608e-05
3.73500000000000e+00 1.80408957080706e+00 1.80410135376010e+00 1.17829530448255e-05
3.74000000000000e+00 1.77175250999282e+00 1.77176370569363e+00 1.11957008057662e-05
3.74500000000000e+00 1.73900984691011e+00 1.73901943520098e+00 9.58829087682744e-06
3.75000000000000e+00 1.70610020713878e+00 1.70610737385376e+00 7.16671498901533e-06
3.75500000000000e+00 1.67326358170651e+00 1.67326782611444e+00 4.24440793356240e-06
3.76000000000000e+00 1.64073987761869e+00 1.64074107855382e+00 1.20093512667729e-06
3.76500000000000e+00 1.60876747717052e+00 1.60876590907298e+00 1.56809754003895e-06
3.77000000000000e+00 1.57758180844571e+00 1.57757810532303e+00 3.70312267783390e-06
3.77500000000000e+00 1.54741392913496e+00 1.54740900145948e+00 4.92767548077033e-06
3.78000000000000e+00 1.51848912645201e+00 1.51848404225504e+00 5.08419696387818e-06
3.78500000000000e+00 1.49102553736246e+00 1.49102138342582e+00 4.15393663932839e-06
3.79000000000000e+00 1.46523279532784e+00 1.46523053680291e+00 2.25852493684897e-06
3.79500000000000e+00 1.44131071198181e+00 1.44131106870462e+00 3.56722807737242e-07
3.80000000000000e+00 1.41944800424758e+00 1.41945135953695e+00 3.35528937478458e-06
3.80500000000000e+00 1.39982107904787e+00 1.39982743227203e+00 6.35322416187023e-06
3.81000000000000e+00 1.38259288869500e+00 1.38260185702999e+00 8.96833499219873e-06
3.81500000000000e+00 1.36791187012509e+00 1.36792273852040e+00 1.08683953061739e-05
3.82000000000000e+00 1.35591098032311e+00 1.35592279258843e+00 1.18122653198771e-05
3.82500000000000e+00 1.34670683865636e+00 1.34671851756181e+00 1.16789054482869e-05
3.83000000000000e+00 1.34039898457387e+00 1.34040946551008e+00 1.04809362153624e-05
3.83500000000000e+00 1.33706925648381e+00 1.33707761791153e+00 8.36142772420168e-06
3.84000000000000e+00 1.33678129486921e+00 1.33678686957979e+00 5.57471057183179e-06
3.84500000000000e+00 1.33958017011015e+00 1.33958262403436e+00 2.45392421360791e-06
3.85000000000000e+00 1.34549213327778e+00 1.34549150281253e+00 6.30465254891632e-07
3.85500000000000e+00 1.35452448651426e+00 1.35452117051728e+00 3.31599697900309e-06
3.86000000000000e+00 1.36666556859660e+00 1.36666027668282e+00 5.29191378006999e-06
3.86500000000000e+00 1.38188485090720e+00 1.38187851481848e+00 6.33608872813163e-06
3.87000000000000e+00 1.40013313922897e+00 1.40012679826999e+00 6.34095897367182e-06
3.87500000000000e+00 1.42134287742193e+00 1.42133755181640e+00 5.32560553012651e-06
3.88000000000000e+00 1.44542854995659e+00 1.44542511720754e+00 3.43274905190150e-06
3.88500000000000e+00 1.47228718129270e+00 1.47228627014469e+00 9.11148004378859e-07
3.89000000000000e+00 1.50179893102426e+00 1.50180084551966e+00 1.91449540420940e-06
3.89500000000000e+00 1.53382778440312e+00 1.53383246706028e+00 4.68265715980465e-06
3.90000000000000e+00 1.56822233818284e+00 1.56822937688661e+00 7.03870377072313e-06
3.90500000000000e+00 1.60481668161308e+00 1.60482535986612e+00 8.67825303285663e-06
3.91000000000000e+00 1.64343137183027e+00 1.64344075707161e+00 9.38524134452834e-06
3.91500000000000e+00 1.68387450184795e+00 1.68388356209650e+00 9.06024854807619e-06
3.92000000000000e+00 1.72594285790670e+00 1.72595059347097e+00 7.73556426936217e-06
3.92500000000000e+00 1.76942316118751e+00 1.76942873595353e+00 5.57476602658369e-06
3.93000000000000e+00 1.81409338693879e+00 1.81409624304787e+00 2.85610907546641e-06
3.93500000000000e+00 1.85972415204027e+00 1.85972409271722e+00 5.93230466972017e-08
3.94000000000000e+00 1.90608016005570e+00 1.90607738794081e+00 2.77211488519669e-06
3.94500000000000e+00 1.95292169102993e+00 1.95291679348016e+00 4.89754976662482e-06
3.95000000000000e+00 2.00000612176758e+00 2.00000000000000e+00 6.12176758640892e-06
3.95500000000000e+00 2.04708946117195e+00 2.04708320651983e+00 6.25465211356868e-06
3.96000000000000e+00 2.09392788447823e+00 2.09392261205918e+00 5.27241905068365e-06
3.96500000000000e+00 2.14027924991394e+00 2.14027590728278e+00 3.34263116474887e-06
3.97000000000000e+00 2.18590458146216e+00 2.18590375695213e+00 8.24510033581305e-07
3.97500000000000e+00 2.23056950197011e+00 2.23057126404647e+00 1.76207636393144e-06
3.98000000000000e+00 2.27404560179635e+00 2.27404940652903e+00 3.80473267647119e-06
3.98500000000000e+00 2.31611172947111e+00 2.31611643790350e+00 4.70843238487006e-06
3.99000000000000e+00 2.35655519239281e+00 2.35655924292839e+00 4.05053558028001e-06
3.99500000000000e+00 2.39517285733525e+00 2.39517464013388e+00 1.78279863582986e-06
4.00000000000000e+00 2.43177214242637e+00 2.43177062311338e+00 1.51931298875141e-06
