variables = x, value-predict, value-true, error
0.00000000000000e+00 2.43175689768841e+00 2.43177062311339e+00 1.37254249832353e-05
5.00000000000000e-03 2.46614916230107e+00 2.46616753293972e+00 1.83706386551741e-05
1.00000000000000e-02 2.49817781946288e+00 2.49819915448034e+00 2.13350174518290e-05
1.50000000000000e-02 2.52769191300030e+00 2.52771372985530e+00 2.18168550012443e-05
2.00000000000000e-02 2.55455484101246e+00 2.55457488279246e+00 2.00417799911534e-05
2.50000000000000e-02 2.57864564974989e+00 2.57866244818360e+00 1.67984337027249e-05
3.00000000000000e-02 2.59986013040875e+00 2.59987320173000e+00 1.30713212564970e-05
3.50000000000000e-02 2.61811171234770e+00 2.61812148518152e+00 9.77283382885830e-06
4.00000000000000e-02 2.63333215214102e+00 2.63333972331718e+00 7.57117616290159e-06
4.50000000000000e-02 2.64547202350663e+00 2.64547882948272e+00 6.80597608582190e-06
5.00000000000000e-02 2.65450101822669e+00 2.65450849718747e+00 7.47896078712174e-06
5.50000000000000e-02 2.66040807242943e+00 2.66041737596564e+00 9.30353620720581e-06
6.00000000000000e-02 2.66320133574062e+00 2.66321313042021e+00 1.17946795965551e-05
6.50000000000000e-02 2.66290800258500e+00 2.66292238208847e+00 1.43795034692751e-05
7.00000000000000e-02 2.65957402512994e+00 2.65959053448992e+00 1.65093599804322e-05
7.50000000000000e-02 2.65326372593416e+00 2.65328148243819e+00 1.77565040315741e-05
8.00000000000000e-02 2.64405932537012e+00 2.64407720741157e+00 1.78820414542535e-05
8.50000000000000e-02 2.63206039459514e+00 2.63207726147960e+00 1.68668844575670e-05
9.00000000000000e-02 2.61738323971990e+00 2.61739814297001e+00 1.49032501055579e-05
9.50000000000000e-02 2.60016021750530e+00 2.60017256772797e+00 1.23502226778704e-05
1.00000000000000e-01 2.58053897816282e+00 2.58054864046305e+00 9.66230022525494e-06
1.05000000000000e-01 2.55868162740276e+00 2.55868893129538e+00 7.30389261693887e-06
1.10000000000000e-01 2.53476379841290e+00 2.53476946319709e+00 5.66478419461447e-06
1.15000000000000e-01 2.50897362535487e+00 2.50897861657418e+00 4.99121930497282e-06
1.20000000000000e-01 2.48151061327214e+00 2.48151595774496e+00 5.34447282296568e-06
1.25000000000000e-01 2.45258440463742e+00 2.45259099854052e+00 6.59390310353558e-06
1.30000000000000e-01 2.42241344935701e+00 2.42242189467697e+00 8.44531996513354e-06
1.35000000000000e-01 2.39122359183241e+00 2.39123409092702e+00 1.04990946092620e-05
1.40000000000000e-01 2.35924659448276e+00 2.35925892144618e+00 1.23269634211276e-05
1.45000000000000e-01 2.32671862089222e+00 2.32673217388556e+00 1.35529933413814e-05
1.50000000000000e-01 2.29387870273984e+00 2.29389262614624e+00 1.39234063931681e-05
1.55000000000000e-01 2.26096721267822e+00 2.26098056479902e+00 1.33521207952292e-05
1.60000000000000e-01 2.22822436071749e+00 2.22823629430637e+00 1.19335888815186e-05
1.65000000000000e-01 2.19588872534268e+00 2.19589864623990e+00 9.92089721751910e-06
1.70000000000000e-01 2.16419582380871e+00 2.16420349768687e+00 7.67387815603371e-06
1.75000000000000e-01 2.13337672018557e+00 2.13338230798255e+00 5.58779697890088e-06
1.80000000000000e-01 2.10365666594829e+00 2.10366068279205e+00 4.01684376472033e-06
1.85000000000000e-01 2.07525376695912e+00 2.07525697439691e+00 3.20743779047561e-06
1.90000000000000e-01 2.04837767270527e+00 2.04838092681811e+00 3.25411284274324e-06
1.95000000000000e-01 2.02322828813573e+00 2.02323237413107e+00 4.08599533585630e-06
2.00000000000000e-01 1.99999451436698e+00 2.00000000000000e+00 5.48563301716598e-06
2.05000000000000e-01 1.97885303058973e+00 1.97886016608158e+00 7.13549185338280e-06
2.10000000000000e-01 1.95996713439424e+00 1.95997581652323e+00 8.68212899485243e-06
2.15000000000000e-01 1.94348566039987e+00 1.94349546531226e+00 9.80491239066517e-06
2.20000000000000e-01 1.92954199697043e+00 1.92955227272105e+00 1.02757506148521e-05
2.25000000000000e-01 1.91825321794860e+00 1.91826321654437e+00 9.99859577466289e-06
2.30000000000000e-01 1.90971934132603e+00 1.90972836324032e+00 9.02191428342469e-06
2.35000000000000e-01 1.90402272056462e+00 1.90403024347033e+00 7.52290570549263e-06
2.40000000000000e-01 1.90122756806506e+00 1.90123333589028e+00 5.76782521743979e-06
2.45000000000000e-01 1.90137960515147e+00 1.90138366237698e+00 4.05722550889109e-06
2.50000000000000e-01 1.90450582973597e+00 1.90450849718747e+00 2.66745150412362e-06
2.55000000000000e-01 1.91061439195350e+00 1.91061619184595e+00 1.79989244375456e-06
2.60000000000000e-01 1.91969456944053e+00 1.91969611683971e+00 1.54739918567515e-06
2.65000000000000e-01 1.93171683705448e+00 1.93171872048530e+00 1.88343081553022e-06
2.70000000000000e-01 1.94663302985868e+00 1.94663570460343e+00 2.67474474613394e-06
2.75000000000000e-01 1.96437660214875e+00 1.96438031592140e+00 3.71377265384609e-06
2.80000000000000e-01 1.98486298824914e+00 1.98486775140779e+00 4.76315864417209e-06
2.85000000000000e-01 2.00799007207572e+00 2.00799567504205e+00 5.60296633045354e-06
2.90000000000000e-01 2.03363877172575e+00 2.03364484283446e+00 6.07110870864958e-06
2.95000000000000e-01 2.06167374273086e+00 2.06167983224433e+00 6.08951347347286e-06
3.00000000000000e-01 2.09194419959214e+00 2.09194987150091e+00 5.67190877420742e-06
3.05000000000000e-01 2.12428485059215e+00 2.12428976371522e+00 4.91312306705183e-06
3.10000000000000e-01 2.15851693652974e+00 2.15852090008677e+00 3.96355703413676e-06
3.15000000000000e-01 2.19444936074215e+00 2.19445235595975e+00 2.99521759483667e-06
3.20000000000000e-01 2.23187989608976e+00 2.23188206297222e+00 2.16688245213703e-06
3.25000000000000e-01 2.27059645463065e+00 2.27059805007310e+00 1.59544244837662e-06
3.30000000000000e-01 2.31037840726179e+00 2.31037974575665e+00 1.33849486294579e-06
3.35000000000000e-01 2.35099794309261e+00 2.35099933348698e+00 1.39039436897193e-06
3.40000000000000e-01 2.39222146102573e+00 2.39222315195700e+00 1.69093127055930e-06
3.45000000000000e-01 2.43381098825212e+00 2.43381313154985e+00 2.14329772774136e-06
3.50000000000000e-01 2.47552562162067e+00 2.47552825814758e+00 2.63652690346561e-06
3.55000000000000e-01 2.51712298790710e+00 2.51712605526309e+00 3.06735599009400e-06
3.60000000000000e-01 2.55836071800082e+00 2.55836407535859e+00 3.35735777134971e-06
3.65000000000000e-01 2.59899792831765e+00 2.59900139115685e+00 3.46283920027446e-06
3.70000000000000e-01 2.63879670083320e+00 2.63880007775179e+00 3.37691858565137e-06
3.75000000000000e-01 2.67752355150221e+00 2.67752667638138e+00 3.12487917231152e-06
3.80000000000000e-01 2.71495087583359e+00 2.71495363083915e+00 2.75500555524388e-06
3.85000000000000e-01 2.75085836017231e+00 2.75086068766886e+00 2.32749654260900e-06
3.90000000000000e-01 2.78503434773241e+00 2.78503625151058e+00 1.90377816711162e-06
3.95000000000000e-01 2.81727714940835e+00 2.81727868724248e+00 1.53783413070485e-06
4.00000000000000e-01 2.84739629057722e+00 2.84739756089084e+00 1.27031362628927e-06
4.05000000000000e-01 2.87521368622923e+00 2.87521481165829e+00 1.12542906327562e-06
4.10000000000000e-01 2.90056473766006e+00 2.90056584784471e+00 1.11018464865609e-06
4.15000000000000e-01 2.92329934458054e+00 2.92330055990464e+00 1.21532409602665e-06
4.20000000000000e-01 2.94328282691102e+00 2.94328424439572e+00 1.41748470117165e-06
4.25000000000000e-01 2.96039675086091e+00 2.96039843312221e+00 1.68226130092819e-06
4.30000000000000e-01 2.97453965428884e+00 2.97454162236171e+00 1.96807287267120e-06
4.35000000000000e-01 2.98562766689724e+00 2.98562989767982e+00 2.23078258398957e-06
4.40000000000000e-01 2.99359502156538e+00 2.99359745048043e+00 2.42891505308762e-06
4.45000000000000e-01 2.99839445402477e+00 2.99839698310739e+00 2.52908262288187e-06
4.50000000000000e-01 2.99999748902964e+00 3.00000000000000e+00 2.51097036141346e-06
4.55000000000000e-01 2.99839461205714e+00 2.99839698310739e+00 2.37105025391315e-06
4.60000000000000e-01 2.99359532628700e+00 2.99359745048043e+00 2.12419343048609e-06
4.65000000000000e-01 2.98562809511053e+00 2.98562989767982e+00 1.80256929294131e-06
4.70000000000000e-01 2.97454017071853e+00 2.97454162236171e+00 1.45164318032798e-06
4.75000000000000e-01 2.96039730949265e+00 2.96039843312221e+00 1.12362955828615e-06
4.80000000000000e-01 2.94328337508995e+00 2.94328424439572e+00 8.69305771367124e-07
4.85000000000000e-01 2.92329983039277e+00 2.92330055990464e+00 7.29511866026655e-07
4.90000000000000e-01 2.90056511999821e+00 2.90056584784471e+00 7.27846500403473e-07
4.95000000000000e-01 2.87521394569990e+00 2.87521481165829e+00 8.65958390772192e-07
5.00000000000000e-01 2.84739643845967e+00 2.84739756089084e+00 1.12243117023070e-06
5.05000000000000e-01 2.81727723160672e+00 2.81727868724248e+00 1.45563576081642e-06
5.10000000000000e-01 2.78503444131366e+00 2.78503625151058e+00 1.81019692302442e-06
5.15000000000000e-01 2.75085856163538e+00 2.75086068766886e+00 2.12603348037632e-06
5.20000000000000e-01 2.71495128241566e+00 2.71495363083915e+00 2.34842348412201e-06
5.25000000000000e-01 2.67752423906068e+00 2.67752667638138e+00 2.43732070348557e-06
5.30000000000000e-01 2.63879770349611e+00 2.63880007775179e+00 2.37425567384264e-06
5.35000000000000e-01 2.59899922558097e+00 2.59900139115685e+00 2.16557588261779e-06
5.40000000000000e-01 2.55836223392304e+00 2.55836407535859e+00 1.84143554982086e-06
5.45000000000000e-01 2.51712460455236e+00 2.51712605526309e+00 1.45071072843450e-06
5.50000000000000e-01 2.47552720540310e+00 2.47552825814758e+00 1.05274448003456e-06
5.55000000000000e-01 2.43381242416698e+00 2.43381313154985e+00 7.07382874498563e-07
5.60000000000000e-01 2.39222268691223e+00 2.39222315195700e+00 4.65044765363132e-07
5.65000000000000e-01 2.35099897495720e+00 2.35099933348698e+00 3.58529784083572e-07
5.70000000000000e-01 2.31037934783067e+00 2.31037974575665e+00 3.97925986383996e-07
5.75000000000000e-01 2.27059748067013e+00 2.27059805007310e+00 5.69402962558030e-07
5.80000000000000e-01 2.23188122499057e+00 2.23188206297222e+00 8.37981649404185e-07
5.85000000000000e-01 2.19445120227117e+00 2.19445235595975e+00 1.15368857356302e-06
5.90000000000000e-01 2.15851944013453e+00 2.15852090008677e+00 1.45995224087869e-06
5.95000000000000e-01 2.12428806094210e+00 2.12428976371522e+00 1.70277311273281e-06
6.00000000000000e-01 2.09194803235958e+00 2.09194987150091e+00 1.83914133256025e-06
6.05000000000000e-01 2.06167798886323e+00 2.06167983224433e+00 1.84338110376103e-06
6.10000000000000e-01 2.03364313232033e+00 2.03364484283446e+00 1.71051412367618e-06
6.15000000000000e-01 2.00799421877090e+00 2.00799567504205e+00 1.45627114678248e-06
6.20000000000000e-01 1.98486663746814e+00 1.98486775140779e+00 1.11393964408180e-06
6.25000000000000e-01 1.96437958720020e+00 1.96438031592140e+00 7.28721202269966e-07
6.30000000000000e-01 1.94663535399283e+00 1.94663570460343e+00 3.50610601440593e-07
6.35000000000000e-01 1.93171869352752e+00 1.93171872048530e+00 2.69577751232930e-08
6.40000000000000e-01 1.91969632101114e+00 1.91969611683971e+00 2.04171430873146e-07
6.45000000000000e-01 1.91061651077816e+00 1.91061619184595e+00 3.18932215748191e-07
6.50000000000000e-01 1.90450880754694e+00 1.90450849718747e+00 3.10359467237120e-07
6.55000000000000e-01 1.90138385092778e+00 1.90138366237698e+00 1.88550794977260e-07
6.60000000000000e-01 1.90123331443252e+00 1.90123333589028e+00 2.14577589030540e-08
6.65000000000000e-01 1.90402995981498e+00 1.90403024347033e+00 2.83655342547817e-07
6.70000000000000e-01 1.90972780704749e+00 1.90972836324032e+00 5.56192828682356e-07
6.75000000000000e-01 1.91826241960207e+00 1.91826321654437e+00 7.96942298597614e-07
6.80000000000000e-01 1.92955130396517e+00 1.92955227272105e+00 9.68755878183458e-07
6.85000000000000e-01 1.94349442149746e+00 1.94349546531226e+00 1.04381479415494e-06
6.90000000000000e-01 1.95997480989002e+00 1.95997581652323e+00 1.00663320767858e-06
6.95000000000000e-01 1.97885931060023e+00 1.97886016608158e+00 8.55481348427389e-07
7.00000000000000e-01 1.99999939780980e+00 2.00000000000000e+00 6.02190203924380e-07
7.05000000000000e-01 2.02323210365779e+00 2.02323237413106e+00 2.70473278884964e-07
7.10000000000000e-01 2.04838103378174e+00 2.04838092681811e+00 1.06963634838309e-07
7.15000000000000e-01 2.07525746655866e+00 2.07525697439691e+00 4.92161743359532e-07
7.20000000000000e-01 2.10366152887729e+00 2.10366068279205e+00 8.46085233430216e-07
7.25000000000000e-01 2.13338344079309e+00 2.13338230798255e+00 1.13281054225922e-06
7.30000000000000e-01 2.16420482101361e+00 2.16420349768687e+00 1.32332674018798e-06
7.35000000000000e-01 2.19590004483318e+00 2.19589864623990e+00 1.39859327674685e-06
7.40000000000000e-01 2.22823764587887e+00 2.22823629430637e+00 1.35157249747664e-06
7.45000000000000e-01 2.26098175284376e+00 2.26098056479902e+00 1.18804474302792e-06
7.50000000000000e-01 2.29389355226630e+00 2.29389262614624e+00 9.26120061528479e-07
7.55000000000000e-01 2.32673276836304e+00 2.32673217388556e+00 5.94477475246435e-07
7.60000000000000e-01 2.35925915092984e+00 2.35925892144618e+00 2.29483654745621e-07
7.65000000000000e-01 2.39123396238467e+00 2.39123409092702e+00 1.28542347876959e-07
7.70000000000000e-01 2.42242145512271e+00 2.42242189467697e+00 4.39554258324648e-07
7.75000000000000e-01 2.45259033047817e+00 2.45259099854052e+00 6.68062344111320e-07
7.80000000000000e-01 2.48151517072637e+00 2.48151595774496e+00 7.87018587633526e-07
7.85000000000000e-01 2.50897783570545e+00 2.50897861657418e+00 7.80868731897755e-07
7.90000000000000e-01 2.53476881578635e+00 2.53476946319709e+00 6.47410744569754e-07
7.95000000000000e-01 2.55868853307565e+00 2.55868893129538e+00 3.98219730524119e-07
8.00000000000000e-01 2.58054858290825e+00 2.58054864046305e+00 5.75548018133532e-08
8.05000000000000e-01 2.60017290789108e+00 2.60017256772797e+00 3.40163104795010e-07
8.10000000000000e-01 2.61739889701380e+00 2.61739814297001e+00 7.54043794071180e-07
8.15000000000000e-01 2.63207840266723e+00 2.63207726147960e+00 1.14118763283599e-06
8.20000000000000e-01 2.64407866882205e+00 2.64407720741157e+00 1.46141047530080e-06
8.25000000000000e-01 2.65328316412998e+00 2.65328148243819e+00 1.68169178715871e-06
8.30000000000000e-01 2.65959231432038e+00 2.65959053448992e+00 1.77983046301122e-06
8.35000000000000e-01 2.66292412897140e+00 2.66292238208847e+00 1.74688293075320e-06
8.40000000000000e-01 2.66321471852122e+00 2.66321313042021e+00 1.58810100847617e-06
8.45000000000000e-01 2.66041869823056e+00 2.66041737596564e+00 1.32226492199905e-06
8.50000000000000e-01 2.65450947668413e+00 2.65450849718747e+00 9.79496655340029e-07
8.55000000000000e-01 2.64547942729997e+00 2.64547882948272e+00 5.97817255698629e-07
8.60000000000000e-01 2.63333994217307e+00 2.63333972331718e+00 2.18855883638014e-07
8.65000000000000e-01 2.61812136839330e+00 2.61812148518153e+00 1.16788225312803e-07
8.70000000000000e-01 2.59987282773185e+00 2.59987320173000e+00 3.73998151115273e-07
8.75000000000000e-01 2.57866192127868e+00 2.57866244818360e+00 5.26904913034087e-07
8.80000000000000e-01 2.55457432123723e+00 2.55457488279246e+00 5.61555222766685e-07
8.85000000000000e-01 2.52771325265006e+00 2.52771372985530e+00 4.77205240656531e-07
8.90000000000000e-01 2.49819886835340e+00 2.49819915448034e+00 2.86126939474940e-07
8.95000000000000e-01 2.46616752095565e+00 2.46616753293972e+00 1.19840746215516e-08
9.00000000000000e-01 2.43177093612064e+00 2.43177062311339e+00 3.13007251673270e-07
9.05000000000000e-01 2.39517529192429e+00 2.39517464013388e+00 6.51790405203911e-07
9.10000000000000e-01 2.35656020955269e+00 2.35655924292839e+00 9.66624304155062e-07
9.15000000000000e-01 2.31611766112443e+00 2.31611643790350e+00 1.22322092943605e-06
9.20000000000000e-01 2.27405080094787e+00 2.27404940652903e+00 1.39441884261515e-06
9.25000000000000e-01 2.23057272705827e+00 2.23057126404647e+00 1.46301180503627e-06
9.30000000000000e-01 2.18590518040650e+00 2.18590375695213e+00 1.42345437037505e-06
9.35000000000000e-01 2.14027718957680e+00 2.14027590728277e+00 1.28229403184577e-06
9.40000000000000e-01 2.09392366937703e+00 2.09392261205918e+00 1.05731785460250e-06
9.45000000000000e-01 2.04708398205483e+00 2.04708320651983e+00 7.75534993557869e-07
9.50000000000000e-01 2.00000047023201e+00 2.00000000000000e+00 4.70232007110383e-07
9.55000000000000e-01 1.95291697090474e+00 1.95291679348017e+00 1.77424570591000e-07
9.60000000000000e-01 1.90607732002045e+00 1.90607738794082e+00 6.79203679965212e-08
9.65000000000000e-01 1.85972385721073e+00 1.85972409271723e+00 2.35506502077598e-07
9.70000000000000e-01 1.81409594023212e+00 1.81409624304787e+00 3.02815749808616e-07
9.75000000000000e-01 1.76942847854986e+00 1.76942873595353e+00 2.57403670378409e-07
9.80000000000000e-01 1.72595049529910e+00 1.72595059347097e+00 9.81718664139208e-08
9.85000000000000e-01 1.68388372658618e+00 1.68388356209650e+00 1.64489673881718e-07
9.90000000000000e-01 1.64344126675900e+00 1.64344075707161e+00 5.09687385186197e-07
9.95000000000000e-01 1.60482626789290e+00 1.60482535986612e+00 9.08026780654936e-07
1.00000000000000e+00 1.56823070131763e+00 1.56822937688661e+00 1.32443101485968e-06
1.00500000000000e+00 1.53383418856174e+00 1.53383246706028e+00 1.72150146582339e-06
1.01000000000000e+00 1.50180290862098e+00 1.50180084551966e+00 2.06310132022658e-06
1.01500000000000e+00 1.47228858797171e+00 1.47228627014470e+00 2.31782701454186e-06
1.02000000000000e+00 1.44542757925419e+00 1.44542511720755e+00 2.46204664744454e-06
1.02500000000000e+00 1.42134003404253e+00 1.42133755181640e+00 2.48222612975191e-06
1.03000000000000e+00 1.40012917459935e+00 1.40012679827000e+00 2.37632935284893e-06
1.03500000000000e+00 1.38188066898047e+00 1.38187851481848e+00 2.15416199944585e-06
1.04000000000000e+00 1.36666211330532e+00 1.36666027668282e+00 1.83662250341499e-06
1.04500000000000e+00 1.35452262443797e+00 1.35452117051728e+00 1.45392068717776e-06
1.05000000000000e+00 1.34549254572885e+00 1.34549150281253e+00 1.04291632641029e-06
1.05500000000000e+00 1.33958326784379e+00 1.33958262403436e+00 6.43809433542586e-07
1.06000000000000e+00 1.33678716605378e+00 1.33678686957979e+00 2.96473994687574e-07
1.06500000000000e+00 1.33707765467448e+00 1.33707761791153e+00 3.67629515718448e-08
1.07000000000000e+00 1.34040935863001e+00 1.34040946551008e+00 1.06880071681914e-07
1.07500000000000e+00 1.34671840137402e+00 1.34671851756181e+00 1.16187788501421e-07
1.08000000000000e+00 1.35592280763835e+00 1.35592279258843e+00 1.50499221973632e-08
1.08500000000000e+00 1.36792301870247e+00 1.36792273852040e+00 2.80182075540480e-07
1.09000000000000e+00 1.38260251709659e+00 1.38260185702999e+00 6.60066601820830e-07
1.09500000000000e+00 1.39982855687806e+00 1.39982743227203e+00 1.12460603518549e-06
1.10000000000000e+00 1.41945299486935e+00 1.41945135953695e+00 1.63533240171709e-06
1.10500000000000e+00 1.44131321752836e+00 1.44131106870462e+00 2.14882374383052e-06
1.11000000000000e+00 1.46523315745313e+00 1.46523053680291e+00 2.62065022216262e-06
1.11500000000000e+00 1.49102439291478e+00 1.49102138342582e+00 3.00948895892716e-06
1.12000000000000e+00 1.51848732327512e+00 1.51848404225504e+00 3.28102008073650e-06
1.12500000000000e+00 1.54741241268597e+00 1.54740900145948e+00 3.41122648706005e-06
1.13000000000000e+00 1.57758149409008e+00 1.57757810532303e+00 3.38876705407998e-06
1.13500000000000e+00 1.60876912524745e+00 1.60876590907298e+00 3.21617447318623e-06
1.14000000000000e+00 1.64074398829206e+00 1.64074107855382e+00 2.90973824124130e-06
1.14500000000000e+00 1.67327032417457e+00 1.67326782611444e+00 2.49806013674636e-06
1.15000000000000e+00 1.70610939325562e+00 1.70610737385376e+00 2.01940185928784e-06
1.15500000000000e+00 1.73902095326959e+00 1.73901943520098e+00 1.51806860970716e-06
1.16000000000000e+00 1.77176474586837e+00 1.77176370569363e+00 1.04017473878670e-06
1.16500000000000e+00 1.80410198296687e+00 1.80410135376010e+00 6.29206771352031e-07
1.17000000000000e+00 1.83579682413943e+00 1.83579650231313e+00 3.21826303828487e-07
1.17500000000000e+00 1.86661783635406e+00 1.86661769201745e+00 1.44336609997353e-07
1.18000000000000e+00 1.89633942738065e+00 1.89633931720795e+00 1.10172698519762e-07
1.18500000000000e+00 1.92474324427453e+00 1.92474302560309e+00 2.18671441620799e-07
1.19000000000000e+00 1.95161952842848e+00 1.95161907318189e+00 4.55246589536884e-07
1.19500000000000e+00 1.97676841881605e+00 1.97676762586894e+00 7.92947109751196e-07
1.20000000000000e+00 2.00000119523284e+00 2.00000000000000e+00 1.19523284225487e-06
1.20500000000000e+00 2.02114145359309e+00 2.02113983391842e+00 1.61967466727475e-06
1.21000000000000e+00 2.04002620566846e+00 2.04002418347677e+00 2.02219169587181e-06
1.21500000000000e+00 2.05650689607377e+00 2.05650453468774e+00 2.36138603071367e-06
1.22000000000000e+00 2.07045032981088e+00 2.07044772727895e+00 2.60253193085092e-06
1.22500000000000e+00 2.08173950427622e+00 2.08173678345563e+00 2.72082058971890e-06
1.23000000000000e+00 2.09027434030824e+00 2.09027163675968e+00 2.70354856102273e-06
1.23500000000000e+00 2.09597230758604e+00 2.09596975652967e+00 2.55105636437492e-06
1.24000000000000e+00 2.09876894046976e+00 2.09876666410972e+00 2.27636003780063e-06
1.24500000000000e+00 2.09861824117905e+00 2.09861633762302e+00 1.90355602969206e-06
1.25000000000000e+00 2.09549296801661e+00 2.09549150281253e+00 1.46520407939832e-06
1.25500000000000e+00 2.08938480714333e+00 2.08938380815405e+00 9.98989273970352e-07
1.26000000000000e+00 2.08030442718498e+00 2.08030388316029e+00 5.44024694626444e-07
1.26500000000000e+00 2.06828141668894e+00 2.06828127951470e+00 1.37174233305615e-07
1.27000000000000e+00 2.05336410514903e+00 2.05336429539657e+00 1.90247537723565e-07
1.27500000000000e+00 2.03561926897774e+00 2.03561968407860e+00 4.15100856354655e-07
1.28000000000000e+00 2.01513172443209e+00 2.01513224859221e+00 5.24160117088002e-07
1.28500000000000e+00 1.99200381010044e+00 1.99200432495795e+00 5.14857511735300e-07
1.29000000000000e+00 1.96635476213912e+00 1.96635515716554e+00 3.95026420463296e-07
1.29500000000000e+00 1.93831998601944e+00 1.93832016775567e+00 1.81736225624007e-07
1.30000000000000e+00 1.90805022911046e+00 1.90805012849909e+00 1.00611373898829e-07
1.30500000000000e+00 1.87571065898622e+00 1.87571023628478e+00 4.22701431856964e-07
1.31000000000000e+00 1.84147985290452e+00 1.84147909991323e+00 7.52991290653426e-07
1.31500000000000e+00 1.80554870445537e+00 1.80554764404025e+00 1.06041512082378e-06
1.32000000000000e+00 1.76811925391236e+00 1.76811793702778e+00 1.31688457982726e-06
1.32500000000000e+00 1.72940344933129e+00 1.72940194992690e+00 1.49940438420870e-06
1.33000000000000e+00 1.68962184591663e+00 1.68962025424335e+00 1.59167327828946e-06
1.33500000000000e+00 1.64900225160844e+00 1.64900066651302e+00 1.58509542025342e-06
1.34000000000000e+00 1.60777832722147e+00 1.60777684804300e+00 1.47917846371470e-06
1.34500000000000e+00 1.56618814978836e+00 1.56618686845015e+00 1.28133821286625e-06
1.35000000000000e+00 1.52447274801584e+00 1.52447174185242e+00 1.00616341969229e-06
1.35500000000000e+00 1.48287461895466e+00 1.48287394473691e+00 6.74217744744965e-07
1.36000000000000e+00 1.44163623511240e+00 1.44163592464141e+00 3.10470990916301e-07
1.36500000000000e+00 1.40099855130332e+00 1.40099860884315e+00 5.75398286795092e-08
1.37000000000000e+00 1.36119952053465e+00 1.36119992224821e+00 4.01713559972094e-07
1.37500000000000e+00 1.32247262817673e+00 1.32247332361862e+00 6.95441889630999e-07
1.38000000000000e+00 1.28504545355509e+00 1.28504636916085e+00 9.15605761653282e-07
1.38500000000000e+00 1.24913826793858e+00 1.24913931233114e+00 1.04439256221056e-06
1.39000000000000e+00 1.21496267767668e+00 1.21496374848942e+00 1.07081273803544e-06
1.39500000000000e+00 1.18272032096097e+00 1.18272131275752e+00 9.91796553106994e-07
1.40000000000000e+00 1.15260162634814e+00 1.15260243910916e+00 8.12761014490349e-07
1.40500000000000e+00 1.12478464078441e+00 1.12478518834171e+00 5.47557293728573e-07
1.41000000000000e+00 1.09943393441348e+00 1.09943415215529e+00 2.17741807695404e-07
1.41500000000000e+00 1.07669958893518e+00 1.07669944009536e+00 1.48839811808799e-07
1.42000000000000e+00 1.05671627571349e+00 1.05671575560428e+00 5.20109216584075e-07
1.42500000000000e+00 1.03960242921876e+00 1.03960156687779e+00 8.62340969964848e-07
1.43000000000000e+00 1.02545952073859e+00 1.02545837763829e+00 1.14310029819542e-06
1.43500000000000e+00 1.01437143661707e+00 1.01437010232018e+00 1.33429689541664e-06
1.44000000000000e+00 1.00640396459456e+00 1.00640254951957e+00 1.41507499495930e-06
1.44500000000000e+00 1.00160439113246e+00 1.00160301689261e+00 1.37423985391294e-06
1.45000000000000e+00 1.00000121193028e+00 1.00000000000000e+00 1.21193027857736e-06
1.45500000000000e+00 1.00160395718333e+00 1.00160301689261e+00 9.40290720619075e-07
1.46000000000000e+00 1.00640313249358e+00 1.00640254951957e+00 5.82974017060423e-07
1.46500000000000e+00 1.01437027573382e+00 1.01437010232018e+00 1.73413646109566e-07
1.47000000000000e+00 1.02545812957170e+00 1.02545837763829e+00 2.48066590380347e-07
1.47500000000000e+00 1.03960092877833e+00 1.03960156687779e+00 6.38099461491848e-07
1.48000000000000e+00 1.05671480086383e+00 1.05671575560428e+00 9.54740447367541e-07
1.48500000000000e+00 1.07669827798725e+00 1.07669944009536e+00 1.16210811573758e-06
1.49000000000000e+00 1.09943291746894e+00 1.09943415215529e+00 1.23468634960489e-06
1.49500000000000e+00 1.12478402757897e+00 1.12478518834171e+00 1.16076274081500e-06
1.50000000000000e+00 1.15260149458194e+00 1.15260243910916e+00 9.44527215773761e-07
1.50500000000000e+00 1.18272070628824e+00 1.18272131275752e+00 6.06469280128863e-07
1.51000000000000e+00 1.21496356660408e+00 1.21496374848942e+00 1.81885335459597e-07
1.51500000000000e+00 1.24913959480767e+00 1.24913931233114e+00 2.82476526392017e-07
1.52000000000000e+00 1.28504710253148e+00 1.28504636916085e+00 7.33370624894647e-07
1.52500000000000e+00 1.32247444073459e+00 1.32247332361862e+00 1.11711597039488e-06
1.53000000000000e+00 1.36120130833803e+00 1.36119992224821e+00 1.38608981625765e-06
1.53500000000000e+00 1.40100011370355e+00 1.40099860884315e+00 1.50486039984798e-06
1.54000000000000e+00 1.44163737978823e+00 1.44163592464141e+00 1.45514682081682e-06
1.54500000000000e+00 1.48287518361930e+00 1.48287394473691e+00 1.23888239067504e-06
1.55000000000000e+00 1.52447262070601e+00 1.52447174185242e+00 8.78853589902917e-07
1.55500000000000e+00 1.56618728512328e+00 1.56618686845015e+00 4.16673129777223e-07
1.56000000000000e+00 1.60777675623317e+00 1.60777684804300e+00 9.18098366220477e-08
1.56500000000000e+00 1.64900008331192e+00 1.64900066651302e+00 5.83201100301523e-07
1.57000000000000e+00 1.68961925967107e+00 1.68962025424335e+00 9.94572273649297e-07
1.57500000000000e+00 1.72940067815092e+00 1.72940194992690e+00 1.27177598296946e-06
1.58000000000000e+00 1.76811656008149e+00 1.76811793702778e+00 1.37694629653851e-06
1.58500000000000e+00 1.80554634992484e+00 1.80554764404025e+00 1.29411541194280e-06
1.59000000000000e+00 1.84147806782788e+00 1.84147909991323e+00 1.03208534318888e-06
1.59500000000000e+00 1.87570961224766e+00 1.87571023628478e+00 6.24037125973587e-07
1.60000000000000e+00 1.90805000470173e+00 1.90805012849909e+00 1.23797361029077e-07
1.60500000000000e+00 1.93832056860417e+00 1.93832016775567e+00 4.00848499282347e-07
1.61000000000000e+00 1.96635603413801e+00 1.96635515716554e+00 8.76972466201664e-07
1.61500000000000e+00 1.99200556125246e+00 1.99200432495795e+00 1.23629450876628e-06
1.62000000000000e+00 2.01513367320722e+00 2.01513224859221e+00 1.42461500418634e-06
1.62500000000000e+00 2.03562109364580e+00 2.03561968407860e+00 1.40956720251495e-06
1.63000000000000e+00 2.05336548096495e+00 2.05336429539657e+00 1.18556837680472e-06
1.63500000000000e+00 2.06828205473012e+00 2.06828127951470e+00 7.75215417192499e-07
1.64000000000000e+00 2.08030411001331e+00 2.08030388316029e+00 2.26853020812712e-07
1.64500000000000e+00 2.08938341672737e+00 2.08938380815405e+00 3.91426683954421e-07
1.65000000000000e+00 2.09549050222048e+00 2.09549150281253e+00 1.00059204521941e-06
1.65500000000000e+00 2.09861481649864e+00 2.09861633762302e+00 1.52112437534768e-06
1.66000000000000e+00 2.09876478040094e+00 2.09876666410972e+00 1.88370878184685e-06
1.66500000000000e+00 2.09596771782203e+00 2.09596975652967e+00 2.03870764625691e-06
1.67000000000000e+00 2.09026967364612e+00 2.09027163675968e+00 1.96311356237544e-06
1.67500000000000e+00 2.08173511944406e+00 2.08173678345563e+00 1.66401156542761e-06
1.68000000000000e+00 2.07044654922975e+00 2.07044772727895e+00 1.17804920485298e-06
1.68500000000000e+00 2.05650396773624e+00 2.05650453468774e+00 5.66951502189994e-07
1.69000000000000e+00 2.04002427382325e+00 2.04002418347677e+00 9.03464854040692e-08
1.69500000000000e+00 2.02114054183648e+00 2.02113983391842e+00 7.07918060616208e-07
1.70000000000000e+00 2.00000120406285e+00 2.00000000000000e+00 1.20406284720431e-06
1.70500000000000e+00 1.97676913790407e+00 1.97676762586893e+00 1.51203513287790e-06
1.71000000000000e+00 1.95162066203822e+00 1.95161907318189e+00 1.58885632228767e-06
1.71500000000000e+00 1.92474444664295e+00 1.92474302560309e+00 1.42103986200404e-06
1.72000000000000e+00 1.89634034367690e+00 1.89633931720795e+00 1.02646895472347e-06
1.72500000000000e+00 1.86661814419805e+00 1.86661769201745e+00 4.52180594079366e-07
1.73000000000000e+00 1.83579627066745e+00 1.83579650231313e+00 2.31645676196379e-07
1.73500000000000e+00 1.80410041306735e+00 1.80410135376010e+00 9.40692747919414e-07
1.74000000000000e+00 1.77176211838338e+00 1.77176370569363e+00 1.58731024924030e-06
1.74500000000000e+00 1.73901734350760e+00 1.73901943520098e+00 2.09169337894721e-06
1.75000000000000e+00 1.70610498187947e+00 1.70610737385376e+00 2.39197429174887e-06
1.75500000000000e+00 1.67326537419112e+00 1.67326782611444e+00 2.45192331793653e-06
1.76000000000000e+00 1.64073881326426e+00 1.64074107855382e+00 2.26528956126515e-06
1.76500000000000e+00 1.60876405280507e+00 1.60876590907298e+00 1.85626791182614e-06
1.77000000000000e+00 1.57757682922501e+00 1.57757810532303e+00 1.27609801903183e-06
1.77500000000000e+00 1.54740840515169e+00 1.54740900145948e+00 5.96307786038253e-07
1.78000000000000e+00 1.51848414271442e+00 1.51848404225504e+00 1.00459381036089e-07
1.78500000000000e+00 1.49102211423055e+00 1.49102138342582e+00 7.30804727622214e-07
1.79000000000000e+00 1.46523175757882e+00 1.46523053680291e+00 1.22077591435676e-06
1.79500000000000e+00 1.44131258333489e+00 1.44131106870462e+00 1.51463026676346e-06
1.80000000000000e+00 1.41945294064883e+00 1.41945135953695e+00 1.58111187986698e-06
1.80500000000000e+00 1.39982884882702e+00 1.39982743227203e+00 1.41655499019677e-06
1.81000000000000e+00 1.38260290158853e+00 1.38260185702999e+00 1.04455854343932e-06
1.81500000000000e+00 1.36792325093976e+00 1.36792273852040e+00 5.12419364939731e-07
1.82000000000000e+00 1.35592267749210e+00 1.35592279258843e+00 1.15096320696395e-07
1.82500000000000e+00 1.34671775379141e+00 1.34671851756181e+00 7.63770402256725e-07
1.83000000000000e+00 1.34040810680589e+00 1.34040946551008e+00 1.35870419026851e-06
1.83500000000000e+00 1.33707578512416e+00 1.33707761791153e+00 1.83278737453385e-06
1.84000000000000e+00 1.33678473566134e+00 1.33678686957979e+00 2.13391844083866e-06
1.84500000000000e+00 1.33958039378982e+00 1.33958262403436e+00 2.23024454548693e-06
1.85000000000000e+00 1.34548938984377e+00 1.34549150281253e+00 2.11296876195810e-06
1.85500000000000e+00 1.35451937394191e+00 1.35452117051728e+00 1.79657537624500e-06
1.86000000000000e+00 1.36665896007272e+00 1.36666027668282e+00 1.31661009761253e-06
1.86500000000000e+00 1.38187778942888e+00 1.38187851481848e+00 7.25389593503323e-07
1.87000000000000e+00 1.40012671208536e+00 1.40012679827000e+00 8.61846396471577e-08
1.87500000000000e+00 1.42133808530059e+00 1.42133755181640e+00 5.33484186826527e-07
1.88000000000000e+00 1.44542618598216e+00 1.44542511720755e+00 1.06877461214516e-06
1.88500000000000e+00 1.47228773418888e+00 1.47228627014470e+00 1.46404418122081e-06
1.89000000000000e+00 1.50180252392898e+00 1.50180084551967e+00 1.67840931108998e-06
1.89500000000000e+00 1.53383415694667e+00 1.53383246706028e+00 1.68988639015488e-06
1.90000000000000e+00 1.56823087466028e+00 1.56822937688661e+00 1.49777366931225e-06
1.90500000000000e+00 1.60482648292164e+00 1.60482535986612e+00 1.12305552568692e-06
1.91000000000000e+00 1.64344136381246e+00 1.64344075707161e+00 6.06740844455445e-07
1.91500000000000e+00 1.68388356828551e+00 1.68388356209650e+00 6.18900486415441e-09
1.92000000000000e+00 1.72594998310338e+00 1.72595059347097e+00 6.10367584030769e-07
1.92500000000000e+00 1.76942756522710e+00 1.76942873595353e+00 1.17072643068816e-06
1.93000000000000e+00 1.81409463655670e+00 1.81409624304787e+00 1.60649117186829e-06
1.93500000000000e+00 1.85972223171072e+00 1.85972409271723e+00 1.86100650667598e-06
1.94000000000000e+00 1.90607549132832e+00 1.90607738794082e+00 1.89661249483386e-06
1.94500000000000e+00 1.95291509315770e+00 1.95291679348017e+00 1.70032247037710e-06
1.95000000000000e+00 1.99999871292891e+00 2.00000000000000e+00 1.28707109192661e-06
1.95500000000000e+00 2.04708250667702e+00 2.04708320651983e+00 6.99842809925855e-07
1.96000000000000e+00 2.09392260577590e+00 2.09392261205918e+00 6.28327434526454e-09
1.96500000000000e+00 2.14027661547966e+00 2.14027590728277e+00 7.08196886023416e-07
1.97000000000000e+00 2.18590510728522e+00 2.18590375695213e+00 1.35033309023314e-06
1.97500000000000e+00 2.23057309498784e+00 2.23057126404646e+00 1.83094137407025e-06
1.98000000000000e+00 2.27405148397786e+00 2.27404940652903e+00 2.07744882985139e-06
1.98500000000000e+00 2.31611848320514e+00 2.31611643790350e+00 2.04530164271688e-06
1.99000000000000e+00 2.35656096938949e+00 2.35655924292839e+00 1.72646110518926e-06
1.99500000000000e+00 2.39517579353129e+00 2.39517464013388e+00 1.15339740291986e-06
2.00000000000000e+00 2.43177102058648e+00 2.43177062311339e+00 3.97473094437828e-07
2.00500000000000e+00 2.46616709427925e+00 2.46616753293972e+00 4.38660467505514e-07
2.01000000000000e+00 2.49819792034785e+00 2.49819915448034e+00 1.23413248642734e-06
2.01500000000000e+00 2.52771186292772e+00 2.52771372985530e+00 1.86692757964124e-06
2.02000000000000e+00 2.55457265011440e+00 2.55457488279245e+00 2.23267805221639e-06
2.02500000000000e+00 2.57866018585643e+00 2.57866244818359e+00 2.26232716737940e-06
2.03000000000000e+00 2.59987126606588e+00 2.59987320173000e+00 1.93566412187707e-06
2.03500000000000e+00 2.61812019711188e+00 2.61812148518152e+00 1.28806963939354e-06
2.04000000000000e+00 2.63333931466354e+00 2.63333972331718e+00 4.08653646033486e-07
2.04500000000000e+00 2.64547940024553e+00 2.64547882948272e+00 5.70762813456582e-07
2.05000000000000e+00 2.65450999202313e+00 2.65450849718747e+00 1.49483565747843e-06
2.05500000000000e+00 2.66041958547940e+00 2.66041737596564e+00 2.20951375951017e-06
2.06000000000000e+00 2.66321571906549e+00 2.66321313042021e+00 2.58864527724612e-06
2.06500000000000e+00 2.66292493987014e+00 2.66292238208847e+00 2.55778167401743e-06
2.07000000000000e+00 2.65959264508390e+00 2.65959053448992e+00 2.11059398402824e-06
2.07500000000000e+00 2.65328279663220e+00 2.65328148243819e+00 1.31419401183663e-06
2.08000000000000e+00 2.64407750876626e+00 2.64407720741157e+00 3.01354688758693e-07
2.08500000000000e+00 2.63207651140711e+00 2.63207726147960e+00 7.50072491229048e-07
2.09000000000000e+00 2.61739649524902e+00 2.61739814297001e+00 1.64772099386923e-06
2.09500000000000e+00 2.60017034755286e+00 2.60017256772797e+00 2.22017511486428e-06
2.10000000000000e+00 2.58054628968619e+00 2.58054864046305e+00 2.35077685806218e-06
2.10500000000000e+00 2.55868692837618e+00 2.55868893129538e+00 2.00291919627560e-06
2.11000000000000e+00 2.53476823211585e+00 2.53476946319710e+00 1.23108124983062e-06
2.11500000000000e+00 2.50897844226741e+00 2.50897861657418e+00 1.74306768574439e-07
2.12000000000000e+00 2.48151692551767e+00 2.48151595774496e+00 9.67772713966752e-07
2.12500000000000e+00 2.45259297110313e+00 2.45259099854052e+00 1.97256261280643e-06
2.13000000000000e+00 2.42242453343735e+00 2.42242189467697e+00 2.63876038042454e-06
2.13500000000000e+00 2.39123691921518e+00 2.39123409092702e+00 2.82828815656444e-06
2.14000000000000e+00 2.35926141830052e+00 2.35925892144618e+00 2.49685433617586e-06
2.14500000000000e+00 2.32673387990832e+00 2.32673217388556e+00 1.70602275106901e-06
2.15000000000000e+00 2.29389323948104e+00 2.29389262614624e+00 6.13334800725340e-07
2.15500000000000e+00 2.26098000650606e+00 2.26098056479902e+00 5.58292955421535e-07
2.16000000000000e+00 2.22823472829091e+00 2.22823629430637e+00 1.56601545953095e-06
2.16500000000000e+00 2.19589644831082e+00 2.19589864623990e+00 2.19792908406902e-06
2.17000000000000e+00 2.16420117927637e+00 2.16420349768687e+00 2.31841050091219e-06
2.17500000000000e+00 2.13338041009067e+00 2.13338230798255e+00 1.89789187743372e-06
2.18000000000000e+00 2.10365966250820e+00 2.10366068279205e+00 1.02028385295938e-06
2.18500000000000e+00 2.07525710827397e+00 2.07525697439691e+00 1.33877059216303e-07
2.19000000000000e+00 2.04838225192275e+00 2.04838092681811e+00 1.32510464201374e-06
2.19500000000000e+00 2.02323467950654e+00 2.02323237413107e+00 2.30537547007970e-06
2.20000000000000e+00 2.00000287037447e+00 2.00000000000000e+00 2.87037446966565e-06
2.20500000000000e+00 1.97886306839793e+00 1.97886016608158e+00 2.90231634947347e-06
2.21000000000000e+00 1.95997821076945e+00 1.95997581652323e+00 2.39424621883977e-06
2.21500000000000e+00 1.94349691617342e+00 1.94349546531226e+00 1.45086115832527e-06
2.22000000000000e+00 1.92955253875071e+00 1.92955227272105e+00 2.66029665851875e-07
2.22500000000000e+00 1.91826229868848e+00 1.91826321654437e+00 9.17855890625319e-07
2.23000000000000e+00 1.90972650337865e+00 1.90972836324032e+00 1.85986166822971e-06
2.23500000000000e+00 1.90402787415974e+00 1.90403024347033e+00 2.36931058505974e-06
2.24000000000000e+00 1.90123099242442e+00 1.90123333589028e+00 2.34346585359368e-06
2.24500000000000e+00 1.90138187558632e+00 1.90138366237698e+00 1.78679066120679e-06
2.25000000000000e+00 1.90450768871729e+00 1.90450849718747e+00 8.08470180357901e-07
2.25500000000000e+00 1.91061659249330e+00 1.91061619184595e+00 4.00647353293593e-07
2.26000000000000e+00 1.91969772335698e+00 1.91969611683971e+00 1.60651726743843e-06
2.26500000000000e+00 1.93172129828932e+00 1.93171872048530e+00 2.57780402734831e-06
2.27000000000000e+00 1.94663883475267e+00 1.94663570460343e+00 3.13014923980504e-06
2.27500000000000e+00 1.96438347633137e+00 1.96438031592140e+00 3.16040997239142e-06
2.28000000000000e+00 1.98487041611750e+00 1.98486775140779e+00 2.66470971443944e-06
2.28500000000000e+00 2.00799741246014e+00 2.00799567504205e+00 1.73741809295080e-06
2.29000000000000e+00 2.03364539466028e+00 2.03364484283446e+00 5.51825822814322e-07
2.29500000000000e+00 2.06167915887054e+00 2.06167983224433e+00 6.73373792725585e-07
2.30000000000000e+00 2.09194815627043e+00 2.09194987150091e+00 1.71523048386746e-06
2.30500000000000e+00 2.12428737614461e+00 2.12428976371522e+00 2.38757060611050e-06
2.31000000000000e+00 2.15851832564875e+00 2.15852090008677e+00 2.57443802276214e-06
2.31500000000000e+00 2.19445010591278e+00 2.19445235595975e+00 2.25004696119413e-06
2.32000000000000e+00 2.23188058103505e+00 2.23188206297221e+00 1.48193716675848e-06
2.32500000000000e+00 2.27059763295132e+00 2.27059805007310e+00 4.17121778895080e-07
2.33000000000000e+00 2.31038049168070e+00 2.31037974575665e+00 7.45924052747426e-07
2.33500000000000e+00 2.35100112759243e+00 2.35099933348698e+00 1.79410545086967e-06
2.34000000000000e+00 2.39222569052872e+00 2.39222315195699e+00 2.53857172749505e-06
2.34500000000000e+00 2.43381598010247e+00 2.43381313154985e+00 2.84855262178141e-06
2.35000000000000e+00 2.47553093228627e+00 2.47552825814758e+00 2.67413869048383e-06
2.35500000000000e+00 2.51712810932407e+00 2.51712605526309e+00 2.05406098530148e-06
2.36000000000000e+00 2.55836518264353e+00 2.55836407535858e+00 1.10728494640000e-06
2.36500000000000e+00 2.59900140132706e+00 2.59900139115685e+00 1.01702095633982e-08
2.37000000000000e+00 2.63879904128546e+00 2.63880007775179e+00 1.03646633142773e-06
2.37500000000000e+00 2.67752483210897e+00 2.67752667638138e+00 1.84427241389784e-06
2.38000000000000e+00 2.71495135933474e+00 2.71495363083914e+00 2.27150440634816e-06
2.38500000000000e+00 2.75085843945913e+00 2.75086068766886e+00 2.24820972771766e-06
2.39000000000000e+00 2.78503446355124e+00 2.78503625151058e+00 1.78795934280274e-06
2.39500000000000e+00 2.81727770310558e+00 2.81727868724248e+00 9.84136895088028e-07
2.40000000000000e+00 2.84739756926262e+00 2.84739756089084e+00 8.37177838164394e-09
2.40500000000000e+00 2.87521581424133e+00 2.87521481165829e+00 1.00258303925571e-06
2.41000000000000e+00 2.90056766224790e+00 2.90056584784471e+00 1.81440318502979e-06
2.41500000000000e+00 2.92330285660622e+00 2.92330055990463e+00 2.29670158935491e-06
2.42000000000000e+00 2.94328661057222e+00 2.94328424439572e+00 2.36617649829185e-06
2.42500000000000e+00 2.96040045119981e+00 2.96039843312221e+00 2.01807759836470e-06
2.43000000000000e+00 2.97454294847150e+00 2.97454162236171e+00 1.32610978731407e-06
2.43500000000000e+00 2.98563032527607e+00 2.98562989767982e+00 4.27596245522466e-07
2.44000000000000e+00 2.99359694720623e+00 2.99359745048043e+00 5.03274205421178e-07
2.44500000000000e+00 2.99839569405591e+00 2.99839698310739e+00 1.28905148422120e-06
2.45000000000000e+00 2.99999821689976e+00 3.00000000000000e+00 1.78310024212536e-06
2.45500000000000e+00 2.99839508547874e+00 2.99839698310739e+00 1.89762865376863e-06
2.46000000000000e+00 2.99359583024276e+00 2.99359745048044e+00 1.62023767957820e-06
2.46500000000000e+00 2.98562888198423e+00 2.98562989767982e+00 1.01569559651793e-06
2.47000000000000e+00 2.97454140990173e+00 2.97454162236171e+00 2.12459985160507e-07
2.47500000000000e+00 2.96039905666753e+00 2.96039843312221e+00 6.23545319378138e-07
2.48000000000000e+00 2.94328556719969e+00 2.94328424439572e+00 1.32280396147877e-06
2.48500000000000e+00 2.92330230687515e+00 2.92330055990464e+00 1.74697051269490e-06
2.49000000000000e+00 2.90056766523698e+00 2.90056584784471e+00 1.81739226645661e-06
2.49500000000000e+00 2.87521634298785e+00 2.87521481165830e+00 1.53132955293955e-06
2.50000000000000e+00 2.84739852308575e+00 2.84739756089084e+00 9.62194904641223e-07
2.50500000000000e+00 2.81727893064863e+00 2.81727868724248e+00 2.43406145461478e-07
2.51000000000000e+00 2.78503579049031e+00 2.78503625151058e+00 4.61020274844515e-07
2.51500000000000e+00 2.75085969469679e+00 2.75086068766886e+00 9.92972063240671e-07
2.52000000000000e+00 2.71495239499501e+00 2.71495363083915e+00 1.23584413591615e-06
2.52500000000000e+00 2.67752553525678e+00 2.67752667638138e+00 1.14112460902760e-06
2.53000000000000e+00 2.63879933815902e+00 2.63880007775179e+00 7.39592767473596e-07
2.53500000000000e+00 2.59900125705489e+00 2.59900139115685e+00 1.34101960647115e-07
2.54000000000000e+00 2.55836460018069e+00 2.55836407535859e+00 5.24822103109557e-07
2.54500000000000e+00 2.51712713040394e+00 2.51712605526309e+00 1.07514084701776e-06
2.55000000000000e+00 2.47552964085474e+00 2.47552825814758e+00 1.38270716076860e-06
2.55500000000000e+00 2.43381450583303e+00 2.43381313154985e+00 1.37428317703581e-06
2.56000000000000e+00 2.39222420776268e+00 2.39222315195700e+00 1.05580568288133e-06
2.56500000000000e+00 2.35099984448850e+00 2.35099933348698e+00 5.11001512215614e-07
2.57000000000000e+00 2.31037962609505e+00 2.31037974575666e+00 1.19661605069155e-07
2.57500000000000e+00 2.27059737544358e+00 2.27059805007310e+00 6.74629518027103e-07
2.58000000000000e+00 2.23188105042153e+00 2.23188206297222e+00 1.01255068774009e-06
2.58500000000000e+00 2.19445130737584e+00 2.19445235595975e+00 1.04858390681528e-06
2.59000000000000e+00 2.15852012383267e+00 2.15852090008678e+00 7.76254101886309e-07
2.59500000000000e+00 2.12428949462999e+00 2.12428976371522e+00 2.69085230097943e-07
2.60000000000000e+00 2.09195020996764e+00 2.09194987150091e+00 3.38466723537323e-07
2.60500000000000e+00 2.06168071804174e+00 2.06167983224433e+00 8.85797406535715e-07
2.61000000000000e+00 2.03364607037272e+00 2.03364484283446e+00 1.22753825504418e-06
2.61500000000000e+00 2.00799694578945e+00 2.00799567504205e+00 1.27074739664224e-06
2.62000000000000e+00 1.98486874973749e+00 1.98486775140779e+00 9.98329698909117e-07
2.62500000000000e+00 1.96438078876795e+00 1.96438031592140e+00 4.72846547916461e-07
2.63000000000000e+00 1.94663552467979e+00 1.94663570460343e+00 1.79923647314340e-07
2.63500000000000e+00 1.93171791740341e+00 1.93171872048530e+00 8.03081889211299e-07
2.64000000000000e+00 1.91969486894444e+00 1.91969611683971e+00 1.24789527244928e-06
2.64500000000000e+00 1.91061478159285e+00 1.91061619184595e+00 1.41025309696730e-06
2.65000000000000e+00 1.90450724185204e+00 1.90450849718747e+00 1.25533543293699e-06
2.65500000000000e+00 1.90138283756494e+00 1.90138366237698e+00 8.24812044220025e-07
2.66000000000000e+00 1.90123311046897e+00 1.90123333589028e+00 2.25421305621865e-07
2.66500000000000e+00 1.90403064111355e+00 1.90403024347033e+00 3.97643227012523e-07
2.67000000000000e+00 1.90972925886018e+00 1.90972836324032e+00 8.95619858054530e-07
2.67500000000000e+00 1.91826436733749e+00 1.91826321654437e+00 1.15079311946431e-06
2.68000000000000e+00 1.92955337550613e+00 1.92955227272105e+00 1.10278508569372e-06
2.68500000000000e+00 1.94349622613410e+00 1.94349546531226e+00 7.60821843082127e-07
2.69000000000000e+00 1.95997601631441e+00 1.95997581652323e+00 1.99791183375098e-07
2.69500000000000e+00 1.97885970778113e+00 1.97886016608158e+00 4.58300448702431e-07
2.70000000000000e+00 1.99999892732330e+00 2.00000000000000e+00 1.07267669791078e-06
2.70500000000000e+00 2.02323085889642e+00 2.02323237413106e+00 1.51523464353431e-06
2.71000000000000e+00 2.04837922876354e+00 2.04838092681811e+00 1.69805456184946e-06
2.71500000000000e+00 2.07525538321709e+00 2.07525697439691e+00 1.59117981901602e-06
2.72000000000000e+00 2.10365945551820e+00 2.10366068279205e+00 1.22727385765131e-06
2.72500000000000e+00 2.13338161524270e+00 2.13338230798255e+00 6.92739841046119e-07
2.73000000000000e+00 2.16420338991292e+00 2.16420349768687e+00 1.07773950208667e-07
2.73500000000000e+00 2.19589904621967e+00 2.19589864623990e+00 3.99979772858217e-07
2.74000000000000e+00 2.22823701671196e+00 2.22823629430637e+00 7.22405588238217e-07
2.74500000000000e+00 2.26098135770512e+00 2.26098056479902e+00 7.92906102997648e-07
2.75000000000000e+00 2.29389322522602e+00 2.29389262614624e+00 5.99079786223200e-07
2.75500000000000e+00 2.32673235774328e+00 2.32673217388556e+00 1.83857722380054e-07
2.76000000000000e+00 2.35925855675456e+00 2.35925892144618e+00 3.64691624010760e-07
2.76500000000000e+00 2.39123315851682e+00 2.39123409092702e+00 9.32410197052036e-07
2.77000000000000e+00 2.42242049187003e+00 2.42242189467697e+00 1.40280694305162e-06
2.77500000000000e+00 2.45258931792627e+00 2.45259099854052e+00 1.68061424243859e-06
2.78000000000000e+00 2.48151424727419e+00 2.48151595774496e+00 1.71047076591435e-06
2.78500000000000e+00 2.50897712937838e+00 2.50897861657418e+00 1.48719579673440e-06
2.79000000000000e+00 2.53476840730126e+00 2.53476946319709e+00 1.05589583343502e-06
2.79500000000000e+00 2.55868842910998e+00 2.55868893129538e+00 5.02185402595501e-07
2.80000000000000e+00 2.58054870575577e+00 2.58054864046305e+00 6.52927227839939e-08
2.80500000000000e+00 2.60017310418065e+00 2.60017256772797e+00 5.36452679611443e-07
2.81000000000000e+00 2.61739896415951e+00 2.61739814297001e+00 8.21189500399555e-07
2.81500000000000e+00 2.63207812801714e+00 2.63207726147960e+00 8.66537535060274e-07
2.82000000000000e+00 2.64407787380121e+00 2.64407720741157e+00 6.66389636361231e-07
2.82500000000000e+00 2.65328174453679e+00 2.65328148243819e+00 2.62098606818029e-07
2.83000000000000e+00 2.65959026853310e+00 2.65959053448992e+00 2.65956819678337e-07
2.83500000000000e+00 2.66292156802041e+00 2.66292238208847e+00 8.14068052967798e-07
2.84000000000000e+00 2.66321185535245e+00 2.66321313042021e+00 1.27506776559372e-06
2.84500000000000e+00 2.66041581738512e+00 2.66041737596564e+00 1.55858051753555e-06
2.85000000000000e+00 2.65450688932236e+00 2.65450849718747e+00 1.60786511660405e-06
2.85500000000000e+00 2.64547741932041e+00 2.64547882948272e+00 1.41016230292834e-06
2.86000000000000e+00 2.63333872460409e+00 2.63333972331719e+00 9.98713095778925e-07
2.86500000000000e+00 2.61812103900496e+00 2.61812148518152e+00 4.46176568136281e-07
2.87000000000000e+00 2.59987335096501e+00 2.59987320173000e+00 1.49235007906867e-07
2.87500000000000e+00 2.57866313044092e+00 2.57866244818360e+00 6.82257319084556e-07
2.88000000000000e+00 2.55457594302446e+00 2.55457488279246e+00 1.06023200130423e-06
2.88500000000000e+00 2.52771495010580e+00 2.52771372985530e+00 1.22025049931196e-06
2.89000000000000e+00 2.49820029507462e+00 2.49819915448034e+00 1.14059428657498e-06
2.89500000000000e+00 2.46616837728956e+00 2.46616753293972e+00 8.44349839379532e-07
2.90000000000000e+00 2.43177101765293e+00 2.43177062311339e+00 3.94539535708560e-07
2.90500000000000e+00 2.39517452183722e+00 2.39517464013388e+00 1.18296664908257e-07
2.91000000000000e+00 2.35655864922760e+00 2.35655924292839e+00 5.93700794748742e-07
2.91500000000000e+00 2.31611549719745e+00 2.31611643790350e+00 9.40706047725115e-07
2.92000000000000e+00 2.27404831122245e+00 2.27404940652904e+00 1.09530658676249e-06
2.92500000000000e+00 2.23057023147131e+00 2.23057126404647e+00 1.03257515382538e-06
2.93000000000000e+00 2.18590298593094e+00 2.18590375695213e+00 7.71021189560628e-07
2.93500000000000e+00 2.14027553899917e+00 2.14027590728278e+00 3.68283606722031e-07
2.94000000000000e+00 2.09392270308652e+00 2.09392261205918e+00 9.10273381116156e-08
2.94500000000000e+00 2.04708371944000e+00 2.04708320651984e+00 5.12920168560527e-07
2.95000000000000e+00 2.00000081346554e+00 2.00000000000000e+00 8.13465537596869e-07
2.95500000000000e+00 1.95291772953693e+00 1.95291679348017e+00 9.36056758771286e-07
2.96000000000000e+00 1.90607825076615e+00 1.90607738794082e+00 8.62825324743355e-07
2.96500000000000e+00 1.85972471043329e+00 1.85972409271723e+00 6.17716063189278e-07
2.97000000000000e+00 1.81409650352407e+00 1.81409624304787e+00 2.60476201274784e-07
2.97500000000000e+00 1.76942860874715e+00 1.76942873595354e+00 1.27206382538603e-07
2.98000000000000e+00 1.72595013307488e+00 1.72595059347097e+00 4.60396091028770e-07
2.98500000000000e+00 1.68388289185599e+00 1.68388356209651e+00 6.70240516420506e-07
2.99000000000000e+00 1.64344003758296e+00 1.64344075707161e+00 7.19488650435807e-07
2.99500000000000e+00 1.60482474934758e+00 1.60482535986612e+00 6.10518542165650e-07
3.00000000000000e+00 1.56822899300881e+00 1.56822937688661e+00 3.83877803322719e-07
3.00500000000000e+00 1.53383235948023e+00 1.53383246706028e+00 1.07580049313327e-07
3.01000000000000e+00 1.50180098583765e+00 1.50180084551966e+00 1.40317981456306e-07
3.01500000000000e+00 1.47228656172229e+00 1.47228627014470e+00 2.91577586741809e-07
3.02000000000000e+00 1.44542542225497e+00 1.44542511720755e+00 3.05047425541716e-07
3.02500000000000e+00 1.42133772864612e+00 1.42133755181641e+00 1.76829716869165e-07
3.03000000000000e+00 1.40012673883729e+00 1.40012679827000e+00 5.94327058678346e-08
3.03500000000000e+00 1.38187817246192e+00 1.38187851481848e+00 3.42356554661194e-07
3.04000000000000e+00 1.36665967652288e+00 1.36666027668282e+00 6.00159934194266e-07
3.04500000000000e+00 1.35452039969796e+00 1.35452117051728e+00 7.70819326811889e-07
3.05000000000000e+00 1.34549068344229e+00 1.34549150281253e+00 8.19370233884342e-07
3.05500000000000e+00 1.33958187670056e+00 1.33958262403436e+00 7.47333799067107e-07
3.06000000000000e+00 1.33678627815816e+00 1.33678686957979e+00 5.91421629225763e-07
3.06500000000000e+00 1.33707720610956e+00 1.33707761791153e+00 4.11801976296644e-07
3.07000000000000e+00 1.34040919211252e+00 1.34040946551008e+00 2.73397566807887e-07
3.07500000000000e+00 1.34671829163558e+00 1.34671851756181e+00 2.25926235941643e-07
3.08000000000000e+00 1.35592250367638e+00 1.35592279258843e+00 2.88912040291578e-07
3.08500000000000e+00 1.36792229210135e+00 1.36792273852040e+00 4.46419042399171e-07
3.09000000000000e+00 1.38260120385200e+00 1.38260185702999e+00 6.53177984810682e-07
3.09500000000000e+00 1.39982658222009e+00 1.39982743227203e+00 8.50051940837204e-07
3.10000000000000e+00 1.41945037586815e+00 1.41945135953695e+00 9.83668797305270e-07
3.10500000000000e+00 1.44131004506599e+00 1.44131106870462e+00 1.02363863097032e-06
3.11000000000000e+00 1.46522956518733e+00 1.46523053680290e+00 9.71615571332407e-07
3.11500000000000e+00 1.49102052412016e+00 1.49102138342582e+00 8.59305660849685e-07
3.12000000000000e+00 1.51848330587847e+00 1.51848404225504e+00 7.36376574383968e-07
3.12500000000000e+00 1.54740834874690e+00 1.54740900145948e+00 6.52712580206938e-07
3.13000000000000e+00 1.57757746400090e+00 1.57757810532302e+00 6.41322122740817e-07
3.13500000000000e+00 1.60876520128036e+00 1.60876590907298e+00 7.07792623622083e-07
3.14000000000000e+00 1.64074024885661e+00 1.64074107855382e+00 8.29697207160862e-07
3.14500000000000e+00 1.67326686036173e+00 1.67326782611444e+00 9.65752708470546e-07
3.15000000000000e+00 1.70610630271004e+00 1.70610737385376e+00 1.07114372105421e-06
3.15500000000000e+00 1.73901832175167e+00 1.73901943520098e+00 1.11344931030821e-06
3.16000000000000e+00 1.77176262205026e+00 1.77176370569363e+00 1.08364336859346e-06
3.16500000000000e+00 1.80410035521958e+00 1.80410135376010e+00 9.98540521379709e-07
3.17000000000000e+00 1.83579560824567e+00 1.83579650231313e+00 8.94067454515479e-07
3.17500000000000e+00 1.86661688019968e+00 1.86661769201745e+00 8.11817773005430e-07
3.18000000000000e+00 1.89633853365563e+00 1.89633931720795e+00 7.83552316807601e-07
3.18500000000000e+00 1.92474220657481e+00 1.92474302560309e+00 8.19028278309375e-07
3.19000000000000e+00 1.95161817158928e+00 1.95161907318189e+00 9.01592611013413e-07
3.19500000000000e+00 1.97676663229670e+00 1.97676762586893e+00 9.93572233376483e-07
3.20000000000000e+00 1.99999894978442e+00 2.00000000000000e+00 1.05021557961216e-06
3.20500000000000e+00 2.02113879622386e+00 2.02113983391842e+00 1.03769455694902e-06
3.21000000000000e+00 2.04002323490152e+00 2.04002418347677e+00 9.48575245462990e-07
3.21500000000000e+00 2.05650372646415e+00 2.05650453468774e+00 8.08223591164392e-07
3.22000000000000e+00 2.07044705899945e+00 2.07044772727895e+00 6.68279500626312e-07
3.22500000000000e+00 2.08173619538642e+00 2.08173678345563e+00 5.88069203555364e-07
3.23000000000000e+00 2.09027102673212e+00 2.09027163675968e+00 6.10027557357284e-07
3.23500000000000e+00 2.09596901785500e+00 2.09596975652967e+00 7.38674674316542e-07
3.24000000000000e+00 2.09876573152353e+00 2.09876666410972e+00 9.32586189161810e-07
3.24500000000000e+00 2.09861522303660e+00 2.09861633762302e+00 1.11458642271245e-06
3.25000000000000e+00 2.09549030445674e+00 2.09549150281253e+00 1.19835579104333e-06
3.25500000000000e+00 2.08938268564464e+00 2.08938380815405e+00 1.12250941164405e-06
3.26000000000000e+00 2.08030300410694e+00 2.08030388316029e+00 8.79053350999470e-07
3.26500000000000e+00 2.06828075549442e+00 2.06828127951470e+00 5.24020281833515e-07
3.27000000000000e+00 2.05336413131363e+00 2.05336429539657e+00 1.64082945453004e-07
3.27500000000000e+00 2.03561976212352e+00 2.03561968407860e+00 7.80449176396303e-08
3.28000000000000e+00 2.01513235661851e+00 2.01513224859221e+00 1.08026299905362e-07
3.28500000000000e+00 1.99200422297419e+00 1.99200432495795e+00 1.01983759215329e-07
3.29000000000000e+00 1.96635466069771e+00 1.96635515716554e+00 4.96467832400427e-07
3.29500000000000e+00 1.93831921881869e+00 1.93832016775567e+00 9.48936982991810e-07
3.30000000000000e+00 1.90804882723512e+00 1.90805012849909e+00 1.30126397057673e-06
3.30500000000000e+00 1.87570881870805e+00 1.87571023628479e+00 1.41757673022269e-06
3.31000000000000e+00 1.84147786567814e+00 1.84147909991323e+00 1.23423508657794e-06
3.31500000000000e+00 1.80554685636956e+00 1.80554764404025e+00 7.87670690005626e-07
3.32000000000000e+00 1.76811772834610e+00 1.76811793702778e+00 2.08681683933065e-07
3.32500000000000e+00 1.72940226689099e+00 1.72940194992690e+00 3.16964084978721e-07
3.33000000000000e+00 1.68962086404441e+00 1.68962025424335e+00 6.09801062312343e-07
3.33500000000000e+00 1.64900122602139e+00 1.64900066651302e+00 5.59508368747075e-07
3.34000000000000e+00 1.60777701523556e+00 1.60777684804301e+00 1.67192557354312e-07
3.34500000000000e+00 1.56618641933249e+00 1.56618686845015e+00 4.49117657286280e-07
3.35000000000000e+00 1.52447065192302e+00 1.52447174185243e+00 1.08992941139086e-06
3.35500000000000e+00 1.48287240425330e+00 1.48287394473692e+00 1.54048361467041e-06
3.36000000000000e+00 1.44163427887307e+00 1.44163592464142e+00 1.64576834316144e-06
3.36500000000000e+00 1.40099724101446e+00 1.40099860884315e+00 1.36782869075702e-06
3.37000000000000e+00 1.36119911860924e+00 1.36119992224821e+00 8.03638977142640e-07
3.37500000000000e+00 1.32247316864900e+00 1.32247332361862e+00 1.54969617804923e-07
3.38000000000000e+00 1.28504671018213e+00 1.28504636916086e+00 3.41021274996578e-07
3.38500000000000e+00 1.24913980889520e+00 1.24913931233114e+00 4.96564058316551e-07
3.39000000000000e+00 1.21496399097484e+00 1.21496374848942e+00 2.42485416634963e-07
3.39500000000000e+00 1.18272096815387e+00 1.18272131275752e+00 3.44603650725972e-07
3.40000000000000e+00 1.15260137053561e+00 1.15260243910916e+00 1.06857354698064e-06
3.40500000000000e+00 1.12478350359677e+00 1.12478518834171e+00 1.68474493533743e-06
3.41000000000000e+00 1.09943216280840e+00 1.09943415215529e+00 1.98934689010777e-06
3.41500000000000e+00 1.07669754637649e+00 1.07669944009537e+00 1.89371887304723e-06
3.42000000000000e+00 1.05671430035425e+00 1.05671575560428e+00 1.45525002492874e-06
3.42500000000000e+00 1.03960071300348e+00 1.03960156687779e+00 8.53874309036939e-07
3.43000000000000e+00 1.02545805367542e+00 1.02545837763829e+00 3.23962868531424e-07
3.43500000000000e+00 1.01437003421252e+00 1.01437010232018e+00 6.81076615105525e-08
3.44000000000000e+00 1.00640236440686e+00 1.00640254951957e+00 1.85112702721923e-07
3.44500000000000e+00 1.00160237906510e+00 1.00160301689261e+00 6.37827510585609e-07
3.45000000000000e+00 9.99998729289049e-01 1.00000000000000e+00 1.27071095112896e-06
3.45500000000000e+00 1.00160114810640e+00 1.00160301689261e+00 1.86878620112019e-06
3.46000000000000e+00 1.00640031387150e+00 1.00640254951956e+00 2.23564806978160e-06
3.46500000000000e+00 1.01436783956990e+00 1.01437010232018e+00 2.26275027781497e-06
3.47000000000000e+00 1.02545641135371e+00 1.02545837763829e+00 1.96628457338477e-06
3.47500000000000e+00 1.03960008733658e+00 1.03960156687779e+00 1.47954121021421e-06
3.48000000000000e+00 1.05671475178819e+00 1.05671575560427e+00 1.00381608736377e-06
3.48500000000000e+00 1.07669870503331e+00 1.07669944009536e+00 7.35062056334002e-07
3.49000000000000e+00 1.09943335999448e+00 1.09943415215529e+00 7.92160808504860e-07
3.49500000000000e+00 1.12478401555937e+00 1.12478518834171e+00 1.17278233680018e-06
3.50000000000000e+00 1.15260068550575e+00 1.15260243910915e+00 1.75360340382014e-06
3.50500000000000e+00 1.18271897701902e+00 1.18272131275752e+00 2.33573850438873e-06
3.51000000000000e+00 1.21496102935881e+00 1.21496374848942e+00 2.71913060911899e-06
3.51500000000000e+00 1.24913653427699e+00 1.24913931233114e+00 2.77805415049848e-06
3.52000000000000e+00 1.28504386031825e+00 1.28504636916085e+00 2.50884259811457e-06
3.52500000000000e+00 1.32247129224534e+00 1.32247332361861e+00 2.03137327425829e-06
3.53000000000000e+00 1.36119837849476e+00 1.36119992224821e+00 1.54375344374458e-06
3.53500000000000e+00 1.40099736105266e+00 1.40099860884315e+00 1.24779048649160e-06
3.54000000000000e+00 1.44163465081091e+00 1.44163592464141e+00 1.27383049508545e-06
3.54500000000000e+00 1.48287231156881e+00 1.48287394473691e+00 1.63316809875802e-06
3.55000000000000e+00 1.52446952681620e+00 1.52447174185242e+00 2.21503622466201e-06
3.55500000000000e+00 1.56618404040820e+00 1.56618686845015e+00 2.82804194728925e-06
3.56000000000000e+00 1.60777357836506e+00 1.60777684804300e+00 3.26967794306299e-06
3.56500000000000e+00 1.64899726834003e+00 1.64900066651302e+00 3.39817298367073e-06
3.57000000000000e+00 1.68961707290602e+00 1.68962025424335e+00 3.18133732979398e-06
3.57500000000000e+00 1.72939924362193e+00 1.72940194992690e+00 2.70630496612689e-06
3.58000000000000e+00 1.76811578877414e+00 1.76811793702778e+00 2.14825364208693e-06
3.58500000000000e+00 1.80554593394564e+00 1.80554764404025e+00 1.71009460658844e-06
3.59000000000000e+00 1.84147754572718e+00 1.84147909991322e+00 1.55418604075308e-06
3.59500000000000e+00 1.87570848749932e+00 1.87571023628478e+00 1.74878546421731e-06
3.60000000000000e+00 1.90804788225405e+00 1.90805012849909e+00 2.24624504352455e-06
3.60500000000000e+00 1.93831726858894e+00 1.93832016775567e+00 2.89916672446822e-06
3.61000000000000e+00 1.96635164865370e+00 1.96635515716554e+00 3.50851183750223e-06
3.61500000000000e+00 1.99200043716143e+00 1.99200432495795e+00 3.88779652160665e-06
3.62000000000000e+00 2.01512832573160e+00 2.01513224859221e+00 3.92286061234870e-06
3.62500000000000e+00 2.03561607561876e+00 2.03561968407860e+00 3.60845983804481e-06
3.63000000000000e+00 2.05336124501911e+00 2.05336429539657e+00 3.05037745640391e-06
3.63500000000000e+00 2.06827884698622e+00 2.06828127951470e+00 2.43252848397546e-06
3.64000000000000e+00 2.08030192379983e+00 2.08030388316029e+00 1.95936046010203e-06
3.64500000000000e+00 2.08938201666815e+00 2.08938380815405e+00 1.79148590007117e-06
3.65000000000000e+00 2.09548950819214e+00 2.09549150281253e+00 1.99462038086295e-06
3.65500000000000e+00 2.09861381973344e+00 2.09861633762302e+00 2.51788957328358e-06
3.66000000000000e+00 2.09876345551793e+00 2.09876666410972e+00 3.20859179847588e-06
3.66500000000000e+00 2.09596589727873e+00 2.09596975652967e+00 3.85925094281703e-06
3.67000000000000e+00 2.09026736408230e+00 2.09027163675968e+00 4.27267738478676e-06
3.67500000000000e+00 2.08173245857027e+00 2.08173678345563e+00 4.32488536095121e-06
3.68000000000000e+00 2.07044372130686e+00 2.07044772727895e+00 4.00597209848641e-06
3.68500000000000e+00 2.05650110918083e+00 2.05650453468774e+00 3.42550690657362e-06
3.69000000000000e+00 2.04002140368277e+00 2.04002418347677e+00 2.77979399898598e-06
3.69500000000000e+00 2.02113754355244e+00 2.02113983391842e+00 2.29036598664578e-06
3.70000000000000e+00 1.99999786743661e+00 2.00000000000000e+00 2.13256338699175e-06
3.70500000000000e+00 1.97676524888522e+00 1.97676762586894e+00 2.37698371496897e-06
3.71000000000000e+00 1.95161610976397e+00 1.95161907318189e+00 2.96341792016541e-06
3.71500000000000e+00 1.92473930838142e+00 1.92474302560309e+00 3.71722166758737e-06
3.72000000000000e+00 1.89633491262824e+00 1.89633931720795e+00 4.40457970340979e-06
3.72500000000000e+00 1.86661288207882e+00 1.86661769201745e+00 4.80993863760659e-06
3.73000000000000e+00 1.83579169191225e+00 1.83579650231313e+00 4.81040088651241e-06
3.73500000000000e+00 1.80409693241651e+00 1.80410135376010e+00 4.42134359346369e-06
3.74000000000000e+00 1.77175990985096e+00 1.77176370569363e+00 3.79584267107269e-06
3.74500000000000e+00 1.73901625963647e+00 1.73901943520098e+00 3.17556451734369e-06
3.75000000000000e+00 1.70610456593039e+00 1.70610737385376e+00 2.80792337004065e-06
3.75500000000000e+00 1.67326496863424e+00 1.67326782611444e+00 2.85748019690502e-06
3.76000000000000e+00 1.64073773503054e+00 1.64074107855382e+00 3.34352327957532e-06
3.76500000000000e+00 1.60876178093820e+00 1.60876590907298e+00 4.12813478356533e-06
3.77000000000000e+00 1.57757314367883e+00 1.57757810532303e+00 4.96164420171752e-06
3.77500000000000e+00 1.54740343036192e+00 1.54740900145948e+00 5.57109756438301e-06
3.78000000000000e+00 1.51847828195752e+00 1.51848404225504e+00 5.76029752674678e-06
3.78500000000000e+00 1.49101589923224e+00 1.49102138342582e+00 5.48419357904173e-06
3.79000000000000e+00 1.46522566788369e+00 1.46523053680291e+00 4.86891921980259e-06
3.79500000000000e+00 1.44130689988735e+00 1.44131106870462e+00 4.16881727538509e-06
3.80000000000000e+00 1.41944768388100e+00 1.41945135953695e+00 3.67565594960872e-06
3.80500000000000e+00 1.39982381886949e+00 1.39982743227203e+00 3.61340254140252e-06
3.81000000000000e+00 1.38259779986334e+00 1.38260185702999e+00 4.05716665619060e-06
3.81500000000000e+00 1.36791783310491e+00 1.36792273852040e+00 4.90541549447165e-06
3.82000000000000e+00 1.35591687810879e+00 1.35592279258843e+00 5.91447963560476e-06
3.82500000000000e+00 1.34671173571691e+00 1.34671851756181e+00 6.78184490410239e-06
3.83000000000000e+00 1.34040221725569e+00 1.34040946551008e+00 7.24825439268884e-06
3.83500000000000e+00 1.33707043422623e+00 1.33707761791153e+00 7.18368530416846e-06
3.84000000000000e+00 1.33678024005595e+00 1.33678686957979e+00 6.62952383190252e-06
3.84500000000000e+00 1.33957683895682e+00 1.33958262403436e+00 5.78507753723478e-06
3.85000000000000e+00 1.34548655794609e+00 1.34549150281253e+00 4.94486643876080e-06
3.85500000000000e+00 1.35451676263390e+00 1.35452117051728e+00 4.40788338207376e-06
3.86000000000000e+00 1.36665588954195e+00 1.36666027668282e+00 4.38714086326009e-06
3.86500000000000e+00 1.38187356871309e+00 1.38187851481848e+00 4.94610538059881e-06
3.87000000000000e+00 1.40012081875119e+00 1.40012679826999e+00 5.97951880254577e-06
3.87500000000000e+00 1.42133030895479e+00 1.42133755181640e+00 7.24286161424281e-06
3.88000000000000e+00 1.44541669600557e+00 1.44542511720754e+00 8.42120197552809e-06
3.88500000000000e+00 1.47227705228564e+00 1.47228627014469e+00 9.21785905139139e-06
3.89000000000000e+00 1.50179140701261e+00 1.50180084551966e+00 9.43850705525939e-06
3.89500000000000e+00 1.53382341917358e+00 1.53383246706028e+00 9.04788670341716e-06
3.90000000000000e+00 1.56822119337134e+00 1.56822937688661e+00 8.18351526299388e-06
3.90500000000000e+00 1.60481823803647e+00 1.60482535986612e+00 7.12182964357488e-06
3.91000000000000e+00 1.64343455262905e+00 1.64344075707161e+00 6.20444255727826e-06
3.91500000000000e+00 1.68387781927608e+00 1.68388356209650e+00 5.74282042031804e-06
3.92000000000000e+00 1.72594466724283e+00 1.72595059347097e+00 5.92622814177268e-06
3.92500000000000e+00 1.76942197738352e+00 1.76942873595353e+00 6.75857001430913e-06
3.93000000000000e+00 1.81408819878434e+00 1.81409624304787e+00 8.04426352241094e-06
3.93500000000000e+00 1.85971466046100e+00 1.85972409271722e+00 9.43225622873634e-06
3.94000000000000e+00 1.90606687527074e+00 1.90607738794081e+00 1.05126700724600e-05
3.94500000000000e+00 1.95290584829038e+00 1.95291679348016e+00 1.09451897860602e-05
3.95000000000000e+00 1.99998941443106e+00 2.00000000000000e+00 1.05855689420675e-05
3.95500000000000e+00 2.04707363663417e+00 2.04708320651983e+00 9.56988566080952e-06
3.96000000000000e+00 2.09391429374729e+00 2.09392261205918e+00 8.31831188996546e-06
3.96500000000000e+00 2.14026847420534e+00 2.14027590728278e+00 7.43307743666932e-06
3.97000000000000e+00 2.18589626732786e+00 2.18590375695213e+00 7.48962426744271e-06
3.97500000000000e+00 2.23056250924610e+00 2.23057126404647e+00 8.75480037221266e-06
3.98000000000000e+00 2.27403849749068e+00 2.27404940652903e+00 1.09090383482169e-05
3.98500000000000e+00 2.31610354059361e+00 2.31611643790350e+00 1.28973098885155e-05
3.99000000000000e+00 2.35654616095392e+00 2.35655924292839e+00 1.30819744703636e-05
3.99500000000000e+00 2.39516472519359e+00 2.39517464013388e+00 9.91494028967921e-06
4.00000000000000e+00 2.43176724052422e+00 2.43177062311338e+00 3.38258916166012e-06
