variables = x, value-predict, value-true, error
0.00000000000000e+00 2.43145824446636e+00 2.43177062311339e+00 3.12378647032041e-04
5.00000000000000e-03 2.46582208342165e+00 2.46616753293972e+00 3.45449518072360e-04
1.00000000000000e-02 2.49782310446903e+00 2.49819915448034e+00 3.76050011304585e-04
1.50000000000000e-02 2.52731622220744e+00 2.52771372985530e+00 3.97507647864170e-04
2.00000000000000e-02 2.55416806684945e+00 2.55457488279246e+00 4.06815943005068e-04
2.50000000000000e-02 2.57825867894753e+00 2.57866244818360e+00 4.03769236069884e-04
3.00000000000000e-02 2.59948306090305e+00 2.59987320173000e+00 3.90140826956209e-04
3.50000000000000e-02 2.61775255284410e+00 2.61812148518152e+00 3.68932337425854e-04
4.00000000000000e-02 2.63299600580995e+00 2.63333972331718e+00 3.43717507228725e-04
4.50000000000000e-02 2.64516073171080e+00 2.64547882948272e+00 3.18097771913273e-04
5.00000000000000e-02 2.65421321688384e+00 2.65450849718747e+00 2.95280303632683e-04
5.50000000000000e-02 2.66013959381380e+00 2.66041737596564e+00 2.77782151841599e-04
6.00000000000000e-02 2.66294587326070e+00 2.66321313042021e+00 2.67257159513701e-04
6.50000000000000e-02 2.66265794617529e+00 2.66292238208847e+00 2.64435913174932e-04
7.00000000000000e-02 2.65932137095696e+00 2.65959053448992e+00 2.69163532953254e-04
7.50000000000000e-02 2.65300096647478e+00 2.65328148243819e+00 2.80515963412942e-04
8.00000000000000e-02 2.64378023459011e+00 2.64407720741157e+00 2.96972821465236e-04
8.50000000000000e-02 2.63176063758138e+00 2.63207726147960e+00 3.16623898216406e-04
9.00000000000000e-02 2.61706075590162e+00 2.61739814297001e+00 3.37387068388928e-04
9.50000000000000e-02 2.59981535025240e+00 2.60017256772797e+00 3.57217475570604e-04
1.00000000000000e-01 2.58017434929425e+00 2.58054864046305e+00 3.74291168796947e-04
1.05000000000000e-01 2.55830178077331e+00 2.55868893129538e+00 3.87150522072943e-04
1.10000000000000e-01 2.53437465981092e+00 2.53476946319709e+00 3.94803386178033e-04
1.15000000000000e-01 2.50858184396268e+00 2.50897861657418e+00 3.96772611498619e-04
1.20000000000000e-01 2.48112286076729e+00 2.48151595774496e+00 3.93096977667096e-04
1.25000000000000e-01 2.45220671017058e+00 2.45259099854052e+00 3.84288369941199e-04
1.30000000000000e-01 2.42205064164905e+00 2.42242189467697e+00 3.71253027922513e-04
1.35000000000000e-01 2.39087890420219e+00 2.39123409092702e+00 3.55186724827483e-04
1.40000000000000e-01 2.35892146667410e+00 2.35925892144618e+00 3.37454772082246e-04
1.45000000000000e-01 2.32641270606372e+00 2.32673217388556e+00 3.19467821839226e-04
1.50000000000000e-01 2.29359006247835e+00 2.29389262614624e+00 3.02563667884392e-04
1.55000000000000e-01 2.26069266101686e+00 2.26098056479902e+00 2.87903782164367e-04
1.60000000000000e-01 2.22795990294581e+00 2.22823629430637e+00 2.76391360566119e-04
1.65000000000000e-01 2.19563003084882e+00 2.19589864623990e+00 2.68615391078697e-04
1.70000000000000e-01 2.16393867478751e+00 2.16420349768687e+00 2.64822899361583e-04
1.75000000000000e-01 2.13311738873136e+00 2.13338230798255e+00 2.64919251182327e-04
1.80000000000000e-01 2.10339218844143e+00 2.10366068279205e+00 2.68494350618820e-04
1.85000000000000e-01 2.07498210351266e+00 2.07525697439691e+00 2.74870884251488e-04
1.90000000000000e-01 2.04809775731510e+00 2.04838092681811e+00 2.83169503003666e-04
1.95000000000000e-01 2.02293998908506e+00 2.02323237413107e+00 2.92385046002597e-04
2.00000000000000e-01 1.99969853240074e+00 2.00000000000000e+00 3.01467599257865e-04
2.05000000000000e-01 1.97855076376147e+00 1.97886016608158e+00 3.09402320106900e-04
2.10000000000000e-01 1.95966053403067e+00 1.95997581652323e+00 3.15282492559188e-04
2.15000000000000e-01 1.94317709417271e+00 1.94349546531226e+00 3.18371139546691e-04
2.20000000000000e-01 1.92923412510317e+00 1.92955227272105e+00 3.18147617871301e-04
2.25000000000000e-01 1.91794887967268e+00 1.91826321654437e+00 3.14336871688692e-04
2.30000000000000e-01 1.90942144291244e+00 1.90972836324032e+00 3.06920327880045e-04
2.35000000000000e-01 1.90373411477528e+00 1.90403024347033e+00 2.96128695050024e-04
2.40000000000000e-01 1.90095091778926e+00 1.90123333589028e+00 2.82418101018145e-04
2.45000000000000e-01 1.90111723037053e+00 1.90138366237698e+00 2.66432006447603e-04
2.50000000000000e-01 1.90425954507108e+00 1.90450849718747e+00 2.48952116396639e-04
2.55000000000000e-01 1.91038534980066e+00 1.91061619184595e+00 2.30842045287671e-04
2.60000000000000e-01 1.91948312908132e+00 1.91969611683971e+00 2.12987758390515e-04
2.65000000000000e-01 1.93152248166909e+00 1.93171872048530e+00 1.96238816203786e-04
2.70000000000000e-01 1.94645435040067e+00 1.94663570460343e+00 1.81354202763107e-04
2.75000000000000e-01 1.96421135986701e+00 1.96438031592140e+00 1.68956054392488e-04
2.80000000000000e-01 1.98470825744698e+00 1.98486775140779e+00 1.59493960805612e-04
2.85000000000000e-01 2.00784245330898e+00 2.00799567504205e+00 1.53221733065756e-04
2.90000000000000e-01 2.03349465515996e+00 2.03364484283446e+00 1.50187674501367e-04
2.95000000000000e-01 2.06152959373978e+00 2.06167983224433e+00 1.50238504551758e-04
3.00000000000000e-01 2.09179683527590e+00 2.09194987150091e+00 1.53036225013281e-04
3.05000000000000e-01 2.12413167728342e+00 2.12428976371522e+00 1.58086431799820e-04
3.10000000000000e-01 2.15835612418046e+00 2.15852090008677e+00 1.64775906314585e-04
3.15000000000000e-01 2.19427993915444e+00 2.19445235595975e+00 1.72416805304998e-04
3.20000000000000e-01 2.23170176854165e+00 2.23188206297222e+00 1.80294430564221e-04
3.25000000000000e-01 2.27041033465529e+00 2.27059805007310e+00 1.87715417811596e-04
3.30000000000000e-01 2.31018569251746e+00 2.31037974575665e+00 1.94053239193526e-04
3.35000000000000e-01 2.35080054532629e+00 2.35099933348698e+00 1.98788160694630e-04
3.40000000000000e-01 2.39202161274286e+00 2.39222315195700e+00 2.01539214137902e-04
3.45000000000000e-01 2.43361104524291e+00 2.43381313154985e+00 2.02086306941851e-04
3.50000000000000e-01 2.47532787688508e+00 2.47552825814758e+00 2.00381262497551e-04
3.55000000000000e-01 2.51692950794425e+00 2.51712605526309e+00 1.96547318833229e-04
3.60000000000000e-01 2.55817320799377e+00 2.55836407535859e+00 1.90867364814107e-04
3.65000000000000e-01 2.59881762924219e+00 2.59900139115685e+00 1.83761914660074e-04
3.70000000000000e-01 2.63862431928532e+00 2.63880007775179e+00 1.75758466472331e-04
3.75000000000000e-01 2.67735922196233e+00 2.67752667638138e+00 1.67454419052859e-04
3.80000000000000e-01 2.71479415473947e+00 2.71495363083915e+00 1.59476099672151e-04
3.85000000000000e-01 2.75070825100786e+00 2.75086068766886e+00 1.52436661000621e-04
3.90000000000000e-01 2.78488935588394e+00 2.78503625151058e+00 1.46895626639498e-04
3.95000000000000e-01 2.81713536453975e+00 2.81727868724248e+00 1.43322702728099e-04
4.00000000000000e-01 2.84725549275045e+00 2.84739756089084e+00 1.42068140393636e-04
4.05000000000000e-01 2.87507147020187e+00 2.87521481165829e+00 1.43341456420920e-04
4.10000000000000e-01 2.90041864811442e+00 2.90056584784471e+00 1.47199730293313e-04
4.15000000000000e-01 2.92314701386747e+00 2.92330055990464e+00 1.53546037163110e-04
4.20000000000000e-01 2.94312210650165e+00 2.94328424439572e+00 1.62137894072156e-04
4.25000000000000e-01 2.96022582818564e+00 2.96039843312221e+00 1.72604936566678e-04
4.30000000000000e-01 2.97435714791133e+00 2.97454162236171e+00 1.84474450378058e-04
4.35000000000000e-01 2.98543269478412e+00 2.98562989767982e+00 1.97202895700244e-04
4.40000000000000e-01 2.99338723926938e+00 2.99359745048043e+00 2.10211211051359e-04
4.45000000000000e-01 2.99817406161694e+00 2.99839698310739e+00 2.22921490452777e-04
4.50000000000000e-01 2.99976520739968e+00 3.00000000000000e+00 2.34792600323885e-04
4.55000000000000e-01 2.99815163066776e+00 2.99839698310739e+00 2.45352439637969e-04
4.60000000000000e-01 2.99334322564696e+00 2.99359745048043e+00 2.54224833473593e-04
4.65000000000000e-01 2.98536874821620e+00 2.98562989767982e+00 2.61149463626431e-04
4.70000000000000e-01 2.97427562861377e+00 2.97454162236171e+00 2.65993747939675e-04
4.75000000000000e-01 2.96012967697697e+00 2.96039843312221e+00 2.68756145241245e-04
4.80000000000000e-01 2.94301468345094e+00 2.94328424439572e+00 2.69560944779368e-04
4.85000000000000e-01 2.92303191474583e+00 2.92330055990464e+00 2.68645158804315e-04
4.90000000000000e-01 2.90029950920944e+00 2.90056584784471e+00 2.66338635272145e-04
4.95000000000000e-01 2.87495177274343e+00 2.87521481165829e+00 2.63038914861013e-04
5.00000000000000e-01 2.84713837824365e+00 2.84739756089084e+00 2.59182647189604e-04
5.05000000000000e-01 2.81702347170267e+00 2.81727868724248e+00 2.55215539808340e-04
5.10000000000000e-01 2.78478468867519e+00 2.78503625151058e+00 2.51562835394292e-04
5.15000000000000e-01 2.75061208546760e+00 2.75086068766886e+00 2.48602201260439e-04
5.20000000000000e-01 2.71470699015558e+00 2.71495363083915e+00 2.46640683563726e-04
5.25000000000000e-01 2.67728077933334e+00 2.67752667638138e+00 2.45897048042121e-04
5.30000000000000e-01 2.63855358732594e+00 2.63880007775179e+00 2.46490425848123e-04
5.35000000000000e-01 2.59875295541916e+00 2.59900139115685e+00 2.48435737692621e-04
5.40000000000000e-01 2.55811242944479e+00 2.55836407535859e+00 2.51645913797116e-04
5.45000000000000e-01 2.51687011477151e+00 2.51712605526309e+00 2.55940491572737e-04
5.50000000000000e-01 2.47526719836193e+00 2.47552825814758e+00 2.61059785649831e-04
5.55000000000000e-01 2.43354644804167e+00 2.43381313154985e+00 2.66683508181487e-04
5.60000000000000e-01 2.39195069946837e+00 2.39222315195700e+00 2.72452488624175e-04
5.65000000000000e-01 2.35072134147625e+00 2.35099933348698e+00 2.77992010730532e-04
5.70000000000000e-01 2.31009681050249e+00 2.31037974575665e+00 2.82935254163785e-04
5.75000000000000e-01 2.27031110467893e+00 2.27059805007310e+00 2.86945394167848e-04
5.80000000000000e-01 2.23159232790582e+00 2.23188206297222e+00 2.89735066401065e-04
5.85000000000000e-01 2.19416127382978e+00 2.19445235595975e+00 2.91082129966203e-04
5.90000000000000e-01 2.15823005914475e+00 2.15852090008677e+00 2.90840942027693e-04
5.95000000000000e-01 2.12400081504378e+00 2.12428976371522e+00 2.88948671435030e-04
6.00000000000000e-01 2.09166444499586e+00 2.09194987150091e+00 2.85426505052033e-04
6.05000000000000e-01 2.06139945632580e+00 2.06167983224433e+00 2.80375918535469e-04
6.10000000000000e-01 2.03337087236108e+00 2.03364484283446e+00 2.73970473379848e-04
6.15000000000000e-01 2.00772923119420e+00 2.00799567504205e+00 2.66443847849462e-04
6.20000000000000e-01 1.98460967640892e+00 1.98486775140779e+00 2.58074998863211e-04
6.25000000000000e-01 1.96413114444660e+00 1.96438031592140e+00 2.49171474800081e-04
6.30000000000000e-01 1.94639565265032e+00 1.94663570460343e+00 2.40051953108500e-04
6.35000000000000e-01 1.93148769142475e+00 1.93171872048530e+00 2.31029060547838e-04
6.40000000000000e-01 1.91947372338590e+00 1.91969611683971e+00 2.22393453807257e-04
6.45000000000000e-01 1.91040179184354e+00 1.91061619184595e+00 2.14400002411130e-04
6.50000000000000e-01 1.90430124045118e+00 1.90450849718747e+00 2.07256736294070e-04
6.55000000000000e-01 1.90118254536477e+00 1.90138366237698e+00 2.01117012214480e-04
6.60000000000000e-01 1.90103726075906e+00 1.90123333589028e+00 1.96075131214668e-04
6.65000000000000e-01 1.90383807805017e+00 1.90403024347033e+00 1.92165420153101e-04
6.70000000000000e-01 1.90953899865304e+00 1.90972836324032e+00 1.89364587280361e-04
6.75000000000000e-01 1.91807561955506e+00 1.91826321654437e+00 1.87596989316585e-04
6.80000000000000e-01 1.92936553040864e+00 1.92955227272105e+00 1.86742312410448e-04
6.85000000000000e-01 1.94330882023332e+00 1.94349546531226e+00 1.86645078938286e-04
6.90000000000000e-01 1.95978869117585e+00 1.95997581652323e+00 1.87125347380412e-04
6.95000000000000e-01 1.97867217611051e+00 1.97886016608158e+00 1.87989971065505e-04
7.00000000000000e-01 1.99981095618245e+00 2.00000000000000e+00 1.89043817546253e-04
7.05000000000000e-01 2.02304227371468e+00 2.02323237413106e+00 1.90100416385341e-04
7.10000000000000e-01 2.04818993522965e+00 2.04838092681811e+00 1.90991588461920e-04
7.15000000000000e-01 2.07506539869177e+00 2.07525697439691e+00 1.91575705145386e-04
7.20000000000000e-01 2.10346893847024e+00 2.10366068279205e+00 1.91744321808240e-04
7.25000000000000e-01 2.13319088096338e+00 2.13338230798255e+00 1.91427019165413e-04
7.30000000000000e-01 2.16401290332331e+00 2.16420349768687e+00 1.90594363559171e-04
7.35000000000000e-01 2.19570938727852e+00 2.19589864623990e+00 1.89258961384109e-04
7.40000000000000e-01 2.22804881967261e+00 2.22823629430637e+00 1.87474633763784e-04
7.45000000000000e-01 2.26079523102009e+00 2.26098056479902e+00 1.85333778933039e-04
7.50000000000000e-01 2.29370966312098e+00 2.29389262614624e+00 1.82963025260996e-04
7.55000000000000e-01 2.32655165657210e+00 2.32673217388556e+00 1.80517313465689e-04
7.60000000000000e-01 2.35908074886044e+00 2.35925892144618e+00 1.78172585740377e-04
7.65000000000000e-01 2.39105797362124e+00 2.39123409092702e+00 1.76117305782153e-04
7.70000000000000e-01 2.42224735158895e+00 2.42242189467697e+00 1.74543088022006e-04
7.75000000000000e-01 2.45241736376685e+00 2.45259099854052e+00 1.73634773671605e-04
7.80000000000000e-01 2.48134239739181e+00 2.48151595774496e+00 1.73560353147639e-04
7.85000000000000e-01 2.50880415538489e+00 2.50897861657418e+00 1.74461189290209e-04
7.90000000000000e-01 2.53459302015802e+00 2.53476946319709e+00 1.76443039075824e-04
7.95000000000000e-01 2.55850936290397e+00 2.55868893129538e+00 1.79568391403873e-04
8.00000000000000e-01 2.58036478983340e+00 2.58054864046305e+00 1.83850629645210e-04
8.05000000000000e-01 2.59998331724490e+00 2.60017256772797e+00 1.89250483075831e-04
8.10000000000000e-01 2.61720246782187e+00 2.61739814297001e+00 1.95675148137120e-04
8.15000000000000e-01 2.63187428113985e+00 2.63207726147960e+00 2.02980339746972e-04
8.20000000000000e-01 2.64386623203360e+00 2.64407720741157e+00 2.10975377977096e-04
8.25000000000000e-01 2.65306205120265e+00 2.65328148243819e+00 2.19431235534806e-04
8.30000000000000e-01 2.65936244321365e+00 2.65959053448992e+00 2.28091276268660e-04
8.35000000000000e-01 2.66268569786883e+00 2.66292238208847e+00 2.36684219636629e-04
8.40000000000000e-01 2.66296819173597e+00 2.66321313042021e+00 2.44938684239582e-04
8.45000000000000e-01 2.66016477745567e+00 2.66041737596564e+00 2.52598509966173e-04
8.50000000000000e-01 2.65424905923901e+00 2.65450849718747e+00 2.59437948460839e-04
8.55000000000000e-01 2.64521355372882e+00 2.64547882948272e+00 2.65275753891014e-04
8.60000000000000e-01 2.63306973610559e+00 2.63333972331718e+00 2.69987211597655e-04
8.65000000000000e-01 2.61784797196880e+00 2.61812148518153e+00 2.73513212721621e-04
8.70000000000000e-01 2.59959733611110e+00 2.59987320173000e+00 2.75865618906579e-04
8.75000000000000e-01 2.57838531982586e+00 2.57866244818360e+00 2.77128357738299e-04
8.80000000000000e-01 2.55429742885593e+00 2.55457488279246e+00 2.77453936523120e-04
8.85000000000000e-01 2.52743667450934e+00 2.52771372985530e+00 2.77055345964783e-04
8.90000000000000e-01 2.49792296085044e+00 2.49819915448034e+00 2.76193629892951e-04
8.95000000000000e-01 2.46589237123771e+00 2.46616753293972e+00 2.75161702013804e-04
9.00000000000000e-01 2.43149635783667e+00 2.43177062311339e+00 2.74265276715369e-04
9.05000000000000e-01 2.39490083810801e+00 2.39517464013388e+00 2.73802025873238e-04
9.10000000000000e-01 2.35628520266865e+00 2.35655924292839e+00 2.74040259736541e-04
9.15000000000000e-01 2.31584123936416e+00 2.31611643790350e+00 2.75198539333665e-04
9.20000000000000e-01 2.27377197888020e+00 2.27404940652903e+00 2.77427648826656e-04
9.25000000000000e-01 2.23029046776641e+00 2.23057126404647e+00 2.80796280057505e-04
9.30000000000000e-01 2.18561847534414e+00 2.18590375695213e+00 2.85281607985244e-04
9.35000000000000e-01 2.13998514161336e+00 2.14027590728277e+00 2.90765669411996e-04
9.40000000000000e-01 2.09362557394888e+00 2.09392261205918e+00 2.97038110300019e-04
9.45000000000000e-01 2.04677940106097e+00 2.04708320651983e+00 3.03805458859330e-04
9.50000000000000e-01 1.99968929336288e+00 2.00000000000000e+00 3.10706637121738e-04
9.55000000000000e-01 1.95259945950890e+00 1.95291679348017e+00 3.17333971269429e-04
9.60000000000000e-01 1.90575412940565e+00 1.90607738794082e+00 3.23258535169568e-04
9.65000000000000e-01 1.85939603442546e+00 1.85972409271723e+00 3.28058291770850e-04
9.70000000000000e-01 1.81376489583043e+00 1.81409624304787e+00 3.31347217435551e-04
9.75000000000000e-01 1.76909593252610e+00 1.76942873595353e+00 3.32803427428807e-04
9.80000000000000e-01 1.72561839918182e+00 1.72595059347097e+00 3.32194289152987e-04
9.85000000000000e-01 1.68355416547622e+00 1.68388356209650e+00 3.29396620279754e-04
9.90000000000000e-01 1.64311634674742e+00 1.64344075707161e+00 3.24410324195057e-04
9.95000000000000e-01 1.60450799566362e+00 1.60482535986612e+00 3.17364202494730e-04
1.00000000000000e+00 1.56792086370500e+00 1.56822937688661e+00 3.08513181610515e-04
1.00500000000000e+00 1.53353424029155e+00 1.53383246706028e+00 2.98226768728149e-04
1.01000000000000e+00 1.50151387635053e+00 1.50180084551966e+00 2.86969169138729e-04
1.01500000000000e+00 1.47201099803288e+00 1.47228627014470e+00 2.75272111818659e-04
1.02000000000000e+00 1.44516141521172e+00 1.44542511720755e+00 2.63701995822485e-04
1.02500000000000e+00 1.42108472837374e+00 1.42133755181640e+00 2.52823442664418e-04
1.03000000000000e+00 1.39988363658788e+00 1.40012679827000e+00 2.43161682120130e-04
1.03500000000000e+00 1.38164334843954e+00 1.38187851481848e+00 2.35166378934837e-04
1.04000000000000e+00 1.36643109717598e+00 1.36666027668282e+00 2.29179506838983e-04
1.04500000000000e+00 1.35429576083057e+00 1.35452117051728e+00 2.25409686711364e-04
1.05000000000000e+00 1.34526758777808e+00 1.34549150281253e+00 2.23915034442301e-04
1.05500000000000e+00 1.33935802800420e+00 1.33958262403436e+00 2.24596030157898e-04
1.06000000000000e+00 1.33655967032209e+00 1.33678686957979e+00 2.27199257694988e-04
1.06500000000000e+00 1.33684628579810e+00 1.33707761791153e+00 2.31332113437288e-04
1.07000000000000e+00 1.34017297771145e+00 1.34040946551008e+00 2.36487798632501e-04
1.07500000000000e+00 1.34647643841741e+00 1.34671851756181e+00 2.42079144399332e-04
1.08000000000000e+00 1.35567531345844e+00 1.35592279258843e+00 2.47479129985573e-04
1.08500000000000e+00 1.36767067312453e+00 1.36792273852040e+00 2.52065395866197e-04
1.09000000000000e+00 1.38234659136047e+00 1.38260185702999e+00 2.55265669521609e-04
1.09500000000000e+00 1.39957083142386e+00 1.39982743227203e+00 2.56600848166366e-04
1.10000000000000e+00 1.41919563699570e+00 1.41945135953695e+00 2.55722541254721e-04
1.10500000000000e+00 1.44105862653462e+00 1.44131106870462e+00 2.52442170004752e-04
1.11000000000000e+00 1.46498378756204e+00 1.46523053680291e+00 2.46749240863542e-04
1.11500000000000e+00 1.49078256630181e+00 1.49102138342582e+00 2.38817124013746e-04
1.12000000000000e+00 1.51825504672183e+00 1.51848404225504e+00 2.28995533206655e-04
1.12500000000000e+00 1.54719121160064e+00 1.54740900145948e+00 2.17789858836026e-04
1.13000000000000e+00 1.57737227683593e+00 1.57757810532303e+00 2.05828487098936e-04
1.13500000000000e+00 1.60857208890391e+00 1.60876590907298e+00 1.93820169074987e-04
1.14000000000000e+00 1.64055857423925e+00 1.64074107855382e+00 1.82504314570675e-04
1.14500000000000e+00 1.67309522840532e+00 1.67326782611444e+00 1.72597709114930e-04
1.15000000000000e+00 1.70594263231843e+00 1.70610737385376e+00 1.64741535329860e-04
1.15500000000000e+00 1.73885998251848e+00 1.73901943520098e+00 1.59452682496841e-04
1.16000000000000e+00 1.77160662256110e+00 1.77176370569363e+00 1.57083132527047e-04
1.16500000000000e+00 1.80394356304054e+00 1.80410135376010e+00 1.57790719556461e-04
1.17000000000000e+00 1.83563497851203e+00 1.83579650231313e+00 1.61523801095687e-04
1.17500000000000e+00 1.86644967062113e+00 1.86661769201745e+00 1.68021396328433e-04
1.18000000000000e+00 1.89616248799646e+00 1.89633931720795e+00 1.76829211488316e-04
1.18500000000000e+00 1.92455569484300e+00 1.92474302560309e+00 1.87330760085258e-04
1.19000000000000e+00 1.95142028159082e+00 1.95161907318189e+00 1.98791591070835e-04
1.19500000000000e+00 1.97655721231920e+00 1.97676762586894e+00 2.10413549732280e-04
1.20000000000000e+00 1.99977860489396e+00 2.00000000000000e+00 2.21395106044131e-04
1.20500000000000e+00 2.02090884074985e+00 2.02113983391842e+00 2.30993168572002e-04
1.21000000000000e+00 2.03978560195477e+00 2.04002418347677e+00 2.38581521997183e-04
1.21500000000000e+00 2.05626083356817e+00 2.05650453468774e+00 2.43701119567064e-04
1.22000000000000e+00 2.07020162933793e+00 2.07044772727895e+00 2.46097941020818e-04
1.22500000000000e+00 2.08149103848076e+00 2.08173678345563e+00 2.45744974869400e-04
1.23000000000000e+00 2.09002879070815e+00 2.09027163675968e+00 2.42846051532464e-04
1.23500000000000e+00 2.09573193586202e+00 2.09596975652967e+00 2.37820667648325e-04
1.24000000000000e+00 2.09853539361281e+00 2.09876666410972e+00 2.31270496910074e-04
1.24500000000000e+00 2.09839240776280e+00 2.09861633762302e+00 2.23929860219574e-04
1.25000000000000e+00 2.09527489891961e+00 2.09549150281253e+00 2.16603892920997e-04
1.25500000000000e+00 2.08917370878642e+00 2.08938380815405e+00 2.10099367636829e-04
1.26000000000000e+00 2.08009872918023e+00 2.08030388316029e+00 2.05153980061379e-04
1.26500000000000e+00 2.06807890923099e+00 2.06828127951470e+00 2.02370283717723e-04
1.27000000000000e+00 2.05316213509869e+00 2.05336429539657e+00 2.02160297882337e-04
1.27500000000000e+00 2.03541497799036e+00 2.03561968407860e+00 2.04706088233308e-04
1.28000000000000e+00 2.01492230822964e+00 2.01513224859221e+00 2.09940362569938e-04
1.28500000000000e+00 1.99178677554166e+00 1.99200432495795e+00 2.17549416293261e-04
1.29000000000000e+00 1.96612815842276e+00 1.96635515716554e+00 2.26998742783868e-04
1.29500000000000e+00 1.93808258828333e+00 1.93832016775567e+00 2.37579472338156e-04
1.30000000000000e+00 1.90780165677007e+00 1.90805012849909e+00 2.48471729019650e-04
1.30500000000000e+00 1.87545141706832e+00 1.87571023628478e+00 2.58819216460759e-04
1.31000000000000e+00 1.84121129184957e+00 1.84147909991323e+00 2.67808063657338e-04
1.31500000000000e+00 1.80527290169740e+00 1.80554764404025e+00 2.74742342857515e-04
1.32000000000000e+00 1.76783882821448e+00 1.76811793702778e+00 2.79108813304063e-04
1.32500000000000e+00 1.72912132555914e+00 1.72940194992690e+00 2.80624367763327e-04
1.33000000000000e+00 1.68934099294842e+00 1.68962025424335e+00 2.79261294923394e-04
1.33500000000000e+00 1.64872541884633e+00 1.64900066651302e+00 2.75247666686518e-04
1.34000000000000e+00 1.60750780535335e+00 1.60777684804300e+00 2.69042689652776e-04
1.34500000000000e+00 1.56592557899904e+00 1.56618686845015e+00 2.61289451113589e-04
1.35000000000000e+00 1.52421899199984e+00 1.52447174185242e+00 2.52749852581946e-04
1.35500000000000e+00 1.48262971634855e+00 1.48287394473691e+00 2.44228388365908e-04
1.36000000000000e+00 1.44139943206358e+00 1.44163592464141e+00 2.36492577831982e-04
1.36500000000000e+00 1.40076841067865e+00 1.40099860884315e+00 2.30198164502760e-04
1.37000000000000e+00 1.36097409562813e+00 1.36119992224821e+00 2.25826620081859e-04
1.37500000000000e+00 1.32224968251026e+00 1.32247332361862e+00 2.23641108357597e-04
1.38000000000000e+00 1.28482270412120e+00 1.28504636916085e+00 2.23665039656540e-04
1.38500000000000e+00 1.24891362741135e+00 1.24913931233114e+00 2.25684919794800e-04
1.39000000000000e+00 1.21473447183946e+00 1.21496374848942e+00 2.29276649957422e-04
1.39500000000000e+00 1.18248746070699e+00 1.18272131275752e+00 2.33852050536276e-04
1.40000000000000e+00 1.15236371868947e+00 1.15260243910916e+00 2.38720419691196e-04
1.40500000000000e+00 1.12454202975074e+00 1.12478518834171e+00 2.43158590961023e-04
1.41000000000000e+00 1.09918766981410e+00 1.09943415215529e+00 2.46482341187182e-04
1.41500000000000e+00 1.07645132794917e+00 1.07669944009536e+00 2.48112146189472e-04
1.42000000000000e+00 1.05646812847486e+00 1.05671575560428e+00 2.47627129412953e-04
1.42500000000000e+00 1.03935676441008e+00 1.03960156687779e+00 2.44802467707528e-04
1.43000000000000e+00 1.02521875031171e+00 1.02545837763829e+00 2.39627326580338e-04
1.43500000000000e+00 1.01413779993394e+00 1.01437010232018e+00 2.32302386239613e-04
1.44000000000000e+00 1.00617933153767e+00 1.00640254951957e+00 2.23217981894175e-04
1.44500000000000e+00 1.00139010126575e+00 1.00160301689261e+00 2.12915626857102e-04
1.45000000000000e+00 9.99797962932185e-01 1.00000000000000e+00 2.02037067815297e-04
1.45500000000000e+00 1.00141175095705e+00 1.00160301689261e+00 1.91265935560736e-04
1.46000000000000e+00 1.00622128206342e+00 1.00640254951957e+00 1.81267456146550e-04
1.46500000000000e+00 1.01419747074072e+00 1.01437010232018e+00 1.72631579461457e-04
1.47000000000000e+00 1.02529255332256e+00 1.02545837763829e+00 1.65824315724539e-04
1.47500000000000e+00 1.03944041574983e+00 1.03960156687779e+00 1.61151127963555e-04
1.48000000000000e+00 1.05655702058418e+00 1.05671575560428e+00 1.58735020095335e-04
1.48500000000000e+00 1.07654092949057e+00 1.07669944009536e+00 1.58510604792328e-04
1.49000000000000e+00 1.09927391810170e+00 1.09943415215529e+00 1.60234053586894e-04
1.49500000000000e+00 1.12462168080435e+00 1.12478518834171e+00 1.63507537354057e-04
1.50000000000000e+00 1.15243462345672e+00 1.15260243910916e+00 1.67815652433845e-04
1.50500000000000e+00 1.18254874228527e+00 1.18272131275752e+00 1.72570472249278e-04
1.51000000000000e+00 1.21478658717410e+00 1.21496374848942e+00 1.77161315317198e-04
1.51500000000000e+00 1.24895830722989e+00 1.24913931233114e+00 1.81005101255183e-04
1.52000000000000e+00 1.28486277588479e+00 1.28504636916085e+00 1.83593276058991e-04
1.52500000000000e+00 1.32228879191918e+00 1.32247332361862e+00 1.84531699438217e-04
1.53000000000000e+00 1.36101635169143e+00 1.36119992224821e+00 1.83570556783863e-04
1.53500000000000e+00 1.40081798661944e+00 1.40099860884315e+00 1.80622223713733e-04
1.54000000000000e+00 1.44146015864077e+00 1.44163592464141e+00 1.75766000641842e-04
1.54500000000000e+00 1.48270470506610e+00 1.48287394473691e+00 1.69239670809285e-04
1.55000000000000e+00 1.52431032301219e+00 1.52447174185242e+00 1.61418840236793e-04
1.55500000000000e+00 1.56603408253089e+00 1.56618686845015e+00 1.52785919255605e-04
1.56000000000000e+00 1.60763295670153e+00 1.60777684804300e+00 1.43891341473967e-04
1.56500000000000e+00 1.64886535637530e+00 1.64900066651302e+00 1.35310137719946e-04
1.57000000000000e+00 1.68949265698443e+00 1.68962025424335e+00 1.27597258921419e-04
1.57500000000000e+00 1.72928070486704e+00 1.72940194992690e+00 1.21245059864217e-04
1.58000000000000e+00 1.76800129090655e+00 1.76811793702778e+00 1.16646121232300e-04
1.58500000000000e+00 1.80543357991678e+00 1.80554764404025e+00 1.14064123468038e-04
1.59000000000000e+00 1.84136548507989e+00 1.84147909991323e+00 1.13614833333608e-04
1.59500000000000e+00 1.87559497781152e+00 1.87571023628478e+00 1.15258473259772e-04
1.60000000000000e+00 1.90793132462282e+00 1.90805012849909e+00 1.18803876268059e-04
1.60500000000000e+00 1.93819624380703e+00 1.93832016775567e+00 1.23923948643245e-04
1.61000000000000e+00 1.96622497603210e+00 1.96635515716554e+00 1.30181133444429e-04
1.61500000000000e+00 1.99186726410919e+00 1.99200432495795e+00 1.37060848761639e-04
1.62000000000000e+00 2.01498823827780e+00 2.01513224859221e+00 1.44010314417020e-04
1.62500000000000e+00 2.03546920426019e+00 2.03561968407860e+00 1.50479818404659e-04
1.63000000000000e+00 2.05320833206487e+00 2.05336429539657e+00 1.55963331695208e-04
1.63500000000000e+00 2.06812124405049e+00 2.06828127951470e+00 1.60035464212616e-04
1.64000000000000e+00 2.08014150110273e+00 2.08030388316029e+00 1.62382057562027e-04
1.64500000000000e+00 2.08922098594733e+00 2.08938380815405e+00 1.62822206719593e-04
1.65000000000000e+00 2.09533018265686e+00 2.09549150281253e+00 1.61320155665834e-04
1.65500000000000e+00 2.09845835135012e+00 2.09861633762302e+00 1.57986272900423e-04
1.66000000000000e+00 2.09861359698344e+00 2.09876666410972e+00 1.53067126281492e-04
1.66500000000000e+00 2.09582283104664e+00 2.09596975652967e+00 1.46925483031968e-04
1.67000000000000e+00 2.09013162495789e+00 2.09027163675968e+00 1.40011801788020e-04
1.67500000000000e+00 2.08160395405008e+00 2.08173678345563e+00 1.32829405552037e-04
1.68000000000000e+00 2.07032183129742e+00 2.07044772727895e+00 1.25895981530899e-04
1.68500000000000e+00 2.05638483037458e+00 2.05650453468774e+00 1.19704313158220e-04
1.69000000000000e+00 2.03990949828513e+00 2.04002418347677e+00 1.14685191634045e-04
1.69500000000000e+00 2.02102865864196e+00 2.02113983391842e+00 1.11175276456876e-04
1.70000000000000e+00 1.99989060771035e+00 2.00000000000000e+00 1.09392289650900e-04
1.70500000000000e+00 1.97665820650310e+00 1.97676762586893e+00 1.09419365832197e-04
1.71000000000000e+00 1.95150787349965e+00 1.95161907318189e+00 1.11199682247376e-04
1.71500000000000e+00 1.92462848389061e+00 1.92474302560309e+00 1.14541712479710e-04
1.72000000000000e+00 1.89622018256399e+00 1.89633931720795e+00 1.19134643959296e-04
1.72500000000000e+00 1.86649311928389e+00 1.86661769201745e+00 1.24572733562589e-04
1.73000000000000e+00 1.83566611560660e+00 1.83579650231313e+00 1.30386706526986e-04
1.73500000000000e+00 1.80396527397919e+00 1.80410135376010e+00 1.36079780914233e-04
1.74000000000000e+00 1.77162254013009e+00 1.77176370569363e+00 1.41165563538381e-04
1.74500000000000e+00 1.73887423026386e+00 1.73901943520098e+00 1.45204937125332e-04
1.75000000000000e+00 1.70595953470278e+00 1.70610737385376e+00 1.47839150988149e-04
1.75500000000000e+00 1.67311900948398e+00 1.67326782611444e+00 1.48816630458848e-04
1.76000000000000e+00 1.64059306704577e+00 1.64074107855382e+00 1.48011508052548e-04
1.76500000000000e+00 1.60862047655819e+00 1.60876590907298e+00 1.45432514786492e-04
1.77000000000000e+00 1.57743688371971e+00 1.57757810532303e+00 1.41221603312980e-04
1.77500000000000e+00 1.54727335900910e+00 1.54740900145948e+00 1.35642450381335e-04
1.78000000000000e+00 1.51835498250787e+00 1.51848404225504e+00 1.29059747167704e-04
1.78500000000000e+00 1.49089947255046e+00 1.49102138342582e+00 1.21910875362286e-04
1.79000000000000e+00 1.46511586466740e+00 1.46523053680291e+00 1.14672135506755e-04
1.79500000000000e+00 1.44120324660379e+00 1.44131106870462e+00 1.07822100836374e-04
1.80000000000000e+00 1.41934955465144e+00 1.41945135953695e+00 1.01804885513923e-04
1.80500000000000e+00 1.39973043614563e+00 1.39982743227203e+00 9.69961263979080e-05
1.81000000000000e+00 1.38250818275002e+00 1.38260185702999e+00 9.36742799682033e-05
1.81500000000000e+00 1.36783073907475e+00 1.36792273852040e+00 9.19994456543005e-05
1.82000000000000e+00 1.35583079121971e+00 1.35592279258843e+00 9.20013687106813e-05
1.82500000000000e+00 1.34662493997236e+00 1.34671851756181e+00 9.35775894563839e-05
1.83000000000000e+00 1.34031296357167e+00 1.34040946551008e+00 9.65019384124854e-05
1.83500000000000e+00 1.33697717512828e+00 1.33707761791153e+00 1.00442783249610e-04
1.84000000000000e+00 1.33668187990849e+00 1.33678686957979e+00 1.04989671293687e-04
1.84500000000000e+00 1.33947293769615e+00 1.33958262403436e+00 1.09686338215731e-04
1.85000000000000e+00 1.34537743528987e+00 1.34549150281253e+00 1.14067522653416e-04
1.85500000000000e+00 1.35440347383422e+00 1.35452117051728e+00 1.17696683060275e-04
1.86000000000000e+00 1.36654007509221e+00 1.36666027668282e+00 1.20201590606994e-04
1.86500000000000e+00 1.38175720993107e+00 1.38187851481848e+00 1.21304887407581e-04
1.87000000000000e+00 1.40000595121594e+00 1.40012679827000e+00 1.20847054056350e-04
1.87500000000000e+00 1.42121875201242e+00 1.42133755181640e+00 1.18799803987102e-04
1.88000000000000e+00 1.44530984853121e+00 1.44542511720755e+00 1.15268676334823e-04
1.88500000000000e+00 1.47217578566667e+00 1.47228627014470e+00 1.10484478030859e-04
1.89000000000000e+00 1.50169606136055e+00 1.50180084551967e+00 1.04784159117077e-04
1.89500000000000e+00 1.53373388444550e+00 1.53383246706028e+00 9.85826147772428e-05
1.90000000000000e+00 1.56813703917487e+00 1.56822937688661e+00 9.23377117418855e-05
1.90500000000000e+00 1.60473884840514e+00 1.60482535986612e+00 8.65114609716056e-05
1.91000000000000e+00 1.64335922643167e+00 1.64344075707161e+00 8.15306399404303e-05
1.91500000000000e+00 1.68380581183207e+00 1.68388356209650e+00 7.77502644320194e-05
1.92000000000000e+00 1.72587517036728e+00 1.72595059347097e+00 7.54231036856901e-05
1.92500000000000e+00 1.76935405801815e+00 1.76942873595353e+00 7.46779353797411e-05
1.93000000000000e+00 1.81402073456057e+00 1.81409624304787e+00 7.55084872980927e-05
1.93500000000000e+00 1.85964631864179e+00 1.85972409271723e+00 7.77740754358547e-05
1.94000000000000e+00 1.90599617603210e+00 1.90607738794082e+00 8.12119087194585e-05
1.94500000000000e+00 1.95283133349558e+00 1.95291679348017e+00 8.54599845858672e-05
1.95000000000000e+00 1.99990991145335e+00 2.00000000000000e+00 9.00885466466050e-05
1.95500000000000e+00 2.04698856921314e+00 2.04708320651983e+00 9.46373066956774e-05
1.96000000000000e+00 2.09382395693786e+00 2.09392261205918e+00 9.86551213157938e-05
1.96500000000000e+00 2.14017416867435e+00 2.14027590728277e+00 1.01738608424995e-04
1.97000000000000e+00 2.18580019064334e+00 2.18590375695213e+00 1.03566308784497e-04
1.97500000000000e+00 2.23046733861767e+00 2.23057126404646e+00 1.03925428791563e-04
1.98000000000000e+00 2.27394667762894e+00 2.27404940652903e+00 1.02728900082116e-04
1.98500000000000e+00 2.31601641651534e+00 2.31611643790350e+00 1.00021388163452e-04
1.99000000000000e+00 2.35646326903882e+00 2.35655924292839e+00 9.59738895658369e-05
1.99500000000000e+00 2.39508377255723e+00 2.39517464013388e+00 9.08675766511102e-05
2.00000000000000e+00 2.43168555462708e+00 2.43177062311339e+00 8.50684863076268e-05
2.00500000000000e+00 2.46608853752169e+00 2.46616753293972e+00 7.89954180300256e-05
2.01000000000000e+00 2.49812607053862e+00 2.49819915448034e+00 7.30839417184548e-05
2.01500000000000e+00 2.52764598017990e+00 2.52771372985530e+00 6.77496754031282e-05
2.02000000000000e+00 2.55451152882848e+00 2.55457488279245e+00 6.33539639687264e-05
2.02500000000000e+00 2.57860227339639e+00 2.57866244818359e+00 6.01747872086555e-05
2.03000000000000e+00 2.59981481654241e+00 2.59987320173000e+00 5.83851875943786e-05
2.03500000000000e+00 2.61806344438626e+00 2.61812148518152e+00 5.80407952681661e-05
2.04000000000000e+00 2.63328064610624e+00 2.63333972331718e+00 5.90772109396731e-05
2.04500000000000e+00 2.64541751231885e+00 2.64547882948272e+00 6.13171638619292e-05
2.05000000000000e+00 2.65444401062160e+00 2.65450849718747e+00 6.44865658689930e-05
2.05500000000000e+00 2.66034913806742e+00 2.66041737596564e+00 6.82378982199694e-05
2.06000000000000e+00 2.66314095157369e+00 2.66321313042021e+00 7.21788465241069e-05
2.06500000000000e+00 2.66284647831627e+00 2.66292238208847e+00 7.59037721929090e-05
2.07000000000000e+00 2.65951150899941e+00 2.65959053448992e+00 7.90254905083110e-05
2.07500000000000e+00 2.65320027752722e+00 2.65328148243819e+00 8.12049109644164e-05
2.08000000000000e+00 2.64399503104834e+00 2.64407720741157e+00 8.21763632337102e-05
2.08500000000000e+00 2.63199549463036e+00 2.63207726147960e+00 8.17668492434365e-05
2.09000000000000e+00 2.61731823498411e+00 2.61739814297001e+00 7.99079858979646e-05
2.09500000000000e+00 2.60009592774058e+00 2.60017256772797e+00 7.66399873883827e-05
2.10000000000000e+00 2.58047653282822e+00 2.58054864046305e+00 7.21076348324523e-05
2.10500000000000e+00 2.55862238254457e+00 2.55868893129538e+00 6.65487508135776e-05
2.11000000000000e+00 2.53470918699703e+00 2.53476946319710e+00 6.02762000703194e-05
2.11500000000000e+00 2.50892496172805e+00 2.50897861657418e+00 5.36548461314013e-05
2.12000000000000e+00 2.48146888255810e+00 2.48151595774496e+00 4.70751868584252e-05
2.12500000000000e+00 2.45255007298215e+00 2.45259099854052e+00 4.09255583697643e-05
2.13000000000000e+00 2.42238632984333e+00 2.42242189467697e+00 3.55648336447523e-05
2.13500000000000e+00 2.39120279347190e+00 2.39123409092702e+00 3.12974551155420e-05
2.14000000000000e+00 2.35923056900527e+00 2.35925892144618e+00 2.83524409070424e-05
2.14500000000000e+00 2.32670530617661e+00 2.32673217388556e+00 2.68677089536595e-05
2.15000000000000e+00 2.29386574545260e+00 2.29389262614624e+00 2.68806936429833e-05
2.15500000000000e+00 2.26095223898979e+00 2.26098056479902e+00 2.83258092346195e-05
2.16000000000000e+00 2.22820525543791e+00 2.22823629430637e+00 3.10388684652274e-05
2.16500000000000e+00 2.19586387811998e+00 2.19589864623990e+00 3.47681199222016e-05
2.17000000000000e+00 2.16416430653843e+00 2.16420349768687e+00 3.91911484398655e-05
2.17500000000000e+00 2.13333837146874e+00 2.13338230798255e+00 4.39365138018566e-05
2.18000000000000e+00 2.10361207408790e+00 2.10366068279205e+00 4.86087041524641e-05
2.18500000000000e+00 2.07520415962616e+00 2.07525697439691e+00 5.28147707568039e-05
2.19000000000000e+00 2.04832473591693e+00 2.04838092681811e+00 5.61909011791428e-05
2.19500000000000e+00 2.02317394694349e+00 2.02323237413107e+00 5.84271875792020e-05
2.20000000000000e+00 1.99994071104475e+00 2.00000000000000e+00 5.92889552475384e-05
2.20500000000000e+00 1.97880153285186e+00 1.97886016608158e+00 5.86332297198844e-05
2.21000000000000e+00 1.95991939729708e+00 1.95997581652323e+00 5.64192261542917e-05
2.21500000000000e+00 1.94344275318774e+00 1.94349546531226e+00 5.27121245248452e-05
2.22000000000000e+00 1.92950459289520e+00 1.92955227272105e+00 4.76798258455258e-05
2.22500000000000e+00 1.91822163370393e+00 1.91826321654437e+00 4.15828404418672e-05
2.23000000000000e+00 1.90969360532932e+00 1.90972836324032e+00 3.47579109953866e-05
2.23500000000000e+00 1.90400264708011e+00 1.90403024347033e+00 2.75963902145460e-05
2.24000000000000e+00 1.90121281714182e+00 1.90123333589028e+00 2.05187484529912e-05
2.24500000000000e+00 1.90136971552136e+00 1.90138366237698e+00 1.39468556190625e-05
2.25000000000000e+00 1.90450022134207e+00 1.90450849718747e+00 8.27584540585846e-06
2.25500000000000e+00 1.91061234442967e+00 1.91061619184595e+00 3.84741627912355e-06
2.26000000000000e+00 1.91969519049191e+00 1.91969611683971e+00 9.26347802021610e-07
2.26500000000000e+00 1.93171903866852e+00 1.93171872048530e+00 3.18183223102508e-07
2.27000000000000e+00 1.94663552980703e+00 1.94663570460343e+00 1.74796395580046e-07
2.27500000000000e+00 1.96437796348908e+00 1.96438031592140e+00 2.35243232182825e-06
2.28000000000000e+00 1.98486170157076e+00 1.98486775140779e+00 6.04983702556794e-06
2.28500000000000e+00 2.00798467578494e+00 2.00799567504205e+00 1.09992571122319e-05
2.29000000000000e+00 2.03362799675437e+00 2.03364484283446e+00 1.68460800895609e-05
2.29500000000000e+00 2.06165666155543e+00 2.06167983224433e+00 2.31706888995653e-05
2.30000000000000e+00 2.09192035672472e+00 2.09194987150091e+00 2.95147761946168e-05
2.30500000000000e+00 2.12425435329316e+00 2.12428976371522e+00 3.54104220514628e-05
2.31000000000000e+00 2.15848049004598e+00 2.15852090008677e+00 4.04100407931374e-05
2.31500000000000e+00 2.19440824073063e+00 2.19445235595975e+00 4.41152291106306e-05
2.32000000000000e+00 2.23183586036729e+00 2.23188206297221e+00 4.62026049214970e-05
2.32500000000000e+00 2.27055160516070e+00 2.27059805007310e+00 4.64449123960264e-05
2.33000000000000e+00 2.31033501978460e+00 2.31037974575665e+00 4.47259720486315e-05
2.33500000000000e+00 2.35095828503067e+00 2.35099933348698e+00 4.10484563122537e-05
2.34000000000000e+00 2.39218761801190e+00 2.39222315195699e+00 3.55339450930359e-05
2.34500000000000e+00 2.43378471632009e+00 2.43381313154985e+00 2.84152297567175e-05
2.35000000000000e+00 2.47550823679287e+00 2.47552825814758e+00 2.00213547052464e-05
2.35500000000000e+00 2.51711529888772e+00 2.51712605526309e+00 1.07563753632967e-05
2.36000000000000e+00 2.55836300212006e+00 2.55836407535858e+00 1.07323851983310e-06
2.36500000000000e+00 2.59900994663377e+00 2.59900139115685e+00 8.55547692202308e-06
2.37000000000000e+00 2.63881774575710e+00 2.63880007775179e+00 1.76680053081135e-05
2.37500000000000e+00 2.67755251937213e+00 2.67752667638138e+00 2.58429907527002e-05
2.38000000000000e+00 2.71498635709657e+00 2.71495363083914e+00 3.27262574266740e-05
2.38500000000000e+00 2.75089874063953e+00 2.75086068766886e+00 3.80529706784927e-05
2.39000000000000e+00 2.78507791523386e+00 2.78503625151058e+00 4.16637232825146e-05
2.39500000000000e+00 2.81732220074241e+00 2.81727868724248e+00 4.35134999303699e-05
2.40000000000000e+00 2.84744123385465e+00 2.84739756089084e+00 4.36729638089162e-05
2.40500000000000e+00 2.87525713369626e+00 2.87521481165829e+00 4.23220379692779e-05
2.41000000000000e+00 2.90060558412785e+00 2.90056584784471e+00 3.97362831376924e-05
2.41500000000000e+00 2.92333682697114e+00 2.92330055990463e+00 3.62670665028375e-05
2.42000000000000e+00 2.94331656133272e+00 2.94328424439572e+00 3.23169369922383e-05
2.42500000000000e+00 2.96042674506505e+00 2.96039843312221e+00 2.83119428465817e-05
2.43000000000000e+00 2.97456629518598e+00 2.97454162236171e+00 2.46728242672134e-05
2.43500000000000e+00 2.98565168475294e+00 2.98562989767982e+00 2.17870731189507e-05
2.44000000000000e+00 2.99361743425082e+00 2.99359745048043e+00 1.99837703820371e-05
2.44500000000000e+00 2.99841649600287e+00 2.99839698310739e+00 1.95128954807444e-05
2.45000000000000e+00 3.00002053046541e+00 3.00000000000000e+00 2.05304654068428e-05
2.45500000000000e+00 2.99842007353884e+00 2.99839698310739e+00 2.30904314415525e-05
2.46000000000000e+00 2.99362459424683e+00 2.99359745048044e+00 2.71437663950103e-05
2.46500000000000e+00 2.98566244233350e+00 2.98562989767982e+00 3.25446536728613e-05
2.47000000000000e+00 2.97458068553990e+00 2.97454162236171e+00 3.90631781908013e-05
2.47500000000000e+00 2.96044483657832e+00 2.96039843312221e+00 4.64034561074023e-05
2.48000000000000e+00 2.94333847015592e+00 2.94328424439572e+00 5.42257601936491e-05
2.48500000000000e+00 2.92336273083337e+00 2.92330055990464e+00 6.21709287349503e-05
2.49000000000000e+00 2.90063573305316e+00 2.90056584784471e+00 6.98852084450863e-05
2.49500000000000e+00 2.87529185534534e+00 2.87521481165830e+00 7.70436870447533e-05
2.50000000000000e+00 2.84748093150907e+00 2.84739756089084e+00 8.33706182201688e-05
2.50500000000000e+00 2.81736734246172e+00 2.81727868724248e+00 8.86552192422840e-05
2.51000000000000e+00 2.78512901341918e+00 2.78503625151058e+00 9.27619085961950e-05
2.51500000000000e+00 2.75095632208392e+00 2.75086068766886e+00 9.56344150626620e-05
2.52000000000000e+00 2.71505092453403e+00 2.71495363083915e+00 9.72936948850922e-05
2.52500000000000e+00 2.67762450647829e+00 2.67752667638138e+00 9.78300969034507e-05
2.53000000000000e+00 2.63889746842708e+00 2.63880007775179e+00 9.73906752923526e-05
2.53500000000000e+00 2.59909755408372e+00 2.59900139115685e+00 9.61629268649844e-05
2.54000000000000e+00 2.55845843185006e+00 2.55836407535859e+00 9.43564914708261e-05
2.54500000000000e+00 2.51721823974062e+00 2.51712605526309e+00 9.21844775341185e-05
2.55000000000000e+00 2.47561810419624e+00 2.47552825814758e+00 8.98460486635777e-05
2.55500000000000e+00 2.43390064328405e+00 2.43381313154985e+00 8.75117341969656e-05
2.56000000000000e+00 2.39230846457889e+00 2.39222315195700e+00 8.53126218878231e-05
2.56500000000000e+00 2.35108266767101e+00 2.35099933348698e+00 8.33341840236201e-05
2.57000000000000e+00 2.31046136077328e+00 2.31037974575666e+00 8.16150166271790e-05
2.57500000000000e+00 2.27067820035466e+00 2.27059805007310e+00 8.01502815654942e-05
2.58000000000000e+00 2.23196096215362e+00 2.23188206297222e+00 7.88991814038020e-05
2.58500000000000e+00 2.19453015137144e+00 2.19445235595975e+00 7.77954116939483e-05
2.59000000000000e+00 2.15859765935330e+00 2.15852090008678e+00 7.67592665220640e-05
2.59500000000000e+00 2.12436547366090e+00 2.12428976371522e+00 7.57099456825117e-05
2.60000000000000e+00 2.09202444814380e+00 2.09194987150091e+00 7.45766428842387e-05
2.60500000000000e+00 2.06175313942231e+00 2.06167983224433e+00 7.33071779723815e-05
2.61000000000000e+00 2.03371671609067e+00 2.03364484283446e+00 7.18732562057234e-05
2.61500000000000e+00 2.00806594689943e+00 2.00799567504205e+00 7.02718573761807e-05
2.62000000000000e+00 1.98493627414095e+00 1.98486775140779e+00 6.85227331624905e-05
2.62500000000000e+00 1.96444697838939e+00 1.96438031592140e+00 6.66624679852568e-05
2.63000000000000e+00 1.94670044058770e+00 1.94663570460343e+00 6.47359842660400e-05
2.63500000000000e+00 1.93178150718152e+00 1.93171872048530e+00 6.27866962219503e-05
2.64000000000000e+00 1.91975696354002e+00 1.91969611683971e+00 6.08467003087032e-05
2.64500000000000e+00 1.91067512025590e+00 1.91061619184595e+00 5.89284099532517e-05
2.65000000000000e+00 1.90456551608066e+00 1.90450849718747e+00 5.70188931858784e-05
2.65500000000000e+00 1.90143874024498e+00 1.90138366237698e+00 5.50778679999642e-05
2.66000000000000e+00 1.90128637577360e+00 1.90123333589028e+00 5.30398833262780e-05
2.66500000000000e+00 1.90408106418181e+00 1.90403024347033e+00 5.08207114793269e-05
2.67000000000000e+00 1.90977669069588e+00 1.90972836324032e+00 4.83274555593827e-05
2.67500000000000e+00 1.91830868793761e+00 1.91826321654437e+00 4.54713932394046e-05
2.68000000000000e+00 1.92959445491288e+00 1.92955227272105e+00 4.21821918357157e-05
2.68500000000000e+00 1.94353388719711e+00 1.94349546531226e+00 3.84218848472617e-05
2.69000000000000e+00 1.96001001345100e+00 1.95997581652323e+00 3.41969277646292e-05
2.69500000000000e+00 1.97888973284473e+00 1.97886016608158e+00 2.95667631569074e-05
2.70000000000000e+00 2.00002464761470e+00 2.00000000000000e+00 2.46476146994468e-05
2.70500000000000e+00 2.02325198479967e+00 2.02323237413106e+00 1.96106686041198e-05
2.71000000000000e+00 2.04839560116554e+00 2.04838092681811e+00 1.46743474340738e-05
2.71500000000000e+00 2.07526706537623e+00 2.07525697439691e+00 1.00909793139259e-05
2.72000000000000e+00 2.10366681154775e+00 2.10366068279205e+00 6.12875569938609e-06
2.72500000000000e+00 2.13338535837479e+00 2.13338230798255e+00 3.05039224191006e-06
2.73000000000000e+00 2.16420458799386e+00 2.16420349768687e+00 1.09030699313450e-06
2.73500000000000e+00 2.19589907860580e+00 2.19589864623990e+00 4.32365897751197e-07
2.74000000000000e+00 2.22823748459878e+00 2.22823629430637e+00 1.19029241218982e-06
2.74500000000000e+00 2.26098395748613e+00 2.26098056479902e+00 3.39268711746499e-06
2.75000000000000e+00 2.29389960041350e+00 2.29389262614624e+00 6.97426726858907e-06
2.75500000000000e+00 2.32674394832791e+00 2.32673217388556e+00 1.17744423495658e-05
2.76000000000000e+00 2.35927646518066e+00 2.35925892144618e+00 1.75437344798191e-05
2.76500000000000e+00 2.39125804881177e+00 2.39123409092702e+00 2.39578847494037e-05
2.77000000000000e+00 2.42245253349449e+00 2.42242189467697e+00 3.06388175195238e-05
2.77500000000000e+00 2.45262817956427e+00 2.45259099854052e+00 3.71810237500547e-05
2.78000000000000e+00 2.48155913916940e+00 2.48151595774496e+00 4.31814244428175e-05
2.78500000000000e+00 2.50902688700472e+00 2.50897861657418e+00 4.82704305428960e-05
2.79000000000000e+00 2.53482160495251e+00 2.53476946319709e+00 5.21417554182335e-05
2.79500000000000e+00 2.55874350987064e+00 2.55868893129538e+00 5.45785752588124e-05
2.80000000000000e+00 2.58060411433035e+00 2.58054864046305e+00 5.54738673006483e-05
2.80500000000000e+00 2.60022741089535e+00 2.60017256772797e+00 5.48431673790262e-05
2.81000000000000e+00 2.61745097151337e+00 2.61739814297001e+00 5.28285433665232e-05
2.81500000000000e+00 2.63212695471422e+00 2.63207726147960e+00 4.96932346223389e-05
2.82000000000000e+00 2.64412301452023e+00 2.64407720741157e+00 4.58071086599787e-05
2.82500000000000e+00 2.65332310621743e+00 2.65328148243819e+00 4.16237792468799e-05
2.83000000000000e+00 2.65962818535326e+00 2.65959053448992e+00 3.76508633426198e-05
2.83500000000000e+00 2.66295679746767e+00 2.66292238208847e+00 3.44153791989044e-05
2.84000000000000e+00 2.66324555708727e+00 2.66321313042021e+00 3.24266670541640e-05
2.84500000000000e+00 2.66044951538587e+00 2.66041737596564e+00 3.21394202327241e-05
2.85000000000000e+00 2.65454241662244e+00 2.65450849718747e+00 3.39194349643357e-05
2.85500000000000e+00 2.64551684400484e+00 2.64547882948272e+00 3.80145221274830e-05
2.86000000000000e+00 2.63338425600389e+00 2.63333972331719e+00 4.45326867066775e-05
2.86500000000000e+00 2.61817491437881e+00 2.61812148518152e+00 5.34291972886791e-05
2.87000000000000e+00 2.59993770530168e+00 2.59987320173000e+00 6.45035716777542e-05
2.87500000000000e+00 2.57873985502335e+00 2.57866244818360e+00 7.74068397548788e-05
2.88000000000000e+00 2.55466654154726e+00 2.55457488279246e+00 9.16587548038805e-05
2.88500000000000e+00 2.52782040381259e+00 2.52771372985530e+00 1.06673957285253e-04
2.89000000000000e+00 2.49832094997516e+00 2.49819915448034e+00 1.21795494826493e-04
2.89500000000000e+00 2.46630386654674e+00 2.46616753293972e+00 1.36333607019257e-04
2.90000000000000e+00 2.43192023043973e+00 2.43177062311339e+00 1.49607326342505e-04
2.90500000000000e+00 2.39533562638292e+00 2.39517464013388e+00 1.60986249035933e-04
2.91000000000000e+00 2.35672917273186e+00 2.35655924292839e+00 1.69929803470303e-04
2.91500000000000e+00 2.31629245939335e+00 2.31611643790350e+00 1.76021489845635e-04
2.92000000000000e+00 2.27422840240276e+00 2.27404940652904e+00 1.78995873723942e-04
2.92500000000000e+00 2.23075002061203e+00 2.23057126404647e+00 1.78756565561766e-04
2.93000000000000e+00 2.18607914093367e+00 2.18590375695213e+00 1.75383981541710e-04
2.93500000000000e+00 2.14044503960260e+00 2.14027590728278e+00 1.69132319820076e-04
2.94000000000000e+00 2.09408302792074e+00 2.09392261205918e+00 1.60415861558239e-04
2.94500000000000e+00 2.04723299189412e+00 2.04708320651984e+00 1.49785374286004e-04
2.95000000000000e+00 2.00013789601461e+00 2.00000000000000e+00 1.37896014607009e-04
2.95500000000000e+00 1.95304226213992e+00 1.95291679348017e+00 1.25468659752714e-04
2.96000000000000e+00 1.90619063494999e+00 1.90607738794082e+00 1.13247009166928e-04
2.96500000000000e+00 1.85982604578112e+00 1.85972409271723e+00 1.01953063889049e-04
2.97000000000000e+00 1.81418848674432e+00 1.81409624304787e+00 9.22436964529982e-05
2.97500000000000e+00 1.76951340691524e+00 1.76942873595354e+00 8.46709617021713e-05
2.98000000000000e+00 1.72603024204469e+00 1.72595059347097e+00 7.96485737191155e-05
2.98500000000000e+00 1.68396098869739e+00 1.68388356209651e+00 7.74266008780611e-05
2.99000000000000e+00 1.64351883300478e+00 1.64344075707161e+00 7.80759331675540e-05
2.99500000000000e+00 1.60490684335050e+00 1.60482535986612e+00 8.14834843816392e-05
3.00000000000000e+00 1.56831673533009e+00 1.56822937688661e+00 8.73584434790686e-05
3.00500000000000e+00 1.53392771628339e+00 1.53383246706028e+00 9.52492231038882e-05
3.01000000000000e+00 1.50190541562966e+00 1.50180084551966e+00 1.04570109993318e-04
3.01500000000000e+00 1.47240090618472e+00 1.47228627014470e+00 1.14636040026150e-04
3.02000000000000e+00 1.44554982064188e+00 1.44542511720755e+00 1.24703434329465e-04
3.02500000000000e+00 1.42147156648731e+00 1.42133755181641e+00 1.34014670907456e-04
3.03000000000000e+00 1.40026864181968e+00 1.40012679827000e+00 1.41843549686049e-04
3.03500000000000e+00 1.38202605386821e+00 1.38187851481848e+00 1.47539049729861e-04
3.04000000000000e+00 1.36681084146149e+00 1.36666027668282e+00 1.50564778673257e-04
3.04500000000000e+00 1.35467170228722e+00 1.35452117051728e+00 1.50531769932405e-04
3.05000000000000e+00 1.34563872548947e+00 1.34549150281253e+00 1.47222676948999e-04
3.05500000000000e+00 1.33972322995785e+00 1.33958262403436e+00 1.40605923492965e-04
3.06000000000000e+00 1.33691770854296e+00 1.33678686957979e+00 1.30838963175339e-04
3.06500000000000e+00 1.33719587835816e+00 1.33707761791153e+00 1.18260446629881e-04
3.07000000000000e+00 1.34051283726234e+00 1.34040946551008e+00 1.03371752258052e-04
3.07500000000000e+00 1.34680532652950e+00 1.34671851756181e+00 8.68089676893113e-05
3.08000000000000e+00 1.35599209956569e+00 1.35592279258843e+00 6.93069772681465e-05
3.08500000000000e+00 1.36797439630148e+00 1.36792273852040e+00 5.16577810847352e-05
3.09000000000000e+00 1.38263652254652e+00 1.38260185702999e+00 3.46655165266441e-05
3.09500000000000e+00 1.39984653312326e+00 1.39982743227203e+00 1.91008512284707e-05
3.10000000000000e+00 1.41945701699230e+00 1.41945135953695e+00 5.65745534752971e-06
3.10500000000000e+00 1.44130598184179e+00 1.44131106870462e+00 5.08686282940651e-06
3.11000000000000e+00 1.46521783474920e+00 1.46523053680290e+00 1.27020537081801e-05
3.11500000000000e+00 1.49100445455413e+00 1.49102138342582e+00 1.69288716878047e-05
3.12000000000000e+00 1.51846635053465e+00 1.51848404225504e+00 1.76917203884575e-05
3.12500000000000e+00 1.54739390089147e+00 1.54740900145948e+00 1.51005680097960e-05
3.13000000000000e+00 1.57756866345519e+00 1.57757810532302e+00 9.44186783802259e-06
3.13500000000000e+00 1.60876474998478e+00 1.60876590907298e+00 1.15908819897648e-06
3.14000000000000e+00 1.64075025446463e+00 1.64074107855382e+00 9.17591081317504e-06
3.14500000000000e+00 1.67328872497415e+00 1.67326782611444e+00 2.08988597185655e-05
3.15000000000000e+00 1.70614066803548e+00 1.70610737385376e+00 3.32941817200449e-05
3.15500000000000e+00 1.73906507386999e+00 1.73901943520098e+00 4.56386690097510e-05
3.16000000000000e+00 1.77182095073477e+00 1.77176370569363e+00 5.72450411471248e-05
3.16500000000000e+00 1.80416885647504e+00 1.80410135376010e+00 6.75027149408258e-05
3.17000000000000e+00 1.83587241561736e+00 1.83579650231313e+00 7.59133042309568e-05
3.17500000000000e+00 1.86669981072928e+00 1.86661769201745e+00 8.21187118262845e-05
3.18000000000000e+00 1.89642523736086e+00 1.89633931720795e+00 8.59201529177511e-05
3.18500000000000e+00 1.92483031263156e+00 1.92474302560309e+00 8.72870284689409e-05
3.19000000000000e+00 1.95170542839397e+00 1.95161907318189e+00 8.63552120797806e-05
3.19500000000000e+00 1.97685104085064e+00 1.97676762586893e+00 8.34149817070529e-05
3.20000000000000e+00 2.00007888947795e+00 2.00000000000000e+00 7.88894779519822e-05
3.20500000000000e+00 2.02121313907818e+00 2.02113983391842e+00 7.33051597632262e-05
3.21000000000000e+00 2.04009143969747e+00 2.04002418347677e+00 6.72562206998073e-05
3.21500000000000e+00 2.05656589997989e+00 2.05650453468774e+00 6.13652921512831e-05
3.22000000000000e+00 2.07050397025137e+00 2.07044772727895e+00 5.62429724113578e-05
3.22500000000000e+00 2.08178923222415e+00 2.08173678345563e+00 5.24487685242825e-05
3.23000000000000e+00 2.09032209267912e+00 2.09027163675968e+00 5.04559194389742e-05
3.23500000000000e+00 2.09602037882202e+00 2.09596975652967e+00 5.06222923455368e-05
3.24000000000000e+00 2.09881983323679e+00 2.09876666410972e+00 5.31691270690970e-05
3.24500000000000e+00 2.09867450649738e+00 2.09861633762302e+00 5.81688743572784e-05
3.25000000000000e+00 2.09555704557904e+00 2.09549150281253e+00 6.55427665137154e-05
3.25500000000000e+00 2.08945887626766e+00 2.08938380815405e+00 7.50681136061360e-05
3.26000000000000e+00 2.08039027783800e+00 2.08030388316029e+00 8.63946777109881e-05
3.26500000000000e+00 2.06838034839933e+00 2.06828127951470e+00 9.90688846296273e-05
3.27000000000000e+00 2.05347685952211e+00 2.05336429539657e+00 1.12564125539283e-04
3.27500000000000e+00 2.03574599909541e+00 2.03561968407860e+00 1.26315016811596e-04
3.28000000000000e+00 2.01527200184132e+00 2.01513224859221e+00 1.39753249112307e-04
3.28500000000000e+00 1.99215666754334e+00 1.99200432495795e+00 1.52342585391541e-04
3.29000000000000e+00 1.96651876783137e+00 1.96635515716554e+00 1.63610665826264e-04
3.29500000000000e+00 1.93849334329626e+00 1.93832016775567e+00 1.73175540590931e-04
3.30000000000000e+00 1.90823089375849e+00 1.90805012849909e+00 1.80765259399474e-04
3.30500000000000e+00 1.87589646565627e+00 1.87571023628479e+00 1.86229371484936e-04
3.31000000000000e+00 1.84166864170542e+00 1.84147909991323e+00 1.89541792186443e-04
3.31500000000000e+00 1.80573843916818e+00 1.80554764404025e+00 1.90795127921639e-04
3.32000000000000e+00 1.76830812419975e+00 1.76811793702778e+00 1.90187171969169e-04
3.32500000000000e+00 1.72958995076839e+00 1.72940194992690e+00 1.88000841483627e-04
3.33000000000000e+00 1.68980483352133e+00 1.68962025424335e+00 1.84579277979768e-04
3.33500000000000e+00 1.64918096465733e+00 1.64900066651302e+00 1.80298144311530e-04
3.34000000000000e+00 1.60795238533879e+00 1.60777684804301e+00 1.75537295781458e-04
3.34500000000000e+00 1.56635752242231e+00 1.56618686845015e+00 1.70653972160650e-04
3.35000000000000e+00 1.52463770130574e+00 1.52447174185243e+00 1.65959453312770e-04
3.35500000000000e+00 1.48303564550144e+00 1.48287394473692e+00 1.61700764524264e-04
3.36000000000000e+00 1.44179397318134e+00 1.44163592464142e+00 1.58048539923739e-04
3.36500000000000e+00 1.40115370043945e+00 1.40099860884315e+00 1.55091596304890e-04
3.37000000000000e+00 1.36135276043534e+00 1.36119992224821e+00 1.52838187129412e-04
3.37500000000000e+00 1.32262454696698e+00 1.32247332361862e+00 1.51223348362706e-04
3.38000000000000e+00 1.28519649042668e+00 1.28504636916086e+00 1.50121265825476e-04
3.38500000000000e+00 1.24928867356153e+00 1.24913931233114e+00 1.49361230390221e-04
3.39000000000000e+00 1.21511249402261e+00 1.21496374848942e+00 1.48745533193440e-04
3.39500000000000e+00 1.18286938036310e+00 1.18272131275752e+00 1.48067605573399e-04
3.40000000000000e+00 1.15274956793465e+00 1.15260243910916e+00 1.47128825490173e-04
3.40500000000000e+00 1.12493094101838e+00 1.12478518834171e+00 1.45752676674604e-04
3.41000000000000e+00 1.09957794748161e+00 1.09943415215529e+00 1.43795326321472e-04
3.41500000000000e+00 1.07684059223110e+00 1.07669944009537e+00 1.41152135733069e-04
3.42000000000000e+00 1.05685351568999e+00 1.05671575560428e+00 1.37760085711536e-04
3.42500000000000e+00 1.03973516340935e+00 1.03960156687779e+00 1.33596531552982e-04
3.43000000000000e+00 1.02558705269152e+00 1.02545837763829e+00 1.28675053227889e-04
3.43500000000000e+00 1.01449314171895e+00 1.01437010232018e+00 1.23039398771452e-04
3.44000000000000e+00 1.00651930612918e+00 1.00640254951957e+00 1.16756609612745e-04
3.44500000000000e+00 1.00171292725453e+00 1.00160301689261e+00 1.09910361921761e-04
3.45000000000000e+00 1.00010259537130e+00 1.00000000000000e+00 1.02595371301417e-04
3.45500000000000e+00 1.00169793031087e+00 1.00160301689261e+00 9.49134182670619e-05
3.46000000000000e+00 1.00648952072224e+00 1.00640254951956e+00 8.69712026718705e-05
3.46500000000000e+00 1.01444898219445e+00 1.01437010232018e+00 7.88798742790142e-05
3.47000000000000e+00 1.02552913340403e+00 1.02545837763829e+00 7.07557657413371e-05
3.47500000000000e+00 1.03966428849468e+00 1.03960156687779e+00 6.27216168906930e-05
3.48000000000000e+00 1.05677066306434e+00 1.05671575560427e+00 5.49074600706412e-05
3.48500000000000e+00 1.07674689044737e+00 1.07669944009536e+00 4.74503520080383e-05
3.49000000000000e+00 1.09947464444491e+00 1.09943415215529e+00 4.04922896233284e-05
3.49500000000000e+00 1.12481936425812e+00 1.12478518834171e+00 3.41759164117494e-05
3.50000000000000e+00 1.15263107708755e+00 1.15260243910915e+00 2.86379783931423e-05
3.50500000000000e+00 1.18274531363653e+00 1.18272131275752e+00 2.40008790053370e-05
3.51000000000000e+00 1.21498411154655e+00 1.21496374848942e+00 2.03630571293800e-05
3.51500000000000e+00 1.24915710155098e+00 1.24913931233114e+00 1.77892198383045e-05
3.52000000000000e+00 1.28506267081658e+00 1.28504636916085e+00 1.63016557290785e-05
3.52500000000000e+00 1.32248919752010e+00 1.32247332361861e+00 1.58739014914921e-05
3.53000000000000e+00 1.36121635016609e+00 1.36119992224821e+00 1.64279178833660e-05
3.53500000000000e+00 1.40101644449731e+00 1.40099860884315e+00 1.78356541613578e-05
3.54000000000000e+00 1.44165585010598e+00 1.44163592464141e+00 1.99254645680824e-05
3.54500000000000e+00 1.48289643806531e+00 1.48287394473691e+00 2.24933284049822e-05
3.55000000000000e+00 1.52449706012324e+00 1.52447174185242e+00 2.53182708154220e-05
3.55500000000000e+00 1.56621504929698e+00 1.56618686845015e+00 2.81808468294287e-05
3.56000000000000e+00 1.60780773114462e+00 1.60777684804300e+00 3.08831016178068e-05
3.56500000000000e+00 1.64903393462421e+00 1.64900066651302e+00 3.32681111954169e-05
3.57000000000000e+00 1.68965549132871e+00 1.68962025424335e+00 3.52370853617945e-05
3.57500000000000e+00 1.72943871203093e+00 1.72940194992690e+00 3.67621040291422e-05
3.58000000000000e+00 1.76815582988941e+00 1.76811793702778e+00 3.78928616291407e-05
3.58500000000000e+00 1.80558640033384e+00 1.80554764404025e+00 3.87562935972863e-05
3.59000000000000e+00 1.84151864852249e+00 1.84147909991322e+00 3.95486092648056e-05
3.59500000000000e+00 1.87575075628285e+00 1.87571023628478e+00 4.05199980633153e-05
3.60000000000000e+00 1.90809208153496e+00 1.90805012849909e+00 4.19530358699571e-05
3.60500000000000e+00 1.93836430427286e+00 1.93832016775567e+00 4.41365171910402e-05
3.61000000000000e+00 1.96640249416702e+00 1.96635515716554e+00 4.73370014744123e-05
3.61500000000000e+00 1.99205609567998e+00 1.99200432495795e+00 5.17707220260011e-05
3.62000000000000e+00 2.01518982720989e+00 2.01513224859221e+00 5.75786176795212e-05
3.62500000000000e+00 2.03568449116472e+00 2.03561968407860e+00 6.48070861268835e-05
3.63000000000000e+00 2.05343769202392e+00 2.05336429539657e+00 7.33966273558373e-05
3.63500000000000e+00 2.06836445939048e+00 2.06828127951470e+00 8.31798757787716e-05
3.64000000000000e+00 2.08039777282782e+00 2.08030388316029e+00 9.38896675357626e-05
3.64500000000000e+00 2.08948898498525e+00 2.08938380815405e+00 1.05176831203480e-04
3.65000000000000e+00 2.09560813923137e+00 2.09549150281253e+00 1.16636418847627e-04
3.65500000000000e+00 2.09874417782928e+00 2.09861633762302e+00 1.27840206264551e-04
3.66000000000000e+00 2.09890503669046e+00 2.09876666410972e+00 1.38372580735791e-04
3.66500000000000e+00 2.09611762301145e+00 2.09596975652967e+00 1.47866481777559e-04
3.67000000000000e+00 2.09042767268271e+00 2.09027163675968e+00 1.56035923025932e-04
3.67500000000000e+00 2.08189948528478e+00 2.08173678345563e+00 1.62701829153011e-04
3.68000000000000e+00 2.07061553574358e+00 2.07044772727895e+00 1.67808464620833e-04
3.68500000000000e+00 2.05667596325739e+00 2.05650453468774e+00 1.71428569652576e-04
3.69000000000000e+00 2.04019793985460e+00 2.04002418347677e+00 1.73756377833456e-04
3.69500000000000e+00 2.02131492278731e+00 2.02113983391842e+00 1.75088868893170e-04
3.70000000000000e+00 2.00017579679095e+00 2.00000000000000e+00 1.75796790947036e-04
3.70500000000000e+00 1.97694391391616e+00 1.97676762586894e+00 1.76288047222029e-04
3.71000000000000e+00 1.95179604005007e+00 1.95161907318189e+00 1.76966868178585e-04
3.71500000000000e+00 1.92492121829268e+00 1.92474302560309e+00 1.78192689587631e-04
3.72000000000000e+00 1.89651955997749e+00 1.89633931720795e+00 1.80242769547645e-04
3.72500000000000e+00 1.86680097430148e+00 1.86661769201745e+00 1.83282284028863e-04
3.73000000000000e+00 1.83598384727513e+00 1.83579650231313e+00 1.87344961992908e-04
3.73500000000000e+00 1.80429368008419e+00 1.80410135376010e+00 1.92326324085723e-04
3.74000000000000e+00 1.77196169606378e+00 1.77176370569363e+00 1.97990370154999e-04
3.74500000000000e+00 1.73922342444467e+00 1.73901943520098e+00 2.03989243685809e-04
3.75000000000000e+00 1.70631726797414e+00 1.70610737385376e+00 2.09894120378085e-04
3.75500000000000e+00 1.67348306056661e+00 1.67326782611444e+00 2.15234452173529e-04
3.76000000000000e+00 1.64096062041498e+00 1.64074107855382e+00 2.19541861157913e-04
3.76500000000000e+00 1.60898830357590e+00 1.60876590907298e+00 2.22394502914058e-04
3.77000000000000e+00 1.57780156297627e+00 1.57757810532303e+00 2.23457653237613e-04
3.77500000000000e+00 1.54763151807881e+00 1.54740900145948e+00 2.22516619326152e-04
3.78000000000000e+00 1.51870354105629e+00 1.51848404225504e+00 2.19498801244722e-04
3.78500000000000e+00 1.49123586618364e+00 1.49102138342582e+00 2.14482757821211e-04
3.79000000000000e+00 1.46543823016393e+00 1.46523053680291e+00 2.07693361020000e-04
3.79500000000000e+00 1.44151055213975e+00 1.44131106870462e+00 1.99483435131098e-04
3.80000000000000e+00 1.41964166308271e+00 1.41945135953695e+00 1.90303545754000e-04
3.80500000000000e+00 1.40000809498170e+00 1.39982743227203e+00 1.80662709676760e-04
3.81000000000000e+00 1.38277294066847e+00 1.38260185702999e+00 1.71083638480729e-04
3.81500000000000e+00 1.36808479515217e+00 1.36792273852040e+00 1.62056631774155e-04
3.82000000000000e+00 1.35607678894586e+00 1.35592279258843e+00 1.53996357437736e-04
3.82500000000000e+00 1.34686572305225e+00 1.34671851756181e+00 1.47205490437896e-04
3.83000000000000e+00 1.34055131406676e+00 1.34040946551008e+00 1.41848556675761e-04
3.83500000000000e+00 1.33721555631630e+00 1.33707761791153e+00 1.37938404770166e-04
3.84000000000000e+00 1.33692220617105e+00 1.33678686957979e+00 1.35336591261970e-04
3.84500000000000e+00 1.33971639175104e+00 1.33958262403436e+00 1.33767716677946e-04
3.85000000000000e+00 1.34562434931269e+00 1.34549150281253e+00 1.32846500160211e-04
3.85500000000000e+00 1.35465328575573e+00 1.35452117051728e+00 1.32115238445252e-04
3.86000000000000e+00 1.36679136503970e+00 1.36666027668282e+00 1.31088356880360e-04
3.86500000000000e+00 1.38200781492463e+00 1.38187851481848e+00 1.29300106151975e-04
3.87000000000000e+00 1.40025314941229e+00 1.40012679826999e+00 1.26351142299752e-04
3.87500000000000e+00 1.42145950159271e+00 1.42133755181640e+00 1.21949776306751e-04
3.88000000000000e+00 1.44554106129710e+00 1.44542511720754e+00 1.15944089557285e-04
3.88500000000000e+00 1.47239461199604e+00 1.47228627014469e+00 1.08341851344784e-04
3.89000000000000e+00 1.50190016170467e+00 1.50180084551966e+00 9.93161850084689e-05
3.89500000000000e+00 1.53392166319176e+00 1.53383246706028e+00 8.91961314821721e-05
3.90000000000000e+00 1.56830781944364e+00 1.56822937688661e+00 7.84425570319325e-05
3.90500000000000e+00 1.60489297100875e+00 1.60482535986612e+00 6.76111426352044e-05
3.91000000000000e+00 1.64349806244328e+00 1.64344075707161e+00 5.73053716643734e-05
3.91500000000000e+00 1.68393168549953e+00 1.68388356209650e+00 4.81234030316191e-05
3.92000000000000e+00 1.72599119686764e+00 1.72595059347097e+00 4.06033966697805e-05
3.92500000000000e+00 1.76946390813862e+00 1.76942873595353e+00 3.51721850897491e-05
3.93000000000000e+00 1.81412834516992e+00 1.81409624304787e+00 3.21021220575091e-05
3.93500000000000e+00 1.85975557319772e+00 1.85972409271722e+00 3.14804804950608e-05
3.94000000000000e+00 1.90611058287766e+00 1.90607738794081e+00 3.31949368459483e-05
3.94500000000000e+00 1.95295373099920e+00 1.95291679348016e+00 3.69375190398813e-05
3.95000000000000e+00 2.00004222798389e+00 2.00000000000000e+00 4.22279838925288e-05
3.95500000000000e+00 2.04713166254009e+00 2.04708320651983e+00 4.84560202513862e-05
3.96000000000000e+00 2.09397755211163e+00 2.09392261205918e+00 5.49400524496590e-05
3.96500000000000e+00 2.14033690613710e+00 2.14027590728278e+00 6.09988543200934e-05
3.97000000000000e+00 2.18596978773490e+00 2.18590375695213e+00 6.60307827700102e-05
3.97500000000000e+00 2.23064085834196e+00 2.23057126404647e+00 6.95942954842543e-05
3.98000000000000e+00 2.27412088913549e+00 2.27404940652903e+00 7.14826064629470e-05
3.98500000000000e+00 2.31618822280984e+00 2.31611643790350e+00 7.17849063387455e-05
3.99000000000000e+00 2.35663016948780e+00 2.35655924292839e+00 7.09265594114328e-05
3.99500000000000e+00 2.39524432121684e+00 2.39517464013388e+00 6.96810829565742e-05
4.00000000000000e+00 2.43183977060460e+00 2.43177062311338e+00 6.91474912182244e-05
