variables = x, value-predict, value-true, error
0.00000000000000e+00 2.43209954060082e+00 2.43177062311339e+00 3.28917487426139e-04
5.00000000000000e-03 2.46649567802229e+00 2.46616753293972e+00 3.28145082572728e-04
1.00000000000000e-02 2.49852638149359e+00 2.49819915448034e+00 3.27227013256604e-04
1.50000000000000e-02 2.52803973995560e+00 2.52771372985530e+00 3.26010100301755e-04
2.00000000000000e-02 2.55489925285868e+00 2.55457488279246e+00 3.24370066223878e-04
2.50000000000000e-02 2.57898473056754e+00 2.57866244818360e+00 3.22282383945716e-04
3.00000000000000e-02 2.60019303897523e+00 2.59987320173000e+00 3.19837245224441e-04
3.50000000000000e-02 2.61843870145677e+00 2.61812148518152e+00 3.17216275246501e-04
4.00000000000000e-02 2.63365437122361e+00 2.63333972331718e+00 3.14647906427989e-04
4.50000000000000e-02 2.64579118584732e+00 2.64547882948272e+00 3.12356364604138e-04
5.00000000000000e-02 2.65481901346409e+00 2.65450849718747e+00 3.10516276615047e-04
5.50000000000000e-02 2.66072659727208e+00 2.66041737596564e+00 3.09221306437291e-04
6.00000000000000e-02 2.66352160175717e+00 2.66321313042021e+00 3.08471336959215e-04
6.50000000000000e-02 2.66323056100786e+00 2.66292238208847e+00 3.08178919389057e-04
7.00000000000000e-02 2.65989872686855e+00 2.65959053448992e+00 3.08192378629446e-04
7.50000000000000e-02 2.65358981284447e+00 2.65328148243819e+00 3.08330406283197e-04
8.00000000000000e-02 2.64438562883593e+00 2.64407720741157e+00 3.08421424354055e-04
8.50000000000000e-02 2.63238560206132e+00 2.63207726147960e+00 3.08340581717470e-04
9.00000000000000e-02 2.61770618090944e+00 2.61739814297001e+00 3.08037939429795e-04
9.50000000000000e-02 2.60048012079039e+00 2.60017256772797e+00 3.07553062419252e-04
1.00000000000000e-01 2.58085565405424e+00 2.58054864046305e+00 3.07013591189342e-04
1.05000000000000e-01 2.55899554934803e+00 2.55868893129538e+00 3.06618052651864e-04
1.10000000000000e-01 2.53507606896796e+00 2.53476946319709e+00 3.06605770865165e-04
1.15000000000000e-01 2.50928583542889e+00 2.50897861657418e+00 3.07218854713742e-04
1.20000000000000e-01 2.48182462028439e+00 2.48151595774496e+00 3.08662539435733e-04
1.25000000000000e-01 2.45290206897736e+00 2.45259099854052e+00 3.11070436840755e-04
1.30000000000000e-01 2.42273637513601e+00 2.42242189467697e+00 3.14480459040922e-04
1.35000000000000e-01 2.39155291637713e+00 2.39123409092702e+00 3.18825450110527e-04
1.40000000000000e-01 2.35958286161570e+00 2.35925892144618e+00 3.23940169515424e-04
1.45000000000000e-01 2.32706175749765e+00 2.32673217388556e+00 3.29583612088680e-04
1.50000000000000e-01 2.29422809930448e+00 2.29389262614624e+00 3.35473158246113e-04
1.55000000000000e-01 2.26132188993236e+00 2.26098056479902e+00 3.41325133342174e-04
1.60000000000000e-01 2.22858318963479e+00 2.22823629430637e+00 3.46895328415808e-04
1.65000000000000e-01 2.19625065929805e+00 2.19589864623990e+00 3.52013058153133e-04
1.70000000000000e-01 2.16456010107986e+00 2.16420349768687e+00 3.56603392988042e-04
1.75000000000000e-01 2.13374300209995e+00 2.13338230798255e+00 3.60694117399696e-04
1.80000000000000e-01 2.10402508920806e+00 2.10366068279205e+00 3.64406416008212e-04
1.85000000000000e-01 2.07562490526899e+00 2.07525697439691e+00 3.67930872079647e-04
1.90000000000000e-01 2.04875241948373e+00 2.04838092681811e+00 3.71492665625084e-04
1.95000000000000e-01 2.02360768565195e+00 2.02323237413107e+00 3.75311520882882e-04
2.00000000000000e-01 2.00037956272532e+00 2.00000000000000e+00 3.79562725318028e-04
2.05000000000000e-01 1.97924451140182e+00 1.97886016608158e+00 3.84345320242341e-04
2.10000000000000e-01 1.96036547892218e+00 1.95997581652323e+00 3.89662398950774e-04
2.15000000000000e-01 1.94389088184947e+00 1.94349546531226e+00 3.95416537206872e-04
2.20000000000000e-01 1.92995369374875e+00 1.92955227272105e+00 4.01421027705240e-04
2.25000000000000e-01 1.91867064170271e+00 1.91826321654437e+00 4.07425158339025e-04
2.30000000000000e-01 1.91014151287244e+00 1.90972836324032e+00 4.13149632120025e-04
2.35000000000000e-01 1.90444857016331e+00 1.90403024347033e+00 4.18326692980919e-04
2.40000000000000e-01 1.90165607471077e+00 1.90123333589028e+00 4.22738820490709e-04
2.45000000000000e-01 1.90180991246367e+00 1.90138366237698e+00 4.26250086687840e-04
2.50000000000000e-01 1.90493732257952e+00 1.90450849718747e+00 4.28825392045251e-04
2.55000000000000e-01 1.91104672649092e+00 1.91061619184595e+00 4.30534644969338e-04
2.60000000000000e-01 1.92012765808457e+00 1.91969611683971e+00 4.31541244853895e-04
2.65000000000000e-01 1.93215079711369e+00 1.93171872048530e+00 4.32076628395173e-04
2.70000000000000e-01 1.94706810938349e+00 1.94663570460343e+00 4.32404780058349e-04
2.75000000000000e-01 1.96481309808314e+00 1.96438031592140e+00 4.32782161739365e-04
2.80000000000000e-01 1.98530117064616e+00 1.98486775140779e+00 4.33419238376143e-04
2.85000000000000e-01 2.00843012458549e+00 2.00799567504205e+00 4.34449543441850e-04
2.90000000000000e-01 2.03408075389834e+00 2.03364484283446e+00 4.35911063877636e-04
2.95000000000000e-01 2.06211757504311e+00 2.06167983224433e+00 4.37742798780505e-04
3.00000000000000e-01 2.09238966845599e+00 2.09194987150091e+00 4.39796955083782e-04
3.05000000000000e-01 2.12473162848009e+00 2.12428976371522e+00 4.41864764877842e-04
3.10000000000000e-01 2.15896461182951e+00 2.15852090008677e+00 4.43711742740049e-04
3.15000000000000e-01 2.19489747266455e+00 2.19445235595975e+00 4.45116704801851e-04
3.20000000000000e-01 2.23232797126792e+00 2.23188206297222e+00 4.45908295706676e-04
3.25000000000000e-01 2.27104404328780e+00 2.27059805007310e+00 4.45993214703400e-04
3.30000000000000e-01 2.31082511748223e+00 2.31037974575665e+00 4.45371725581012e-04
3.35000000000000e-01 2.35144347162834e+00 2.35099933348698e+00 4.44138141360906e-04
3.40000000000000e-01 2.39266561839301e+00 2.39222315195700e+00 4.42466436013422e-04
3.45000000000000e-01 2.43425371508413e+00 2.43381313154985e+00 4.40583534278449e-04
3.50000000000000e-01 2.47596699291276e+00 2.47552825814758e+00 4.38734765185522e-04
3.55000000000000e-01 2.51756320238303e+00 2.51712605526309e+00 4.37147119946246e-04
3.60000000000000e-01 2.55880007151666e+00 2.55836407535859e+00 4.35996158072882e-04
3.65000000000000e-01 2.59943677280917e+00 2.59900139115685e+00 4.35381652315048e-04
3.70000000000000e-01 2.63923539326575e+00 2.63880007775179e+00 4.35315513965140e-04
3.75000000000000e-01 2.67796239986425e+00 2.67752667638138e+00 4.35723482866024e-04
3.80000000000000e-01 2.71539009070051e+00 2.71495363083915e+00 4.36459861362426e-04
3.85000000000000e-01 2.75129802025131e+00 2.75086068766886e+00 4.37332582457373e-04
3.90000000000000e-01 2.78547438594669e+00 2.78503625151058e+00 4.38134436108850e-04
3.95000000000000e-01 2.81771736277668e+00 2.81727868724248e+00 4.38675534205846e-04
4.00000000000000e-01 2.84783637303523e+00 2.84739756089084e+00 4.38812144386347e-04
4.05000000000000e-01 2.87565327946303e+00 2.87521481165829e+00 4.38467804731335e-04
4.10000000000000e-01 2.90100349182025e+00 2.90056584784471e+00 4.37643975533142e-04
4.15000000000000e-01 2.92373697905424e+00 2.92330055990464e+00 4.36419149600464e-04
4.20000000000000e-01 2.94371918145551e+00 2.94328424439572e+00 4.34937059790919e-04
4.25000000000000e-01 2.96083181926149e+00 2.96039843312221e+00 4.33386139280234e-04
4.30000000000000e-01 2.97497359586622e+00 2.97454162236171e+00 4.31973504507965e-04
4.35000000000000e-01 2.98606079499657e+00 2.98562989767982e+00 4.30897316750389e-04
4.40000000000000e-01 2.99402777187367e+00 2.99359745048043e+00 4.30321393233069e-04
4.45000000000000e-01 2.99882733853016e+00 2.99839698310739e+00 4.30355422767370e-04
4.50000000000000e-01 3.00043104320126e+00 3.00000000000000e+00 4.31043201260639e-04
4.55000000000000e-01 2.99882934320161e+00 2.99839698310739e+00 4.32360094220652e-04
4.60000000000000e-01 2.99403167011514e+00 2.99359745048043e+00 4.34219634709354e-04
4.65000000000000e-01 2.98606638563232e+00 2.98562989767982e+00 4.36487952495401e-04
4.70000000000000e-01 2.97498062611889e+00 2.97454162236171e+00 4.39003757178646e-04
4.75000000000000e-01 2.96084003409915e+00 2.96039843312221e+00 4.41600976944123e-04
4.80000000000000e-01 2.94372837534260e+00 2.94328424439572e+00 4.44130946872345e-04
4.85000000000000e-01 2.92374704115509e+00 2.92330055990464e+00 4.46481250450326e-04
4.90000000000000e-01 2.90101443674138e+00 2.90056584784471e+00 4.48588896669211e-04
4.95000000000000e-01 2.87566525802678e+00 2.87521481165829e+00 4.50446368484680e-04
5.00000000000000e-01 2.84784966097293e+00 2.84739756089084e+00 4.52100082090290e-04
5.05000000000000e-01 2.81773232905418e+00 2.81727868724248e+00 4.53641811705818e-04
5.10000000000000e-01 2.78549144603820e+00 2.78503625151058e+00 4.55194527618552e-04
5.15000000000000e-01 2.75131758242354e+00 2.75086068766886e+00 4.56894754685688e-04
5.20000000000000e-01 2.71541250474768e+00 2.71495363083915e+00 4.58873908535828e-04
5.25000000000000e-01 2.67798791745734e+00 2.67752667638138e+00 4.61241075956575e-04
5.30000000000000e-01 2.63926414714295e+00 2.63880007775179e+00 4.64069391158173e-04
5.35000000000000e-01 2.59946877873516e+00 2.59900139115685e+00 4.67387578305001e-04
5.40000000000000e-01 2.55883525283400e+00 2.55836407535859e+00 4.71177475413587e-04
5.45000000000000e-01 2.51760143279793e+00 2.51712605526309e+00 4.75377534841837e-04
5.50000000000000e-01 2.47600814967164e+00 2.47552825814758e+00 4.79891524061138e-04
5.55000000000000e-01 2.43429773257650e+00 2.43381313154985e+00 4.84601026654818e-04
5.60000000000000e-01 2.39271253189791e+00 2.39222315195700e+00 4.89379940912471e-04
5.65000000000000e-01 2.35149344251789e+00 2.35099933348698e+00 4.94109030908962e-04
5.70000000000000e-01 2.31087843446057e+00 2.31037974575665e+00 4.98688703922667e-04
5.75000000000000e-01 2.27110109860774e+00 2.27059805007310e+00 5.03048534643558e-04
5.80000000000000e-01 2.23238921554127e+00 2.23188206297222e+00 5.07152569050984e-04
5.85000000000000e-01 2.19496335600012e+00 2.19445235595975e+00 5.11000040369858e-04
5.90000000000000e-01 2.15903552181797e+00 2.15852090008677e+00 5.14621731197096e-04
5.95000000000000e-01 2.12480783645794e+00 2.12428976371522e+00 5.18072742722531e-04
6.00000000000000e-01 2.09247129432256e+00 2.09194987150091e+00 5.21422821653683e-04
6.05000000000000e-01 2.06220457785465e+00 2.06167983224433e+00 5.24745610319677e-04
6.10000000000000e-01 2.03417295104731e+00 2.03364484283446e+00 5.28108212849876e-04
6.15000000000000e-01 2.00852723736511e+00 2.00799567504205e+00 5.31562323057511e-04
6.20000000000000e-01 1.98540288927956e+00 1.98486775140779e+00 5.35137871770841e-04
6.25000000000000e-01 1.96491915569250e+00 1.96438031592140e+00 5.38839771101252e-04
6.30000000000000e-01 1.94717835251915e+00 1.94663570460343e+00 5.42647915717787e-04
6.35000000000000e-01 1.93226524068630e+00 1.93171872048530e+00 5.46520201005984e-04
6.40000000000000e-01 1.92024651482098e+00 1.91969611683971e+00 5.50397981266881e-04
6.45000000000000e-01 1.91117040499831e+00 1.91061619184595e+00 5.54213152359484e-04
6.50000000000000e-01 1.90506639310757e+00 1.90450849718747e+00 5.57895920091811e-04
6.55000000000000e-01 1.90194504468853e+00 1.90138366237698e+00 5.61382311551117e-04
6.60000000000000e-01 1.90179795647954e+00 1.90123333589028e+00 5.64620589261100e-04
6.65000000000000e-01 1.90459781938525e+00 1.90403024347033e+00 5.67575914921514e-04
6.70000000000000e-01 1.91029859609145e+00 1.90972836324032e+00 5.70232851129227e-04
6.75000000000000e-01 1.91883581209770e+00 1.91826321654437e+00 5.72595553325117e-04
6.80000000000000e-01 1.93012695848143e+00 1.92955227272105e+00 5.74685760387661e-04
6.85000000000000e-01 1.94407200422718e+00 1.94349546531226e+00 5.76538914925706e-04
6.90000000000000e-01 1.96055401543832e+00 1.95997581652323e+00 5.78198915085704e-04
6.95000000000000e-01 1.97943987818958e+00 1.97886016608158e+00 5.79712108000008e-04
7.00000000000000e-01 2.00058112117765e+00 2.00000000000000e+00 5.81121177646082e-04
7.05000000000000e-01 2.02381483369137e+00 2.02323237413106e+00 5.82459560305448e-04
7.10000000000000e-01 2.04896467376461e+00 2.04838092681811e+00 5.83746946505759e-04
7.15000000000000e-01 2.07584196070721e+00 2.07525697439691e+00 5.84986310297353e-04
7.20000000000000e-01 2.10424684554846e+00 2.10366068279205e+00 5.86162756404107e-04
7.25000000000000e-01 2.13396955228799e+00 2.13338230798255e+00 5.87244305442880e-04
7.30000000000000e-01 2.16479168224561e+00 2.16420349768687e+00 5.88184558737215e-04
7.35000000000000e-01 2.19648757324858e+00 2.19589864623990e+00 5.88927008683626e-04
7.40000000000000e-01 2.22882570490626e+00 2.22823629430637e+00 5.89410599891149e-04
7.45000000000000e-01 2.26157014081155e+00 2.26098056479902e+00 5.89576012527182e-04
7.50000000000000e-01 2.29448199819098e+00 2.29389262614624e+00 5.89372044745851e-04
7.55000000000000e-01 2.32732093531318e+00 2.32673217388556e+00 5.88761427615658e-04
7.60000000000000e-01 2.35984664687015e+00 2.35925892144618e+00 5.87725423967012e-04
7.65000000000000e-01 2.39182035757531e+00 2.39123409092702e+00 5.86266648287204e-04
7.70000000000000e-01 2.42300630437561e+00 2.42242189467697e+00 5.84409698637600e-04
7.75000000000000e-01 2.45317319794671e+00 2.45259099854052e+00 5.82199406190753e-04
7.80000000000000e-01 2.48209565451206e+00 2.48151595774496e+00 5.79696767100568e-04
7.85000000000000e-01 2.50955558947374e+00 2.50897861657418e+00 5.76972899558381e-04
7.90000000000000e-01 2.53534356483112e+00 2.53476946319709e+00 5.74101634029933e-04
7.95000000000000e-01 2.55926008285620e+00 2.55868893129538e+00 5.71151560819327e-04
8.00000000000000e-01 2.58111681895445e+00 2.58054864046305e+00 5.68178491398008e-04
8.05000000000000e-01 2.60073778703812e+00 2.60017256772797e+00 5.65219310144194e-04
8.10000000000000e-01 2.61796043105568e+00 2.61739814297001e+00 5.62288085667717e-04
8.15000000000000e-01 2.63263663655512e+00 2.63207726147960e+00 5.59375075521285e-04
8.20000000000000e-01 2.64463365632650e+00 2.64407720741157e+00 5.56448914924346e-04
8.25000000000000e-01 2.65383494430515e+00 2.65328148243819e+00 5.53461866964700e-04
8.30000000000000e-01 2.66014089207169e+00 2.65959053448992e+00 5.50357581770911e-04
8.35000000000000e-01 2.66346946251571e+00 2.66292238208847e+00 5.47080427247604e-04
8.40000000000000e-01 2.66375671559603e+00 2.66321313042021e+00 5.43585175817540e-04
8.45000000000000e-01 2.66095722167674e+00 2.66041737596564e+00 5.39845711104103e-04
8.50000000000000e-01 2.65504435867472e+00 2.65450849718747e+00 5.35861487243938e-04
8.55000000000000e-01 2.64601049021786e+00 2.64547882948272e+00 5.31660735141770e-04
8.60000000000000e-01 2.63386702315500e+00 2.63333972331718e+00 5.27299837810968e-04
8.65000000000000e-01 2.61864434401616e+00 2.61812148518153e+00 5.22858834637763e-04
8.70000000000000e-01 2.60039163531362e+00 2.59987320173000e+00 5.18433583615252e-04
8.75000000000000e-01 2.57917657380587e+00 2.57866244818360e+00 5.14125622277373e-04
8.80000000000000e-01 2.55508491392960e+00 2.55457488279246e+00 5.10031137145095e-04
8.85000000000000e-01 2.52821996046769e+00 2.52771372985530e+00 5.06230612387526e-04
8.90000000000000e-01 2.49870193512803e+00 2.49819915448034e+00 5.02780647696266e-04
8.95000000000000e-01 2.46666724205897e+00 2.46616753293972e+00 4.99709119252678e-04
9.00000000000000e-01 2.43226763746610e+00 2.43177062311339e+00 4.97014352708991e-04
9.05000000000000e-01 2.39566930849773e+00 2.39517464013388e+00 4.94668363845818e-04
9.10000000000000e-01 2.35705186652942e+00 2.35655924292839e+00 4.92623601032971e-04
9.15000000000000e-01 2.31660725999944e+00 2.31611643790350e+00 4.90822095941201e-04
9.20000000000000e-01 2.27453861211138e+00 2.27404940652903e+00 4.89205582349328e-04
9.25000000000000e-01 2.23105898907752e+00 2.23057126404647e+00 4.87725031052655e-04
9.30000000000000e-01 2.18639010513822e+00 2.18590375695213e+00 4.86348186086616e-04
9.35000000000000e-01 2.14076097132699e+00 2.14027590728277e+00 4.85064044215555e-04
9.40000000000000e-01 2.09440649578932e+00 2.09392261205918e+00 4.83883730140189e-04
9.45000000000000e-01 2.04756604431509e+00 2.04708320651983e+00 4.82837795257041e-04
9.50000000000000e-01 2.00048197051159e+00 2.00000000000000e+00 4.81970511585494e-04
9.55000000000000e-01 1.95339812563981e+00 1.95291679348017e+00 4.81332159639081e-04
9.60000000000000e-01 1.90655835849866e+00 1.90607738794082e+00 4.80970557833915e-04
9.65000000000000e-01 1.86020501584122e+00 1.85972409271723e+00 4.80923123988397e-04
9.70000000000000e-01 1.81457745365169e+00 1.81409624304787e+00 4.81210603821003e-04
9.75000000000000e-01 1.76991056923965e+00 1.76942873595353e+00 4.81833286118283e-04
9.80000000000000e-01 1.72643336358100e+00 1.72595059347097e+00 4.82770110032504e-04
9.85000000000000e-01 1.68436754272401e+00 1.68388356209650e+00 4.83980627501435e-04
9.90000000000000e-01 1.64392616645325e+00 1.64344075707161e+00 4.85409381642654e-04
9.95000000000000e-01 1.60531235182104e+00 1.60482535986612e+00 4.86991954921523e-04
1.00000000000000e+00 1.56871803865163e+00 1.56822937688661e+00 4.88661765023046e-04
1.00500000000000e+00 1.53432282371364e+00 1.53383246706028e+00 4.90356653356061e-04
1.01000000000000e+00 1.50229286993150e+00 1.50180084551966e+00 4.92024411834935e-04
1.01500000000000e+00 1.47277989674486e+00 1.47228627014470e+00 4.93626600159169e-04
1.02000000000000e+00 1.44592025748777e+00 1.44542511720755e+00 4.95140280227790e-04
1.02500000000000e+00 1.42183410940912e+00 1.42133755181640e+00 4.96557592711167e-04
1.03000000000000e+00 1.40062468165270e+00 1.40012679827000e+00 4.97883382700515e-04
1.03500000000000e+00 1.38237764613093e+00 1.38187851481848e+00 4.99131312457823e-04
1.04000000000000e+00 1.36716059573942e+00 1.36666027668282e+00 5.00319056605969e-04
1.04500000000000e+00 1.35502263376438e+00 1.35452117051728e+00 5.01463247094103e-04
1.05000000000000e+00 1.34599407763405e+00 1.34549150281253e+00 5.02574821526380e-04
1.05500000000000e+00 1.34008627937401e+00 1.33958262403436e+00 5.03655339644027e-04
1.06000000000000e+00 1.33729156426429e+00 1.33678686957979e+00 5.04694684500206e-04
1.06500000000000e+00 1.33758328829144e+00 1.33707761791153e+00 5.05670379911560e-04
1.07000000000000e+00 1.34091601406589e+00 1.34040946551008e+00 5.06548555809783e-04
1.07500000000000e+00 1.34722580396290e+00 1.34671851756181e+00 5.07286401092877e-04
1.08000000000000e+00 1.35643062836665e+00 1.35592279258843e+00 5.07835778221111e-04
1.08500000000000e+00 1.36843088607133e+00 1.36792273852040e+00 5.08147550934313e-04
1.09000000000000e+00 1.38311003313611e+00 1.38260185702999e+00 5.08176106116309e-04
1.09500000000000e+00 1.40033531581026e+00 1.39982743227203e+00 5.07883538229503e-04
1.10000000000000e+00 1.41995860254677e+00 1.41945135953695e+00 5.07243009816527e-04
1.10500000000000e+00 1.44181730960323e+00 1.44131106870462e+00 5.06240898609622e-04
1.11000000000000e+00 1.46573541428417e+00 1.46523053680291e+00 5.04877481263710e-04
1.11500000000000e+00 1.49152454949683e+00 1.49102138342582e+00 5.03166071013084e-04
1.12000000000000e+00 1.51898517296057e+00 1.51848404225504e+00 5.01130705524044e-04
1.12500000000000e+00 1.54790780411186e+00 1.54740900145948e+00 4.98802652374675e-04
1.13000000000000e+00 1.57807432146799e+00 1.57757810532303e+00 4.96216144964645e-04
1.13500000000000e+00 1.60925931293629e+00 1.60876590907298e+00 4.93403863311093e-04
1.14000000000000e+00 1.64123147127323e+00 1.64074107855382e+00 4.90392719410870e-04
1.14500000000000e+00 1.67375502660088e+00 1.67326782611444e+00 4.87200486440242e-04
1.15000000000000e+00 1.70659120757843e+00 1.70610737385376e+00 4.83833724667093e-04
1.15500000000000e+00 1.73949972251101e+00 1.73901943520098e+00 4.80287310027361e-04
1.16000000000000e+00 1.77224025137235e+00 1.77176370569363e+00 4.76545678725238e-04
1.16500000000000e+00 1.80457393944397e+00 1.80410135376010e+00 4.72585683865656e-04
1.17000000000000e+00 1.83626488305699e+00 1.83579650231313e+00 4.68380743865460e-04
1.17500000000000e+00 1.86708159779304e+00 1.86661769201745e+00 4.63905775587747e-04
1.18000000000000e+00 1.89679845948210e+00 1.89633931720795e+00 4.59142274155999e-04
1.18500000000000e+00 1.92519710845047e+00 1.92474302560309e+00 4.54082847381354e-04
1.19000000000000e+00 1.95206780773052e+00 1.95161907318189e+00 4.48734548627483e-04
1.19500000000000e+00 1.97721074634744e+00 1.97676762586894e+00 4.43120478504921e-04
1.20000000000000e+00 2.00043727933250e+00 2.00000000000000e+00 4.37279332495377e-04
1.20500000000000e+00 2.02157109675339e+00 2.02113983391842e+00 4.31262834965640e-04
1.21000000000000e+00 2.04044931476431e+00 2.04002418347677e+00 4.25131287543845e-04
1.21500000000000e+00 2.05692348242071e+00 2.05650453468774e+00 4.18947732965691e-04
1.22000000000000e+00 2.07086049873391e+00 2.07044772727895e+00 4.12771454958438e-04
1.22500000000000e+00 2.08214343512187e+00 2.08173678345563e+00 4.06651666239100e-04
1.23000000000000e+00 2.09067225901574e+00 2.09027163675968e+00 4.00622256053751e-04
1.23500000000000e+00 2.09636445489591e+00 2.09596975652967e+00 3.94698366234181e-04
1.24000000000000e+00 2.09915553945736e+00 2.09876666410972e+00 3.88875347638873e-04
1.24500000000000e+00 2.09899946796467e+00 2.09861633762302e+00 3.83130341648386e-04
1.25000000000000e+00 2.09586892918551e+00 2.09549150281253e+00 3.77426372979439e-04
1.25500000000000e+00 2.08975552663377e+00 2.08938380815405e+00 3.71718479717842e-04
1.26000000000000e+00 2.08066984425678e+00 2.08030388316029e+00 3.65961096492118e-04
1.26500000000000e+00 2.06864139521009e+00 2.06828127951470e+00 3.60115695386742e-04
1.27000000000000e+00 2.05371845300898e+00 2.05336429539657e+00 3.54157612405981e-04
1.27500000000000e+00 2.03596776514209e+00 2.03561968407860e+00 3.48081063491268e-04
1.28000000000000e+00 2.01547415017068e+00 2.01513224859221e+00 3.41901578468029e-04
1.28500000000000e+00 1.99233998038499e+00 1.99200432495795e+00 3.35655427043502e-04
1.29000000000000e+00 1.96668455319642e+00 1.96635515716554e+00 3.29396030881446e-04
1.29500000000000e+00 1.93864335554494e+00 1.93832016775567e+00 3.23187789275092e-04
1.30000000000000e+00 1.90836722662680e+00 1.90805012849909e+00 3.17098127711857e-04
1.30500000000000e+00 1.87602142513460e+00 1.87571023628478e+00 3.11188849815069e-04
1.31000000000000e+00 1.84178460790307e+00 1.84147909991323e+00 3.05507989847520e-04
1.31500000000000e+00 1.80584772734561e+00 1.80554764404025e+00 3.00083305354804e-04
1.32000000000000e+00 1.76841285535240e+00 1.76811793702778e+00 2.94918324613702e-04
1.32500000000000e+00 1.72969194143176e+00 1.72940194992690e+00 2.89991504859977e-04
1.33000000000000e+00 1.68990551286331e+00 1.68962025424335e+00 2.85258619965534e-04
1.33500000000000e+00 1.64928132455937e+00 1.64900066651302e+00 2.80658046346138e-04
1.34000000000000e+00 1.60805296626461e+00 1.60777684804300e+00 2.76118221605115e-04
1.34500000000000e+00 1.56645843471809e+00 1.56618686845015e+00 2.71566267942447e-04
1.35000000000000e+00 1.52473867849173e+00 1.52447174185242e+00 2.66936639303328e-04
1.35500000000000e+00 1.48313612341700e+00 1.48287394473691e+00 2.62178680092040e-04
1.36000000000000e+00 1.44189318680251e+00 1.44163592464141e+00 2.57262161095895e-04
1.36500000000000e+00 1.40125078899431e+00 1.40099860884315e+00 2.52180151161907e-04
1.37000000000000e+00 1.36144687119151e+00 1.36119992224821e+00 2.46948943298797e-04
1.37500000000000e+00 1.32271492874716e+00 1.32247332361862e+00 2.41605128545874e-04
1.38000000000000e+00 1.28528256941225e+00 1.28504636916085e+00 2.36200251395813e-04
1.38500000000000e+00 1.24937010608008e+00 1.24913931233114e+00 2.30793748936087e-04
1.39000000000000e+00 1.21518919353686e+00 1.21496374848942e+00 2.25445047437267e-04
1.39500000000000e+00 1.18294151851371e+00 1.18272131275752e+00 2.20205756185310e-04
1.40000000000000e+00 1.15281755197030e+00 1.15260243910916e+00 2.15112861140510e-04
1.40500000000000e+00 1.12499537203477e+00 1.12478518834171e+00 2.10183693060806e-04
1.41000000000000e+00 1.09963956539862e+00 1.09943415215529e+00 2.05413243330455e-04
1.41500000000000e+00 1.07690021424189e+00 1.07669944009536e+00 2.00774146529747e-04
1.42000000000000e+00 1.05691197496824e+00 1.05671575560428e+00 1.96219363961747e-04
1.42500000000000e+00 1.03979325418812e+00 1.03960156687779e+00 1.91687310330479e-04
1.43000000000000e+00 1.02564548652970e+00 1.02545837763829e+00 1.87108891415821e-04
1.43500000000000e+00 1.01455251801043e+00 1.01437010232018e+00 1.82415690255455e-04
1.44000000000000e+00 1.00658009789834e+00 1.00640254951957e+00 1.77548378774262e-04
1.44500000000000e+00 1.00177548125648e+00 1.00160301689261e+00 1.72464363879188e-04
1.45000000000000e+00 1.00016714371871e+00 1.00000000000000e+00 1.67143718710960e-04
1.45500000000000e+00 1.00176460949909e+00 1.00160301689261e+00 1.61592606483074e-04
1.46000000000000e+00 1.00655839318822e+00 1.00640254951957e+00 1.55843668657507e-04
1.46500000000000e+00 1.01452005551831e+00 1.01437010232018e+00 1.49953198129937e-04
1.47000000000000e+00 1.02560237295212e+00 1.02545837763829e+00 1.43995313833134e-04
1.47500000000000e+00 1.03973962062606e+00 1.03960156687779e+00 1.38053748263367e-04
1.48000000000000e+00 1.05684796780408e+00 1.05671575560428e+00 1.32212199807746e-04
1.48500000000000e+00 1.07682598453316e+00 1.07669944009536e+00 1.26544437792919e-04
1.49000000000000e+00 1.09955525759438e+00 1.09943415215529e+00 1.21105439090829e-04
1.49500000000000e+00 1.12490111310044e+00 1.12478518834171e+00 1.15924758734121e-04
1.50000000000000e+00 1.15271344220189e+00 1.15260243910916e+00 1.11003092730488e-04
1.50500000000000e+00 1.18282762536118e+00 1.18272131275752e+00 1.06312603654235e-04
1.51000000000000e+00 1.21506554958346e+00 1.21496374848942e+00 1.01801094037457e-04
1.51500000000000e+00 1.24923671192461e+00 1.24913931233114e+00 9.73995934681060e-05
1.52000000000000e+00 1.28513940160424e+00 1.28504636916085e+00 9.30324433829899e-05
1.52500000000000e+00 1.32256195220844e+00 1.32247332361862e+00 8.86285898216155e-05
1.53000000000000e+00 1.36128405483404e+00 1.36119992224821e+00 8.41325858333963e-05
1.53500000000000e+00 1.40107812264188e+00 1.40099860884315e+00 7.95137987319450e-05
1.54000000000000e+00 1.44171069716201e+00 1.44163592464141e+00 7.47725205949568e-05
1.54500000000000e+00 1.48294388680796e+00 1.48287394473691e+00 6.99420710521537e-05
1.55000000000000e+00 1.52453682836216e+00 1.52447174185242e+00 6.50865097326925e-05
1.55500000000000e+00 1.56624716261915e+00 1.56618686845015e+00 6.02941689988867e-05
1.56000000000000e+00 1.60783251583688e+00 1.60777684804300e+00 5.56677938761130e-05
1.56500000000000e+00 1.64905197906543e+00 1.64900066651302e+00 5.13125524086444e-05
1.57000000000000e+00 1.68966757773177e+00 1.68962025424335e+00 4.73234884232898e-05
1.57500000000000e+00 1.72944572401033e+00 1.72940194992690e+00 4.37740834271505e-05
1.58000000000000e+00 1.76815864448921e+00 1.76811793702778e+00 4.07074614310332e-05
1.58500000000000e+00 1.80558577546666e+00 1.80554764404025e+00 3.81314264039645e-05
1.59000000000000e+00 1.84151511792742e+00 1.84147909991323e+00 3.60180141949495e-05
1.59500000000000e+00 1.87574454392370e+00 1.87571023628478e+00 3.43076389184294e-05
1.60000000000000e+00 1.90808304579816e+00 1.90805012849909e+00 3.29172990665150e-05
1.60500000000000e+00 1.93835191951973e+00 1.93832016775567e+00 3.17517640622267e-05
1.61000000000000e+00 1.96638587342489e+00 1.96635515716554e+00 3.07162593440324e-05
1.61500000000000e+00 1.99203405391711e+00 1.99200432495795e+00 2.97289591582039e-05
1.62000000000000e+00 2.01516098020010e+00 2.01513224859221e+00 2.87316078848576e-05
1.62500000000000e+00 2.03564738089921e+00 2.03561968407860e+00 2.76968206107675e-05
1.63000000000000e+00 2.05339092642934e+00 2.05336429539657e+00 2.66310327750041e-05
1.63500000000000e+00 2.06830685214058e+00 2.06828127951470e+00 2.55726258786559e-05
1.64000000000000e+00 2.08032846854327e+00 2.08030388316029e+00 2.45853829796694e-05
1.64500000000000e+00 2.08940755620252e+00 2.08938380815405e+00 2.37480484699404e-05
1.65000000000000e+00 2.09551464411718e+00 2.09549150281253e+00 2.31413046503093e-05
1.65500000000000e+00 2.09863917148787e+00 2.09861633762302e+00 2.28338648513571e-05
1.66000000000000e+00 2.09878953367459e+00 2.09876666410972e+00 2.28695648685218e-05
1.66500000000000e+00 2.09599301380939e+00 2.09596975652967e+00 2.32572797136399e-05
1.67000000000000e+00 2.09029560195284e+00 2.09027163675968e+00 2.39651931575047e-05
1.67500000000000e+00 2.08176170388184e+00 2.08173678345563e+00 2.49204262083857e-05
1.68000000000000e+00 2.07047374161695e+00 2.07044772727895e+00 2.60143380002020e-05
1.68500000000000e+00 2.05653164771603e+00 2.05650453468774e+00 2.71130282927246e-05
1.69000000000000e+00 2.04005225527027e+00 2.04002418347677e+00 2.80717935070562e-05
1.69500000000000e+00 2.02116858554887e+00 2.02113983391842e+00 2.87516304440238e-05
1.70000000000000e+00 2.00002903545067e+00 2.00000000000000e+00 2.90354506731205e-05
1.70500000000000e+00 1.97679646742283e+00 1.97676762586893e+00 2.88415538935993e-05
1.71000000000000e+00 1.95164720534401e+00 1.95161907318189e+00 2.81321621202757e-05
1.71500000000000e+00 1.92476994104156e+00 1.92474302560309e+00 2.69154384695547e-05
1.72000000000000e+00 1.89636455755312e+00 1.89633931720795e+00 2.52403451754812e-05
1.72500000000000e+00 1.86664087683100e+00 1.86661769201745e+00 2.31848135512358e-05
1.73000000000000e+00 1.83581734114842e+00 1.83579650231313e+00 2.08388352955780e-05
1.73500000000000e+00 1.80411963880508e+00 1.80410135376010e+00 1.82850449843563e-05
1.74000000000000e+00 1.77177928565481e+00 1.77176370569363e+00 1.55799611856189e-05
1.74500000000000e+00 1.73903217434652e+00 1.73901943520098e+00 1.27391455400083e-05
1.75000000000000e+00 1.70611710291534e+00 1.70610737385376e+00 9.72906157459263e-06
1.75500000000000e+00 1.67327429351921e+00 1.67326782611444e+00 6.46740476861751e-06
1.76000000000000e+00 1.64074391082908e+00 1.64074107855382e+00 2.83227526254315e-06
1.76500000000000e+00 1.60876458807992e+00 1.60876590907298e+00 1.32099306227040e-06
1.77000000000000e+00 1.57757196735718e+00 1.57757810532303e+00 6.13796585136051e-06
1.77500000000000e+00 1.54739725961070e+00 1.54740900145948e+00 1.17418487839416e-05
1.78000000000000e+00 1.51846582937534e+00 1.51848404225504e+00 1.82128797034942e-05
1.78500000000000e+00 1.49099580934451e+00 1.49102138342582e+00 2.55740813073224e-05
1.79000000000000e+00 1.46519675075958e+00 1.46523053680291e+00 3.37860433288206e-05
1.79500000000000e+00 1.44126831687044e+00 1.44131106870462e+00 4.27518341785671e-05
1.80000000000000e+00 1.41939902820772e+00 1.41945135953695e+00 5.23313292286609e-05
1.80500000000000e+00 1.39976506974281e+00 1.39982743227203e+00 6.23625292197616e-05
1.81000000000000e+00 1.38252917087315e+00 1.38260185702999e+00 7.26861568418613e-05
1.81500000000000e+00 1.36783956931106e+00 1.36792273852040e+00 8.31692093403724e-05
1.82000000000000e+00 1.35582906926232e+00 1.35592279258843e+00 9.37233261029125e-05
1.82500000000000e+00 1.34661420279835e+00 1.34671851756181e+00 1.04314763464508e-04
1.83000000000000e+00 1.34029450123742e+00 1.34040946551008e+00 1.14964272667883e-04
1.83500000000000e+00 1.33695188094555e+00 1.33707761791153e+00 1.25736965980394e-04
1.84000000000000e+00 1.33665014557933e+00 1.33678686957979e+00 1.36724000450839e-04
1.84500000000000e+00 1.33943460473444e+00 1.33958262403436e+00 1.48019299924140e-04
1.85000000000000e+00 1.34533180747210e+00 1.34549150281253e+00 1.59695340429700e-04
1.85500000000000e+00 1.35434938839407e+00 1.35452117051728e+00 1.71782123215447e-04
1.86000000000000e+00 1.36647602382032e+00 1.36666027668282e+00 1.84252862500900e-04
1.86500000000000e+00 1.38168149607091e+00 1.38187851481848e+00 1.97018747563948e-04
1.87000000000000e+00 1.39991686465379e+00 1.40012679827000e+00 2.09933616208025e-04
1.87500000000000e+00 1.42111474405677e+00 1.42133755181640e+00 2.22807759630683e-04
1.88000000000000e+00 1.44518968857716e+00 1.44542511720755e+00 2.35428630385393e-04
1.88500000000000e+00 1.47203868497632e+00 1.47228627014470e+00 2.47585168381192e-04
1.89000000000000e+00 1.50154175357366e+00 1.50180084551967e+00 2.59091946005707e-04
1.89500000000000e+00 1.53356265763662e+00 1.53383246706028e+00 2.69809423664169e-04
1.90000000000000e+00 1.56794971961816e+00 1.56822937688661e+00 2.79657268447808e-04
1.90500000000000e+00 1.60453674106315e+00 1.60482535986612e+00 2.88618802967155e-04
1.91000000000000e+00 1.64314402103398e+00 1.64344075707161e+00 2.96736037629808e-04
1.91500000000000e+00 1.68357946591523e+00 1.68388356209650e+00 3.04096181268809e-04
1.92000000000000e+00 1.72563978166646e+00 1.72595059347097e+00 3.10811804510314e-04
1.92500000000000e+00 1.76911173819482e+00 1.76942873595353e+00 3.16997758709858e-04
1.93000000000000e+00 1.81377349464776e+00 1.81409624304787e+00 3.22748400111372e-04
1.93500000000000e+00 1.85939597414114e+00 1.85972409271723e+00 3.28118576084391e-04
1.94000000000000e+00 1.90574427671833e+00 1.90607738794082e+00 3.33111222488469e-04
1.94500000000000e+00 1.95257912008192e+00 1.95291679348017e+00 3.37673398246752e-04
1.95000000000000e+00 1.99965829869513e+00 2.00000000000000e+00 3.41701304870545e-04
1.95500000000000e+00 2.04673815302086e+00 2.04708320651983e+00 3.45053498975290e-04
1.96000000000000e+00 2.09357504175440e+00 2.09392261205918e+00 3.47570304780831e-04
1.96500000000000e+00 2.13992681073758e+00 2.14027590728277e+00 3.49096545190442e-04
1.97000000000000e+00 2.18555425269253e+00 2.18590375695213e+00 3.49504259594902e-04
1.97500000000000e+00 2.23022255192593e+00 2.23057126404646e+00 3.48712120535666e-04
1.98000000000000e+00 2.27370270774622e+00 2.27404940652903e+00 3.46698782805355e-04
1.98500000000000e+00 2.31577292959273e+00 2.31611643790350e+00 3.43508310767682e-04
1.99000000000000e+00 2.35621999593765e+00 2.35655924292839e+00 3.39246990739728e-04
1.99500000000000e+00 2.39484056806211e+00 2.39517464013388e+00 3.34072071769054e-04
2.00000000000000e+00 2.43144244900323e+00 2.43177062311339e+00 3.28174110161505e-04
2.00500000000000e+00 2.46584577747748e+00 2.46616753293972e+00 3.21755462237672e-04
2.01000000000000e+00 2.49788414652079e+00 2.49819915448034e+00 3.15007959545088e-04
2.01500000000000e+00 2.52740563700210e+00 2.52771372985530e+00 3.08092853201103e-04
2.02000000000000e+00 2.55427375705824e+00 2.55457488279245e+00 3.01125734209151e-04
2.02500000000000e+00 2.57836827979268e+00 2.57866244818359e+00 2.94168390914340e-04
2.03000000000000e+00 2.59958597316297e+00 2.59987320173000e+00 2.87228567029008e-04
2.03500000000000e+00 2.61784121770255e+00 2.61812148518152e+00 2.80267478977692e-04
2.04000000000000e+00 2.63306650942295e+00 2.63333972331718e+00 2.73213894227631e-04
2.04500000000000e+00 2.64521284677840e+00 2.64547882948272e+00 2.65982704315437e-04
2.05000000000000e+00 2.65425000182787e+00 2.65450849718747e+00 2.58495359605426e-04
2.05500000000000e+00 2.66016667663174e+00 2.66041737596564e+00 2.50699333895543e-04
2.06000000000000e+00 2.66297054644812e+00 2.66321313042021e+00 2.42583972092536e-04
2.06500000000000e+00 2.66268819148115e+00 2.66292238208847e+00 2.34190607315110e-04
2.07000000000000e+00 2.65936491885489e+00 2.65959053448992e+00 2.25615635030874e-04
2.07500000000000e+00 2.65306447625001e+00 2.65328148243819e+00 2.17006188181212e-04
2.08000000000000e+00 2.64386865837268e+00 2.64407720741157e+00 2.08549038893668e-04
2.08500000000000e+00 2.63187680724905e+00 2.63207726147960e+00 2.00454230551816e-04
2.09000000000000e+00 2.61720520736382e+00 2.61739814297001e+00 1.92935606192268e-04
2.09500000000000e+00 2.59998637696339e+00 2.60017256772797e+00 1.86190764585703e-04
2.10000000000000e+00 2.58036825745948e+00 2.58054864046305e+00 1.80383003568707e-04
2.10500000000000e+00 2.55851330378961e+00 2.55868893129538e+00 1.75627505769160e-04
2.11000000000000e+00 2.53459747976544e+00 2.53476946319710e+00 1.71983431654255e-04
2.11500000000000e+00 2.50880916378103e+00 2.50897861657418e+00 1.69452793147951e-04
2.12000000000000e+00 2.48134797165094e+00 2.48151595774496e+00 1.67986094019135e-04
2.12500000000000e+00 2.45242350468135e+00 2.45259099854052e+00 1.67493859166701e-04
2.13000000000000e+00 2.42225403223384e+00 2.42242189467697e+00 1.67862443134936e-04
2.13500000000000e+00 2.39106511892605e+00 2.39123409092702e+00 1.68972000972989e-04
2.14000000000000e+00 2.35908820716652e+00 2.35925892144618e+00 1.70714279662310e-04
2.14500000000000e+00 2.32655916591800e+00 2.32673217388556e+00 1.73007967565919e-04
2.15000000000000e+00 2.29371681644251e+00 2.29389262614624e+00 1.75809703724106e-04
2.15500000000000e+00 2.26080144535560e+00 2.26098056479902e+00 1.79119443421971e-04
2.16000000000000e+00 2.22805331468657e+00 2.22823629430637e+00 1.82979619804957e-04
2.16500000000000e+00 2.19571117790525e+00 2.19589864623990e+00 1.87468334654994e-04
2.17000000000000e+00 2.16401081013266e+00 2.16420349768687e+00 1.92687554207538e-04
2.17500000000000e+00 2.13318356009571e+00 2.13338230798255e+00 1.98747886832606e-04
2.18000000000000e+00 2.10345493088355e+00 2.10366068279205e+00 2.05751908497476e-04
2.18500000000000e+00 2.07504319625979e+00 2.07525697439691e+00 2.13778137128084e-04
2.19000000000000e+00 2.04815805918811e+00 2.04838092681811e+00 2.22867629999346e-04
2.19500000000000e+00 2.02299935931961e+00 2.02323237413107e+00 2.33014811452215e-04
2.20000000000000e+00 1.99975583641612e+00 2.00000000000000e+00 2.44163583878354e-04
2.20500000000000e+00 1.97860395697654e+00 1.97886016608158e+00 2.56209105037764e-04
2.21000000000000e+00 1.95970681160931e+00 1.95997581652323e+00 2.69004913927340e-04
2.21500000000000e+00 1.94321309087093e+00 1.94349546531226e+00 2.82374441325617e-04
2.22000000000000e+00 1.92925614729399e+00 1.92955227272105e+00 2.96125427059701e-04
2.22500000000000e+00 1.91795315110130e+00 1.91826321654437e+00 3.10065443069441e-04
2.23000000000000e+00 1.90940434661428e+00 1.90972836324032e+00 3.24016626033652e-04
2.23500000000000e+00 1.90369241560821e+00 1.90403024347033e+00 3.37827862116447e-04
2.24000000000000e+00 1.90088195287064e+00 1.90123333589028e+00 3.51383019632223e-04
2.24500000000000e+00 1.90101905803052e+00 1.90138366237698e+00 3.64604346462682e-04
2.25000000000000e+00 1.90413104641588e+00 1.90450849718747e+00 3.77450771594123e-04
2.25500000000000e+00 1.91022628034922e+00 1.91061619184595e+00 3.89911496729400e-04
2.26000000000000e+00 1.91929412098580e+00 1.91969611683971e+00 4.01995853914539e-04
2.26500000000000e+00 1.93130499961956e+00 1.93171872048530e+00 4.13720865740430e-04
2.27000000000000e+00 1.94621060638419e+00 1.94663570460343e+00 4.25098219238196e-04
2.27500000000000e+00 1.96394419350158e+00 1.96438031592140e+00 4.36122419821272e-04
2.28000000000000e+00 1.98442098968632e+00 1.98486775140779e+00 4.46761721463851e-04
2.28500000000000e+00 2.00753872198603e+00 2.00799567504205e+00 4.56953056023224e-04
2.29000000000000e+00 2.03317824117819e+00 2.03364484283446e+00 4.66601656264221e-04
2.29500000000000e+00 2.06120424679355e+00 2.06167983224433e+00 4.75585450776528e-04
2.30000000000000e+00 2.09146610781677e+00 2.09194987150091e+00 4.83763684137717e-04
2.30500000000000e+00 2.12379877505322e+00 2.12428976371522e+00 4.90988661990599e-04
2.31000000000000e+00 2.15802378097681e+00 2.15852090008677e+00 4.97119109961641e-04
2.31500000000000e+00 2.19395032253815e+00 2.19445235595975e+00 5.02033421600157e-04
2.32000000000000e+00 2.23137642189056e+00 2.23188206297221e+00 5.05641081656627e-04
2.32500000000000e+00 2.27009015928536e+00 2.27059805007310e+00 5.07890787736276e-04
2.33000000000000e+00 2.30987097153136e+00 2.31037974575665e+00 5.08774225291386e-04
2.33500000000000e+00 2.35049100846390e+00 2.35099933348698e+00 5.08325023079070e-04
2.34000000000000e+00 2.39171653890386e+00 2.39222315195699e+00 5.06613053130600e-04
2.34500000000000e+00 2.43330939669299e+00 2.43381313154985e+00 5.03734856861726e-04
2.35000000000000e+00 2.47502845665411e+00 2.47552825814758e+00 4.99801493469842e-04
2.35500000000000e+00 2.51663112981541e+00 2.51712605526309e+00 4.94925447673822e-04
2.36000000000000e+00 2.55787486700544e+00 2.55836407535858e+00 4.89208353143145e-04
2.36500000000000e+00 2.59851865998947e+00 2.59900139115685e+00 4.82731167377182e-04
2.37000000000000e+00 2.63832452966334e+00 2.63880007775179e+00 4.75548088451738e-04
2.37500000000000e+00 2.67705899140018e+00 2.67752667638138e+00 4.67684981202865e-04
2.38000000000000e+00 2.71449448838662e+00 2.71495363083914e+00 4.59142452519767e-04
2.38500000000000e+00 2.75041078459764e+00 2.75086068766886e+00 4.49903071212177e-04
2.39000000000000e+00 2.78459630985224e+00 2.78503625151058e+00 4.39941658336274e-04
2.39500000000000e+00 2.81684945008297e+00 2.81727868724248e+00 4.29237159505824e-04
2.40000000000000e+00 2.84697977648220e+00 2.84739756089084e+00 4.17784408643040e-04
2.40500000000000e+00 2.87480920752893e+00 2.87521481165829e+00 4.05604129362303e-04
2.41000000000000e+00 2.90017309805912e+00 2.90056584784471e+00 3.92749785592006e-04
2.41500000000000e+00 2.92292124955874e+00 2.92330055990463e+00 3.79310345895778e-04
2.42000000000000e+00 2.94291883579879e+00 2.94328424439572e+00 3.65408596930905e-04
2.42500000000000e+00 2.96004723787451e+00 2.96039843312221e+00 3.51195247694225e-04
2.43000000000000e+00 2.97420478273915e+00 2.97454162236171e+00 3.36839622563812e-04
2.43500000000000e+00 2.98530737950735e+00 2.98562989767982e+00 3.22518172470865e-04
2.44000000000000e+00 2.99328904819345e+00 2.99359745048043e+00 3.08402286980591e-04
2.44500000000000e+00 2.99810233616869e+00 2.99839698310739e+00 2.94646938706400e-04
2.45000000000000e+00 2.99971861846048e+00 3.00000000000000e+00 2.81381539521064e-04
2.45500000000000e+00 2.99812827904264e+00 2.99839698310739e+00 2.68704064755099e-04
2.46000000000000e+00 2.99334077142175e+00 2.99359745048044e+00 2.56679058686871e-04
2.46500000000000e+00 2.98538455804524e+00 2.98562989767982e+00 2.45339634588060e-04
2.47000000000000e+00 2.97430692927002e+00 2.97454162236171e+00 2.34693091689220e-04
2.47500000000000e+00 2.96017370377303e+00 2.96039843312221e+00 2.24729349175945e-04
2.48000000000000e+00 2.94306881330450e+00 2.94328424439572e+00 2.15431091223905e-04
2.48500000000000e+00 2.92309377554889e+00 2.92330055990464e+00 2.06784355749612e-04
2.49000000000000e+00 2.90036705955115e+00 2.90056584784471e+00 1.98788293566121e-04
2.49500000000000e+00 2.87502334869387e+00 2.87521481165830e+00 1.91462964429512e-04
2.50000000000000e+00 2.84721270659297e+00 2.84739756089084e+00 1.84854297871517e-04
2.50500000000000e+00 2.81709965154986e+00 2.81727868724248e+00 1.79035692620566e-04
2.51000000000000e+00 2.78486214539401e+00 2.78503625151058e+00 1.74106116571426e-04
2.51500000000000e+00 2.75069050271389e+00 2.75086068766886e+00 1.70184954966679e-04
2.52000000000000e+00 2.71478622664180e+00 2.71495363083915e+00 1.67404197351839e-04
2.52500000000000e+00 2.67736077756099e+00 2.67752667638138e+00 1.65898820398969e-04
2.53000000000000e+00 2.63863428136104e+00 2.63880007775179e+00 1.65796390749762e-04
2.53500000000000e+00 2.59883418418946e+00 2.59900139115685e+00 1.67206967390587e-04
2.54000000000000e+00 2.55819386103134e+00 2.55836407535859e+00 1.70214327247287e-04
2.54500000000000e+00 2.51695118588283e+00 2.51712605526309e+00 1.74869380259235e-04
2.55000000000000e+00 2.47534707174574e+00 2.47552825814758e+00 1.81186401833067e-04
2.55500000000000e+00 2.43362398913334e+00 2.43381313154985e+00 1.89142416514798e-04
2.56000000000000e+00 2.39202447220937e+00 2.39222315195700e+00 1.98679747628105e-04
2.56500000000000e+00 2.35078962205301e+00 2.35099933348698e+00 2.09711433979187e-04
2.57000000000000e+00 2.31015761682030e+00 2.31037974575666e+00 2.22128936352650e-04
2.57500000000000e+00 2.27036223873502e+00 2.27059805007310e+00 2.35811338078040e-04
2.58000000000000e+00 2.23163142786702e+00 2.23188206297222e+00 2.50635105194519e-04
2.58500000000000e+00 2.19418587253570e+00 2.19445235595975e+00 2.66483424049113e-04
2.59000000000000e+00 2.15823764590516e+00 2.15852090008678e+00 2.83254181611348e-04
2.59500000000000e+00 2.12398889792384e+00 2.12428976371522e+00 3.00865791375671e-04
2.60000000000000e+00 2.09163061121773e+00 2.09194987150091e+00 3.19260283184519e-04
2.60500000000000e+00 2.06134142889573e+00 2.06167983224433e+00 3.38403348603133e-04
2.61000000000000e+00 2.03328656149426e+00 2.03364484283446e+00 3.58281340197664e-04
2.61500000000000e+00 2.00761677950807e+00 2.00799567504205e+00 3.78895533984291e-04
2.62000000000000e+00 1.98446749715756e+00 1.98486775140779e+00 4.00254250224386e-04
2.62500000000000e+00 1.96395795226146e+00 1.96438031592140e+00 4.22363659946079e-04
2.63000000000000e+00 1.94619048634486e+00 1.94663570460343e+00 4.45218258573021e-04
2.63500000000000e+00 1.93124992843924e+00 1.93171872048530e+00 4.68792046053768e-04
2.64000000000000e+00 1.91920308543464e+00 1.91969611683971e+00 4.93031405076838e-04
2.64500000000000e+00 1.91009834132970e+00 1.91061619184595e+00 5.17850516251972e-04
2.65000000000000e+00 1.90396536728510e+00 1.90450849718747e+00 5.43129902372153e-04
2.65500000000000e+00 1.90081494400178e+00 1.90138366237698e+00 5.68718375202781e-04
2.66000000000000e+00 1.90063889759236e+00 1.90123333589028e+00 5.94438297920830e-04
2.66500000000000e+00 1.90341014975866e+00 1.90403024347033e+00 6.20093711667380e-04
2.67000000000000e+00 1.90908288269475e+00 1.90972836324032e+00 6.45480545562904e-04
2.67500000000000e+00 1.91759281866995e+00 1.91826321654437e+00 6.70397874426909e-04
2.68000000000000e+00 1.92885761368056e+00 1.92955227272105e+00 6.94659040485046e-04
2.68500000000000e+00 1.94277736387589e+00 1.94349546531226e+00 7.18101436370411e-04
2.69000000000000e+00 1.95923522265718e+00 1.95997581652323e+00 7.40593866049410e-04
2.69500000000000e+00 1.97809812543118e+00 1.97886016608158e+00 7.62040650393869e-04
2.70000000000000e+00 1.99921761799886e+00 2.00000000000000e+00 7.82382001137005e-04
2.70500000000000e+00 2.02243078351808e+00 2.02323237413106e+00 8.01590612988790e-04
2.71000000000000e+00 2.04756126194878e+00 2.04838092681811e+00 8.19664869327053e-04
2.71500000000000e+00 2.07442035492893e+00 2.07525697439691e+00 8.36619467984079e-04
2.72000000000000e+00 2.10280820819490e+00 2.10366068279205e+00 8.52474597148767e-04
2.72500000000000e+00 2.13251506299811e+00 2.13338230798255e+00 8.67244984439797e-04
2.73000000000000e+00 2.16332256751222e+00 2.16420349768687e+00 8.80930174647077e-04
2.73500000000000e+00 2.19500513898328e+00 2.19589864623990e+00 8.93507256618964e-04
2.74000000000000e+00 2.22733136733721e+00 2.22823629430637e+00 9.04926969159003e-04
2.74500000000000e+00 2.26006545109357e+00 2.26098056479902e+00 9.15113705452164e-04
2.75000000000000e+00 2.29296865669070e+00 2.29389262614624e+00 9.23969455540519e-04
2.75500000000000e+00 2.32580079264569e+00 2.32673217388556e+00 9.31381239869022e-04
2.76000000000000e+00 2.35832169029022e+00 2.35925892144618e+00 9.37231155964113e-04
2.76500000000000e+00 2.39029268308527e+00 2.39123409092702e+00 9.41407841750674e-04
2.77000000000000e+00 2.42147807668331e+00 2.42242189467697e+00 9.43817993656282e-04
2.77500000000000e+00 2.45164660195489e+00 2.45259099854052e+00 9.44396585624396e-04
2.78000000000000e+00 2.48057284313260e+00 2.48151595774496e+00 9.43114612353746e-04
2.78500000000000e+00 2.50803863307322e+00 2.50897861657418e+00 9.39983500962249e-04
2.79000000000000e+00 2.53383440744311e+00 2.53476946319709e+00 9.35055753980674e-04
2.79500000000000e+00 2.55776050944859e+00 2.55868893129538e+00 9.28421846784211e-04
2.80000000000000e+00 2.57962843661935e+00 2.58054864046305e+00 9.20203843695955e-04
2.80500000000000e+00 2.59926202116431e+00 2.60017256772797e+00 9.10546563666514e-04
2.81000000000000e+00 2.61649853559443e+00 2.61739814297001e+00 8.99607375578260e-04
2.81500000000000e+00 2.63118971567043e+00 2.63207726147960e+00 8.87545809170387e-04
2.82000000000000e+00 2.64320269328657e+00 2.64407720741157e+00 8.74514125000392e-04
2.82500000000000e+00 2.65242083262849e+00 2.65328148243819e+00 8.60649809698799e-04
2.83000000000000e+00 2.65874446380887e+00 2.65959053448992e+00 8.46070681045585e-04
2.83500000000000e+00 2.66209150914520e+00 2.66292238208847e+00 8.30872943263117e-04
2.84000000000000e+00 2.66239799824814e+00 2.66321313042021e+00 8.15132172075739e-04
2.84500000000000e+00 2.65961846908886e+00 2.66041737596564e+00 7.98906876782635e-04
2.85000000000000e+00 2.65372625316696e+00 2.65450849718747e+00 7.82244020512302e-04
2.85500000000000e+00 2.64471364377635e+00 2.64547882948272e+00 7.65185706365301e-04
2.86000000000000e+00 2.63259194714850e+00 2.63333972331719e+00 7.47776168686265e-04
2.86500000000000e+00 2.61739141693726e+00 2.61812148518152e+00 7.30068244268800e-04
2.87000000000000e+00 2.59916107310634e+00 2.59987320173000e+00 7.12128623660657e-04
2.87500000000000e+00 2.57796840680914e+00 2.57866244818360e+00 6.94041374452947e-04
2.88000000000000e+00 2.55389897333528e+00 2.55457488279246e+00 6.75909457181323e-04
2.88500000000000e+00 2.52705587566574e+00 2.52771372985530e+00 6.57854189558549e-04
2.89000000000000e+00 2.49755914165249e+00 2.49819915448034e+00 6.40012827849201e-04
2.89500000000000e+00 2.46554499833629e+00 2.46616753293972e+00 6.22534603431646e-04
2.90000000000000e+00 2.43116504745034e+00 2.43177062311339e+00 6.05575663050306e-04
2.90500000000000e+00 2.39458534672486e+00 2.39517464013388e+00 5.89293409023028e-04
2.91000000000000e+00 2.35598540220457e+00 2.35655924292839e+00 5.73840723818719e-04
2.91500000000000e+00 2.31555707740018e+00 2.31611643790350e+00 5.59360503316064e-04
2.92000000000000e+00 2.27350342569755e+00 2.27404940652904e+00 5.45980831486936e-04
2.92500000000000e+00 2.23003745302316e+00 2.23057126404647e+00 5.33811023310626e-04
2.93000000000000e+00 2.18538081829130e+00 2.18590375695213e+00 5.22938660834527e-04
2.93500000000000e+00 2.13976247962066e+00 2.14027590728278e+00 5.13427662115262e-04
2.94000000000000e+00 2.09341729469596e+00 2.09392261205918e+00 5.05317363224567e-04
2.94500000000000e+00 2.04658458395887e+00 2.04708320651984e+00 4.98622560967554e-04
2.95000000000000e+00 1.99950666554534e+00 2.00000000000000e+00 4.93334454664041e-04
2.95500000000000e+00 1.95242737105047e+00 1.95291679348017e+00 4.89422429697628e-04
2.96000000000000e+00 1.90559055130809e+00 1.90607738794082e+00 4.86836632734189e-04
2.96500000000000e+00 1.85923858143144e+00 1.85972409271723e+00 4.85511285787998e-04
2.97000000000000e+00 1.81361087438267e+00 1.81409624304787e+00 4.85368665199548e-04
2.97500000000000e+00 1.76894241232646e+00 1.76942873595354e+00 4.86323627076235e-04
2.98000000000000e+00 1.72546230497649e+00 1.72595059347097e+00 4.88288494479461e-04
2.98500000000000e+00 1.68339238405513e+00 1.68388356209651e+00 4.91178041375884e-04
2.99000000000000e+00 1.64294584284409e+00 1.64344075707161e+00 4.94914227521681e-04
2.99500000000000e+00 1.60432592959207e+00 1.60482535986612e+00 4.99430274049972e-04
3.00000000000000e+00 1.56772470324747e+00 1.56822937688661e+00 5.04673639140751e-04
3.00500000000000e+00 1.53332185958766e+00 1.53383246706028e+00 5.10607472619329e-04
3.01000000000000e+00 1.50128363531208e+00 1.50180084551966e+00 5.17210207582997e-04
3.01500000000000e+00 1.47176179705613e+00 1.47228627014470e+00 5.24473088564514e-04
3.02000000000000e+00 1.44489272157501e+00 1.44542511720755e+00 5.32395632531601e-04
3.02500000000000e+00 1.42079657256248e+00 1.42133755181641e+00 5.40979253928375e-04
3.03000000000000e+00 1.39957657873634e+00 1.40012679827000e+00 5.50219533655083e-04
3.03500000000000e+00 1.38131841697606e+00 1.38187851481848e+00 5.60097842412066e-04
3.04000000000000e+00 1.36608970347444e+00 1.36666027668282e+00 5.70573208380942e-04
3.04500000000000e+00 1.35393959510133e+00 1.35452117051728e+00 5.81575415952829e-04
3.05000000000000e+00 1.34489850250100e+00 1.34549150281253e+00 5.93000311521097e-04
3.05500000000000e+00 1.33897791587456e+00 1.33958262403436e+00 6.04708159801959e-04
3.06000000000000e+00 1.33617034393984e+00 1.33678686957979e+00 6.16525639943966e-04
3.06500000000000e+00 1.33644936620117e+00 1.33707761791153e+00 6.28251710357519e-04
3.07000000000000e+00 1.33976979837332e+00 1.34040946551008e+00 6.39667136766331e-04
3.07500000000000e+00 1.34606797054706e+00 1.34671851756181e+00 6.50547014748648e-04
3.08000000000000e+00 1.35526211740666e+00 1.35592279258843e+00 6.60675181769266e-04
3.08500000000000e+00 1.36725287945658e+00 1.36792273852040e+00 6.69859063821665e-04
3.09000000000000e+00 1.38192391373605e+00 1.38260185702999e+00 6.77943293936112e-04
3.09500000000000e+00 1.39914261185267e+00 1.39982743227203e+00 6.84820419354804e-04
3.10000000000000e+00 1.41876092233065e+00 1.41945135953695e+00 6.90437206299022e-04
3.10500000000000e+00 1.44061627324773e+00 1.44131106870462e+00 6.94795456886999e-04
3.11000000000000e+00 1.46453258995951e+00 1.46523053680290e+00 6.97946843397634e-04
3.11500000000000e+00 1.49032140144266e+00 1.49102138342582e+00 6.99981983163012e-04
3.12000000000000e+00 1.51778302751528e+00 1.51848404225504e+00 7.01014739759254e-04
3.12500000000000e+00 1.54670783801612e+00 1.54740900145948e+00 7.01163443360464e-04
3.13000000000000e+00 1.57687757405300e+00 1.57757810532302e+00 7.00531270029003e-04
3.13500000000000e+00 1.60806672076093e+00 1.60876590907298e+00 6.99188312051291e-04
3.14000000000000e+00 1.64004392071331e+00 1.64074107855382e+00 6.97157840504836e-04
3.14500000000000e+00 1.67257341723630e+00 1.67326782611444e+00 6.94408878135100e-04
3.15000000000000e+00 1.70541651736761e+00 1.70610737385376e+00 6.90856486154301e-04
3.15500000000000e+00 1.73833306500560e+00 1.73901943520098e+00 6.86370195378094e-04
3.16000000000000e+00 1.77108291579263e+00 1.77176370569363e+00 6.80789900998624e-04
3.16500000000000e+00 1.80342740631665e+00 1.80410135376010e+00 6.73947443442735e-04
3.17000000000000e+00 1.83513081113199e+00 1.83579650231313e+00 6.65691181139128e-04
3.17500000000000e+00 1.86596178174219e+00 1.86661769201745e+00 6.55910275267457e-04
3.18000000000000e+00 1.89569476194408e+00 1.89633931720795e+00 6.44555263867197e-04
3.18500000000000e+00 1.92411137374999e+00 1.92474302560309e+00 6.31651853102433e-04
3.19000000000000e+00 1.95100176750778e+00 1.95161907318189e+00 6.17305674114554e-04
3.19500000000000e+00 1.97616592892308e+00 1.97676762586893e+00 6.01696945857544e-04
3.20000000000000e+00 1.99941493461433e+00 2.00000000000000e+00 5.85065385671601e-04
3.20500000000000e+00 2.02057214680002e+00 2.02113983391842e+00 5.67687118403715e-04
3.21000000000000e+00 2.03947433693709e+00 2.04002418347677e+00 5.49846539680932e-04
3.21500000000000e+00 2.05597272778529e+00 2.05650453468774e+00 5.31806902449361e-04
3.22000000000000e+00 2.06993394359321e+00 2.07044772727895e+00 5.13783685740510e-04
3.22500000000000e+00 2.08124085894134e+00 2.08173678345563e+00 4.95924514290813e-04
3.23000000000000e+00 2.08979333820199e+00 2.09027163675968e+00 4.78298557686774e-04
3.23500000000000e+00 2.09550885946939e+00 2.09596975652967e+00 4.60897060282406e-04
3.24000000000000e+00 2.09832301899333e+00 2.09876666410972e+00 4.43645116396496e-04
3.24500000000000e+00 2.09818991439712e+00 2.09861633762302e+00 4.26423225901029e-04
3.25000000000000e+00 2.09508240704483e+00 2.09549150281253e+00 4.09095767697654e-04
3.25500000000000e+00 2.08899226564253e+00 2.08938380815405e+00 3.91542511521070e-04
3.26000000000000e+00 2.07993019436188e+00 2.08030388316029e+00 3.73688798406935e-04
3.26500000000000e+00 2.06792574938440e+00 2.06828127951470e+00 3.55530130301762e-04
3.27000000000000e+00 2.05302714778531e+00 2.05336429539657e+00 3.37147611257471e-04
3.27500000000000e+00 2.03530097219196e+00 2.03561968407860e+00 3.18711886640788e-04
3.28000000000000e+00 2.01483177381721e+00 2.01513224859221e+00 3.00474775001724e-04
3.28500000000000e+00 1.99172157548469e+00 1.99200432495795e+00 2.82749473260013e-04
3.29000000000000e+00 1.96608927535393e+00 1.96635515716554e+00 2.65881811609692e-04
3.29500000000000e+00 1.93806995143522e+00 1.93832016775567e+00 2.50216320449859e-04
3.30000000000000e+00 1.90781406683549e+00 1.90805012849909e+00 2.36061663595244e-04
3.30500000000000e+00 1.87548657611492e+00 1.87571023628479e+00 2.23660169867523e-04
3.31000000000000e+00 1.84126593419619e+00 1.84147909991323e+00 2.13165717038777e-04
3.31500000000000e+00 1.80534301090332e+00 1.80554764404025e+00 2.04633136933863e-04
3.32000000000000e+00 1.76791991627506e+00 1.76811793702778e+00 1.98020752723904e-04
3.32500000000000e+00 1.72920874409100e+00 1.72940194992690e+00 1.93205835901100e-04
3.33000000000000e+00 1.68943024330932e+00 1.68962025424335e+00 1.90010934035367e-04
3.33500000000000e+00 1.64881242907717e+00 1.64900066651302e+00 1.88237435853500e-04
3.34000000000000e+00 1.60758914639721e+00 1.60777684804301e+00 1.87701645796068e-04
3.34500000000000e+00 1.56599860024048e+00 1.56618686845015e+00 1.88268209666997e-04
3.35000000000000e+00 1.52428186580563e+00 1.52447174185243e+00 1.89876046791770e-04
3.35500000000000e+00 1.48268139176512e+00 1.48287394473692e+00 1.92552971798765e-04
3.36000000000000e+00 1.44143950785128e+00 1.44163592464142e+00 1.96416790135157e-04
3.36500000000000e+00 1.40079694624942e+00 1.40099860884315e+00 2.01662593725116e-04
3.37000000000000e+00 1.36099138427019e+00 1.36119992224821e+00 2.08537978026557e-04
3.37500000000000e+00 1.32225601397035e+00 1.32247332361862e+00 2.17309648266495e-04
3.38000000000000e+00 1.28481814304183e+00 1.28504636916086e+00 2.28226119026509e-04
3.38500000000000e+00 1.24889783057838e+00 1.24913931233114e+00 2.41481752768724e-04
3.39000000000000e+00 1.21470656133193e+00 1.21496374848942e+00 2.57187157493899e-04
3.39500000000000e+00 1.18244596274162e+00 1.18272131275752e+00 2.75350015901843e-04
3.40000000000000e+00 1.15230657020426e+00 1.15260243910916e+00 2.95868904901742e-04
3.40500000000000e+00 1.12446664751934e+00 1.12478518834171e+00 3.18540822364266e-04
3.41000000000000e+00 1.09909107091000e+00 1.09943415215529e+00 3.43081245285815e-04
3.41500000000000e+00 1.07633028622090e+00 1.07669944009537e+00 3.69153874467454e-04
3.42000000000000e+00 1.05631934960250e+00 1.05671575560428e+00 3.96406001781813e-04
3.42500000000000e+00 1.03917706206162e+00 1.03960156687779e+00 4.24504816169735e-04
3.43000000000000e+00 1.02500520764042e+00 1.02545837763829e+00 4.53169997872704e-04
3.43500000000000e+00 1.01388790372527e+00 1.01437010232018e+00 4.82198594903727e-04
3.44000000000000e+00 1.00589107021004e+00 1.00640254951957e+00 5.11479309528218e-04
3.44500000000000e+00 1.00106202212767e+00 1.00160301689261e+00 5.40994764930858e-04
3.45000000000000e+00 9.99429188131484e-01 1.00000000000000e+00 5.70811868516152e-04
3.45500000000000e+00 1.00100195505718e+00 1.00160301689261e+00 6.01061835423522e-04
3.46000000000000e+00 1.00577063690656e+00 1.00640254951956e+00 6.31912613004104e-04
3.46500000000000e+00 1.01370656509014e+00 1.01437010232018e+00 6.63537230035427e-04
3.47000000000000e+00 1.02476229571858e+00 1.02545837763829e+00 6.96081919710156e-04
3.47500000000000e+00 1.03887192914992e+00 1.03960156687779e+00 7.29637727875820e-04
3.48000000000000e+00 1.05595153683784e+00 1.05671575560427e+00 7.64218766432734e-04
3.48500000000000e+00 1.07589969069771e+00 1.07669944009536e+00 7.99749397651262e-04
3.49000000000000e+00 1.09859809059931e+00 1.09943415215529e+00 8.36061555974155e-04
3.49500000000000e+00 1.12391228608126e+00 1.12478518834171e+00 8.72902260443009e-04
3.50000000000000e+00 1.15169248884011e+00 1.15260243910915e+00 9.09950269043724e-04
3.50500000000000e+00 1.18177447286883e+00 1.18272131275752e+00 9.46839888687823e-04
3.51000000000000e+00 1.21398055922272e+00 1.21496374848942e+00 9.83189266700490e-04
3.51500000000000e+00 1.24812068222293e+00 1.24913931233114e+00 1.01863010821202e-03
3.52000000000000e+00 1.28399353345054e+00 1.28504636916085e+00 1.05283571031434e-03
3.52500000000000e+00 1.32138777915031e+00 1.32247332361861e+00 1.08554446830667e-03
3.53000000000000e+00 1.36008334569692e+00 1.36119992224821e+00 1.11657655128949e-03
3.53500000000000e+00 1.39985276664316e+00 1.40099860884315e+00 1.14584219998570e-03
3.54000000000000e+00 1.44046258365375e+00 1.44163592464141e+00 1.17334098765598e-03
3.54500000000000e+00 1.48167479242144e+00 1.48287394473691e+00 1.19915231547263e-03
3.55000000000000e+00 1.52324832355669e+00 1.52447174185242e+00 1.22341829573069e-03
3.55500000000000e+00 1.56494054752346e+00 1.56618686845015e+00 1.24632092668686e-03
3.56000000000000e+00 1.60650879203131e+00 1.60777684804300e+00 1.26805601169266e-03
3.56500000000000e+00 1.64771185993843e+00 1.64900066651302e+00 1.28880657458574e-03
3.57000000000000e+00 1.68831153569730e+00 1.68962025424335e+00 1.30871854604719e-03
3.57500000000000e+00 1.72807406868270e+00 1.72940194992690e+00 1.32788124420036e-03
3.58000000000000e+00 1.76677162235718e+00 1.76811793702778e+00 1.34631467060320e-03
3.58500000000000e+00 1.80418367909954e+00 1.80554764404025e+00 1.36396494070823e-03
3.59000000000000e+00 1.84009839158133e+00 1.84147909991322e+00 1.38070833189796e-03
3.59500000000000e+00 1.87431387274182e+00 1.87571023628478e+00 1.39636354295924e-03
3.60000000000000e+00 1.90663941759637e+00 1.90805012849909e+00 1.41071090272149e-03
3.60500000000000e+00 1.93689665122920e+00 1.93832016775567e+00 1.42351652647044e-03
3.61000000000000e+00 1.96492059829337e+00 1.96635515716554e+00 1.43455887217558e-03
3.61500000000000e+00 1.99056067010472e+00 1.99200432495795e+00 1.44365485323106e-03
3.62000000000000e+00 2.01368156593476e+00 2.01513224859221e+00 1.45068265744852e-03
3.62500000000000e+00 2.03416408536540e+00 2.03561968407860e+00 1.45559871319811e-03
3.63000000000000e+00 2.05190584858184e+00 2.05336429539657e+00 1.45844681472873e-03
3.63500000000000e+00 2.06682192129259e+00 2.06828127951470e+00 1.45935822210985e-03
3.64000000000000e+00 2.07884534064686e+00 2.08030388316029e+00 1.45854251342703e-03
3.64500000000000e+00 2.08792753816117e+00 2.08938380815405e+00 1.45626999287929e-03
3.65000000000000e+00 2.09403865537203e+00 2.09549150281253e+00 1.45284744049645e-03
3.65500000000000e+00 2.09716774780733e+00 2.09861633762302e+00 1.44858981568730e-03
3.66000000000000e+00 2.09732287301510e+00 2.09876666410972e+00 1.44379109462012e-03
3.66500000000000e+00 2.09453105888215e+00 2.09596975652967e+00 1.43869764752580e-03
3.67000000000000e+00 2.08883814936448e+00 2.09027163675968e+00 1.43348739520510e-03
3.67500000000000e+00 2.08030852604052e+00 2.08173678345563e+00 1.42825741511121e-03
3.68000000000000e+00 2.06902470554431e+00 2.07044772727895e+00 1.42302173464381e-03
3.68500000000000e+00 2.05508681484749e+00 2.05650453468774e+00 1.41771984024919e-03
3.69000000000000e+00 2.03861194839932e+00 2.04002418347677e+00 1.41223507745192e-03
3.69500000000000e+00 2.01973341313496e+00 2.02113983391842e+00 1.40642078345898e-03
3.70000000000000e+00 1.99859986913997e+00 2.00000000000000e+00 1.40013086003643e-03
3.70500000000000e+00 1.97537437513767e+00 1.97676762586894e+00 1.39325073126351e-03
3.71000000000000e+00 1.95023334880553e+00 1.95161907318189e+00 1.38572437636864e-03
3.71500000000000e+00 1.92336545214051e+00 1.92474302560309e+00 1.37757346257938e-03
3.72000000000000e+00 1.89497041167951e+00 1.89633931720795e+00 1.36890552843827e-03
3.72500000000000e+00 1.86525778241713e+00 1.86661769201745e+00 1.35990960032095e-03
3.73000000000000e+00 1.83444566292106e+00 1.83579650231313e+00 1.35083939207048e-03
3.73500000000000e+00 1.80275936765921e+00 1.80410135376010e+00 1.34198610089231e-03
3.74000000000000e+00 1.77043006120071e+00 1.77176370569363e+00 1.33364449291440e-03
3.74500000000000e+00 1.73769335800782e+00 1.73901943520098e+00 1.32607719316447e-03
3.75000000000000e+00 1.70478789122502e+00 1.70610737385376e+00 1.31948262874482e-03
3.75500000000000e+00 1.67195385433085e+00 1.67326782611444e+00 1.31397178358883e-03
3.76000000000000e+00 1.63943152076003e+00 1.64074107855382e+00 1.30955779378583e-03
3.76500000000000e+00 1.60745974850582e+00 1.60876590907298e+00 1.30616056716426e-03
3.77000000000000e+00 1.57627447902276e+00 1.57757810532303e+00 1.30362630027392e-03
3.77500000000000e+00 1.54610724212299e+00 1.54740900145948e+00 1.30175933649190e-03
3.78000000000000e+00 1.51718368060151e+00 1.51848404225504e+00 1.30036165353631e-03
3.78500000000000e+00 1.48972210966721e+00 1.49102138342582e+00 1.29927375860750e-03
3.79000000000000e+00 1.46393212660478e+00 1.46523053680291e+00 1.29841019812638e-03
3.79500000000000e+00 1.44001328529447e+00 1.44131106870462e+00 1.29778341015396e-03
3.80000000000000e+00 1.41815384828770e+00 1.41945135953695e+00 1.29751124925392e-03
3.80500000000000e+00 1.39852962626903e+00 1.39982743227203e+00 1.29780600299734e-03
3.81000000000000e+00 1.38130291128075e+00 1.38260185702999e+00 1.29894574924516e-03
3.81500000000000e+00 1.36662150650912e+00 1.36792273852040e+00 1.30123201128307e-03
3.82000000000000e+00 1.35461785224490e+00 1.35592279258843e+00 1.30494034352657e-03
3.82500000000000e+00 1.34540824532556e+00 1.34671851756181e+00 1.31027223625657e-03
3.83000000000000e+00 1.33909214833283e+00 1.34040946551008e+00 1.31731717724959e-03
3.83500000000000e+00 1.33575158528146e+00 1.33707761791153e+00 1.32603263007125e-03
3.84000000000000e+00 1.33545062249377e+00 1.33678686957979e+00 1.33624708601943e-03
3.84500000000000e+00 1.33823493656087e+00 1.33958262403436e+00 1.34768747349523e-03
3.85000000000000e+00 1.34413147523304e+00 1.34549150281253e+00 1.36002757949050e-03
3.85500000000000e+00 1.35314822102340e+00 1.35452117051728e+00 1.37294949387834e-03
3.86000000000000e+00 1.36527407035916e+00 1.36666027668282e+00 1.38620632365871e-03
3.86500000000000e+00 1.38047884234985e+00 1.38187851481848e+00 1.39967246862716e-03
3.87000000000000e+00 1.39871342987756e+00 1.40012679826999e+00 1.41336839243555e-03
3.87500000000000e+00 1.41991010130649e+00 1.42133755181640e+00 1.42745050991411e-03
3.88000000000000e+00 1.44398295377478e+00 1.44542511720754e+00 1.44216343275883e-03
3.88500000000000e+00 1.47082850960995e+00 1.47228627014469e+00 1.45776053474744e-03
3.89000000000000e+00 1.50032643752775e+00 1.50180084551966e+00 1.47440799190846e-03
3.89500000000000e+00 1.53234037220883e+00 1.53383246706028e+00 1.49209485145163e-03
3.90000000000000e+00 1.56671880214315e+00 1.56822937688661e+00 1.51057474345340e-03
3.90500000000000e+00 1.60329599845707e+00 1.60482535986612e+00 1.52936140904325e-03
3.91000000000000e+00 1.64189296775595e+00 1.64344075707161e+00 1.54778931565702e-03
3.91500000000000e+00 1.68231842878773e+00 1.68388356209650e+00 1.56513330876984e-03
3.92000000000000e+00 1.72436983242503e+00 1.72595059347097e+00 1.58076104594240e-03
3.92500000000000e+00 1.76783446125325e+00 1.76942873595353e+00 1.59427470028084e-03
3.93000000000000e+00 1.81249065196460e+00 1.81409624304787e+00 1.60559108326441e-03
3.93500000000000e+00 1.85810917479639e+00 1.85972409271722e+00 1.61491792083357e-03
3.94000000000000e+00 1.90445477709489e+00 1.90607738794081e+00 1.62261084592852e-03
3.94500000000000e+00 1.95128785652112e+00 1.95291679348016e+00 1.62893695904320e-03
3.95000000000000e+00 1.99836618430926e+00 2.00000000000000e+00 1.63381569074317e-03
3.95500000000000e+00 2.04544656670985e+00 2.04708320651983e+00 1.63663980997919e-03
3.96000000000000e+00 2.09228633063288e+00 2.09392261205918e+00 1.63628142629779e-03
3.96500000000000e+00 2.13864455920053e+00 2.14027590728278e+00 1.63134808225385e-03
3.97000000000000e+00 2.18428308384767e+00 2.18590375695213e+00 1.62067310446012e-03
3.97500000000000e+00 2.22896734551884e+00 2.23057126404647e+00 1.60391852762842e-03
3.98000000000000e+00 2.27246733864791e+00 2.27404940652903e+00 1.58206788112025e-03
3.98500000000000e+00 2.31455891293749e+00 2.31611643790350e+00 1.55752496600314e-03
3.99000000000000e+00 2.35502570114534e+00 2.35655924292839e+00 1.53354178305021e-03
3.99500000000000e+00 2.39366185564636e+00 2.39517464013388e+00 1.51278448752690e-03
4.00000000000000e+00 2.43027562534842e+00 2.43177062311338e+00 1.49499776496675e-03
