variables = x, value-predict, value-true, error
0.00000000000000e+00 2.43176135156092e+00 2.43177062311339e+00 9.27155246621680e-06
5.00000000000000e-03 2.46616714780974e+00 2.46616753293972e+00 3.85129979463272e-07
1.00000000000000e-02 2.49820311746247e+00 2.49819915448034e+00 3.96298213800605e-06
1.50000000000000e-02 2.52771722973868e+00 2.52771372985530e+00 3.49988337511320e-06
2.00000000000000e-02 2.55457514632898e+00 2.55457488279246e+00 2.63536524602870e-07
2.50000000000000e-02 2.57865916518308e+00 2.57866244818360e+00 3.28300051544161e-06
3.00000000000000e-02 2.59986784637668e+00 2.59987320173000e+00 5.35535331991355e-06
3.50000000000000e-02 2.61811621938799e+00 2.61812148518152e+00 5.26579353588019e-06
4.00000000000000e-02 2.63333638520882e+00 2.63333972331718e+00 3.33810836083970e-06
4.50000000000000e-02 2.64547829529239e+00 2.64547882948272e+00 5.34190327083905e-07
5.00000000000000e-02 2.65451050505951e+00 2.65450849718747e+00 2.00787203308295e-06
5.50000000000000e-02 2.66042074797685e+00 2.66041737596564e+00 3.37201121247688e-06
6.00000000000000e-02 2.66321623984363e+00 2.66321313042021e+00 3.10942341341658e-06
6.50000000000000e-02 2.66292368601155e+00 2.66292238208847e+00 1.30392308506089e-06
7.00000000000000e-02 2.65958901509616e+00 2.65959053448992e+00 1.51939375969690e-06
7.50000000000000e-02 2.65327689494725e+00 2.65328148243819e+00 4.58749093690258e-06
8.00000000000000e-02 2.64407009902842e+00 2.64407720741157e+00 7.10838315010065e-06
8.50000000000000e-02 2.63206878671575e+00 2.63207726147960e+00 8.47476384580048e-06
9.00000000000000e-02 2.61738974458965e+00 2.61739814297001e+00 8.39838036048590e-06
9.50000000000000e-02 2.60016561363048e+00 2.60017256772797e+00 6.95409749518205e-06
1.00000000000000e-01 2.58054410498117e+00 2.58054864046305e+00 4.53548188117381e-06
1.05000000000000e-01 2.55868718898706e+00 2.55868893129538e+00 1.74230831673228e-06
1.10000000000000e-01 2.53477023126911e+00 2.53476946319709e+00 7.68072017987009e-07
1.15000000000000e-01 2.50898104659851e+00 2.50897861657418e+00 2.43002432931405e-06
1.20000000000000e-01 2.48151884574814e+00 2.48151595774496e+00 2.88800318193339e-06
1.25000000000000e-01 2.45259306054373e+00 2.45259099854052e+00 2.06200321128946e-06
1.30000000000000e-01 2.42242204554205e+00 2.42242189467697e+00 1.50865079540097e-07
1.35000000000000e-01 2.39123166839488e+00 2.39123409092702e+00 2.42253214022270e-06
1.40000000000000e-01 2.35925381250545e+00 2.35925892144618e+00 5.10894073135759e-06
1.45000000000000e-01 2.32672482314777e+00 2.32673217388556e+00 7.35073779400963e-06
1.50000000000000e-01 2.29388393077833e+00 2.29389262614624e+00 8.69536790437664e-06
1.55000000000000e-01 2.26097168279207e+00 2.26098056479902e+00 8.88200695126073e-06
1.60000000000000e-01 2.22822840835176e+00 2.22823629430637e+00 7.88595461020947e-06
1.65000000000000e-01 2.19589273174196e+00 2.19589864623990e+00 5.91449794251631e-06
1.70000000000000e-01 2.16420013990796e+00 2.16420349768687e+00 3.35777891091738e-06
1.75000000000000e-01 2.13338160134678e+00 2.13338230798255e+00 7.06635763236818e-07
1.80000000000000e-01 2.10366222783204e+00 2.10366068279205e+00 1.54503998883726e-06
1.85000000000000e-01 2.07525996843329e+00 2.07525697439691e+00 2.99403637393780e-06
1.90000000000000e-01 2.04838432701339e+00 2.04838092681811e+00 3.40019528444202e-06
1.95000000000000e-01 2.02323509920579e+00 2.02323237413107e+00 2.72507472631744e-06
2.00000000000000e-01 2.00000113159157e+00 2.00000000000000e+00 1.13159156578391e-06
2.05000000000000e-01 1.97885911294803e+00 1.97886016608158e+00 1.05313354659131e-06
2.10000000000000e-01 1.95997241359237e+00 1.95997581652323e+00 3.40293086553700e-06
2.15000000000000e-01 1.94348999286590e+00 1.94349546531226e+00 5.47244635829003e-06
2.20000000000000e-01 1.92954539605453e+00 1.92955227272105e+00 6.87666651710828e-06
2.25000000000000e-01 1.91825586043492e+00 1.91826321654437e+00 7.35610945468146e-06
2.30000000000000e-01 1.90972154611000e+00 1.90972836324032e+00 6.81713032224529e-06
2.35000000000000e-01 1.90402490166792e+00 1.90403024347033e+00 5.34180240996385e-06
2.40000000000000e-01 1.90123016847940e+00 1.90123333589028e+00 3.16741087358352e-06
2.45000000000000e-01 1.90138302164545e+00 1.90138366237698e+00 6.40731535384020e-07
2.50000000000000e-01 1.90451034104876e+00 1.90450849718747e+00 1.84386128498915e-06
2.55000000000000e-01 1.91062010317858e+00 1.91061619184595e+00 3.91133263089039e-06
2.60000000000000e-01 1.91970138357165e+00 1.91969611683971e+00 5.26673194189975e-06
2.65000000000000e-01 1.93172446069065e+00 1.93171872048530e+00 5.74020534949149e-06
2.70000000000000e-01 1.94664101442459e+00 1.94663570460343e+00 5.30982115543033e-06
2.75000000000000e-01 1.96438441555544e+00 1.96438031592140e+00 4.09963404002234e-06
2.80000000000000e-01 1.98487010584080e+00 1.98486775140779e+00 2.35443300922178e-06
2.85000000000000e-01 2.00799607120869e+00 2.00799567504205e+00 3.96166639937690e-07
2.90000000000000e-01 2.03364341246332e+00 2.03364484283446e+00 1.43037114064271e-06
2.95000000000000e-01 2.06167701855224e+00 2.06167983224433e+00 2.81369208865456e-06
3.00000000000000e-01 2.09194634673826e+00 2.09194987150091e+00 3.52476264531276e-06
3.05000000000000e-01 2.12428631203684e+00 2.12428976371522e+00 3.45167837112470e-06
3.10000000000000e-01 2.15851828527505e+00 2.15852090008677e+00 2.61481172092459e-06
3.15000000000000e-01 2.19445119547901e+00 2.19445235595975e+00 1.16048074083608e-06
3.20000000000000e-01 2.23188272845775e+00 2.23188206297222e+00 6.65485528461573e-07
3.25000000000000e-01 2.27060060989809e+00 2.27059805007310e+00 2.55982499064444e-06
3.30000000000000e-01 2.31038395846038e+00 2.31037974575665e+00 4.21270372941152e-06
3.35000000000000e-01 2.35100469262296e+00 2.35099933348698e+00 5.35913597810023e-06
3.40000000000000e-01 2.39222897458608e+00 2.39222315195700e+00 5.82262908555009e-06
3.45000000000000e-01 2.43381867546200e+00 2.43381313154985e+00 5.54391215068506e-06
3.50000000000000e-01 2.47553284810550e+00 2.47552825814758e+00 4.58995792440575e-06
3.55000000000000e-01 2.51712919694980e+00 2.51712605526309e+00 3.14168671433634e-06
3.60000000000000e-01 2.55836553762532e+00 2.55836407535859e+00 1.46226673169991e-06
3.65000000000000e-01 2.59900124238468e+00 2.59900139115685e+00 1.48772171026934e-07
3.70000000000000e-01 2.63879866986890e+00 2.63880007775179e+00 1.40788289337834e-06
3.75000000000000e-01 2.67752457906171e+00 2.67752667638138e+00 2.09731967037996e-06
3.80000000000000e-01 2.71495152711998e+00 2.71495363083915e+00 2.10371916242735e-06
3.85000000000000e-01 2.75085924912691e+00 2.75086068766886e+00 1.43854195044923e-06
3.90000000000000e-01 2.78503601496041e+00 2.78503625151058e+00 2.36550166121674e-07
3.95000000000000e-01 2.81727995491356e+00 2.81727868724248e+00 1.26767108321602e-06
4.00000000000000e-01 2.84740034212071e+00 2.84739756089084e+00 2.78122986863139e-06
4.05000000000000e-01 2.87521881694027e+00 2.87521481165829e+00 4.00528197497252e-06
4.10000000000000e-01 2.90057053683187e+00 2.90056584784471e+00 4.68898715855204e-06
4.15000000000000e-01 2.92330523533346e+00 2.92330055990464e+00 4.67542882409688e-06
4.20000000000000e-01 2.94328817558503e+00 2.94328424439572e+00 3.93118930652747e-06
4.25000000000000e-01 2.96040098723467e+00 2.96039843312221e+00 2.55411246508075e-06
4.30000000000000e-01 2.97454237999473e+00 2.97454162236171e+00 7.57633012327119e-07
4.35000000000000e-01 2.98562873190101e+00 2.98562989767982e+00 1.16577881081881e-06
4.40000000000000e-01 2.99359455471748e+00 2.99359745048043e+00 2.89576295209315e-06
4.45000000000000e-01 2.99839284224941e+00 2.99839698310739e+00 4.14085798761121e-06
4.50000000000000e-01 2.99999530910208e+00 3.00000000000000e+00 4.69089792121125e-06
4.55000000000000e-01 2.99839252744661e+00 2.99839698310739e+00 4.45566078299819e-06
4.60000000000000e-01 2.99359396773539e+00 2.99359745048043e+00 3.48274504125001e-06
4.65000000000000e-01 2.98562794643951e+00 2.98562989767982e+00 1.95124031776572e-06
4.70000000000000e-01 2.97454148037055e+00 2.97454162236171e+00 1.41991162383448e-07
4.75000000000000e-01 2.96040004372632e+00 2.96039843312221e+00 1.61060411363323e-06
4.80000000000000e-01 2.94328722138309e+00 2.94328424439572e+00 2.97698736773100e-06
4.85000000000000e-01 2.92330425073649e+00 2.92330055990464e+00 3.69083185125518e-06
4.90000000000000e-01 2.90056944492538e+00 2.90056584784471e+00 3.59708066444142e-06
4.95000000000000e-01 2.87521749261521e+00 2.87521481165829e+00 2.68095691469128e-06
5.00000000000000e-01 2.84739863340604e+00 2.84739756089084e+00 1.07251519398943e-06
5.05000000000000e-01 2.81727771281898e+00 2.81727868724248e+00 9.74423494337628e-07
5.10000000000000e-01 2.78503312595714e+00 2.78503625151058e+00 3.12555344006427e-06
5.15000000000000e-01 2.75085566351507e+00 2.75086068766886e+00 5.02415378988985e-06
5.20000000000000e-01 2.71494727708147e+00 2.71495363083915e+00 6.35375768087698e-06
5.25000000000000e-01 2.67751978211026e+00 2.67752667638138e+00 6.89427112732233e-06
5.30000000000000e-01 2.63879351631382e+00 2.63880007775179e+00 6.56143797028719e-06
5.35000000000000e-01 2.59899596871351e+00 2.59900139115685e+00 5.42244334011954e-06
5.40000000000000e-01 2.55836039067032e+00 2.55836407535859e+00 3.68468826783541e-06
5.45000000000000e-01 2.51712439567630e+00 2.51712605526309e+00 1.65958678755018e-06
5.50000000000000e-01 2.47552855039771e+00 2.47552825814758e+00 2.92250134314997e-07
5.55000000000000e-01 2.43381495625596e+00 2.43381313154985e+00 1.82470611465035e-06
5.60000000000000e-01 2.39222581933631e+00 2.39222315195700e+00 2.66737931031713e-06
5.65000000000000e-01 2.35100200691905e+00 2.35099933348698e+00 2.67343207260851e-06
5.70000000000000e-01 2.31038159134224e+00 2.31037974575665e+00 1.84558559279679e-06
5.75000000000000e-01 2.27059838577185e+00 2.27059805007310e+00 3.35698747910840e-07
5.80000000000000e-01 2.23188048104850e+00 2.23188206297222e+00 1.58192371513266e-06
5.85000000000000e-01 2.19444879724225e+00 2.19445235595975e+00 3.55871750201686e-06
5.90000000000000e-01 2.15851566705679e+00 2.15852090008677e+00 5.23302998356456e-06
5.95000000000000e-01 2.12428347014570e+00 2.12428976371522e+00 6.29356951353799e-06
6.00000000000000e-01 2.09194333738762e+00 2.09194987150091e+00 6.53411328821463e-06
6.05000000000000e-01 2.06167394221015e+00 2.06167983224433e+00 5.89003417683642e-06
6.10000000000000e-01 2.03364039246612e+00 2.03364484283446e+00 4.45036833784940e-06
6.15000000000000e-01 2.00799323171741e+00 2.00799567504205e+00 2.44332463950059e-06
6.20000000000000e-01 1.98486755377945e+00 1.98486775140779e+00 1.97628339027034e-07
6.25000000000000e-01 1.96438222975715e+00 1.96438031592140e+00 1.91383575143256e-06
6.30000000000000e-01 1.94663924320916e+00 1.94663570460343e+00 3.53860573087950e-06
6.35000000000000e-01 1.93172312698418e+00 1.93171872048530e+00 4.40649888511224e-06
6.40000000000000e-01 1.91970049492351e+00 1.91969611683971e+00 4.37808380238103e-06
6.45000000000000e-01 1.91061966300021e+00 1.91061619184595e+00 3.47115426557743e-06
6.50000000000000e-01 1.90451035729460e+00 1.90450849718747e+00 1.86010712854845e-06
6.55000000000000e-01 1.90138350998766e+00 1.90138366237698e+00 1.52389321828039e-07
6.60000000000000e-01 1.90123114861467e+00 1.90123333589028e+00 2.18727561018817e-06
6.65000000000000e-01 1.90402638739583e+00 1.90403024347033e+00 3.85607449771008e-06
6.70000000000000e-01 1.90972353179420e+00 1.90972836324032e+00 4.83144611740371e-06
6.75000000000000e-01 1.91825830792483e+00 1.91826321654437e+00 4.90861954105526e-06
6.80000000000000e-01 1.92954822669100e+00 1.92955227272105e+00 4.04603004433568e-06
6.85000000000000e-01 1.94349308855743e+00 1.94349546531226e+00 2.37675482450683e-06
6.90000000000000e-01 1.95997562910948e+00 1.95997581652323e+00 1.87413754515475e-07
6.95000000000000e-01 1.97886229881737e+00 1.97886016608158e+00 2.13273579285911e-06
7.00000000000000e-01 2.00000416384458e+00 2.00000000000000e+00 4.16384458379326e-06
7.05000000000000e-01 2.02323790952587e+00 2.02323237413106e+00 5.53539480696585e-06
7.10000000000000e-01 2.04838692535588e+00 2.04838092681811e+00 5.99853777139003e-06
7.15000000000000e-01 2.07526245062311e+00 2.07525697439691e+00 5.47622619917476e-06
7.20000000000000e-01 2.10366476323822e+00 2.10366068279205e+00 4.08044616850844e-06
7.25000000000000e-01 2.13338440019784e+00 2.13338230798255e+00 2.09221529079429e-06
7.30000000000000e-01 2.16420340525575e+00 2.16420349768687e+00 9.24311200911632e-08
7.35000000000000e-01 2.19589660614775e+00 2.19589864623990e+00 2.04009215032386e-06
7.40000000000000e-01 2.22823292854190e+00 2.22823629430637e+00 3.36576447113046e-06
7.45000000000000e-01 2.26097675555328e+00 2.26098056479902e+00 3.80924574416852e-06
7.50000000000000e-01 2.29388933965763e+00 2.29389262614624e+00 3.28648860303815e-06
7.55000000000000e-01 2.32673026849451e+00 2.32673217388556e+00 1.90539105116017e-06
7.60000000000000e-01 2.35925897848636e+00 2.35925892144618e+00 5.70401788024810e-08
7.65000000000000e-01 2.39123630206791e+00 2.39123409092702e+00 2.21114089260510e-06
7.70000000000000e-01 2.42242602740399e+00 2.42242189467697e+00 4.13272701571543e-06
7.75000000000000e-01 2.45259644527224e+00 2.45259099854052e+00 5.44673171809507e-06
7.80000000000000e-01 2.48152185715869e+00 2.48151595774496e+00 5.89941373130287e-06
7.85000000000000e-01 2.50898402160335e+00 2.50897861657418e+00 5.40502917667496e-06
7.90000000000000e-01 2.53477352169381e+00 2.53476946319709e+00 4.05849671336611e-06
7.95000000000000e-01 2.55869104401413e+00 2.55868893129538e+00 2.11271875150132e-06
8.00000000000000e-01 2.58054856674780e+00 2.58054864046305e+00 7.37152472396474e-08
8.05000000000000e-01 2.60017046055890e+00 2.60017256772797e+00 2.10716907123043e-06
8.10000000000000e-01 2.61739450930887e+00 2.61739814297001e+00 3.63366114131125e-06
8.15000000000000e-01 2.63207285817904e+00 2.63207726147960e+00 4.40330056106220e-06
8.20000000000000e-01 2.64407289456451e+00 2.64407720741157e+00 4.31284706126078e-06
8.25000000000000e-01 2.65327806290941e+00 2.65328148243819e+00 3.41952878146756e-06
8.30000000000000e-01 2.65958860951956e+00 2.65959053448992e+00 1.92497035600425e-06
8.35000000000000e-01 2.66292224845617e+00 2.66292238208847e+00 1.33632292342867e-07
8.40000000000000e-01 2.66321473588558e+00 2.66321313042021e+00 1.60546536864814e-06
8.45000000000000e-01 2.66042033843244e+00 2.66041737596564e+00 2.96246679853951e-06
8.50000000000000e-01 2.65451218145296e+00 2.65450849718747e+00 3.68426548380540e-06
8.55000000000000e-01 2.64548246559718e+00 2.64547882948272e+00 3.63611446108081e-06
8.60000000000000e-01 2.63334254410052e+00 2.63333972331718e+00 2.82078334068459e-06
8.65000000000000e-01 2.61812285823298e+00 2.61812148518153e+00 1.37305145919697e-06
8.70000000000000e-01 2.59987273343731e+00 2.59987320173000e+00 4.68292691291339e-07
8.75000000000000e-01 2.57866004314726e+00 2.57866244818360e+00 2.40503634030276e-06
8.80000000000000e-01 2.55457075049665e+00 2.55457488279246e+00 4.13229580642493e-06
8.85000000000000e-01 2.52770833976362e+00 2.52771372985530e+00 5.39009168676330e-06
8.90000000000000e-01 2.49819314938012e+00 2.49819915448034e+00 6.00510021664391e-06
8.95000000000000e-01 2.46616161689040e+00 2.46616753293972e+00 5.91604931710066e-06
9.00000000000000e-01 2.43176544379955e+00 2.43177062311339e+00 5.17931383914316e-06
9.05000000000000e-01 2.39517068538434e+00 2.39517464013388e+00 3.95474954562047e-06
9.10000000000000e-01 2.35655676784411e+00 2.35655924292839e+00 2.47508427664300e-06
9.15000000000000e-01 2.31611543317705e+00 2.31611643790350e+00 1.00472644248839e-06
9.20000000000000e-01 2.27404961125066e+00 2.27404940652903e+00 2.04721626317905e-07
9.25000000000000e-01 2.23057221885804e+00 2.23057126404647e+00 9.54811575581971e-07
9.30000000000000e-01 2.18590488705771e+00 2.18590375695213e+00 1.13010558422388e-06
9.35000000000000e-01 2.14027662052554e+00 2.14027590728277e+00 7.13242767069744e-07
9.40000000000000e-01 2.09392239560742e+00 2.09392261205918e+00 2.16451762735659e-07
9.45000000000000e-01 2.04708170677999e+00 2.04708320651983e+00 1.49973984386875e-06
9.50000000000000e-01 1.99999707385381e+00 2.00000000000000e+00 2.92614619046283e-06
9.55000000000000e-01 1.95291252412054e+00 1.95291679348017e+00 4.26935962694053e-06
9.60000000000000e-01 1.90607206452663e+00 1.90607738794082e+00 5.32341419079430e-06
9.65000000000000e-01 1.85971815878933e+00 1.85972409271723e+00 5.93392789682845e-06
9.70000000000000e-01 1.81409022325870e+00 1.81409624304787e+00 6.01978916670021e-06
9.75000000000000e-01 1.76942315350815e+00 1.76942873595353e+00 5.58244538373387e-06
9.80000000000000e-01 1.72594589142825e+00 1.72595059347097e+00 4.70204271518782e-06
9.85000000000000e-01 1.68388004035567e+00 1.68388356209650e+00 3.52174082940415e-06
9.90000000000000e-01 1.64343853381236e+00 1.64344075707161e+00 2.22325924759126e-06
9.95000000000000e-01 1.60482436200569e+00 1.60482535986612e+00 9.97860430729247e-07
1.00000000000000e+00 1.56822935948319e+00 1.56822937688661e+00 1.74034229249997e-08
1.00500000000000e+00 1.53383305726171e+00 1.53383246706028e+00 5.90201434835791e-07
1.01000000000000e+00 1.50180160326214e+00 1.50180084551966e+00 7.57742479873258e-07
1.01500000000000e+00 1.47228675579053e+00 1.47228627014470e+00 4.85645832881687e-07
1.02000000000000e+00 1.44542495587735e+00 1.44542511720755e+00 1.61330198311660e-07
1.02500000000000e+00 1.42133648526851e+00 1.42133755181640e+00 1.06654789200356e-06
1.03000000000000e+00 1.40012471753599e+00 1.40012679827000e+00 2.08073400931319e-06
1.03500000000000e+00 1.38187546998086e+00 1.38187851481848e+00 3.04483761870422e-06
1.04000000000000e+00 1.36665646365792e+00 1.36666027668282e+00 3.81302489982360e-06
1.04500000000000e+00 1.35451689796103e+00 1.35452117051728e+00 4.27255624946277e-06
1.05000000000000e+00 1.34548714485367e+00 1.34549150281253e+00 4.35795886155610e-06
1.05500000000000e+00 1.33957856614635e+00 1.33958262403436e+00 4.05788801205453e-06
1.06000000000000e+00 1.33678345538366e+00 1.33678686957979e+00 3.41419612759353e-06
1.06500000000000e+00 1.33707510408110e+00 1.33707761791153e+00 2.51383043514686e-06
1.07000000000000e+00 1.34040799040316e+00 1.34040946551008e+00 1.47510692660724e-06
1.07500000000000e+00 1.34671808701150e+00 1.34671851756181e+00 4.30550308072597e-07
1.08000000000000e+00 1.35592328380249e+00 1.35592279258843e+00 4.91214065201362e-07
1.08500000000000e+00 1.36792392060610e+00 1.36792273852040e+00 1.18208569865885e-06
1.09000000000000e+00 1.38260342459864e+00 1.38260185702999e+00 1.56756864977403e-06
1.09500000000000e+00 1.39982904711559e+00 1.39982743227203e+00 1.61484356620001e-06
1.10000000000000e+00 1.41945269464382e+00 1.41945135953695e+00 1.33510686795013e-06
1.10500000000000e+00 1.44131184892342e+00 1.44131106870462e+00 7.80218798457355e-07
1.11000000000000e+00 1.46523057120469e+00 1.46523053680291e+00 3.44017809794650e-08
1.11500000000000e+00 1.49102058571095e+00 1.49102138342582e+00 7.97714876821232e-07
1.12000000000000e+00 1.51848243720443e+00 1.51848404225504e+00 1.60505061619354e-06
1.12500000000000e+00 1.54740671721951e+00 1.54740900145948e+00 2.28423997339355e-06
1.13000000000000e+00 1.57757535302289e+00 1.57757810532303e+00 2.75230014090688e-06
1.13500000000000e+00 1.60876295271354e+00 1.60876590907298e+00 2.95635943947659e-06
1.14000000000000e+00 1.64073819913403e+00 1.64074107855382e+00 2.87941979193462e-06
1.14500000000000e+00 1.67326528448640e+00 1.67326782611444e+00 2.54162803892122e-06
1.15000000000000e+00 1.70610537679170e+00 1.70610737385376e+00 1.99706205950001e-06
1.15500000000000e+00 1.73901810865989e+00 1.73901943520098e+00 1.32654109052943e-06
1.16000000000000e+00 1.77176307829785e+00 1.77176370569363e+00 6.27395779106976e-07
1.16500000000000e+00 1.80410135231709e+00 1.80410135376010e+00 1.44301304239036e-09
1.17000000000000e+00 1.83579695973511e+00 1.83579650231313e+00 4.57421977850814e-07
1.17500000000000e+00 1.86661836660785e+00 1.86661769201745e+00 6.74590394433849e-07
1.18000000000000e+00 1.89633992098115e+00 1.89633931720795e+00 6.03773198104562e-07
1.18500000000000e+00 1.92474325828961e+00 1.92474302560309e+00 2.32686520051928e-07
1.19000000000000e+00 1.95161865793185e+00 1.95161907318189e+00 4.15250041019277e-07
1.19500000000000e+00 1.97676634247141e+00 1.97676762586894e+00 1.28339753002749e-06
1.20000000000000e+00 1.99999771170593e+00 2.00000000000000e+00 2.28829407200593e-06
1.20500000000000e+00 2.02113650466361e+00 2.02113983391842e+00 3.32925481139057e-06
1.21000000000000e+00 2.04001988337613e+00 2.04002418347677e+00 4.30010064000896e-06
1.21500000000000e+00 2.05649943299957e+00 2.05650453468774e+00 5.10168816880707e-06
1.22000000000000e+00 2.07044207347596e+00 2.07044772727895e+00 5.65380299066831e-06
1.22500000000000e+00 2.08173087842948e+00 2.08173678345563e+00 5.90502614361554e-06
1.23000000000000e+00 2.09026579737090e+00 2.09027163675968e+00 5.83938878095935e-06
1.23500000000000e+00 2.09596427755537e+00 2.09596975652967e+00 5.47897430180910e-06
1.24000000000000e+00 2.09876178203313e+00 2.09876666410972e+00 4.88207659454787e-06
1.24500000000000e+00 2.09861220059303e+00 2.09861633762302e+00 4.13702998791621e-06
1.25000000000000e+00 2.09548815047776e+00 2.09549150281253e+00 3.35233476311814e-06
1.25500000000000e+00 2.08938116400058e+00 2.08938380815405e+00 2.64415346773461e-06
1.26000000000000e+00 2.08030176056806e+00 2.08030388316029e+00 2.12259222598377e-06
1.26500000000000e+00 2.06827940115009e+00 2.06828127951470e+00 1.87836460874280e-06
1.27000000000000e+00 2.05336232396149e+00 2.05336429539657e+00 1.97143507518760e-06
1.27500000000000e+00 2.03561726103034e+00 2.03561968407860e+00 2.42304825937012e-06
1.28000000000000e+00 2.01512903640701e+00 2.01513224859221e+00 3.21218520182853e-06
1.28500000000000e+00 1.99200004797271e+00 1.99200432495795e+00 4.27698523863818e-06
1.29000000000000e+00 1.96634963607555e+00 1.96635515716554e+00 5.52108998874701e-06
1.29500000000000e+00 1.93831334348538e+00 1.93832016775567e+00 6.82427029086163e-06
1.30000000000000e+00 1.90804207233669e+00 1.90805012849909e+00 8.05616239585305e-06
1.30500000000000e+00 1.87570114475224e+00 1.87571023628478e+00 9.09153254857742e-06
1.31000000000000e+00 1.84146927464901e+00 1.84147909991323e+00 9.82526421755558e-06
1.31500000000000e+00 1.80553745878781e+00 1.80554764404025e+00 1.01852524470036e-05
1.32000000000000e+00 1.76810779542525e+00 1.76811793702778e+00 1.01416025306555e-05
1.32500000000000e+00 1.72939223898264e+00 1.72940194992690e+00 9.71094425961105e-06
1.33000000000000e+00 1.68961129900102e+00 1.68962025424335e+00 8.95524232902289e-06
1.33500000000000e+00 1.64899269137272e+00 1.64900066651302e+00 7.97514030437263e-06
1.34000000000000e+00 1.60776994950230e+00 1.60777684804300e+00 6.89854070690110e-06
1.34500000000000e+00 1.56618100273575e+00 1.56618686845015e+00 5.86571439575856e-06
1.35000000000000e+00 1.52446672917733e+00 1.52447174185242e+00 5.01267508834502e-06
1.35500000000000e+00 1.48286948994495e+00 1.48287394473691e+00 4.45479196464760e-06
1.36000000000000e+00 1.44163165202725e+00 1.44163592464141e+00 4.27261416002800e-06
1.36500000000000e+00 1.40099410720147e+00 1.40099860884315e+00 4.50164167742351e-06
1.37000000000000e+00 1.36119479492215e+00 1.36119992224821e+00 5.12732605728594e-06
1.37500000000000e+00 1.32246723764573e+00 1.32247332361862e+00 6.08597288853652e-06
1.38000000000000e+00 1.28503909763992e+00 1.28504636916085e+00 7.27152093404904e-06
1.38500000000000e+00 1.24913076485933e+00 1.24913931233114e+00 8.54747180789595e-06
1.39000000000000e+00 1.21495398586528e+00 1.21496374848942e+00 9.76262413399098e-06
1.39500000000000e+00 1.18271054395682e+00 1.18272131275752e+00 1.07688007062734e-05
1.40000000000000e+00 1.15259100060675e+00 1.15260243910916e+00 1.14385024072572e-05
1.40500000000000e+00 1.12477350793353e+00 1.12478518834171e+00 1.16804081773392e-05
1.41000000000000e+00 1.09942270128550e+00 1.09943415215529e+00 1.14508697832694e-05
1.41500000000000e+00 1.07668868009878e+00 1.07669944009536e+00 1.07599965788463e-05
1.42000000000000e+00 1.05670608406558e+00 1.05671575560428e+00 9.67153869768644e-06
1.42500000000000e+00 1.03959327039013e+00 1.03960156687779e+00 8.29648766376145e-06
1.43000000000000e+00 1.02545159659809e+00 1.02545837763829e+00 6.78104019891101e-06
1.43500000000000e+00 1.01436481208806e+00 1.01437010232018e+00 5.29023211415236e-06
1.44000000000000e+00 1.00639856045053e+00 1.00640254951957e+00 3.98906903398277e-06
1.44500000000000e+00 1.00159999359350e+00 1.00160301689261e+00 3.02329910373267e-06
1.45000000000000e+00 9.99997497948633e-01 1.00000000000000e+00 2.50205136664849e-06
1.45500000000000e+00 1.00160053250267e+00 1.00160301689261e+00 2.48438993577516e-06
1.46000000000000e+00 1.00639957809678e+00 1.00640254951957e+00 2.97142278138374e-06
1.46500000000000e+00 1.01436619732320e+00 1.01437010232018e+00 3.90499698177393e-06
1.47000000000000e+00 1.02545320436542e+00 1.02545837763829e+00 5.17327286941871e-06
1.47500000000000e+00 1.03959494419881e+00 1.03960156687779e+00 6.62267898143831e-06
1.48000000000000e+00 1.05670768060872e+00 1.05671575560428e+00 8.07499555732782e-06
1.48500000000000e+00 1.07669009241009e+00 1.07669944009536e+00 9.34768527272034e-06
1.49000000000000e+00 1.09942387699317e+00 1.09943415215529e+00 1.02751621169350e-05
1.49500000000000e+00 1.12477445982184e+00 1.12478518834171e+00 1.07285198664986e-05
1.50000000000000e+00 1.15259180774949e+00 1.15260243910916e+00 1.06313596643925e-05
1.50500000000000e+00 1.18271134299936e+00 1.18272131275752e+00 9.96975816280887e-06
1.51000000000000e+00 1.21495495342304e+00 1.21496374848942e+00 8.79506637807559e-06
1.51500000000000e+00 1.24913209327662e+00 1.24913931233114e+00 7.21905452061300e-06
1.52000000000000e+00 1.28504096733427e+00 1.28504636916085e+00 5.40182658337329e-06
1.52500000000000e+00 1.32246978980839e+00 1.32247332361862e+00 3.53381022355492e-06
1.53000000000000e+00 1.36119810837518e+00 1.36119992224821e+00 1.81387303288538e-06
1.53500000000000e+00 1.40099818271559e+00 1.40099860884315e+00 4.26127562125345e-07
1.54000000000000e+00 1.44163640644820e+00 1.44163592464141e+00 4.81806785357364e-07
1.54500000000000e+00 1.48287476118717e+00 1.48287394473691e+00 8.16450259177870e-07
1.55000000000000e+00 1.52447229169983e+00 1.52447174185242e+00 5.49847409159199e-07
1.55500000000000e+00 1.56618659171161e+00 1.56618686845015e+00 2.76738541638011e-07
1.56000000000000e+00 1.60777529072290e+00 1.60777684804300e+00 1.55732010664877e-06
1.56500000000000e+00 1.64899753314555e+00 1.64900066651302e+00 3.13336747082005e-06
1.57000000000000e+00 1.68961544201019e+00 1.68962025424335e+00 4.81223315884627e-06
1.57500000000000e+00 1.72939556031668e+00 1.72940194992690e+00 6.38961022381146e-06
1.58000000000000e+00 1.76811026370136e+00 1.76811793702778e+00 7.67332642670482e-06
1.58500000000000e+00 1.80553913841370e+00 1.80554764404025e+00 8.50562654775011e-06
1.59000000000000e+00 1.84147031861429e+00 1.84147909991323e+00 8.78129893955304e-06
1.59500000000000e+00 1.87570177675345e+00 1.87571023628478e+00 8.45953133410404e-06
1.60000000000000e+00 1.90804256033746e+00 1.90805012849909e+00 7.56816162605922e-06
1.60500000000000e+00 1.93831396783509e+00 1.93832016775567e+00 6.19992057648844e-06
1.61000000000000e+00 1.96635065594150e+00 1.96635515716554e+00 4.50122404216380e-06
1.61500000000000e+00 1.99200167001408e+00 1.99200432495795e+00 2.65494387363674e-06
1.62000000000000e+00 2.01513138932801e+00 2.01513224859221e+00 8.59264202901500e-07
1.62500000000000e+00 2.03562037894094e+00 2.03561968407860e+00 6.94862346328762e-07
1.63000000000000e+00 2.05336614044192e+00 2.05336429539657e+00 1.84504535116758e-06
1.63500000000000e+00 2.06828375468598e+00 2.06828127951470e+00 2.47517127327512e-06
1.64000000000000e+00 2.08030641074168e+00 2.08030388316029e+00 2.52758139218656e-06
1.64500000000000e+00 2.08938581663189e+00 2.08938380815405e+00 2.00847784226355e-06
1.65000000000000e+00 2.09549248893659e+00 2.09549150281253e+00 9.86124062407612e-07
1.65500000000000e+00 2.09861591984940e+00 2.09861633762302e+00 4.17773621474993e-07
1.66000000000000e+00 2.09876462173918e+00 2.09876666410972e+00 2.04237054157730e-06
1.66500000000000e+00 2.09596605057994e+00 2.09596975652967e+00 3.70594973464478e-06
1.67000000000000e+00 2.09026641071461e+00 2.09027163675968e+00 5.22604507713353e-06
1.67500000000000e+00 2.08173034427439e+00 2.08173678345563e+00 6.43918123932608e-06
1.68000000000000e+00 2.07044050917707e+00 2.07044772727895e+00 7.21810188020200e-06
1.68500000000000e+00 2.05649704999408e+00 2.05650453468774e+00 7.48469366484983e-06
1.69000000000000e+00 2.04001696614720e+00 2.04002418347677e+00 7.21732957265075e-06
1.69500000000000e+00 2.02113338193009e+00 2.02113983391842e+00 6.45198833604255e-06
1.70000000000000e+00 1.99999472281276e+00 2.00000000000000e+00 5.27718723675186e-06
1.70500000000000e+00 1.97676380244877e+00 1.97676762586893e+00 3.82342016247428e-06
1.71000000000000e+00 1.95161682482697e+00 1.95161907318189e+00 2.24835492068642e-06
1.71500000000000e+00 1.92474230614480e+00 1.92474302560309e+00 7.19458287834485e-07
1.72000000000000e+00 1.89633992126184e+00 1.89633931720795e+00 6.04053888686451e-07
1.72500000000000e+00 1.86661928003652e+00 1.86661769201745e+00 1.58801906890993e-06
1.73000000000000e+00 1.83579863944892e+00 1.83579650231313e+00 2.13713579522157e-06
1.73500000000000e+00 1.80410355814260e+00 1.80410135376010e+00 2.20438250475574e-06
1.74000000000000e+00 1.77176550083568e+00 1.77176370569363e+00 1.79514205700393e-06
1.74500000000000e+00 1.73902040089986e+00 1.73901943520098e+00 9.65698880861510e-07
1.75000000000000e+00 1.70610719022381e+00 1.70610737385376e+00 1.83629949246367e-07
1.75500000000000e+00 1.67326630620140e+00 1.67326782611444e+00 1.51991303920518e-06
1.76000000000000e+00 1.64073818625791e+00 1.64074107855382e+00 2.89229590544338e-06
1.76500000000000e+00 1.60876176070396e+00 1.60876590907298e+00 4.14836902029592e-06
1.77000000000000e+00 1.57757295485527e+00 1.57757810532303e+00 5.15046775695360e-06
1.77500000000000e+00 1.54740321126668e+00 1.54740900145948e+00 5.79019279922655e-06
1.78000000000000e+00 1.51847804260592e+00 1.51848404225504e+00 5.99964912217921e-06
1.78500000000000e+00 1.49101562516305e+00 1.49102138342582e+00 5.75826276816294e-06
1.79000000000000e+00 1.46522544229452e+00 1.46523053680291e+00 5.09450839047965e-06
1.79500000000000e+00 1.44130698628740e+00 1.44131106870462e+00 4.08241722227309e-06
1.80000000000000e+00 1.41944852625743e+00 1.41945135953695e+00 2.83327952366186e-06
1.80500000000000e+00 1.39982594881962e+00 1.39982743227203e+00 1.48345240980063e-06
1.81000000000000e+00 1.38260167744696e+00 1.38260185702999e+00 1.79583032666741e-07
1.81500000000000e+00 1.36792367570146e+00 1.36792273852040e+00 9.37181064086801e-07
1.82000000000000e+00 1.35592453891282e+00 1.35592279258843e+00 1.74632439642330e-06
1.82500000000000e+00 1.34672067840542e+00 1.34671851756181e+00 2.16084360737945e-06
1.83000000000000e+00 1.34041160203008e+00 1.34040946551008e+00 2.13651999714237e-06
1.83500000000000e+00 1.33707929452187e+00 1.33707761791153e+00 1.67661033612099e-06
1.84000000000000e+00 1.33678770104435e+00 1.33678686957979e+00 8.31464564532425e-07
1.84500000000000e+00 1.33958231714824e+00 1.33958262403436e+00 3.06886120071681e-07
1.85000000000000e+00 1.34548988821681e+00 1.34549150281253e+00 1.61459571867972e-06
1.85500000000000e+00 1.35451822124016e+00 1.35452117051728e+00 2.94927712718440e-06
1.86000000000000e+00 1.36665611140959e+00 1.36666027668282e+00 4.16527322255611e-06
1.86500000000000e+00 1.38187338551708e+00 1.38187851481848e+00 5.12930139140444e-06
1.87000000000000e+00 1.40012106346381e+00 1.40012679827000e+00 5.73480618970557e-06
1.87500000000000e+00 1.42133163832610e+00 1.42133755181640e+00 5.91349030432120e-06
1.88000000000000e+00 1.44541947441447e+00 1.44542511720755e+00 5.64279307790905e-06
1.88500000000000e+00 1.47228132162920e+00 1.47228627014470e+00 4.94851549626141e-06
1.89000000000000e+00 1.50179694321524e+00 1.50180084551967e+00 3.90230442492978e-06
1.89500000000000e+00 1.53382985280904e+00 1.53383246706028e+00 2.61425124015169e-06
1.90000000000000e+00 1.56822815551399e+00 1.56822937688661e+00 1.22137262192901e-06
1.90500000000000e+00 1.60482548669602e+00 1.60482535986612e+00 1.26829899249614e-07
1.91000000000000e+00 1.64344204130501e+00 1.64344075707161e+00 1.28423339584849e-06
1.91500000000000e+00 1.68388568583249e+00 1.68388356209650e+00 2.12373598218463e-06
1.92000000000000e+00 1.72595314452632e+00 1.72595059347097e+00 2.55105535584832e-06
1.92500000000000e+00 1.76943125119579e+00 1.76942873595353e+00 2.51524225380884e-06
1.93000000000000e+00 1.81409825783566e+00 1.81409624304787e+00 2.01478778927289e-06
1.93500000000000e+00 1.85972519134629e+00 1.85972409271723e+00 1.09862906327862e-06
1.94000000000000e+00 1.90607724978843e+00 1.90607738794082e+00 1.38152390194435e-07
1.94500000000000e+00 1.95291522984731e+00 1.95291679348017e+00 1.56363285919170e-06
1.95000000000000e+00 1.99999697744993e+00 2.00000000000000e+00 3.02255007333940e-06
1.95500000000000e+00 2.04707885374642e+00 2.04708320651983e+00 4.35277341459539e-06
1.96000000000000e+00 2.09391720889922e+00 2.09392261205918e+00 5.40315995989360e-06
1.96500000000000e+00 2.14026985629391e+00 2.14027590728277e+00 6.05098886596878e-06
1.97000000000000e+00 2.18589753986905e+00 2.18590375695213e+00 6.21708307857460e-06
1.97500000000000e+00 2.23056538723702e+00 2.23057126404646e+00 5.87680944219571e-06
1.98000000000000e+00 2.27404434111679e+00 2.27404940652903e+00 5.06541223765922e-06
1.98500000000000e+00 2.31611256131409e+00 2.31611643790350e+00 3.87658940859126e-06
1.99000000000000e+00 2.35655678906939e+00 2.35655924292839e+00 2.45385900266015e-06
1.99500000000000e+00 2.39517366507554e+00 2.39517464013388e+00 9.75058342955748e-07
2.00000000000000e+00 2.43177099190055e+00 2.43177062311339e+00 3.68787160809347e-07
2.00500000000000e+00 2.46616893102372e+00 2.46616753293972e+00 1.39808400501096e-06
2.01000000000000e+00 2.49820112432671e+00 2.49819915448034e+00 1.96984637046427e-06
2.01500000000000e+00 2.52771572981799e+00 2.52771372985530e+00 1.99996269190095e-06
2.02000000000000e+00 2.55457636175859e+00 2.55457488279245e+00 1.47896613178489e-06
2.02500000000000e+00 2.57866292632116e+00 2.57866244818359e+00 4.78137562875958e-07
2.03000000000000e+00 2.59987234551869e+00 2.59987320173000e+00 8.56211308519761e-07
2.03500000000000e+00 2.61811916434778e+00 2.61812148518152e+00 2.32083374074321e-06
2.04000000000000e+00 2.63333603874942e+00 2.63333972331718e+00 3.68456775978743e-06
2.04500000000000e+00 2.64547410480714e+00 2.64547882948272e+00 4.72467557832701e-06
2.05000000000000e+00 2.65450323217978e+00 2.65450849718747e+00 5.26500769071347e-06
2.05500000000000e+00 2.66041216665323e+00 2.66041737596564e+00 5.20931240410860e-06
2.06000000000000e+00 2.66320856747954e+00 2.66321313042021e+00 4.56294067596730e-06
2.06500000000000e+00 2.66291894459089e+00 2.66292238208847e+00 3.43749757636402e-06
2.07000000000000e+00 2.65958849882395e+00 2.65959053448992e+00 2.03566596956861e-06
2.07500000000000e+00 2.65328086528850e+00 2.65328148243819e+00 6.17149688242336e-07
2.08000000000000e+00 2.64407775661499e+00 2.64407720741157e+00 5.49203411193133e-07
2.08500000000000e+00 2.63207849990787e+00 2.63207726147960e+00 1.23842826971199e-06
2.09000000000000e+00 2.61739945976740e+00 2.61739814297001e+00 1.31679738890611e-06
2.09500000000000e+00 2.60017334048333e+00 2.60017256772797e+00 7.72755354816468e-07
2.10000000000000e+00 2.58054836377935e+00 2.58054864046305e+00 2.76683696842639e-07
2.10500000000000e+00 2.55868732400588e+00 2.55868893129538e+00 1.60728950504563e-06
2.11000000000000e+00 2.53476652950076e+00 2.53476946319710e+00 2.93369634007945e-06
2.11500000000000e+00 2.50897464551958e+00 2.50897861657418e+00 3.97105459537528e-06
2.12000000000000e+00 2.48151145906818e+00 2.48151595774496e+00 4.49867678042892e-06
2.12500000000000e+00 2.45258658780775e+00 2.45259099854052e+00 4.41073277279713e-06
2.13000000000000e+00 2.42241815329817e+00 2.42242189467697e+00 3.74137880809755e-06
2.13500000000000e+00 2.39123143350994e+00 2.39123409092702e+00 2.65741708327383e-06
2.14000000000000e+00 2.35925750205492e+00 2.35925892144618e+00 1.41939125697377e-06
2.14500000000000e+00 2.32673185392486e+00 2.32673217388556e+00 3.19960705041922e-07
2.15000000000000e+00 2.29389301181071e+00 2.29389262614624e+00 3.85664474134018e-07
2.15500000000000e+00 2.26098110497805e+00 2.26098056479902e+00 5.40179030839028e-07
2.16000000000000e+00 2.22823641490728e+00 2.22823629430637e+00 1.20600907926871e-07
2.16500000000000e+00 2.19589788798260e+00 2.19589864623990e+00 7.58257298727472e-07
2.17000000000000e+00 2.16420162385313e+00 2.16420349768687e+00 1.87383374283812e-06
2.17500000000000e+00 2.13337935646889e+00 2.13338230798255e+00 2.95151365703461e-06
2.18000000000000e+00 2.10365695097801e+00 2.10366068279205e+00 3.73181404000889e-06
2.18500000000000e+00 2.07525294204600e+00 2.07525697439691e+00 4.03235091850362e-06
2.19000000000000e+00 2.04837713716777e+00 2.04838092681811e+00 3.78965034020240e-06
2.19500000000000e+00 2.02322930280467e+00 2.02323237413107e+00 3.07132639321139e-06
2.20000000000000e+00 1.99999794325719e+00 2.00000000000000e+00 2.05674281228418e-06
2.20500000000000e+00 1.97885917411403e+00 1.97886016608158e+00 9.91967548547024e-07
2.21000000000000e+00 1.95997568582878e+00 1.95997581652323e+00 1.30694456812463e-07
2.21500000000000e+00 1.94349578979460e+00 1.94349546531226e+00 3.24482344105093e-07
2.22000000000000e+00 1.92955253965179e+00 1.92955227272105e+00 2.66930746839478e-07
2.22500000000000e+00 1.91826292398944e+00 1.91826321654437e+00 2.92554932501687e-07
2.23000000000000e+00 1.90972713190815e+00 1.90972836324032e+00 1.23133216378690e-06
2.23500000000000e+00 1.90402789857140e+00 1.90403024347033e+00 2.34489892614320e-06
2.24000000000000e+00 1.90122994243447e+00 1.90123333589028e+00 3.39345580768757e-06
2.24500000000000e+00 1.90137950824386e+00 1.90138366237698e+00 4.15413311927182e-06
2.25000000000000e+00 1.90450402968361e+00 1.90450849718747e+00 4.46750386529082e-06
2.25500000000000e+00 1.91061192286373e+00 1.91061619184595e+00 4.26898221728145e-06
2.26000000000000e+00 1.91969251736338e+00 1.91969611683971e+00 3.59947632788682e-06
2.26500000000000e+00 1.93171612621639e+00 1.93171872048530e+00 2.59426890569792e-06
2.27000000000000e+00 1.94663425107837e+00 1.94663570460343e+00 1.45352505986907e-06
2.27500000000000e+00 1.96437991470630e+00 1.96438031592140e+00 4.01215102918684e-07
2.28000000000000e+00 1.98486811037384e+00 1.98486775140779e+00 3.58966052216303e-07
2.28500000000000e+00 2.00799635713216e+00 2.00799567504205e+00 6.82090115056155e-07
2.29000000000000e+00 2.03364535074425e+00 2.03364484283446e+00 5.07909796443329e-07
2.29500000000000e+00 2.06167970223190e+00 2.06167983224433e+00 1.30012433707805e-07
2.30000000000000e+00 2.09194875867455e+00 2.09194987150091e+00 1.11282635861798e-06
2.30500000000000e+00 2.12428750354581e+00 2.12428976371522e+00 2.26016940052531e-06
2.31000000000000e+00 2.15851753589875e+00 2.15852090008677e+00 3.36418801794025e-06
2.31500000000000e+00 2.19444812871252e+00 2.19445235595975e+00 4.22724722914936e-06
2.32000000000000e+00 2.23187736650018e+00 2.23188206297221e+00 4.69647203038548e-06
2.32500000000000e+00 2.27059336089018e+00 2.27059805007310e+00 4.68918291529619e-06
2.33000000000000e+00 2.31037554057195e+00 2.31037974575665e+00 4.20518470267695e-06
2.33500000000000e+00 2.35099600913036e+00 2.35099933348698e+00 3.32435661354324e-06
2.34000000000000e+00 2.39222096134736e+00 2.39222315195699e+00 2.19060963990714e-06
2.34500000000000e+00 2.43381214598028e+00 2.43381313154985e+00 9.85569565958855e-07
2.35000000000000e+00 2.47552836121152e+00 2.47552825814758e+00 1.03063948042603e-07
2.35500000000000e+00 2.51712696813552e+00 2.51712605526309e+00 9.12872433644907e-07
2.36000000000000e+00 2.55836540787179e+00 2.55836407535858e+00 1.33251320200145e-06
2.36500000000000e+00 2.59900270905169e+00 2.59900139115685e+00 1.31789484170142e-06
2.37000000000000e+00 2.63880097426604e+00 2.63880007775179e+00 8.96514256609748e-07
2.37500000000000e+00 2.67752683622867e+00 2.67752667638138e+00 1.59847293623727e-07
2.38000000000000e+00 2.71495287653046e+00 2.71495363083914e+00 7.54308686623517e-07
2.38500000000000e+00 2.75085900159154e+00 2.75086068766886e+00 1.68607731554360e-06
2.39000000000000e+00 2.78503377152706e+00 2.78503625151058e+00 2.47998351943224e-06
2.39500000000000e+00 2.81727567801599e+00 2.81727868724248e+00 3.00922648621693e-06
2.40000000000000e+00 2.84739436693902e+00 2.84739756089084e+00 3.19395182346582e-06
2.40500000000000e+00 2.87521180069121e+00 2.87521481165829e+00 3.01096708854587e-06
2.41000000000000e+00 2.90056335392730e+00 2.90056584784471e+00 2.49391741569127e-06
2.41500000000000e+00 2.92329883534874e+00 2.92330055990463e+00 1.72455589675380e-06
2.42000000000000e+00 2.94328342726250e+00 2.94328424439572e+00 8.17133220198940e-07
2.42500000000000e+00 2.96039853424136e+00 2.96039843312221e+00 1.01119156159513e-07
2.43000000000000e+00 2.97454253241031e+00 2.97454162236171e+00 9.10048596480806e-07
2.43500000000000e+00 2.98563141168584e+00 2.98562989767982e+00 1.51400601433593e-06
2.44000000000000e+00 2.99359930461970e+00 2.99359745048043e+00 1.85413926878653e-06
2.44500000000000e+00 2.99839889718722e+00 2.99839698310739e+00 1.91407982441660e-06
2.45000000000000e+00 3.00000171871272e+00 3.00000000000000e+00 1.71871272280910e-06
2.45500000000000e+00 2.99839830993768e+00 2.99839698310739e+00 1.32683028430947e-06
2.46000000000000e+00 2.99359826983315e+00 2.99359745048044e+00 8.19352715453192e-07
2.46500000000000e+00 2.98563018301586e+00 2.98562989767982e+00 2.85336037020301e-07
2.47000000000000e+00 2.97454143048761e+00 2.97454162236171e+00 1.91874104604750e-07
2.47500000000000e+00 2.96039788689297e+00 2.96039843312221e+00 5.46229238729268e-07
2.48000000000000e+00 2.94328350764863e+00 2.94328424439572e+00 7.36747098883939e-07
2.48500000000000e+00 2.92329980925030e+00 2.92330055990464e+00 7.50654338244061e-07
2.49000000000000e+00 2.90056524594130e+00 2.90056584784471e+00 6.01903408892213e-07
2.49500000000000e+00 2.87521448585873e+00 2.87521481165830e+00 3.25799569544927e-07
2.50000000000000e+00 2.84739758986589e+00 2.84739756089084e+00 2.89750432536096e-08
2.50500000000000e+00 2.81727909660256e+00 2.81727868724248e+00 4.09360076503162e-07
2.51000000000000e+00 2.78503701786050e+00 2.78503625151058e+00 7.66349920855447e-07
2.51500000000000e+00 2.75086174919845e+00 2.75086068766886e+00 1.06152958867511e-06
2.52000000000000e+00 2.71495490168195e+00 2.71495363083915e+00 1.27084279810674e-06
2.52500000000000e+00 2.67752806167653e+00 2.67752667638138e+00 1.38529514659425e-06
2.53000000000000e+00 2.63880148662801e+00 2.63880007775179e+00 1.40887622146479e-06
2.53500000000000e+00 2.59900274562849e+00 2.59900139115685e+00 1.35447163263080e-06
2.54000000000000e+00 2.55836531420589e+00 2.55836407535859e+00 1.23884730207635e-06
2.54500000000000e+00 2.51712713313925e+00 2.51712605526309e+00 1.07787616210331e-06
2.55000000000000e+00 2.47552914118151e+00 2.47552825814758e+00 8.83033930865196e-07
2.55500000000000e+00 2.43381379140054e+00 2.43381313154985e+00 6.59850691420161e-07
2.56000000000000e+00 2.39222356049524e+00 2.39222315195700e+00 4.08538236129630e-07
2.56500000000000e+00 2.35099945999947e+00 2.35099933348698e+00 1.26512483156205e-07
2.57000000000000e+00 2.31037955785121e+00 2.31037974575666e+00 1.87905441872971e-07
2.57500000000000e+00 2.27059751846341e+00 2.27059805007310e+00 5.31609692266954e-07
2.58000000000000e+00 2.23188116924667e+00 2.23188206297222e+00 8.93725544681701e-07
2.58500000000000e+00 2.19445110152083e+00 2.19445235595975e+00 1.25443891585419e-06
2.59000000000000e+00 2.15851931388751e+00 2.15852090008678e+00 1.58619926882153e-06
2.59500000000000e+00 2.12428790635620e+00 2.12428976371522e+00 1.85735901636619e-06
2.60000000000000e+00 2.09194783372748e+00 2.09194987150091e+00 2.03777342822065e-06
2.60500000000000e+00 2.06167772683591e+00 2.06167983224433e+00 2.10540841960594e-06
2.61000000000000e+00 2.03364279014689e+00 2.03364484283446e+00 2.05268757369481e-06
2.61500000000000e+00 2.00799378381805e+00 2.00799567504205e+00 1.89122400451325e-06
2.62000000000000e+00 1.98486609765089e+00 1.98486775140779e+00 1.65375689520353e-06
2.62500000000000e+00 1.96437892339446e+00 1.96438031592140e+00 1.39252694109082e-06
2.63000000000000e+00 1.94663453068709e+00 1.94663570460343e+00 1.17391633858155e-06
2.63500000000000e+00 1.93171765063817e+00 1.93171872048530e+00 1.06984712222591e-06
2.64000000000000e+00 1.91969496977950e+00 1.91969611683971e+00 1.14706021037136e-06
2.64500000000000e+00 1.91061473597417e+00 1.91061619184595e+00 1.45587177891038e-06
2.65000000000000e+00 1.90450647695452e+00 1.90450849718747e+00 2.02023295736709e-06
2.65500000000000e+00 1.90138083152662e+00 1.90138366237698e+00 2.83085036412167e-06
2.66000000000000e+00 1.90122949313250e+00 1.90123333589028e+00 3.84275777776111e-06
2.66500000000000e+00 1.90402526536152e+00 1.90403024347033e+00 4.97810880184524e-06
2.67000000000000e+00 1.90972222906017e+00 1.90972836324032e+00 6.13418014983047e-06
2.67500000000000e+00 1.91825602079068e+00 1.91826321654437e+00 7.19575368979264e-06
2.68000000000000e+00 1.92954422240682e+00 1.92955227272105e+00 8.05031422879132e-06
2.68500000000000e+00 1.94348686133420e+00 1.94349546531226e+00 8.60397805735325e-06
2.69000000000000e+00 1.95996702067930e+00 1.95997581652323e+00 8.79584392654564e-06
2.69500000000000e+00 1.97885155750326e+00 1.97886016608158e+00 8.60857831996853e-06
2.70000000000000e+00 1.99999192649776e+00 2.00000000000000e+00 8.07350223364089e-06
2.70500000000000e+00 2.02322510495344e+00 2.02323237413106e+00 7.26917762250423e-06
2.71000000000000e+00 2.04837461342331e+00 2.04838092681811e+00 6.31339479140181e-06
2.71500000000000e+00 2.07525162499075e+00 2.07525697439691e+00 5.34940615715129e-06
2.72000000000000e+00 2.10365615469439e+00 2.10366068279205e+00 4.52809766215978e-06
2.72500000000000e+00 2.13337831957173e+00 2.13338230798255e+00 3.98841081317158e-06
2.73000000000000e+00 2.16419965905488e+00 2.16420349768687e+00 3.83863199271417e-06
2.73500000000000e+00 2.19589450513542e+00 2.19589864623990e+00 4.14110447577443e-06
2.74000000000000e+00 2.22823139180778e+00 2.22823629430637e+00 4.90249859153025e-06
2.74500000000000e+00 2.26097449374361e+00 2.26098056479902e+00 6.07105540773034e-06
2.75000000000000e+00 2.29388508484604e+00 2.29389262614624e+00 7.54130019764432e-06
2.75500000000000e+00 2.32672300815327e+00 2.32673217388556e+00 9.16573229359230e-06
2.76000000000000e+00 2.35924814937148e+00 2.35925892144618e+00 1.07720747024587e-05
2.76500000000000e+00 2.39122190699297e+00 2.39123409092702e+00 1.21839340496699e-05
2.77000000000000e+00 2.42240865240126e+00 2.42242189467697e+00 1.32422757146422e-05
2.77500000000000e+00 2.45257717352603e+00 2.45259099854052e+00 1.38250144883223e-05
2.78000000000000e+00 2.48150209548028e+00 2.48151595774496e+00 1.38622646765896e-05
2.78500000000000e+00 2.50896527122672e+00 2.50897861657418e+00 1.33453474560064e-05
2.79000000000000e+00 2.53475713475822e+00 2.53476946319709e+00 1.23284388697797e-05
2.79500000000000e+00 2.55867800863963e+00 2.55868893129538e+00 1.09226557496456e-05
2.80000000000000e+00 2.58053935716108e+00 2.58054864046305e+00 9.28330197114136e-06
2.80500000000000e+00 2.60016497590687e+00 2.60017256772797e+00 7.59182109977274e-06
2.81000000000000e+00 2.61739210834366e+00 2.61739814297001e+00 6.03462635018204e-06
2.81500000000000e+00 2.63207248014391e+00 2.63207726147960e+00 4.78133568737604e-06
2.82000000000000e+00 2.64407324241866e+00 2.64407720741157e+00 3.96499291621666e-06
2.82500000000000e+00 2.65327781583355e+00 2.65328148243819e+00 3.66660463679835e-06
2.83000000000000e+00 2.65958662868664e+00 2.65959053448992e+00 3.90580328124557e-06
2.83500000000000e+00 2.66291774336761e+00 2.66292238208847e+00 4.63872085587624e-06
2.84000000000000e+00 2.66320736710798e+00 2.66321313042021e+00 5.76331223189896e-06
2.84500000000000e+00 2.66041024446854e+00 2.66041737596564e+00 7.13149709419270e-06
2.85000000000000e+00 2.65449993049321e+00 2.65450849718747e+00 8.56669426685386e-06
2.85500000000000e+00 2.64546894479204e+00 2.64547882948272e+00 9.88469067486619e-06
2.86000000000000e+00 2.63332880792598e+00 2.63333972331719e+00 1.09153912046800e-05
2.86500000000000e+00 2.61810996230013e+00 2.61812148518152e+00 1.15228813903911e-05
2.87000000000000e+00 2.59986158031157e+00 2.59987320173000e+00 1.16214184351371e-05
2.87500000000000e+00 2.57865126275376e+00 2.57866244818360e+00 1.11854298343594e-05
2.88000000000000e+00 2.55456463049735e+00 2.55457488279246e+00 1.02522951088702e-05
2.88500000000000e+00 2.52770481231807e+00 2.52771372985530e+00 8.91753723530897e-06
2.89000000000000e+00 2.49819183151942e+00 2.49819915448034e+00 7.32296091277007e-06
2.89500000000000e+00 2.46616189380235e+00 2.46616753293972e+00 5.63913736861821e-06
2.90000000000000e+00 2.43176657876812e+00 2.43177062311339e+00 4.04434527201403e-06
2.90500000000000e+00 2.39517193758989e+00 2.39517464013388e+00 2.70254399836745e-06
2.91000000000000e+00 2.35655749981456e+00 2.35655924292839e+00 1.74311382794556e-06
2.91500000000000e+00 2.31611519298519e+00 2.31611643790350e+00 1.24491830577611e-06
2.92000000000000e+00 2.27404817979054e+00 2.27404940652904e+00 1.22673849300980e-06
2.92500000000000e+00 2.23056961869607e+00 2.23057126404647e+00 1.64535039193225e-06
2.93000000000000e+00 2.18590135539549e+00 2.18590375695213e+00 2.40155663755459e-06
2.93500000000000e+00 2.14027255382236e+00 2.14027590728278e+00 3.35346041779871e-06
2.94000000000000e+00 2.09391827674350e+00 2.09392261205918e+00 4.33531568155843e-06
2.94500000000000e+00 2.04707802698773e+00 2.04708320651984e+00 5.17953210765754e-06
2.95000000000000e+00 1.99999426103652e+00 2.00000000000000e+00 5.73896348377012e-06
2.95500000000000e+00 1.95291088694635e+00 1.95291679348017e+00 5.90653382426254e-06
2.96000000000000e+00 1.90607175836340e+00 1.90607738794082e+00 5.62957742267223e-06
2.96500000000000e+00 1.85971917576445e+00 1.85972409271723e+00 4.91695278181936e-06
2.97000000000000e+00 1.81409240509845e+00 1.81409624304787e+00 3.83794942337978e-06
2.97500000000000e+00 1.76942622284127e+00 1.76942873595354e+00 2.51311226961981e-06
2.98000000000000e+00 1.72594949526307e+00 1.72595059347097e+00 1.09820790639148e-06
2.98500000000000e+00 1.68388379860227e+00 1.68388356209651e+00 2.36505758755001e-07
2.99000000000000e+00 1.64344208597600e+00 1.64344075707161e+00 1.32890439030753e-06
2.99500000000000e+00 1.60482740633065e+00 1.60482535986612e+00 2.04646453361157e-06
3.00000000000000e+00 1.56823168058426e+00 1.56822937688661e+00 2.30369764953053e-06
3.00500000000000e+00 1.53383454031216e+00 1.53383246706028e+00 2.07325187440155e-06
3.01000000000000e+00 1.50180223479277e+00 1.50180084551966e+00 1.38927310544545e-06
3.01500000000000e+00 1.47228661283477e+00 1.47228627014470e+00 3.42690070542773e-07
3.02000000000000e+00 1.44542418639329e+00 1.44542511720755e+00 9.30814257449342e-07
3.02500000000000e+00 1.42133528339899e+00 1.42133755181641e+00 2.26841741546302e-06
3.03000000000000e+00 1.40012329733793e+00 1.40012679827000e+00 3.50093206247237e-06
3.03500000000000e+00 1.38187404084736e+00 1.38187851481848e+00 4.47397112068870e-06
3.04000000000000e+00 1.36665520990250e+00 1.36666027668282e+00 5.06678031797492e-06
3.04500000000000e+00 1.35451596409244e+00 1.35452117051728e+00 5.20642484080902e-06
3.05000000000000e+00 1.34548662709857e+00 1.34549150281253e+00 4.87571396057263e-06
3.05500000000000e+00 1.33957850991647e+00 1.33958262403436e+00 4.11411789391636e-06
3.06000000000000e+00 1.33678385773359e+00 1.33678686957979e+00 3.01184619244665e-06
3.06500000000000e+00 1.33707591982145e+00 1.33707761791153e+00 1.69809008254695e-06
3.07000000000000e+00 1.34040914042953e+00 1.34040946551008e+00 3.25080556251578e-07
3.07500000000000e+00 1.34671946754964e+00 1.34671851756181e+00 9.49987823961607e-07
3.08000000000000e+00 1.35592477558476e+00 1.35592279258843e+00 1.98299633802357e-06
3.08500000000000e+00 1.36792539739624e+00 1.36792273852040e+00 2.65887584061097e-06
3.09000000000000e+00 1.38260476087522e+00 1.38260185702999e+00 2.90384523293774e-06
3.09500000000000e+00 1.39983012502713e+00 1.39982743227203e+00 2.69275510822453e-06
3.10000000000000e+00 1.41945341050020e+00 1.41945135953695e+00 2.05096324656928e-06
3.10500000000000e+00 1.44131211946546e+00 1.44131106870462e+00 1.05076083545264e-06
3.11000000000000e+00 1.46523033971092e+00 1.46523053680290e+00 1.97091980069786e-07
3.11500000000000e+00 1.49101982770914e+00 1.49102138342582e+00 1.55571668281063e-06
3.12000000000000e+00 1.51848116523443e+00 1.51848404225504e+00 2.87702061285700e-06
3.12500000000000e+00 1.54740498383548e+00 1.54740900145948e+00 4.01762400104033e-06
3.13000000000000e+00 1.57757325111209e+00 1.57757810532302e+00 4.85421093587846e-06
3.13500000000000e+00 1.60876061230762e+00 1.60876590907298e+00 5.29676536253909e-06
3.14000000000000e+00 1.64073578021767e+00 1.64074107855382e+00 5.29833614937303e-06
3.14500000000000e+00 1.67326296583963e+00 1.67326782611444e+00 4.86027480661733e-06
3.15000000000000e+00 1.70610334155848e+00 1.70610737385376e+00 4.03229527812243e-06
3.15500000000000e+00 1.73901652800269e+00 1.73901943520098e+00 2.90719829298958e-06
3.16000000000000e+00 1.77176209504072e+00 1.77176370569363e+00 1.61065291037765e-06
3.16500000000000e+00 1.80410106677193e+00 1.80410135376010e+00 2.86988170339342e-07
3.17000000000000e+00 1.83579741985367e+00 1.83579650231313e+00 9.17540544209672e-07
3.17500000000000e+00 1.86661956416890e+00 1.86661769201745e+00 1.87215145119879e-06
3.18000000000000e+00 1.89634179474192e+00 1.89633931720795e+00 2.47753397819572e-06
3.18500000000000e+00 1.92474570400798e+00 1.92474302560309e+00 2.67840489676097e-06
3.19000000000000e+00 1.95162154406332e+00 1.95161907318189e+00 2.47088142546481e-06
3.19500000000000e+00 1.97676952935729e+00 1.97676762586893e+00 1.90348835915621e-06
3.20000000000000e+00 2.00000107138772e+00 2.00000000000000e+00 1.07138771854309e-06
3.20500000000000e+00 2.02113993823328e+00 2.02113983391842e+00 1.04314858528909e-07
3.21000000000000e+00 2.04002333308190e+00 2.04002418347677e+00 8.50394861640069e-07
3.21500000000000e+00 2.05650288715355e+00 2.05650453468774e+00 1.64753418863128e-06
3.22000000000000e+00 2.07044556343796e+00 2.07044772727895e+00 2.16384099793743e-06
3.22500000000000e+00 2.08173446836833e+00 2.08173678345563e+00 2.31508729475749e-06
3.23000000000000e+00 2.09026956887315e+00 2.09027163675968e+00 2.06788652867829e-06
3.23500000000000e+00 2.09596831219446e+00 2.09596975652967e+00 1.44433521720444e-06
3.24000000000000e+00 2.09876614550358e+00 2.09876666410972e+00 5.18606142474454e-07
3.24500000000000e+00 2.09861693181482e+00 2.09861633762302e+00 5.94191803759969e-07
3.25000000000000e+00 2.09549325817029e+00 2.09549150281253e+00 1.75535776536506e-06
3.25500000000000e+00 2.08938663173799e+00 2.08938380815405e+00 2.82358393866033e-06
3.26000000000000e+00 2.08030755950926e+00 2.08030388316029e+00 3.67634896836222e-06
3.26500000000000e+00 2.06828550783275e+00 2.06828127951470e+00 4.22831804947066e-06
3.27000000000000e+00 2.05336873913602e+00 2.05336429539657e+00 4.44373944574750e-06
3.27500000000000e+00 2.03562402482458e+00 2.03561968407860e+00 4.34074598176792e-06
3.28000000000000e+00 2.01513623537889e+00 2.01513224859221e+00 3.98678667412611e-06
3.28500000000000e+00 1.99200781087499e+00 1.99200432495795e+00 3.48591703946965e-06
3.29000000000000e+00 1.96635811727258e+00 1.96635515716554e+00 2.96010703926264e-06
3.29500000000000e+00 1.93832269557404e+00 1.93832016775567e+00 2.52781837062344e-06
3.30000000000000e+00 1.90805241213962e+00 1.90805012849909e+00 2.28364052623498e-06
3.30500000000000e+00 1.87571251891629e+00 1.87571023628479e+00 2.28263150381380e-06
3.31000000000000e+00 1.84148163209575e+00 1.84147909991323e+00 2.53218252344034e-06
3.31500000000000e+00 1.80555063688728e+00 1.80554764404025e+00 2.99284702753866e-06
3.32000000000000e+00 1.76812152491604e+00 1.76811793702778e+00 3.58788825494116e-06
3.32500000000000e+00 1.72940616955157e+00 1.72940194992690e+00 4.21962466212733e-06
3.33000000000000e+00 1.68962504356208e+00 1.68962025424335e+00 4.78931872915922e-06
3.33500000000000e+00 1.64900588315114e+00 1.64900066651302e+00 5.21663811658968e-06
3.34000000000000e+00 1.60778230282544e+00 1.60777684804301e+00 5.45478243463293e-06
3.34500000000000e+00 1.56619236667609e+00 1.56618686845015e+00 5.49822594386740e-06
3.35000000000000e+00 1.52447712338053e+00 1.52447174185243e+00 5.38152810003467e-06
3.35500000000000e+00 1.48287911425965e+00 1.48287394473692e+00 5.16952273521554e-06
3.36000000000000e+00 1.44164086568082e+00 1.44163592464142e+00 4.94103940451573e-06
3.36500000000000e+00 1.40100337859129e+00 1.40099860884315e+00 4.76974814556108e-06
3.37000000000000e+00 1.36120462867518e+00 1.36119992224821e+00 4.70642696881463e-06
3.37500000000000e+00 1.32247809036122e+00 1.32247332361862e+00 4.76674260263543e-06
3.38000000000000e+00 1.28505129666768e+00 1.28504636916086e+00 4.92750682368204e-06
3.38500000000000e+00 1.24914444485470e+00 1.24913931233114e+00 5.13252355216487e-06
3.39000000000000e+00 1.21496905543824e+00 1.21496374848942e+00 5.30694882461269e-06
3.39500000000000e+00 1.18272668978344e+00 1.18272131275752e+00 5.37702592073863e-06
3.40000000000000e+00 1.15260772972483e+00 1.15260243910916e+00 5.29061566778566e-06
3.40500000000000e+00 1.12479022183534e+00 1.12478518834171e+00 5.03349363545347e-06
3.41000000000000e+00 1.09943878925913e+00 1.09943415215529e+00 4.63710384246419e-06
3.41500000000000e+00 1.07670361534399e+00 1.07669944009537e+00 4.17524862528218e-06
3.42000000000000e+00 1.05671950530634e+00 1.05671575560428e+00 3.74970205863079e-06
3.42500000000000e+00 1.03960503428521e+00 1.03960156687779e+00 3.46740741696827e-06
3.43000000000000e+00 1.02546179176980e+00 1.02545837763829e+00 3.41413151150327e-06
3.43500000000000e+00 1.01437373296711e+00 1.01437010232018e+00 3.63064693464921e-06
3.44000000000000e+00 1.00640664687442e+00 1.00640254951957e+00 4.09735485273899e-06
3.44500000000000e+00 1.00160774860006e+00 1.00160301689261e+00 4.73170745118878e-06
3.45000000000000e+00 1.00000540012693e+00 1.00000000000000e+00 5.40012693228675e-06
3.45500000000000e+00 1.00160895979583e+00 1.00160301689261e+00 5.94290322686319e-06
3.46000000000000e+00 1.00640875700982e+00 1.00640254951956e+00 6.20749025626033e-06
3.46500000000000e+00 1.01437618572743e+00 1.01437010232018e+00 6.08340725682943e-06
3.47000000000000e+00 1.02546390875876e+00 1.02545837763829e+00 5.53112047829707e-06
3.47500000000000e+00 1.03960616495639e+00 1.03960156687779e+00 4.59807859298778e-06
3.48000000000000e+00 1.05671917301051e+00 1.05671575560427e+00 3.41740623399645e-06
3.48500000000000e+00 1.07670162829085e+00 1.07669944009536e+00 2.18819548414295e-06
3.49000000000000e+00 1.09943529235227e+00 1.09943415215529e+00 1.14019698371770e-06
3.49500000000000e+00 1.12478567754766e+00 1.12478518834171e+00 4.89205953524419e-07
3.50000000000000e+00 1.15260283092151e+00 1.15260243910915e+00 3.91812356781429e-07
3.50500000000000e+00 1.18272222164159e+00 1.18272131275752e+00 9.08884073336225e-07
3.51000000000000e+00 1.21496573443212e+00 1.21496374848942e+00 1.98594269917862e-06
3.51500000000000e+00 1.24914276794922e+00 1.24913931233114e+00 3.45561808301476e-06
3.52000000000000e+00 1.28505143230908e+00 1.28504636916085e+00 5.06314822934506e-06
3.52500000000000e+00 1.32247983484499e+00 1.32247332361861e+00 6.51122637629342e-06
3.53000000000000e+00 1.36120743857377e+00 1.36119992224821e+00 7.51632555773263e-06
3.53500000000000e+00 1.40100647468272e+00 1.40099860884315e+00 7.86583956946529e-06
3.54000000000000e+00 1.44164338925753e+00 1.44163592464141e+00 7.46461611966787e-06
3.54500000000000e+00 1.48288030572074e+00 1.48287394473691e+00 6.36098382811312e-06
3.55000000000000e+00 1.52447648783965e+00 1.52447174185242e+00 4.74598722322028e-06
3.55500000000000e+00 1.56618979304719e+00 1.56618686845015e+00 2.92459704098746e-06
3.56000000000000e+00 1.60777811122877e+00 1.60777684804300e+00 1.26318577375883e-06
3.56500000000000e+00 1.64900078895667e+00 1.64900066651302e+00 1.22443656769278e-07
3.57000000000000e+00 1.68962004239073e+00 1.68962025424335e+00 2.11852613452024e-07
3.57500000000000e+00 1.72940236300639e+00 1.72940194992690e+00 4.13079490613200e-07
3.58000000000000e+00 1.76811991871998e+00 1.76811793702778e+00 1.98169220144706e-06
3.58500000000000e+00 1.80555194913575e+00 1.80554764404025e+00 4.30509550097824e-06
3.59000000000000e+00 1.84148614828555e+00 1.84147909991322e+00 7.04837232223809e-06
3.59500000000000e+00 1.87572002243329e+00 1.87571023628478e+00 9.78614851110393e-06
3.60000000000000e+00 1.90806220543379e+00 1.90805012849909e+00 1.20769346996230e-05
3.60500000000000e+00 1.93833371080294e+00 1.93832016775567e+00 1.35430472723019e-05
3.61000000000000e+00 1.96636909877359e+00 1.96635515716554e+00 1.39416080511268e-05
3.61500000000000e+00 1.99201753842294e+00 1.99200432495795e+00 1.32134649932780e-05
3.62000000000000e+00 2.01514374921374e+00 2.01513224859221e+00 1.15006215257729e-05
3.62500000000000e+00 2.03562881231246e+00 2.03561968407860e+00 9.12823386167716e-06
3.63000000000000e+00 2.05337084885633e+00 2.05336429539657e+00 6.55345976063870e-06
3.63500000000000e+00 2.06828556884548e+00 2.06828127951470e+00 4.28933077323279e-06
3.64000000000000e+00 2.08030669951942e+00 2.08030388316029e+00 2.81635912902090e-06
3.64500000000000e+00 2.08938630515796e+00 2.08938380815405e+00 2.49700391252716e-06
3.65000000000000e+00 2.09549501080368e+00 2.09549150281253e+00 3.50799115844680e-06
3.65500000000000e+00 2.09862214042569e+00 2.09861633762302e+00 5.80280266992972e-06
3.66000000000000e+00 2.09877577593100e+00 2.09876666410972e+00 9.11182127971699e-06
3.66500000000000e+00 2.09598273792303e+00 2.09596975652967e+00 1.29813933531508e-05
3.67000000000000e+00 2.09028848318628e+00 2.09027163675968e+00 1.68464266017132e-05
3.67500000000000e+00 2.08175690861894e+00 2.08173678345563e+00 2.01251633153987e-05
3.68000000000000e+00 2.07047004775237e+00 2.07044772727895e+00 2.23204734104421e-05
3.68500000000000e+00 2.05652764488447e+00 2.05650453468774e+00 2.31101967287373e-05
3.69000000000000e+00 2.04004659364591e+00 2.04002418347677e+00 2.24101691417289e-05
3.69500000000000e+00 2.02116023149339e+00 2.02113983391842e+00 2.03975749717422e-05
3.70000000000000e+00 2.00001748866802e+00 2.00000000000000e+00 1.74886680213149e-05
3.70500000000000e+00 1.97678189859884e+00 1.97676762586894e+00 1.42727299048406e-05
3.71000000000000e+00 1.95163048527391e+00 1.95161907318189e+00 1.14120920164940e-05
3.71500000000000e+00 1.92475255031332e+00 1.92474302560309e+00 9.52471023185630e-06
3.72000000000000e+00 1.89634838705000e+00 1.89633931720795e+00 9.06984205073513e-06
3.72500000000000e+00 1.86662794992090e+00 1.86661769201745e+00 1.02579034482186e-05
3.73000000000000e+00 1.83580950455048e+00 1.83579650231313e+00 1.30022373494576e-05
3.73500000000000e+00 1.80411827743836e+00 1.80410135376010e+00 1.69236782543436e-05
3.74000000000000e+00 1.77178511521135e+00 1.77176370569363e+00 2.14095177220042e-05
3.74500000000000e+00 1.73904515357904e+00 1.73901943520098e+00 2.57183780618675e-05
3.75000000000000e+00 1.70613648731864e+00 1.70610737385376e+00 2.91134648795488e-05
3.75500000000000e+00 1.67329882659692e+00 1.67326782611444e+00 3.10004824797261e-05
3.76000000000000e+00 1.64077212305108e+00 1.64074107855382e+00 3.10444972633217e-05
3.76500000000000e+00 1.60879515189304e+00 1.60876590907298e+00 2.92428200594497e-05
3.77000000000000e+00 1.57760404357269e+00 1.57757810532303e+00 2.59382496647920e-05
3.77500000000000e+00 1.54743076905760e+00 1.54740900145948e+00 2.17675981124543e-05
3.78000000000000e+00 1.51850159469427e+00 1.51848404225504e+00 1.75524392236337e-05
3.78500000000000e+00 1.49103553369728e+00 1.49102138342582e+00 1.41502714605668e-05
3.79000000000000e+00 1.46524282941142e+00 1.46523053680291e+00 1.22926085168729e-05
3.79500000000000e+00 1.44132350892524e+00 1.44131106870462e+00 1.24402206209684e-05
3.80000000000000e+00 1.41946604348992e+00 1.41945135953695e+00 1.46839529719944e-05
3.80500000000000e+00 1.39984614460132e+00 1.39982743227203e+00 1.87123292962887e-05
3.81000000000000e+00 1.38262571260685e+00 1.38260185702999e+00 2.38555768594662e-05
3.81500000000000e+00 1.36795194019813e+00 1.36792273852040e+00 2.92016777345694e-05
3.82000000000000e+00 1.35595655856609e+00 1.35592279258843e+00 3.37659776643573e-05
3.82500000000000e+00 1.34675520189000e+00 1.34671851756181e+00 3.66843281847107e-05
3.83000000000000e+00 1.34044685850286e+00 1.34040946551008e+00 3.73929927728334e-05
3.83500000000000e+00 1.33711337616844e+00 1.33707761791153e+00 3.57582569068260e-05
3.84000000000000e+00 1.33681899510794e+00 1.33678686957979e+00 3.21255281581223e-05
3.84500000000000e+00 1.33960989524211e+00 1.33958262403436e+00 2.72712077531434e-05
3.85000000000000e+00 1.34551376183109e+00 1.34549150281253e+00 2.22590185618987e-05
3.85500000000000e+00 1.35453939338771e+00 1.35452117051728e+00 1.82228704295184e-05
3.86000000000000e+00 1.36667639359535e+00 1.36666027668282e+00 1.61169125334482e-05
3.86500000000000e+00 1.38189500076023e+00 1.38187851481848e+00 1.64859417532970e-05
3.87000000000000e+00 1.40014611019005e+00 1.40012679826999e+00 1.93119200526670e-05
3.87500000000000e+00 1.42136153420595e+00 1.42133755181640e+00 2.39823895460400e-05
3.88000000000000e+00 1.44545452092574e+00 1.44542511720754e+00 2.94037182002604e-05
3.88500000000000e+00 1.47232051925592e+00 1.47228627014469e+00 3.42491112292898e-05
3.89000000000000e+00 1.50183813985766e+00 1.50180084551966e+00 3.72943379975954e-05
3.89500000000000e+00 1.53387022923460e+00 1.53383246706028e+00 3.77621743237189e-05
3.90000000000000e+00 1.56826495679760e+00 1.56822937688661e+00 3.55799109965638e-05
3.90500000000000e+00 1.60485682162837e+00 1.60482535986612e+00 3.14617622565461e-05
3.91000000000000e+00 1.64346752080837e+00 1.64344075707161e+00 2.67637367588058e-05
3.91500000000000e+00 1.68390668100111e+00 1.68388356209650e+00 2.31189046100422e-05
3.92000000000000e+00 1.72597252665362e+00 1.72595059347097e+00 2.19331826520897e-05
3.92500000000000e+00 1.76945262086522e+00 1.76942873595353e+00 2.38849116818152e-05
3.93000000000000e+00 1.81412484435555e+00 1.81409624304787e+00 2.86013076860048e-05
3.93500000000000e+00 1.85975875392293e+00 1.85972409271722e+00 3.46612057089413e-05
3.94000000000000e+00 1.90611737730307e+00 1.90607738794081e+00 3.99893622529124e-05
3.94500000000000e+00 1.95295936975778e+00 1.95291679348016e+00 4.25762776155025e-05
3.95000000000000e+00 2.00004131469438e+00 2.00000000000000e+00 4.13146943827325e-05
3.95500000000000e+00 2.04711984794791e+00 2.04708320651983e+00 3.66414280787986e-05
3.96000000000000e+00 2.09395327619268e+00 2.09392261205918e+00 3.06641335021673e-05
3.96500000000000e+00 2.14030247817518e+00 2.14027590728278e+00 2.65708924045427e-05
3.97000000000000e+00 2.18593111783639e+00 2.18590375695213e+00 2.73608842618067e-05
3.97500000000000e+00 2.23060550608440e+00 2.23057126404647e+00 3.42420379331188e-05
3.98000000000000e+00 2.27409472546266e+00 2.27404940652903e+00 4.53189336298010e-05
3.98500000000000e+00 2.31617176642492e+00 2.31611643790350e+00 5.53285214266452e-05
3.99000000000000e+00 2.35661632969961e+00 2.35655924292839e+00 5.70867712230694e-05
3.99500000000000e+00 2.39521960988519e+00 2.39517464013388e+00 4.49697513098535e-05
4.00000000000000e+00 2.43179086492823e+00 2.43177062311338e+00 2.02418148411709e-05
