variables = x, value-predict, value-true, error
0.00000000000000e+00 2.43114619491153e+00 2.43177062311339e+00 6.24428201858152e-04
5.00000000000000e-03 2.46553960324727e+00 2.46616753293972e+00 6.27929692452955e-04
1.00000000000000e-02 2.49756969268693e+00 2.49819915448034e+00 6.29461793409725e-04
1.50000000000000e-02 2.52708976183116e+00 2.52771372985530e+00 6.23968024145327e-04
2.00000000000000e-02 2.55396584352705e+00 2.55457488279246e+00 6.09039265407674e-04
2.50000000000000e-02 2.57807814972139e+00 2.57866244818360e+00 5.84298462205535e-04
3.00000000000000e-02 2.59932236976334e+00 2.59987320173000e+00 5.50831966662280e-04
3.50000000000000e-02 2.61761080649475e+00 2.61812148518152e+00 5.10678686772348e-04
4.00000000000000e-02 2.63287333782620e+00 2.63333972331718e+00 4.66385490987431e-04
4.50000000000000e-02 2.64505819487433e+00 2.64547882948272e+00 4.20634608389037e-04
5.00000000000000e-02 2.65413255107447e+00 2.65450849718747e+00 3.75946113008396e-04
5.50000000000000e-02 2.66008291994216e+00 2.66041737596564e+00 3.34456023479479e-04
6.00000000000000e-02 2.66291536231034e+00 2.66321313042021e+00 2.97768109870145e-04
6.50000000000000e-02 2.66265550688853e+00 2.66292238208847e+00 2.66875199936845e-04
7.00000000000000e-02 2.65934839084389e+00 2.65959053448992e+00 2.42143646022708e-04
7.50000000000000e-02 2.65305812974511e+00 2.65328148243819e+00 2.23352693080159e-04
8.00000000000000e-02 2.64386742857506e+00 2.64407720741157e+00 2.09778836513408e-04
8.50000000000000e-02 2.63187694752865e+00 2.63207726147960e+00 2.00313950950104e-04
9.00000000000000e-02 2.61720453787695e+00 2.61739814297001e+00 1.93605093060878e-04
9.50000000000000e-02 2.59998436420720e+00 2.60017256772797e+00 1.88203520773200e-04
1.00000000000000e-01 2.58036592975923e+00 2.58054864046305e+00 1.82710703821254e-04
1.05000000000000e-01 2.55851302131753e+00 2.55868893129538e+00 1.75909977845112e-04
1.10000000000000e-01 2.53460258916876e+00 2.53476946319709e+00 1.66874028336927e-04
1.15000000000000e-01 2.50882357603051e+00 2.50897861657418e+00 1.55040543673213e-04
1.20000000000000e-01 2.48137570669156e+00 2.48151595774496e+00 1.40251053402540e-04
1.25000000000000e-01 2.45246824752475e+00 2.45259099854052e+00 1.22751015770639e-04
1.30000000000000e-01 2.42231874224438e+00 2.42242189467697e+00 1.03152432590736e-04
1.35000000000000e-01 2.39115172751992e+00 2.39123409092702e+00 8.23634070945545e-05
1.40000000000000e-01 2.35919742958628e+00 2.35925892144618e+00 6.14918599017855e-05
1.45000000000000e-01 2.32669044106046e+00 2.32673217388556e+00 4.17328250992277e-05
1.50000000000000e-01 2.29386837600367e+00 2.29389262614624e+00 2.42501425713471e-05
1.55000000000000e-01 2.26097050101374e+00 2.26098056479902e+00 1.00637852789021e-05
1.60000000000000e-01 2.22823634086829e+00 2.22823629430637e+00 4.65619192091538e-08
1.65000000000000e-01 2.19590425893473e+00 2.19589864623990e+00 5.61269483023707e-06
1.70000000000000e-01 2.16421001508606e+00 2.16420349768687e+00 6.51739919188543e-06
1.75000000000000e-01 2.13338530697594e+00 2.13338230798255e+00 2.99899339362142e-06
1.80000000000000e-01 2.10365630392077e+00 2.10366068279205e+00 4.37887128379444e-06
1.85000000000000e-01 2.07524218594885e+00 2.07525697439691e+00 1.47884480590221e-05
1.90000000000000e-01 2.04835370344001e+00 2.04838092681811e+00 2.72233780984621e-05
1.95000000000000e-01 2.02319177486070e+00 2.02323237413107e+00 4.05992703669256e-05
2.00000000000000e-01 1.99994614114682e+00 2.00000000000000e+00 5.38588531822093e-05
2.05000000000000e-01 1.97879409515420e+00 1.97886016608158e+00 6.60709273765381e-05
2.10000000000000e-01 1.95989930327206e+00 1.95997581652323e+00 7.65132511746369e-05
2.15000000000000e-01 1.94341073389430e+00 1.94349546531226e+00 8.47314179635017e-05
2.20000000000000e-01 1.92946170420359e+00 1.92955227272105e+00 9.05685174590332e-05
2.25000000000000e-01 1.91816905296516e+00 1.91826321654437e+00 9.41635792128803e-05
2.30000000000000e-01 1.90963244312222e+00 1.90972836324032e+00 9.59201180936731e-05
2.35000000000000e-01 1.90393379430413e+00 1.90403024347033e+00 9.64491661974431e-05
2.40000000000000e-01 1.90113684223267e+00 1.90123333589028e+00 9.64936576104414e-05
2.45000000000000e-01 1.90128681969318e+00 1.90138366237698e+00 9.68426838019454e-05
2.50000000000000e-01 1.90441025237503e+00 1.90450849718747e+00 9.82448124426938e-05
2.55000000000000e-01 1.91051486251369e+00 1.91061619184595e+00 1.01329332261813e-04
2.60000000000000e-01 1.91958957380656e+00 1.91969611683971e+00 1.06543033152384e-04
2.65000000000000e-01 1.93160461235061e+00 1.93171872048530e+00 1.14108134684709e-04
2.70000000000000e-01 1.94651170011261e+00 1.94663570460343e+00 1.24004490824614e-04
2.75000000000000e-01 1.96424433940441e+00 1.96438031592140e+00 1.35976516993486e-04
2.80000000000000e-01 1.98471818869830e+00 1.98486775140779e+00 1.49562709491180e-04
2.85000000000000e-01 2.00783153161199e+00 2.00799567504205e+00 1.64143430059216e-04
2.90000000000000e-01 2.03346584180554e+00 2.03364484283446e+00 1.79001028919767e-04
2.95000000000000e-01 2.06148644672603e+00 2.06167983224433e+00 1.93385518303391e-04
3.00000000000000e-01 2.09174329256525e+00 2.09194987150091e+00 2.06578935656232e-04
3.05000000000000e-01 2.12407181150640e+00 2.12428976371522e+00 2.17952208820371e-04
3.10000000000000e-01 2.15829389045925e+00 2.15852090008677e+00 2.27009627526531e-04
3.15000000000000e-01 2.19421893821459e+00 2.19445235595975e+00 2.33417745159503e-04
3.20000000000000e-01 2.23164504552272e+00 2.23188206297222e+00 2.37017449496779e-04
3.25000000000000e-01 2.27036023026114e+00 2.27059805007310e+00 2.37819811955031e-04
3.30000000000000e-01 2.31014375782303e+00 2.31037974575665e+00 2.35987933619786e-04
3.35000000000000e-01 2.35076752530178e+00 2.35099933348698e+00 2.31808185196858e-04
3.40000000000000e-01 2.39199749706870e+00 2.39222315195700e+00 2.25654888295068e-04
3.45000000000000e-01 2.43359517896412e+00 2.43381313154985e+00 2.17952585727765e-04
3.50000000000000e-01 2.47531911849487e+00 2.47552825814758e+00 2.09139652702195e-04
3.55000000000000e-01 2.51692641903847e+00 2.51712605526309e+00 1.99636224618605e-04
3.60000000000000e-01 2.55817425694352e+00 2.55836407535859e+00 1.89818415068821e-04
3.65000000000000e-01 2.59882139141810e+00 2.59900139115685e+00 1.79999738750158e-04
3.70000000000000e-01 2.63862965805875e+00 2.63880007775179e+00 1.70419693042323e-04
3.75000000000000e-01 2.67736543767066e+00 2.67752667638138e+00 1.61238710718603e-04
3.80000000000000e-01 2.71480109259383e+00 2.71495363083915e+00 1.52538245321132e-04
3.85000000000000e-01 2.75071636306203e+00 2.75086068766886e+00 1.44324606824231e-04
3.90000000000000e-01 2.78489971621705e+00 2.78503625151058e+00 1.36535293534301e-04
3.95000000000000e-01 2.81714964035178e+00 2.81727868724248e+00 1.29046890702256e-04
4.00000000000000e-01 2.84727587686193e+00 2.84739756089084e+00 1.21684028909996e-04
4.05000000000000e-01 2.87510058234773e+00 2.87521481165829e+00 1.14229310568259e-04
4.10000000000000e-01 2.90045941341568e+00 2.90056584784471e+00 1.06434429034685e-04
4.15000000000000e-01 2.92320252704925e+00 2.92330055990464e+00 9.80328553836785e-05
4.20000000000000e-01 2.94319548997385e+00 2.94328424439572e+00 8.87544218741709e-05
4.25000000000000e-01 2.96032009122753e+00 2.96039843312221e+00 7.83418946799230e-05
4.30000000000000e-01 2.97447505311850e+00 2.97454162236171e+00 6.65692432155751e-05
4.35000000000000e-01 2.98557663683355e+00 2.98562989767982e+00 5.32608462751050e-05
4.40000000000000e-01 2.99355914007059e+00 2.99359745048043e+00 3.83104098444775e-05
4.45000000000000e-01 2.99837528511487e+00 2.99839698310739e+00 2.16979925280469e-05
4.50000000000000e-01 2.99999649668315e+00 3.00000000000000e+00 3.50331684639826e-06
4.55000000000000e-01 2.99841306956505e+00 2.99839698310739e+00 1.60864576566055e-05
4.60000000000000e-01 2.99363422656568e+00 2.99359745048043e+00 3.67760852482135e-05
4.65000000000000e-01 2.98568806750133e+00 2.98562989767982e+00 5.81698215049720e-05
4.70000000000000e-01 2.97462141005191e+00 2.97454162236171e+00 7.97876902018935e-05
4.75000000000000e-01 2.96049952319073e+00 2.96039843312221e+00 1.01090068526766e-04
4.80000000000000e-01 2.94340575377142e+00 2.94328424439572e+00 1.21509375694995e-04
4.85000000000000e-01 2.92344104674249e+00 2.92330055990464e+00 1.40486837858056e-04
4.90000000000000e-01 2.90072335946846e+00 2.90056584784471e+00 1.57511623750217e-04
4.95000000000000e-01 2.87538697083971e+00 2.87521481165829e+00 1.72159181416109e-04
5.00000000000000e-01 2.84758168630827e+00 2.84739756089084e+00 1.84125417429737e-04
5.05000000000000e-01 2.81747194072382e+00 2.81727868724248e+00 1.93253481338918e-04
5.10000000000000e-01 2.78523580186509e+00 2.78503625151058e+00 1.99550354509803e-04
5.15000000000000e-01 2.75106387883665e+00 2.75086068766886e+00 2.03191167788219e-04
5.20000000000000e-01 2.71515814097135e+00 2.71495363083915e+00 2.04510132206348e-04
5.25000000000000e-01 2.67773065446342e+00 2.67752667638138e+00 2.03978082039757e-04
5.30000000000000e-01 2.63900224555684e+00 2.63880007775179e+00 2.02167805048337e-04
5.35000000000000e-01 2.59920110062234e+00 2.59900139115685e+00 1.99709465486642e-04
5.40000000000000e-01 2.55856131476788e+00 2.55836407535859e+00 1.97239409290173e-04
5.45000000000000e-01 2.51732140164593e+00 2.51712605526309e+00 1.95346382845241e-04
5.50000000000000e-01 2.47572277776993e+00 2.47552825814758e+00 1.94519622348732e-04
5.55000000000000e-01 2.43400823487879e+00 2.43381313154985e+00 1.95103328944235e-04
5.60000000000000e-01 2.39242041367181e+00 2.39222315195700e+00 1.97261714813823e-04
5.65000000000000e-01 2.35120029158593e+00 2.35099933348698e+00 2.00958098953485e-04
5.70000000000000e-01 2.31058569624806e+00 2.31037974575665e+00 2.05950491412477e-04
5.75000000000000e-01 2.27080985487814e+00 2.27059805007310e+00 2.11804805041904e-04
5.80000000000000e-01 2.23209998834381e+00 2.23188206297222e+00 2.17925371592376e-04
5.85000000000000e-01 2.19467595689043e+00 2.19445235595975e+00 2.23600930680412e-04
5.90000000000000e-01 2.15874896291734e+00 2.15852090008677e+00 2.28062830563758e-04
5.95000000000000e-01 2.12452031467057e+00 2.12428976371522e+00 2.30550955356179e-04
6.00000000000000e-01 2.09218025349134e+00 2.09194987150091e+00 2.30381990427464e-04
6.05000000000000e-01 2.06190684639801e+00 2.06167983224433e+00 2.27014153680649e-04
6.10000000000000e-01 2.03386494535915e+00 2.03364484283446e+00 2.20102524687071e-04
6.15000000000000e-01 2.00820521467065e+00 2.00799567504205e+00 2.09539628596822e-04
6.20000000000000e-01 1.98506322837650e+00 1.98486775140779e+00 1.95476968712915e-04
6.25000000000000e-01 1.96455864061576e+00 1.96438031592140e+00 1.78324694357412e-04
6.30000000000000e-01 1.94679443304165e+00 1.94663570460343e+00 1.58728438218736e-04
6.35000000000000e-01 1.93185624489999e+00 1.93171872048530e+00 1.37524414695722e-04
6.40000000000000e-01 1.91981179279904e+00 1.91969611683971e+00 1.15675959327710e-04
6.45000000000000e-01 1.91071038845459e+00 1.91061619184595e+00 9.41966086458468e-05
6.50000000000000e-01 1.90458256355322e+00 1.90450849718747e+00 7.40663657463614e-05
6.55000000000000e-01 1.90143981115977e+00 1.90138366237698e+00 5.61487827923646e-05
6.60000000000000e-01 1.90127445266177e+00 1.90123333589028e+00 4.11167714915450e-05
6.65000000000000e-01 1.90405963801229e+00 1.90403024347033e+00 2.93945419613806e-05
6.70000000000000e-01 1.90974948500671e+00 1.90972836324032e+00 2.11217663939056e-05
6.75000000000000e-01 1.91827936059654e+00 1.91826321654437e+00 1.61440521702083e-05
6.80000000000000e-01 1.92956630398721e+00 1.92955227272105e+00 1.40312661589537e-05
6.85000000000000e-01 1.94350958774331e+00 1.94349546531226e+00 1.41224310505894e-05
6.90000000000000e-01 1.95999140964316e+00 1.95997581652323e+00 1.55931199328219e-05
6.95000000000000e-01 1.97887770491019e+00 1.97886016608158e+00 1.75388286089984e-05
7.00000000000000e-01 2.00001906600339e+00 2.00000000000000e+00 1.90660033880796e-05
7.05000000000000e-01 2.02325175560815e+00 2.02323237413106e+00 1.93814770872436e-05
7.10000000000000e-01 2.04839879796906e+00 2.04838092681811e+00 1.78711509488672e-05
7.15000000000000e-01 2.07527113426360e+00 2.07525697439691e+00 1.41598666840714e-05
7.20000000000000e-01 2.10366882921880e+00 2.10366068279205e+00 8.14642674518140e-06
7.25000000000000e-01 2.13338231839570e+00 2.13338230798255e+00 1.04131485656467e-08
7.30000000000000e-01 2.16419368819876e+00 2.16420349768687e+00 9.80948811024618e-06
7.35000000000000e-01 2.19587798335167e+00 2.19589864623990e+00 2.06628882279958e-05
7.40000000000000e-01 2.22820453896253e+00 2.22823629430637e+00 3.17553438402562e-05
7.45000000000000e-01 2.26093833607297e+00 2.26098056479902e+00 4.22287260457566e-05
7.50000000000000e-01 2.29384138052442e+00 2.29389262614624e+00 5.12456218206836e-05
7.55000000000000e-01 2.32667410497114e+00 2.32673217388556e+00 5.80689144218383e-05
7.60000000000000e-01 2.35919679293568e+00 2.35925892144618e+00 6.21285105029123e-05
7.65000000000000e-01 2.39117102206634e+00 2.39123409092702e+00 6.30688606753083e-05
7.70000000000000e-01 2.42236112144483e+00 2.42242189467697e+00 6.07732321404875e-05
7.75000000000000e-01 2.45253563519359e+00 2.45259099854052e+00 5.53633469304593e-05
7.80000000000000e-01 2.48146878206507e+00 2.48151595774496e+00 4.71756798852141e-05
7.85000000000000e-01 2.50894189846163e+00 2.50897861657418e+00 3.67181125473515e-05
7.90000000000000e-01 2.53474485069084e+00 2.53476946319709e+00 2.46125062512981e-05
7.95000000000000e-01 2.55867740138458e+00 2.55868893129538e+00 1.15299108007783e-05
8.00000000000000e-01 2.58055051498535e+00 2.58054864046305e+00 1.87452230226981e-06
8.05000000000000e-01 2.60018758801729e+00 2.60017256772797e+00 1.50202893216544e-05
8.10000000000000e-01 2.61742559140680e+00 2.61739814297001e+00 2.74484367874805e-05
8.15000000000000e-01 2.63211611422306e+00 2.63207726147960e+00 3.88527434607155e-05
8.20000000000000e-01 2.64412630064903e+00 2.64407720741157e+00 4.90932374579423e-05
8.25000000000000e-01 2.65333967452720e+00 2.65328148243819e+00 5.81920890083687e-05
8.30000000000000e-01 2.65965684822536e+00 2.65959053448992e+00 6.63137354410814e-05
8.35000000000000e-01 2.66299611464296e+00 2.66292238208847e+00 7.37325544930556e-05
8.40000000000000e-01 2.66329392279608e+00 2.66321313042021e+00 8.07923758672224e-05
8.45000000000000e-01 2.66050523851120e+00 2.66041737596564e+00 8.78625455658089e-05
8.50000000000000e-01 2.65460379232854e+00 2.65450849718747e+00 9.52951410635450e-05
8.55000000000000e-01 2.64558221682934e+00 2.64547882948272e+00 1.03387346620742e-04
8.60000000000000e-01 2.63345207537392e+00 2.63333972331718e+00 1.12352056737652e-04
8.65000000000000e-01 2.61824378381106e+00 2.61812148518153e+00 1.22298629533724e-04
8.70000000000000e-01 2.60000642624745e+00 2.59987320173000e+00 1.33224517442798e-04
8.75000000000000e-01 2.57880746558745e+00 2.57866244818360e+00 1.45017403854641e-04
8.80000000000000e-01 2.55473234937475e+00 2.55457488279246e+00 1.57466582296983e-04
8.85000000000000e-01 2.52788401155377e+00 2.52771372985530e+00 1.70281698466557e-04
8.90000000000000e-01 2.49838227113386e+00 2.49819915448034e+00 1.83116653522220e-04
8.95000000000000e-01 2.46636312935231e+00 2.46616753293972e+00 1.95596412588817e-04
9.00000000000000e-01 2.43197796772592e+00 2.43177062311339e+00 2.07344612535465e-04
9.05000000000000e-01 2.39539265026970e+00 2.39517464013388e+00 2.18010135818680e-04
9.10000000000000e-01 2.35678653405765e+00 2.35655924292839e+00 2.27291129256457e-04
9.15000000000000e-01 2.31635139313605e+00 2.31611643790350e+00 2.34955232555567e-04
9.20000000000000e-01 2.27429026153537e+00 2.27404940652903e+00 2.40855006341967e-04
9.25000000000000e-01 2.23081620176166e+00 2.23057126404647e+00 2.44937715190297e-04
9.30000000000000e-01 2.18615100571380e+00 2.18590375695213e+00 2.47248761672481e-04
9.35000000000000e-01 2.14052383552338e+00 2.14027590728277e+00 2.47928240606932e-04
9.40000000000000e-01 2.09416981240611e+00 2.09392261205918e+00 2.47200346933152e-04
9.45000000000000e-01 2.04732856229175e+00 2.04708320651983e+00 2.45355771922195e-04
9.50000000000000e-01 2.00024272777027e+00 2.00000000000000e+00 2.42727770273898e-04
9.55000000000000e-01 1.95315645672376e+00 1.95291679348017e+00 2.39663243589261e-04
9.60000000000000e-01 1.90631387882791e+00 1.90607738794082e+00 2.36490887085328e-04
9.65000000000000e-01 1.85995758179388e+00 1.85972409271723e+00 2.33489076647109e-04
9.70000000000000e-01 1.81432709965633e+00 1.81409624304787e+00 2.30856608460117e-04
9.75000000000000e-01 1.76965742548269e+00 1.76942873595353e+00 2.28689529160109e-04
9.80000000000000e-01 1.72617756050202e+00 1.72595059347097e+00 2.26967031050407e-04
9.85000000000000e-01 1.68410911080532e+00 1.68388356209650e+00 2.25548708811640e-04
9.90000000000000e-01 1.64366494149083e+00 1.64344075707161e+00 2.24184419216789e-04
9.95000000000000e-01 1.60504789652259e+00 1.60482535986612e+00 2.22536656474315e-04
1.00000000000000e+00 1.56844959079217e+00 1.56822937688661e+00 2.20213905556266e-04
1.00500000000000e+00 1.53404927910935e+00 1.53383246706028e+00 2.16812049067538e-04
1.01000000000000e+00 1.50201280528607e+00 1.50180084551966e+00 2.11959766410086e-04
1.01500000000000e+00 1.47249163328726e+00 1.47228627014470e+00 2.05363142564030e-04
1.02000000000000e+00 1.44562196172016e+00 1.44542511720755e+00 1.96844512611927e-04
1.02500000000000e+00 1.42152392277628e+00 1.42133755181640e+00 1.86370959872617e-04
1.03000000000000e+00 1.40030086710779e+00 1.40012679827000e+00 1.74068837790697e-04
1.03500000000000e+00 1.38203873692468e+00 1.38187851481848e+00 1.60222106202701e-04
1.04000000000000e+00 1.36680553068997e+00 1.36666027668282e+00 1.45254007152928e-04
1.04500000000000e+00 1.35465086397597e+00 1.35452117051728e+00 1.29693458688962e-04
1.05000000000000e+00 1.34560563211428e+00 1.34549150281253e+00 1.14129301753474e-04
1.05500000000000e+00 1.33968178102110e+00 1.33958262403436e+00 9.91569867425657e-05
1.06000000000000e+00 1.33687219283550e+00 1.33678686957979e+00 8.53232557136430e-05
1.06500000000000e+00 1.33715069265052e+00 1.33707761791153e+00 7.30747389823261e-05
1.07000000000000e+00 1.34047218159467e+00 1.34040946551008e+00 6.27160845860786e-05
1.07500000000000e+00 1.34677289985877e+00 1.34671851756181e+00 5.43822969631957e-05
1.08000000000000e+00 1.35597082106063e+00 1.35592279258843e+00 4.80284722037538e-05
1.08500000000000e+00 1.36796617676433e+00 1.36792273852040e+00 4.34382439349346e-05
1.09000000000000e+00 1.38264210723488e+00 1.38260185702999e+00 4.02502048884035e-05
1.09500000000000e+00 1.39986543185091e+00 1.39982743227203e+00 3.79995788803988e-05
1.10000000000000e+00 1.41948753025211e+00 1.41945135953695e+00 3.61707151597113e-05
1.10500000000000e+00 1.44134532346532e+00 1.44131106870462e+00 3.42547607012911e-05
1.11000000000000e+00 1.46526234308125e+00 1.46523053680291e+00 3.18062783410955e-05
1.11500000000000e+00 1.49104987611591e+00 1.49102138342582e+00 2.84926900901983e-05
1.12000000000000e+00 1.51850817347743e+00 1.51848404225504e+00 2.41312223880907e-05
1.12500000000000e+00 1.54742771088144e+00 1.54740900145948e+00 1.87094219621375e-05
1.13000000000000e+00 1.57759049245831e+00 1.57757810532303e+00 1.23871352772920e-05
1.13500000000000e+00 1.60877138896341e+00 1.60876590907298e+00 5.47989042676278e-06
1.14000000000000e+00 1.64073950420767e+00 1.64074107855382e+00 1.57434615388752e-06
1.14500000000000e+00 1.67325956483880e+00 1.67326782611444e+00 8.26127563757773e-06
1.15000000000000e+00 1.70609332972913e+00 1.70610737385376e+00 1.40441246301304e-05
1.15500000000000e+00 1.73900101581828e+00 1.73901943520098e+00 1.84193826961998e-05
1.16000000000000e+00 1.77174273724521e+00 1.77176370569363e+00 2.09684484204775e-05
1.16500000000000e+00 1.80407995398677e+00 1.80410135376010e+00 2.13997733333748e-05
1.17000000000000e+00 1.83577692507639e+00 1.83579650231313e+00 1.95772367386216e-05
1.17500000000000e+00 1.86660215994877e+00 1.86661769201745e+00 1.55320686816562e-05
1.18000000000000e+00 1.89632985973260e+00 1.89633931720795e+00 9.45747534575325e-06
1.18500000000000e+00 1.92474133860398e+00 1.92474302560309e+00 1.68699910396697e-06
1.19000000000000e+00 1.95162641382758e+00 1.95161907318189e+00 7.34064568508330e-06
1.19500000000000e+00 1.97678475203373e+00 1.97676762586894e+00 1.71261647914367e-05
1.20000000000000e+00 2.00002715874296e+00 2.00000000000000e+00 2.71587429587772e-05
1.20500000000000e+00 2.02117679823093e+00 2.02113983391842e+00 3.69643125064378e-05
1.21000000000000e+00 2.04007033153395e+00 2.04002418347677e+00 4.61480571791739e-05
1.21500000000000e+00 2.05655896167010e+00 2.05650453468774e+00 5.44269823588017e-05
1.22000000000000e+00 2.07050937688057e+00 2.07044772727895e+00 6.16496016183632e-05
1.22500000000000e+00 2.08180458472419e+00 2.08173678345563e+00 6.78012685639828e-05
1.23000000000000e+00 2.09034463201054e+00 2.09027163675968e+00 7.29952508540244e-05
1.23500000000000e+00 2.09604720765571e+00 2.09596975652967e+00 7.74511260406285e-05
1.24000000000000e+00 2.09884812743187e+00 2.09876666410972e+00 8.14633221493111e-05
1.24500000000000e+00 2.09870170113356e+00 2.09861633762302e+00 8.53635105366735e-05
1.25000000000000e+00 2.09558098382177e+00 2.09549150281253e+00 8.94810092439968e-05
1.25500000000000e+00 2.08947791350332e+00 2.08938380815405e+00 9.41053492642396e-05
1.26000000000000e+00 2.08040333787994e+00 2.08030388316029e+00 9.94547196504492e-05
1.26500000000000e+00 2.06838693272519e+00 2.06828127951470e+00 1.05653210483947e-04
1.27000000000000e+00 2.05347701411665e+00 2.05336429539657e+00 1.12718720081784e-04
1.27500000000000e+00 2.03574024628570e+00 2.03561968407860e+00 1.20562207105213e-04
1.28000000000000e+00 2.01526124637465e+00 2.01513224859221e+00 1.28997782441687e-04
1.28500000000000e+00 1.99214208702771e+00 1.99200432495795e+00 1.37762069760461e-04
1.29000000000000e+00 1.96650169758707e+00 1.96635515716554e+00 1.46540421528396e-04
1.29500000000000e+00 1.93847516478580e+00 1.93832016775567e+00 1.54997030130444e-04
1.30000000000000e+00 1.90821293425750e+00 1.90805012849909e+00 1.62805758406659e-04
1.30500000000000e+00 1.87587991491434e+00 1.87571023628478e+00 1.69678629556413e-04
1.31000000000000e+00 1.84165448924153e+00 1.84147909991323e+00 1.75389328305853e-04
1.31500000000000e+00 1.80572743375060e+00 1.80554764404025e+00 1.79789710346823e-04
1.32000000000000e+00 1.76830075514147e+00 1.76811793702778e+00 1.82818113685812e-04
1.32500000000000e+00 1.72958644905108e+00 1.72940194992690e+00 1.84499124179505e-04
1.33000000000000e+00 1.68980518952367e+00 1.68962025424335e+00 1.84935280321596e-04
1.33500000000000e+00 1.64918495844620e+00 1.64900066651302e+00 1.84291933182257e-04
1.34000000000000e+00 1.60795962509101e+00 1.60777684804300e+00 1.82777048003402e-04
1.34500000000000e+00 1.56636748655685e+00 1.56618686845015e+00 1.80618106704111e-04
1.35000000000000e+00 1.52464978028247e+00 1.52447174185242e+00 1.78038430052485e-04
1.35500000000000e+00 1.48304917992468e+00 1.48287394473691e+00 1.75235187764855e-04
1.36000000000000e+00 1.44180828576470e+00 1.44163592464141e+00 1.72361123288445e-04
1.36500000000000e+00 1.40116812046080e+00 1.40099860884315e+00 1.69511617648554e-04
1.37000000000000e+00 1.36136664043876e+00 1.36119992224821e+00 1.66718190545811e-04
1.37500000000000e+00 1.32263727254747e+00 1.32247332361862e+00 1.63948928851188e-04
1.38000000000000e+00 1.28520748484757e+00 1.28504636916085e+00 1.61115686719393e-04
1.38500000000000e+00 1.24929739959652e+00 1.24913931233114e+00 1.58087265378137e-04
1.39000000000000e+00 1.21511845569125e+00 1.21496374848942e+00 1.54707201831306e-04
1.39500000000000e+00 1.18287212708231e+00 1.18272131275752e+00 1.50814324790138e-04
1.40000000000000e+00 1.15274870302904e+00 1.15260243910916e+00 1.46263919880374e-04
1.40500000000000e+00 1.12492613556873e+00 1.12478518834171e+00 1.40947227023513e-04
1.41000000000000e+00 1.09956895925507e+00 1.09943415215529e+00 1.34807099783751e-04
1.41500000000000e+00 1.07682728809650e+00 1.07669944009536e+00 1.27848001136410e-04
1.42000000000000e+00 1.05683589468161e+00 1.05671575560428e+00 1.20139077333103e-04
1.42500000000000e+00 1.03971337667696e+00 1.03960156687779e+00 1.11809799172358e-04
1.43000000000000e+00 1.02556141615348e+00 1.02545837763829e+00 1.03038515188780e-04
1.43500000000000e+00 1.01446413744882e+00 1.01437010232018e+00 9.40351286393692e-05
1.44000000000000e+00 1.00648756939886e+00 1.00640254951957e+00 8.50198792958778e-05
1.44500000000000e+00 1.00167921766605e+00 1.00160301689261e+00 7.62007734433912e-05
1.45000000000000e+00 1.00006775246955e+00 1.00000000000000e+00 6.77524695511522e-05
1.45500000000000e+00 1.00166281622836e+00 1.00160301689261e+00 5.97993357576154e-05
1.46000000000000e+00 1.00645495445744e+00 1.00640254951957e+00 5.24049378753944e-05
1.46500000000000e+00 1.01441567175521e+00 1.01437010232018e+00 4.55694350309788e-05
1.47000000000000e+00 1.02549761298543e+00 1.02545837763829e+00 3.92353471425633e-05
1.47500000000000e+00 1.03963486792335e+00 1.03960156687779e+00 3.33010455528804e-05
1.48000000000000e+00 1.05674339586257e+00 1.05671575560428e+00 2.76402582977120e-05
1.48500000000000e+00 1.07672156512143e+00 1.07669944009536e+00 2.21250260612482e-05
1.49000000000000e+00 1.09945080117521e+00 1.09943415215529e+00 1.66490199184910e-05
1.49500000000000e+00 1.12479633636117e+00 1.12478518834171e+00 1.11480194675551e-05
1.50000000000000e+00 1.15260805378253e+00 1.15260243910916e+00 5.61467337290011e-06
1.50500000000000e+00 1.18272141814399e+00 1.18272131275752e+00 1.05386470439228e-07
1.51000000000000e+00 1.21495848669358e+00 1.21496374848942e+00 5.26179584325881e-06
1.51500000000000e+00 1.24912899408991e+00 1.24913931233114e+00 1.03182412356517e-05
1.52000000000000e+00 1.28503150570601e+00 1.28504636916085e+00 1.48634548393645e-05
1.52500000000000e+00 1.32245463446120e+00 1.32247332361862e+00 1.86891574154302e-05
1.53000000000000e+00 1.36117831660640e+00 1.36119992224821e+00 2.16056418080868e-05
1.53500000000000e+00 1.40097514187700e+00 1.40099860884315e+00 2.34669661509646e-05
1.54000000000000e+00 1.44161173302388e+00 1.44163592464141e+00 2.41916175334200e-05
1.54500000000000e+00 1.48285016894748e+00 1.48287394473691e+00 2.37757894321344e-05
1.55000000000000e+00 1.52444944455381e+00 1.52447174185242e+00 2.22972986125836e-05
1.55500000000000e+00 1.56616695913490e+00 1.56618686845015e+00 1.99093152528640e-05
1.56000000000000e+00 1.60776002368917e+00 1.60777684804300e+00 1.68243538298807e-05
1.56500000000000e+00 1.64898737629538e+00 1.64900066651302e+00 1.32902176335215e-05
1.57000000000000e+00 1.68961069358967e+00 1.68962025424335e+00 9.56065368229453e-06
1.57500000000000e+00 1.72939608570033e+00 1.72940194992690e+00 5.86422657522512e-06
1.58000000000000e+00 1.76811556176593e+00 1.76811793702778e+00 2.37526185209447e-06
1.58500000000000e+00 1.80554845344816e+00 1.80554764404025e+00 8.09407906254833e-07
1.59000000000000e+00 1.84148278464983e+00 1.84147909991323e+00 3.68473660294910e-06
1.59500000000000e+00 1.87571657690386e+00 1.87571023628478e+00 6.34061907134331e-06
1.60000000000000e+00 1.90805908150736e+00 1.90805012849909e+00 8.95300826608825e-06
1.60500000000000e+00 1.93833193129429e+00 1.93832016775567e+00 1.17635386214232e-05
1.61000000000000e+00 1.96637020680350e+00 1.96635515716554e+00 1.50496379527354e-05
1.61500000000000e+00 1.99202341333426e+00 1.99200432495795e+00 1.90883763067085e-05
1.62000000000000e+00 2.01515636682603e+00 2.01513224859221e+00 2.41182338167611e-05
1.62500000000000e+00 2.03564998752149e+00 2.03561968407860e+00 3.03034428958959e-05
1.63000000000000e+00 2.05340200088628e+00 2.05336429539657e+00 3.77054897131579e-05
1.63500000000000e+00 2.06832754523741e+00 2.06828127951470e+00 4.62657227053853e-05
1.64000000000000e+00 2.08035968501415e+00 2.08030388316029e+00 5.58018538647786e-05
1.64500000000000e+00 2.08944982771416e+00 2.08938380815405e+00 6.60195601080993e-05
1.65000000000000e+00 2.09556804137760e+00 2.09549150281253e+00 7.65385650787209e-05
1.65500000000000e+00 2.09870326834090e+00 2.09861633762302e+00 8.69307178801293e-05
1.66000000000000e+00 2.09886343002756e+00 2.09876666410972e+00 9.67659178376934e-05
1.66500000000000e+00 2.09607541702172e+00 2.09596975652967e+00 1.05660492044635e-04
1.67000000000000e+00 2.09038495876609e+00 2.09027163675968e+00 1.13322006403571e-04
1.67500000000000e+00 2.08185636806455e+00 2.08173678345563e+00 1.19584608917478e-04
1.68000000000000e+00 2.07057215718274e+00 2.07044772727895e+00 1.24429903785916e-04
1.68500000000000e+00 2.05663252466086e+00 2.05650453468774e+00 1.27989973116360e-04
1.69000000000000e+00 2.04015471480732e+00 2.04002418347677e+00 1.30531330549299e-04
1.69500000000000e+00 2.02127225497059e+00 2.02113983391842e+00 1.32421052168930e-04
1.70000000000000e+00 2.00013407876532e+00 2.00000000000000e+00 1.34078765323231e-04
1.70500000000000e+00 1.97690354611775e+00 1.97676762586893e+00 1.35920248811372e-04
1.71000000000000e+00 1.95175737297917e+00 1.95161907318189e+00 1.38299797281638e-04
1.71500000000000e+00 1.92488448459716e+00 1.92474302560309e+00 1.41458994076249e-04
1.72000000000000e+00 1.89648480620743e+00 1.89633931720795e+00 1.45488999481191e-04
1.72500000000000e+00 1.86676800393398e+00 1.86661769201745e+00 1.50311916531809e-04
1.73000000000000e+00 1.83595218672413e+00 1.83579650231313e+00 1.55684411000445e-04
1.73500000000000e+00 1.80426257759543e+00 1.80410135376010e+00 1.61223835326352e-04
1.74000000000000e+00 1.77193015972373e+00 1.77176370569363e+00 1.66454030105623e-04
1.74500000000000e+00 1.73919030038631e+00 1.73901943520098e+00 1.70865185325386e-04
1.75000000000000e+00 1.70628135390138e+00 1.70610737385376e+00 1.73980047612377e-04
1.75500000000000e+00 1.67344324379825e+00 1.67326782611444e+00 1.75417683813128e-04
1.76000000000000e+00 1.64091602469458e+00 1.64074107855382e+00 1.74946140760746e-04
1.76500000000000e+00 1.60893842576093e+00 1.60876590907298e+00 1.72516687954261e-04
1.77000000000000e+00 1.57774638004833e+00 1.57757810532303e+00 1.68274725301343e-04
1.77500000000000e+00 1.54757154701319e+00 1.54740900145948e+00 1.62545553709093e-04
1.78000000000000e+00 1.51863983885755e+00 1.51848404225504e+00 1.55796602513858e-04
1.78500000000000e+00 1.49116996432652e+00 1.49102138342582e+00 1.48580900695583e-04
1.79000000000000e+00 1.46537200591778e+00 1.46523053680291e+00 1.41469114877113e-04
1.79500000000000e+00 1.44144604770756e+00 1.44131106870462e+00 1.34979002936797e-04
1.80000000000000e+00 1.41958087098383e+00 1.41945135953695e+00 1.29511446878006e-04
1.80500000000000e+00 1.39995273358208e+00 1.39982743227203e+00 1.25301310048620e-04
1.81000000000000e+00 1.38272424639550e+00 1.38260185702999e+00 1.22389365514231e-04
1.81500000000000e+00 1.36804335728303e+00 1.36792273852040e+00 1.20618762626146e-04
1.82000000000000e+00 1.35604244891962e+00 1.35592279258843e+00 1.19656331195372e-04
1.82500000000000e+00 1.34683755345446e+00 1.34671851756181e+00 1.19035892650610e-04
1.83000000000000e+00 1.34052768356440e+00 1.34040946551008e+00 1.18218054314445e-04
1.83500000000000e+00 1.33719427693791e+00 1.33707761791153e+00 1.16659026376142e-04
1.84000000000000e+00 1.33690074960726e+00 1.33678686957979e+00 1.13880027472257e-04
1.84500000000000e+00 1.33969215294555e+00 1.33958262403436e+00 1.09528911193424e-04
1.85000000000000e+00 1.34559492951366e+00 1.34549150281253e+00 1.03426701128395e-04
1.85500000000000e+00 1.35461676412198e+00 1.35452117051728e+00 9.55936046993511e-05
1.86000000000000e+00 1.36674652822443e+00 1.36666027668282e+00 8.62515416157894e-05
1.86500000000000e+00 1.38195431779438e+00 1.38187851481848e+00 7.58029759011514e-05
1.87000000000000e+00 1.40019158684005e+00 1.40012679827000e+00 6.47885700588713e-05
1.87500000000000e+00 1.42139138040593e+00 1.42133755181640e+00 5.38285895312907e-05
1.88000000000000e+00 1.44546867202984e+00 1.44542511720755e+00 4.35548222981197e-05
1.88500000000000e+00 1.47232081099629e+00 1.47228627014470e+00 3.45408515969314e-05
1.89000000000000e+00 1.50182808423996e+00 1.50180084551967e+00 2.72387202908675e-05
1.89500000000000e+00 1.53385439639005e+00 1.53383246706028e+00 2.19293297718526e-05
1.90000000000000e+00 1.56824806927945e+00 1.56822937688661e+00 1.86923928378047e-05
1.90500000000000e+00 1.60484275942789e+00 1.60482535986612e+00 1.73995617713807e-05
1.91000000000000e+00 1.64345848877831e+00 1.64344075707161e+00 1.77317066925031e-05
1.91500000000000e+00 1.68390278060432e+00 1.68388356209650e+00 1.92185078149443e-05
1.92000000000000e+00 1.72597188933232e+00 1.72595059347097e+00 2.12958613541314e-05
1.92500000000000e+00 1.76945211034897e+00 1.76942873595353e+00 2.33743954347609e-05
1.93000000000000e+00 1.81412115397565e+00 1.81409624304787e+00 2.49109277752346e-05
1.93500000000000e+00 1.85974956689811e+00 1.85972409271723e+00 2.54741808878300e-05
1.94000000000000e+00 1.90610218455251e+00 1.90607738794082e+00 2.47966116930787e-05
1.94500000000000e+00 1.95293959927550e+00 1.95291679348017e+00 2.28057953304273e-05
1.95000000000000e+00 2.00001963127710e+00 2.00000000000000e+00 1.96312771036933e-05
1.95500000000000e+00 2.04709879241117e+00 2.04708320651983e+00 1.55858913357676e-05
1.96000000000000e+00 2.09393373591782e+00 2.09392261205918e+00 1.11238586444351e-05
1.96500000000000e+00 2.14028268835273e+00 2.14027590728277e+00 6.78106995533057e-06
1.97000000000000e+00 2.18590686235668e+00 2.18590375695213e+00 3.10540454862007e-06
1.97500000000000e+00 2.23057185038372e+00 2.23057126404646e+00 5.86337255192859e-07
1.98000000000000e+00 2.27404899975385e+00 2.27404940652903e+00 4.06775174432994e-07
1.98500000000000e+00 2.31611676836943e+00 2.31611643790350e+00 3.30465935505231e-07
1.99000000000000e+00 2.35656205827622e+00 2.35655924292839e+00 2.81534782642368e-06
1.99500000000000e+00 2.39518152129751e+00 2.39517464013388e+00 6.88116362912439e-06
2.00000000000000e+00 2.43178282770215e+00 2.43177062311339e+00 1.22045887587241e-05
2.00500000000000e+00 2.46618588583096e+00 2.46616753293972e+00 1.83528912374165e-05
2.01000000000000e+00 2.49822399832135e+00 2.49819915448034e+00 2.48438410110907e-05
2.01500000000000e+00 2.52774493944009e+00 2.52771372985530e+00 3.12095847880833e-05
2.02000000000000e+00 2.55461193827765e+00 2.55457488279245e+00 3.70554851993887e-05
2.02500000000000e+00 2.57870455417161e+00 2.57866244818359e+00 4.21059880153507e-05
2.03000000000000e+00 2.59991943349580e+00 2.59987320173000e+00 4.62317657965450e-05
2.03500000000000e+00 2.61817094049152e+00 2.61812148518152e+00 4.94553099983364e-05
2.04000000000000e+00 2.63339165864678e+00 2.63333972331718e+00 5.19353296004610e-05
2.04500000000000e+00 2.64553276275804e+00 2.64547882948272e+00 5.39332753191069e-05
2.05000000000000e+00 2.65456426481139e+00 2.65450849718747e+00 5.57676239192340e-05
2.05500000000000e+00 2.66047513890114e+00 2.66041737596564e+00 5.77629355009712e-05
2.06000000000000e+00 2.66327333142681e+00 2.66321313042021e+00 6.02010065922087e-05
2.06500000000000e+00 2.66298566280568e+00 2.66292238208847e+00 6.32807172116223e-05
2.07000000000000e+00 2.65965762607735e+00 2.65959053448992e+00 6.70915874305678e-05
2.07500000000000e+00 2.65335308633594e+00 2.65328148243819e+00 7.16038977546241e-05
2.08000000000000e+00 2.64415388323336e+00 2.64407720741157e+00 7.66758217869423e-05
2.08500000000000e+00 2.63215933718527e+00 2.63207726147960e+00 8.20757056727572e-05
2.09000000000000e+00 2.61748565867469e+00 2.61739814297001e+00 8.75157046755781e-05
2.09500000000000e+00 2.60026525940382e+00 2.60017256772797e+00 9.26916758432483e-05
2.10000000000000e+00 2.58064596411920e+00 2.58054864046305e+00 9.73236561554458e-05
2.10500000000000e+00 2.55879012275088e+00 2.55868893129538e+00 1.01191455496252e-04
2.11000000000000e+00 2.53487362398992e+00 2.53476946319710e+00 1.04160792827379e-04
2.11500000000000e+00 2.50908481342513e+00 2.50897861657418e+00 1.06196850950369e-04
2.12000000000000e+00 2.48162332165446e+00 2.48151595774496e+00 1.07363909503277e-04
2.12500000000000e+00 2.45269881013747e+00 2.45259099854052e+00 1.07811596945950e-04
2.13000000000000e+00 2.42252964471567e+00 2.42242189467697e+00 1.07750038699450e-04
2.13500000000000e+00 2.39134150848460e+00 2.39123409092702e+00 1.07417557583478e-04
2.14000000000000e+00 2.35936596689014e+00 2.35925892144618e+00 1.07045443960008e-04
2.14500000000000e+00 2.32683899845184e+00 2.32673217388556e+00 1.06824566278085e-04
2.15000000000000e+00 2.29399950437268e+00 2.29389262614624e+00 1.06878226441509e-04
2.15500000000000e+00 2.26108780954368e+00 2.26098056479902e+00 1.07244744660839e-04
2.16000000000000e+00 2.22834416622408e+00 2.22823629430637e+00 1.07871917703672e-04
2.16500000000000e+00 2.19600727015488e+00 2.19589864623990e+00 1.08623914977457e-04
2.17000000000000e+00 2.16431279725091e+00 2.16420349768687e+00 1.09299564036824e-04
2.17500000000000e+00 2.13349196751830e+00 2.13338230798255e+00 1.09659535755036e-04
2.18000000000000e+00 2.10377014163782e+00 2.10366068279205e+00 1.09458845770849e-04
2.18500000000000e+00 2.07536545486819e+00 2.07525697439691e+00 1.08480471272099e-04
2.19000000000000e+00 2.04848749262218e+00 2.04838092681811e+00 1.06565804066427e-04
2.19500000000000e+00 2.02333601224880e+00 2.02323237413107e+00 1.03638117733507e-04
2.20000000000000e+00 2.00009971614527e+00 2.00000000000000e+00 9.97161452738204e-05
2.20500000000000e+00 1.97895508219897e+00 1.97886016608158e+00 9.49161173946500e-05
2.21000000000000e+00 1.96006525855932e+00 1.95997581652323e+00 8.94420360821879e-05
2.21500000000000e+00 1.94357903068691e+00 1.94349546531226e+00 8.35653746475984e-05
2.22000000000000e+00 1.92962986935508e+00 1.92955227272105e+00 7.75966340382794e-05
2.22500000000000e+00 1.91833506864956e+00 1.91826321654437e+00 7.18521051856769e-05
2.23000000000000e+00 1.90979498293303e+00 1.90972836324032e+00 6.66196927128215e-05
2.23500000000000e+00 1.90409237117558e+00 1.90403024347033e+00 6.21277052523794e-05
2.24000000000000e+00 1.90129185601552e+00 1.90123333589028e+00 5.85201252452094e-05
2.24500000000000e+00 1.90143950347709e+00 1.90138366237698e+00 5.58411001052583e-05
2.25000000000000e+00 1.90456252753543e+00 1.90450849718747e+00 5.40303479519277e-05
2.25500000000000e+00 1.91066912181614e+00 1.91061619184595e+00 5.29299701914621e-05
2.26000000000000e+00 1.91974841878148e+00 1.91969611683971e+00 5.23019417648651e-05
2.26500000000000e+00 1.93177057491901e+00 1.93171872048530e+00 5.18544337131388e-05
2.27000000000000e+00 1.94668697882137e+00 1.94663570460343e+00 5.12742179377135e-05
2.27500000000000e+00 1.96443057771192e+00 1.96438031592140e+00 5.02617905155933e-05
2.28000000000000e+00 1.98491631698382e+00 1.98486775140779e+00 4.85655760320558e-05
2.28500000000000e+00 2.00804168670016e+00 2.00799567504205e+00 4.60116581071368e-05
2.29000000000000e+00 2.03368736874114e+00 2.03364484283446e+00 4.25259066858530e-05
2.29500000000000e+00 2.06171797834455e+00 2.06167983224433e+00 3.81461002190164e-05
2.30000000000000e+00 2.09198289410665e+00 2.09194987150091e+00 3.30226057418948e-05
2.30500000000000e+00 2.12431717101394e+00 2.12428976371522e+00 2.74072987274110e-05
2.31000000000000e+00 2.15854253166537e+00 2.15852090008677e+00 2.16315785999122e-05
2.31500000000000e+00 2.19446843141846e+00 2.19445235595975e+00 1.60754587157363e-05
2.32000000000000e+00 2.23189319364409e+00 2.23188206297221e+00 1.11306718784121e-05
2.32500000000000e+00 2.27060521150775e+00 2.27059805007310e+00 7.16143465018249e-06
2.33000000000000e+00 2.31038421262764e+00 2.31037974575665e+00 4.46687099264764e-06
2.33500000000000e+00 2.35100258254190e+00 2.35099933348698e+00 3.24905492599115e-06
2.34000000000000e+00 2.39222674213171e+00 2.39222315195699e+00 3.59017471707190e-06
2.34500000000000e+00 2.43381857302478e+00 2.43381313154985e+00 5.44147493197755e-06
2.35000000000000e+00 2.47553688361697e+00 2.47552825814758e+00 8.62546939606190e-06
2.35500000000000e+00 2.51713890681375e+00 2.51712605526309e+00 1.28515506694349e-05
2.36000000000000e+00 2.55838181905147e+00 2.55836407535858e+00 1.77436928812114e-05
2.36500000000000e+00 2.59902426876834e+00 2.59900139115685e+00 2.28776114870044e-05
2.37000000000000e+00 2.63882790141016e+00 2.63880007775179e+00 2.78236583692859e-05
2.37500000000000e+00 2.67755886740314e+00 2.67752667638138e+00 3.21910217606636e-05
2.38000000000000e+00 2.71498929939428e+00 2.71495363083914e+00 3.56685551401448e-05
2.38500000000000e+00 2.75089874548274e+00 2.75086068766886e+00 3.80578138865495e-05
2.39000000000000e+00 2.78507554612284e+00 2.78503625151058e+00 3.92946122578230e-05
2.39500000000000e+00 2.81731814379594e+00 2.81727868724248e+00 3.94565534631575e-05
2.40000000000000e+00 2.84743631630584e+00 2.84739756089084e+00 3.87554149980929e-05
2.40500000000000e+00 2.87525232650279e+00 2.87521481165829e+00 3.75148444993201e-05
2.41000000000000e+00 2.90060198322426e+00 2.90056584784471e+00 3.61353795472752e-05
2.41500000000000e+00 2.92333561009771e+00 2.92330055990463e+00 3.50501930728164e-05
2.42000000000000e+00 2.94331892044271e+00 2.94328424439572e+00 3.46760469822627e-05
2.42500000000000e+00 2.96043379772335e+00 2.96039843312221e+00 3.53646011475028e-05
2.43000000000000e+00 2.97457898176025e+00 2.97454162236171e+00 3.73593985387721e-05
2.43500000000000e+00 2.98567066117490e+00 2.98562989767982e+00 4.07634950754243e-05
2.44000000000000e+00 2.99364297230967e+00 2.99359745048043e+00 4.55218292323423e-05
2.44500000000000e+00 2.99844840418545e+00 2.99839698310739e+00 5.14210780528934e-05
2.45000000000000e+00 3.00005810800991e+00 3.00000000000000e+00 5.81080099055775e-05
2.45500000000000e+00 2.99846210845724e+00 2.99839698310739e+00 6.51253498498150e-05
2.46000000000000e+00 2.99366941256993e+00 2.99359745048044e+00 7.19620894997774e-05
2.46500000000000e+00 2.98570801088821e+00 2.98562989767982e+00 7.81132083873537e-05
2.47000000000000e+00 2.97462476452297e+00 2.97454162236171e+00 8.31421612601524e-05
2.47500000000000e+00 2.96048517159459e+00 2.96039843312221e+00 8.67384723863829e-05
2.48000000000000e+00 2.94337300698601e+00 2.94328424439572e+00 8.87625902881162e-05
2.48500000000000e+00 2.92338983087244e+00 2.92330055990464e+00 8.92709678055326e-05
2.49000000000000e+00 2.90065436405940e+00 2.90056584784471e+00 8.85162146868623e-05
2.49500000000000e+00 2.87530173170955e+00 2.87521481165830e+00 8.69200512561008e-05
2.50000000000000e+00 2.84748258131553e+00 2.84739756089084e+00 8.50204246840569e-05
2.50500000000000e+00 2.81736208534626e+00 2.81727868724248e+00 8.33981037766662e-05
2.51000000000000e+00 2.78511884327439e+00 2.78503625151058e+00 8.25917638089813e-05
2.51500000000000e+00 2.75094370102063e+00 2.75086068766886e+00 8.30133517770726e-05
2.52000000000000e+00 2.71503850760135e+00 2.71495363083915e+00 8.48767622034785e-05
2.52500000000000e+00 2.67761482848295e+00 2.67752667638138e+00 8.81521015654307e-05
2.53000000000000e+00 2.63889263266956e+00 2.63880007775179e+00 9.25549177743790e-05
2.53500000000000e+00 2.59909896610362e+00 2.59900139115685e+00 9.75749467677645e-05
2.54000000000000e+00 2.55846661816618e+00 2.55836407535859e+00 1.02542807594475e-04
2.54500000000000e+00 2.51723278188244e+00 2.51712605526309e+00 1.06726619347963e-04
2.55000000000000e+00 2.47563770300402e+00 2.47552825814758e+00 1.09444856443375e-04
2.55500000000000e+00 2.43392330955858e+00 2.43381313154985e+00 1.10178008724482e-04
2.56000000000000e+00 2.39233181257240e+00 2.39222315195700e+00 1.08660615399714e-04
2.56500000000000e+00 2.35110427087460e+00 2.35099933348698e+00 1.04937387616744e-04
2.57000000000000e+00 2.31047911800090e+00 2.31037974575666e+00 9.93722442395040e-05
2.57500000000000e+00 2.27069065648428e+00 2.27059805007310e+00 9.26064111785863e-05
2.58000000000000e+00 2.23196753304547e+00 2.23188206297222e+00 8.54700732557667e-05
2.58500000000000e+00 2.19453121594109e+00 2.19445235595975e+00 7.88599813446034e-05
2.59000000000000e+00 2.15859450158800e+00 2.15852090008678e+00 7.36015012270386e-05
2.59500000000000e+00 2.12436008045850e+00 2.12428976371522e+00 7.03167432853924e-05
2.60000000000000e+00 2.09201919154327e+00 2.09194987150091e+00 6.93200423578233e-05
2.60500000000000e+00 2.06175039043431e+00 2.06167983224433e+00 7.05581899795860e-05
2.61000000000000e+00 2.03371844891571e+00 2.03364484283446e+00 7.36060812505102e-05
2.61500000000000e+00 2.00807339496397e+00 2.00799567504205e+00 7.77199219150759e-05
2.62000000000000e+00 1.98494969262030e+00 1.98486775140779e+00 8.19412125097063e-05
2.62500000000000e+00 1.96446555270007e+00 1.96438031592140e+00 8.52367786607910e-05
2.63000000000000e+00 1.94672235895790e+00 1.94663570460343e+00 8.66543544688625e-05
2.63500000000000e+00 1.93180419097847e+00 1.93171872048530e+00 8.54704931756434e-05
2.64000000000000e+00 1.91977742510206e+00 1.91969611683971e+00 8.13082623494221e-05
2.64500000000000e+00 1.91069039803000e+00 1.91061619184595e+00 7.42061840550701e-05
2.65000000000000e+00 1.90457312384882e+00 1.90450849718747e+00 6.46266613437696e-05
2.65500000000000e+00 1.90143706316413e+00 1.90138366237698e+00 5.34007871453301e-05
2.66000000000000e+00 1.90127495169348e+00 1.90123333589028e+00 4.16158032077174e-05
2.66500000000000e+00 1.90406070375521e+00 1.90403024347033e+00 3.04602848830715e-05
2.67000000000000e+00 1.90974941234704e+00 1.90972836324032e+00 2.10491067202945e-05
2.67500000000000e+00 1.91827747083343e+00 1.91826321654437e+00 1.42542890593234e-05
2.68000000000000e+00 1.92956284086413e+00 1.92955227272105e+00 1.05681430897508e-05
2.68500000000000e+00 1.94350548669599e+00 1.94349546531226e+00 1.00213837301855e-05
2.69000000000000e+00 1.95998798782467e+00 1.95997581652323e+00 1.21713014347158e-05
2.69500000000000e+00 1.97887633062943e+00 1.97886016608158e+00 1.61645478544692e-05
2.70000000000000e+00 2.00002086707400e+00 2.00000000000000e+00 2.08670740042827e-05
2.70500000000000e+00 2.02325741632440e+00 2.02323237413106e+00 2.50421933358780e-05
2.71000000000000e+00 2.04840847554100e+00 2.04838092681811e+00 2.75487228926785e-05
2.71500000000000e+00 2.07528450095159e+00 2.07525697439691e+00 2.75265546796355e-05
2.72000000000000e+00 2.10368522083382e+00 2.10366068279205e+00 2.45380417713825e-05
2.72500000000000e+00 2.13340094842849e+00 2.13338230798255e+00 1.86404459410205e-05
2.73000000000000e+00 2.16421387407751e+00 2.16420349768687e+00 1.03763906453835e-05
2.73500000000000e+00 2.19589932994141e+00 2.19589864623990e+00 6.83701516290824e-07
2.74000000000000e+00 2.22822703470901e+00 2.22823629430637e+00 9.25959735775805e-06
2.74500000000000e+00 2.26096233688416e+00 2.26098056479902e+00 1.82279148557285e-05
2.75000000000000e+00 2.29386748122682e+00 2.29389262614624e+00 2.51449194119679e-05
2.75500000000000e+00 2.32670292258534e+00 2.32673217388556e+00 2.92513002215777e-05
2.76000000000000e+00 2.35922870492947e+00 2.35925892144618e+00 3.02165167056501e-05
2.76500000000000e+00 2.39120591242011e+00 2.39123409092702e+00 2.81785069113916e-05
2.77000000000000e+00 2.42239818623385e+00 2.42242189467697e+00 2.37084431238266e-05
2.77500000000000e+00 2.45257328825513e+00 2.45259099854052e+00 1.77102853906597e-05
2.78000000000000e+00 2.48150468294815e+00 2.48151595774496e+00 1.12747968090687e-05
2.78500000000000e+00 2.50897310321260e+00 2.50897861657418e+00 5.51336157439408e-06
2.79000000000000e+00 2.53476806529629e+00 2.53476946319709e+00 1.39790080178059e-06
2.79500000000000e+00 2.55868930143284e+00 2.55868893129538e+00 3.70137464678066e-07
2.80000000000000e+00 2.58054808566132e+00 2.58054864046305e+00 5.54801731222909e-07
2.80500000000000e+00 2.60016843679485e+00 2.60017256772797e+00 4.13093312445767e-06
2.81000000000000e+00 2.61738819125833e+00 2.61739814297001e+00 9.95171167827991e-06
2.81500000000000e+00 2.63205994627783e+00 2.63207726147960e+00 1.73152017701739e-05
2.82000000000000e+00 2.64405187982915e+00 2.64407720741157e+00 2.53275824193544e-05
2.82500000000000e+00 2.65324845741921e+00 2.65328148243819e+00 3.30250189817249e-05
2.83000000000000e+00 2.65955103714069e+00 2.65959053448992e+00 3.94973492241490e-05
2.83500000000000e+00 2.66287838376222e+00 2.66292238208847e+00 4.39983262419119e-05
2.84000000000000e+00 2.66316710033653e+00 2.66321313042021e+00 4.60300836864214e-05
2.84500000000000e+00 2.66037198246772e+00 2.66041737596564e+00 4.53934979196546e-05
2.85000000000000e+00 2.65446629653132e+00 2.65450849718747e+00 4.22006561526800e-05
2.85500000000000e+00 2.64544197930651e+00 2.64547882948272e+00 3.68501762024742e-05
2.86000000000000e+00 2.63330975310622e+00 2.63333972331719e+00 2.99702109622935e-05
2.86500000000000e+00 2.61809914793081e+00 2.61812148518152e+00 2.23372507135444e-05
2.87000000000000e+00 2.59985842067512e+00 2.59987320173000e+00 1.47810548796201e-05
2.87500000000000e+00 2.57865436112680e+00 2.57866244818360e+00 8.08705679666843e-06
2.88000000000000e+00 2.55457197543375e+00 2.55457488279246e+00 2.90735870178693e-06
2.88500000000000e+00 2.52771403980787e+00 2.52771372985530e+00 3.09952564503391e-07
2.89000000000000e+00 2.49820052028489e+00 2.49819915448034e+00 1.36580455523116e-06
2.89500000000000e+00 2.46616785810168e+00 2.46616753293972e+00 3.25161959136011e-07
2.90000000000000e+00 2.43176812434145e+00 2.43177062311339e+00 2.49877194180570e-06
2.90500000000000e+00 2.39516805156041e+00 2.39517464013388e+00 6.58857346991226e-06
2.91000000000000e+00 2.35654795377307e+00 2.35655924292839e+00 1.12891553190053e-05
2.91500000000000e+00 2.31610054910971e+00 2.31611643790350e+00 1.58887937922181e-05
2.92000000000000e+00 2.27402970141742e+00 2.27404940652904e+00 1.97051116108682e-05
2.92500000000000e+00 2.23054909791170e+00 2.23057126404647e+00 2.21661347619140e-05
2.93000000000000e+00 2.18588087967613e+00 2.18590375695213e+00 2.28772760024754e-05
2.93500000000000e+00 2.14025424045359e+00 2.14027590728278e+00 2.16668291801447e-05
2.94000000000000e+00 2.09390400697963e+00 2.09392261205918e+00 1.86050795472070e-05
2.94500000000000e+00 2.04706921136499e+00 2.04708320651984e+00 1.39951548487893e-05
2.95000000000000e+00 1.99999166307605e+00 2.00000000000000e+00 8.33692394852648e-06
2.95500000000000e+00 1.95291452523149e+00 1.95291679348017e+00 2.26824868221343e-06
2.96000000000000e+00 1.90608089754967e+00 1.90607738794082e+00 3.50960885087126e-06
2.96500000000000e+00 1.85973240660540e+00 1.85972409271723e+00 8.31388816457945e-06
2.97000000000000e+00 1.81410780326336e+00 1.81409624304787e+00 1.15602154913130e-05
2.97500000000000e+00 1.76944156733371e+00 1.76942873595354e+00 1.28313801699420e-05
2.98000000000000e+00 1.72596252061600e+00 1.72595059347097e+00 1.19271450289560e-05
2.98500000000000e+00 1.68389245143841e+00 1.68388356209651e+00 8.88934190412805e-06
2.99000000000000e+00 1.64344475633569e+00 1.64344075707161e+00 3.99926408323203e-06
2.99500000000000e+00 1.60482310735205e+00 1.60482535986612e+00 2.25251407082183e-06
3.00000000000000e+00 1.56822015626062e+00 1.56822937688661e+00 9.22062599584272e-06
3.00500000000000e+00 1.53381628941194e+00 1.53383246706028e+00 1.61776483402765e-05
3.01000000000000e+00 1.50177844863597e+00 1.50180084551966e+00 2.23968836976507e-05
3.01500000000000e+00 1.47225903437292e+00 1.47228627014470e+00 2.72357717747695e-05
3.02000000000000e+00 1.44539490684575e+00 1.44542511720755e+00 3.02103617964011e-05
3.02500000000000e+00 1.42130649958211e+00 1.42133755181641e+00 3.10522343005548e-05
3.03000000000000e+00 1.40009705705229e+00 1.40012679827000e+00 2.97412177074907e-05
3.03500000000000e+00 1.38185200483504e+00 1.38187851481848e+00 2.65099834393379e-05
3.04000000000000e+00 1.36663845687794e+00 1.36666027668282e+00 2.18198048831386e-05
3.04500000000000e+00 1.35450486045944e+00 1.35452117051728e+00 1.63100578396413e-05
3.05000000000000e+00 1.34548077577159e+00 1.34549150281253e+00 1.07270409372973e-05
3.05500000000000e+00 1.33957678397561e+00 1.33958262403436e+00 5.84005875015059e-06
3.06000000000000e+00 1.33678451540840e+00 1.33678686957979e+00 2.35417138871874e-06
3.06500000000000e+00 1.33707678849919e+00 1.33707761791153e+00 8.29412341474267e-07
3.07000000000000e+00 1.34040784993519e+00 1.34040946551008e+00 1.61557489342101e-06
3.07500000000000e+00 1.34671370760862e+00 1.34671851756181e+00 4.80995319285249e-06
3.08000000000000e+00 1.35591254969563e+00 1.35592279258843e+00 1.02428927977183e-05
3.08500000000000e+00 1.36790524558062e+00 1.36792273852040e+00 1.74929397773749e-05
3.09000000000000e+00 1.38257592691783e+00 1.38260185702999e+00 2.59301121625644e-05
3.09500000000000e+00 1.39979264956549e+00 1.39982743227203e+00 3.47827065358963e-05
3.10000000000000e+00 1.41940813910620e+00 1.41945135953695e+00 4.32204307549977e-05
3.10500000000000e+00 1.44126062389960e+00 1.44131106870462e+00 5.04448050240303e-05
3.11000000000000e+00 1.46517475990165e+00 1.46523053680290e+00 5.57769012539122e-05
3.11500000000000e+00 1.49096265072780e+00 1.49102138342582e+00 5.87326980243663e-05
3.12000000000000e+00 1.51842496465005e+00 1.51848404225504e+00 5.90776049895769e-05
3.12500000000000e+00 1.54735214752659e+00 1.54740900145948e+00 5.68539328864581e-05
3.13000000000000e+00 1.57752572729919e+00 1.57757810532302e+00 5.23780238321780e-05
3.13500000000000e+00 1.60871970197383e+00 1.60876590907298e+00 4.62070991449348e-05
3.14000000000000e+00 1.64070199929111e+00 1.64074107855382e+00 3.90792627105174e-05
3.14500000000000e+00 1.67323599297759e+00 1.67326782611444e+00 3.18331368482916e-05
3.15000000000000e+00 1.70608205790087e+00 1.70610737385376e+00 2.53159528902369e-05
3.15500000000000e+00 1.73899914491166e+00 1.73901943520098e+00 2.02902893238210e-05
3.16000000000000e+00 1.77174635582215e+00 1.77176370569363e+00 1.73498714790554e-05
3.16500000000000e+00 1.80408449988376e+00 1.80410135376010e+00 1.68538763352100e-05
3.17000000000000e+00 1.83577761519095e+00 1.83579650231313e+00 1.88871221804554e-05
3.17500000000000e+00 1.86659444141863e+00 1.86661769201745e+00 2.32505988235765e-05
3.18000000000000e+00 1.89630983385839e+00 1.89633931720795e+00 2.94833495595448e-05
3.18500000000000e+00 1.92470611244521e+00 1.92474302560309e+00 3.69131578767945e-05
3.19000000000000e+00 1.95157434293863e+00 1.95161907318189e+00 4.47302432642349e-05
3.19500000000000e+00 1.97671555025311e+00 1.97676762586893e+00 5.20756158211011e-05
3.20000000000000e+00 1.99994186582412e+00 2.00000000000000e+00 5.81341758785214e-05
3.20500000000000e+00 2.02107761167358e+00 2.02113983391842e+00 6.22222448383170e-05
3.21000000000000e+00 2.03996032347429e+00 2.04002418347677e+00 6.38600024722713e-05
3.21500000000000e+00 2.05644171352410e+00 2.05650453468774e+00 6.28211636422016e-05
3.22000000000000e+00 2.07038857237266e+00 2.07044772727895e+00 5.91549062933794e-05
3.22500000000000e+00 2.08168360523215e+00 2.08173678345563e+00 5.31782234745037e-05
3.23000000000000e+00 2.09022619662726e+00 2.09027163675968e+00 4.54401324194720e-05
3.23500000000000e+00 2.09593309437256e+00 2.09596975652967e+00 3.66621571150638e-05
3.24000000000000e+00 2.09873900222489e+00 2.09876666410972e+00 2.76618848347177e-05
3.24500000000000e+00 2.09859706967366e+00 2.09861633762302e+00 1.92679493582482e-05
3.25000000000000e+00 2.09547926741906e+00 2.09549150281253e+00 1.22353934677299e-05
3.25500000000000e+00 2.08937663814712e+00 2.08938380815405e+00 7.17000692862513e-06
3.26000000000000e+00 2.08029941413554e+00 2.08030388316029e+00 4.46902475115252e-06
3.26500000000000e+00 2.06827699582687e+00 2.06828127951470e+00 4.28368783023103e-06
3.27000000000000e+00 2.05335778854746e+00 2.05336429539657e+00 6.50684911462918e-06
3.27500000000000e+00 2.03560889777130e+00 2.03561968407860e+00 1.07863073002257e-05
3.28000000000000e+00 2.01511568648295e+00 2.01513224859221e+00 1.65621092649282e-05
3.28500000000000e+00 1.99198120106466e+00 1.99200432495795e+00 2.31238932928424e-05
3.29000000000000e+00 1.96632547455624e+00 1.96635515716554e+00 2.96826093018066e-05
3.29500000000000e+00 1.93828471799403e+00 1.93832016775567e+00 3.54497616412708e-05
3.30000000000000e+00 1.90801041176543e+00 1.90805012849909e+00 3.97167336581017e-05
3.30500000000000e+00 1.87566830949764e+00 1.87571023628479e+00 4.19267871494267e-05
3.31000000000000e+00 1.84143736695060e+00 1.84147909991323e+00 4.17329626325458e-05
3.31500000000000e+00 1.80550860775398e+00 1.80554764404025e+00 3.90362862698890e-05
3.32000000000000e+00 1.76808393668856e+00 1.76811793702778e+00 3.40003392191868e-05
3.32500000000000e+00 1.72937490966458e+00 1.72940194992690e+00 2.70402623256949e-05
3.33000000000000e+00 1.68960146771814e+00 1.68962025424335e+00 1.87865252105901e-05
3.33500000000000e+00 1.64899064038460e+00 1.64900066651302e+00 1.00261284248226e-05
3.34000000000000e+00 1.60777522189392e+00 1.60777684804301e+00 1.62614908849612e-06
3.34500000000000e+00 1.56619242196716e+00 1.56618686845015e+00 5.55351701270190e-06
3.35000000000000e+00 1.52448249178029e+00 1.52447174185243e+00 1.07499278674261e-05
3.35500000000000e+00 1.48288732509478e+00 1.48287394473692e+00 1.33803578676872e-05
3.36000000000000e+00 1.44164903478624e+00 1.44163592464142e+00 1.31101448215265e-05
3.36500000000000e+00 1.40100850611562e+00 1.40099860884315e+00 9.89727247291405e-06
3.37000000000000e+00 1.36120393007020e+00 1.36119992224821e+00 4.00782198339833e-06
3.37500000000000e+00 1.32246932282734e+00 1.32247332361862e+00 4.00079127338415e-06
3.38000000000000e+00 1.28503304062075e+00 1.28504636916086e+00 1.33285401064942e-05
3.38500000000000e+00 1.24911630267141e+00 1.24913931233114e+00 2.30096597315654e-05
3.39000000000000e+00 1.21493173797461e+00 1.21496374848942e+00 3.20105148106098e-05
3.39500000000000e+00 1.18268197418346e+00 1.18272131275752e+00 3.93385740604657e-05
3.40000000000000e+00 1.15255828822157e+00 1.15260243910916e+00 4.41508875892449e-05
3.40500000000000e+00 1.12473933831834e+00 1.12478518834171e+00 4.58500233617709e-05
3.41000000000000e+00 1.09938999577419e+00 1.09943415215529e+00 4.41563810940071e-05
3.41500000000000e+00 1.07666029199148e+00 1.07669944009537e+00 3.91481038890529e-05
3.42000000000000e+00 1.05668449239433e+00 1.05671575560428e+00 3.12632099512822e-05
3.42500000000000e+00 1.03958030419880e+00 1.03960156687779e+00 2.12626789966031e-05
3.43000000000000e+00 1.02544822007333e+00 1.02545837763829e+00 1.01575649558150e-05
3.43500000000000e+00 1.01437099506771e+00 1.01437010232018e+00 8.92747529457338e-07
3.44000000000000e+00 1.00641325026389e+00 1.00640254951957e+00 1.07007443272966e-05
3.44500000000000e+00 1.00162119379336e+00 1.00160301689261e+00 1.81769007581156e-05
3.45000000000000e+00 1.00002244840568e+00 1.00000000000000e+00 2.24484056825514e-05
3.45500000000000e+00 1.00162597473399e+00 1.00160301689261e+00 2.29578413817322e-05
3.46000000000000e+00 1.00642208069252e+00 1.00640254951956e+00 1.95311729578318e-05
3.46500000000000e+00 1.01438250982979e+00 1.01437010232018e+00 1.24075096179510e-05
3.47000000000000e+00 1.02546060461196e+00 1.02545837763829e+00 2.22697366902835e-06
3.47500000000000e+00 1.03959154412712e+00 1.03960156687779e+00 1.00227506711903e-05
3.48000000000000e+00 1.05669265916398e+00 1.05671575560427e+00 2.30964402889722e-05
3.48500000000000e+00 1.07666383062949e+00 1.07669944009536e+00 3.56094658704453e-05
3.49000000000000e+00 1.09938797948484e+00 1.09943415215529e+00 4.61726704414911e-05
3.49500000000000e+00 1.12473165753124e+00 1.12478518834171e+00 5.35308104694376e-05
3.50000000000000e+00 1.15254574829796e+00 1.15260243910915e+00 5.66908111951925e-05
3.50500000000000e+00 1.18266628591682e+00 1.18272131275752e+00 5.50268407026877e-05
3.51000000000000e+00 1.21491539726341e+00 1.21496374848942e+00 4.83512260054386e-05
3.51500000000000e+00 1.24910236897433e+00 1.24913931233114e+00 3.69433568108146e-05
3.52000000000000e+00 1.28502483647826e+00 1.28504636916085e+00 2.15326825936391e-05
3.52500000000000e+00 1.32247008726356e+00 1.32247332361861e+00 3.23635504995146e-06
3.53000000000000e+00 1.36121646565759e+00 1.36119992224821e+00 1.65434093850614e-05
3.53500000000000e+00 1.40103486185532e+00 1.40099860884315e+00 3.62530121769122e-05
3.54000000000000e+00 1.44169026423444e+00 1.44163592464141e+00 5.43395930314716e-05
3.54500000000000e+00 1.48294335150274e+00 1.48287394473691e+00 6.94067658326691e-05
3.55000000000000e+00 1.52455210021783e+00 1.52447174185242e+00 8.03583654034323e-05
3.55500000000000e+00 1.56627338383853e+00 1.56618686845015e+00 8.65153883822245e-05
3.56000000000000e+00 1.60786454169619e+00 1.60777684804300e+00 8.76936531923889e-05
3.56500000000000e+00 1.64908489992358e+00 1.64900066651302e+00 8.42334105659592e-05
3.57000000000000e+00 1.68969723110721e+00 1.68962025424335e+00 7.69768638619883e-05
3.57500000000000e+00 1.72946914475814e+00 1.72940194992690e+00 6.71948312362947e-05
3.58000000000000e+00 1.76817440607397e+00 1.76811793702778e+00 5.64690461895001e-05
3.58500000000000e+00 1.80559418531495e+00 1.80554764404025e+00 4.65412747006066e-05
3.59000000000000e+00 1.84151824391386e+00 1.84147909991322e+00 3.91440006364263e-05
3.59500000000000e+00 1.87574606577229e+00 1.87571023628478e+00 3.58294875069110e-05
3.60000000000000e+00 1.90808794281843e+00 1.90805012849909e+00 3.78143193391356e-05
3.60500000000000e+00 1.93836602277263e+00 1.93832016775567e+00 4.58550169648575e-05
3.61000000000000e+00 1.96641532434945e+00 1.96635515716554e+00 6.01671839128848e-05
3.61500000000000e+00 1.99208472117332e+00 1.99200432495795e+00 8.03962153734794e-05
3.62000000000000e+00 2.01523789099503e+00 2.01513224859221e+00 1.05642402815409e-04
3.62500000000000e+00 2.03575422194276e+00 2.03561968407860e+00 1.34537864164841e-04
3.63000000000000e+00 2.05352966310459e+00 2.05336429539657e+00 1.65367708025332e-04
3.63500000000000e+00 2.06847750323081e+00 2.06828127951470e+00 1.96223716110389e-04
3.64000000000000e+00 2.08052905915086e+00 2.08030388316029e+00 2.25175990568260e-04
3.64500000000000e+00 2.08963425483814e+00 2.08938380815405e+00 2.50446684084249e-04
3.65000000000000e+00 2.09576207296698e+00 2.09549150281253e+00 2.70570154458305e-04
3.65500000000000e+00 2.09890086315815e+00 2.09861633762302e+00 2.84525535127589e-04
3.66000000000000e+00 2.09905849463758e+00 2.09876666410972e+00 2.91830527855197e-04
3.66500000000000e+00 2.09626234538354e+00 2.09596975652967e+00 2.92588853869624e-04
3.67000000000000e+00 2.09055912461807e+00 2.09027163675968e+00 2.87487858389390e-04
3.67500000000000e+00 2.08201453033220e+00 2.08173678345563e+00 2.77746876567342e-04
3.68000000000000e+00 2.07071274809102e+00 2.07044772727895e+00 2.65020812062033e-04
3.68500000000000e+00 2.05675580138894e+00 2.05650453468774e+00 2.51266701196684e-04
3.69000000000000e+00 2.04026276714272e+00 2.04002418347677e+00 2.38583665951975e-04
3.69500000000000e+00 2.02136887242097e+00 2.02113983391842e+00 2.29038502547407e-04
3.70000000000000e+00 2.00022449017399e+00 2.00000000000000e+00 2.24490173983849e-04
3.70500000000000e+00 1.97699405254884e+00 1.97676762586894e+00 2.26426679901914e-04
3.71000000000000e+00 1.95185490037395e+00 1.95161907318189e+00 2.35827192054172e-04
3.71500000000000e+00 1.92499608660523e+00 1.92474302560309e+00 2.53061002145394e-04
3.72000000000000e+00 1.89661714997297e+00 1.89633931720795e+00 2.77832765027020e-04
3.72500000000000e+00 1.86692687278857e+00 1.86661769201745e+00 3.09180771119300e-04
3.73000000000000e+00 1.83614203390884e+00 1.83579650231313e+00 3.45531595708382e-04
3.73500000000000e+00 1.80448616428847e+00 1.80410135376010e+00 3.84810528367696e-04
3.74000000000000e+00 1.77218830850256e+00 1.77176370569363e+00 4.24602808927643e-04
3.74500000000000e+00 1.73948179128553e+00 1.73901943520098e+00 4.62356084550253e-04
3.75000000000000e+00 1.70660298378866e+00 1.70610737385376e+00 4.95609934899388e-04
3.75500000000000e+00 1.67379006027986e+00 1.67326782611444e+00 5.22234165421853e-04
3.76000000000000e+00 1.64128173285730e+00 1.64074107855382e+00 5.40654303479604e-04
3.76500000000000e+00 1.60931594995027e+00 1.60876590907298e+00 5.50040877288049e-04
3.77000000000000e+00 1.57812854448694e+00 1.57757810532303e+00 5.50439163914840e-04
3.77500000000000e+00 1.54795182012284e+00 1.54740900145948e+00 5.42818663352485e-04
3.78000000000000e+00 1.51901306921078e+00 1.51848404225504e+00 5.29026955733203e-04
3.78500000000000e+00 1.49153302436601e+00 1.49102138342582e+00 5.11640940192404e-04
3.79000000000000e+00 1.46572425627665e+00 1.46523053680291e+00 4.93719473740661e-04
3.79500000000000e+00 1.44178954308273e+00 1.44131106870462e+00 4.78474378111216e-04
3.80000000000000e+00 1.41992024989369e+00 1.41945135953695e+00 4.68890356742913e-04
3.80500000000000e+00 1.40029476898225e+00 1.39982743227203e+00 4.67336710226363e-04
3.81000000000000e+00 1.38307707961251e+00 1.38260185702999e+00 4.75222582521972e-04
3.81500000000000e+00 1.36841548891551e+00 1.36792273852040e+00 4.92750395110209e-04
3.82000000000000e+00 1.35644160959134e+00 1.35592279258843e+00 5.18817002917782e-04
3.82500000000000e+00 1.34726961521385e+00 1.34671851756181e+00 5.51097652042642e-04
3.83000000000000e+00 1.34099578969695e+00 1.34040946551008e+00 5.86324186861553e-04
3.83500000000000e+00 1.33769835612542e+00 1.33707761791153e+00 6.20738213890748e-04
3.84000000000000e+00 1.33743753584072e+00 1.33678686957979e+00 6.50666260930466e-04
3.84500000000000e+00 1.34025575742687e+00 1.33958262403436e+00 6.73133392504299e-04
3.85000000000000e+00 1.34617791408320e+00 1.34549150281253e+00 6.86411270668374e-04
3.85500000000000e+00 1.35521156341718e+00 1.35452117051728e+00 6.90392899894920e-04
3.86000000000000e+00 1.36734698042173e+00 1.36666027668282e+00 6.86703738912442e-04
3.86500000000000e+00 1.38255701294033e+00 1.38187851481848e+00 6.78498121850390e-04
3.87000000000000e+00 1.40079674487315e+00 1.40012679826999e+00 6.69946603155003e-04
3.87500000000000e+00 1.42200303619327e+00 1.42133755181640e+00 6.65484376865644e-04
3.88000000000000e+00 1.44609406709391e+00 1.44542511720754e+00 6.68949886371450e-04
3.88500000000000e+00 1.47296905161886e+00 1.47228627014469e+00 6.82781474165228e-04
3.89000000000000e+00 1.50250829167312e+00 1.50180084551966e+00 7.07446153456859e-04
3.89500000000000e+00 1.53457370922372e+00 1.53383246706028e+00 7.41242163435185e-04
3.90000000000000e+00 1.56900992546220e+00 1.56822937688661e+00 7.80548575587847e-04
3.90500000000000e+00 1.60564586286817e+00 1.60482535986612e+00 8.20503002050721e-04
3.91000000000000e+00 1.64429674910938e+00 1.64344075707161e+00 8.55992037768427e-04
3.91500000000000e+00 1.68476632317774e+00 1.68388356209650e+00 8.82761081242300e-04
3.92000000000000e+00 1.72684900393392e+00 1.72595059347097e+00 8.98410462948140e-04
3.92500000000000e+00 1.77033179089176e+00 1.76942873595353e+00 9.03054938229175e-04
3.93000000000000e+00 1.81499572653162e+00 1.81409624304787e+00 8.99483483757013e-04
3.93500000000000e+00 1.86061684674856e+00 1.85972409271722e+00 8.92754031334375e-04
3.94000000000000e+00 1.90696666049318e+00 1.90607738794081e+00 8.89272552365039e-04
3.94500000000000e+00 1.95381230704913e+00 1.95291679348016e+00 8.95513568970774e-04
3.95000000000000e+00 2.00091661792019e+00 2.00000000000000e+00 9.16617920190488e-04
3.95500000000000e+00 2.04803834535236e+00 2.04708320651983e+00 9.55138832526181e-04
3.96000000000000e+00 2.09493280617389e+00 2.09392261205918e+00 1.01019411471759e-03
3.96500000000000e+00 2.14135313266546e+00 2.14027590728278e+00 1.07722538268318e-03
3.97000000000000e+00 2.18705223391179e+00 2.18590375695213e+00 1.14847695965770e-03
3.97500000000000e+00 2.23178546811029e+00 2.23057126404647e+00 1.21420406382278e-03
3.98000000000000e+00 2.27531392583808e+00 2.27404940652903e+00 1.26451930904636e-03
3.98500000000000e+00 2.31740814108511e+00 2.31611643790350e+00 1.29170318160909e-03
3.99000000000000e+00 2.35785199120043e+00 2.35655924292839e+00 1.29274827204773e-03
3.99500000000000e+00 2.39644652355812e+00 2.39517464013388e+00 1.27188342423690e-03
4.00000000000000e+00 2.43301345519764e+00 2.43177062311338e+00 1.24283208425124e-03
