variables = x, value-predict, value-true, error
0.00000000000000e+00 2.43168730187284e+00 2.43177062311339e+00 8.33212405444428e-05
5.00000000000000e-03 2.46606483321746e+00 2.46616753293972e+00 1.02699722259292e-04
1.00000000000000e-02 2.49808047902335e+00 2.49819915448034e+00 1.18675456982409e-04
1.50000000000000e-02 2.52758635969083e+00 2.52771372985530e+00 1.27370164469731e-04
2.00000000000000e-02 2.55444705851471e+00 2.55457488279246e+00 1.27824277750044e-04
2.50000000000000e-02 2.57854139141637e+00 2.57866244818360e+00 1.21056767228733e-04
3.00000000000000e-02 2.59976396472406e+00 2.59987320173000e+00 1.09237005942120e-04
3.50000000000000e-02 2.61802649167207e+00 2.61812148518152e+00 9.49935094571863e-05
4.00000000000000e-02 2.63325884806105e+00 2.63333972331718e+00 8.08752561325399e-05
4.50000000000000e-02 2.64540985793730e+00 2.64547882948272e+00 6.89715454194051e-05
5.00000000000000e-02 2.65444781064558e+00 2.65450849718747e+00 6.06865418895097e-05
5.50000000000000e-02 2.66036072059037e+00 2.66041737596564e+00 5.66553752676668e-05
6.00000000000000e-02 2.66315634988403e+00 2.66321313042021e+00 5.67805361884055e-05
6.50000000000000e-02 2.66286202115974e+00 2.66292238208847e+00 6.03609287268547e-05
7.00000000000000e-02 2.65952425263239e+00 2.65959053448992e+00 6.62818575212221e-05
7.50000000000000e-02 2.65320824958333e+00 2.65328148243819e+00 7.32328548616046e-05
8.00000000000000e-02 2.64399728561404e+00 2.64407720741157e+00 7.99217975306910e-05
8.50000000000000e-02 2.63199200332726e+00 2.63207726147960e+00 8.52581523447249e-05
9.00000000000000e-02 2.61730965794364e+00 2.61739814297001e+00 8.84850263691561e-05
9.50000000000000e-02 2.60008331946348e+00 2.60017256772797e+00 8.92482644911929e-05
1.00000000000000e-01 2.58046104031038e+00 2.58054864046305e+00 8.76001526659564e-05
1.05000000000000e-01 2.55860498707266e+00 2.55868893129538e+00 8.39442227218434e-05
1.10000000000000e-01 2.53469052809788e+00 2.53476946319709e+00 7.89350992120852e-05
1.15000000000000e-01 2.50890526422321e+00 2.50897861657418e+00 7.33523509706124e-05
1.20000000000000e-01 2.48144798842258e+00 2.48151595774496e+00 6.79693223837319e-05
1.25000000000000e-01 2.45252756176060e+00 2.45259099854052e+00 6.34367799148272e-05
1.30000000000000e-01 2.42236169742428e+00 2.42242189467697e+00 6.01972526932393e-05
1.35000000000000e-01 2.39117565099801e+00 2.39123409092702e+00 5.84399290048943e-05
1.40000000000000e-01 2.35920082250536e+00 2.35925892144618e+00 5.80989408223154e-05
1.45000000000000e-01 2.32667328290188e+00 2.32673217388556e+00 5.88909836829465e-05
1.50000000000000e-01 2.29383224359952e+00 2.29389262614624e+00 6.03825467186958e-05
1.55000000000000e-01 2.26091849142931e+00 2.26098056479902e+00 6.20733697060949e-05
1.60000000000000e-01 2.22817281279043e+00 2.22823629430637e+00 6.34815159457069e-05
1.65000000000000e-01 2.19583442960314e+00 2.19589864623990e+00 6.42166367583741e-05
1.70000000000000e-01 2.16413946649146e+00 2.16420349768687e+00 6.40311954120953e-05
1.75000000000000e-01 2.13331946406823e+00 2.13338230798255e+00 6.28439143142145e-05
1.80000000000000e-01 2.10359994812992e+00 2.10366068279205e+00 6.07346621332994e-05
1.85000000000000e-01 2.07519905982600e+00 2.07525697439691e+00 5.79145709167506e-05
1.90000000000000e-01 2.04832624813944e+00 2.04838092681811e+00 5.46786786665976e-05
1.95000000000000e-01 2.02318102374367e+00 2.02323237413107e+00 5.13503873937893e-05
2.00000000000000e-01 1.99995177264542e+00 2.00000000000000e+00 4.82273545789891e-05
2.05000000000000e-01 1.97881462885839e+00 1.97886016608158e+00 4.55372231926710e-05
2.10000000000000e-01 1.95993240733030e+00 1.95997581652323e+00 4.34091929304437e-05
2.15000000000000e-01 1.94345360097095e+00 1.94349546531226e+00 4.18643413113706e-05
2.20000000000000e-01 1.92951144835413e+00 1.92955227272105e+00 4.08243669165476e-05
2.25000000000000e-01 1.91822308098326e+00 1.91826321654437e+00 4.01355611072685e-05
2.30000000000000e-01 1.90968876051946e+00 1.90972836324032e+00 3.96027208613425e-05
2.35000000000000e-01 1.90399121683187e+00 1.90403024347033e+00 3.90266384520110e-05
2.40000000000000e-01 1.90119509707968e+00 1.90123333589028e+00 3.82388106010545e-05
2.45000000000000e-01 1.90134653437832e+00 1.90138366237698e+00 3.71279986626227e-05
2.50000000000000e-01 1.90447284218297e+00 1.90450849718747e+00 3.56550045077508e-05
2.55000000000000e-01 1.91058233766916e+00 1.91061619184595e+00 3.38541767845868e-05
2.60000000000000e-01 1.91966429446912e+00 1.91969611683971e+00 3.18223705901843e-05
2.65000000000000e-01 1.93168902247199e+00 1.93171872048530e+00 2.96980133023261e-05
2.70000000000000e-01 1.94660807029006e+00 1.94663570460343e+00 2.76343133744916e-05
2.75000000000000e-01 1.96435454460013e+00 1.96438031592140e+00 2.57713212710176e-05
2.80000000000000e-01 1.98484353994464e+00 1.98486775140779e+00 2.42114631483492e-05
2.85000000000000e-01 2.00797267265976e+00 2.00799567504205e+00 2.30023822869185e-05
2.90000000000000e-01 2.03362271323345e+00 2.03364484283446e+00 2.21296010125549e-05
2.95000000000000e-01 2.06165831236220e+00 2.06167983224433e+00 2.15198821291729e-05
3.00000000000000e-01 2.09192881702171e+00 2.09194987150091e+00 2.10544792018652e-05
3.05000000000000e-01 2.12426917374828e+00 2.12428976371522e+00 2.05899669394327e-05
3.10000000000000e-01 2.15850091684402e+00 2.15852090008677e+00 1.99832427556501e-05
3.15000000000000e-01 2.19443323923100e+00 2.19445235595975e+00 1.91167287479921e-05
3.20000000000000e-01 2.23186414313428e+00 2.23188206297222e+00 1.79198379322010e-05
3.25000000000000e-01 2.27058166669894e+00 2.27059805007310e+00 1.63833741533281e-05
3.30000000000000e-01 2.31036518114840e+00 2.31037974575665e+00 1.45646082554407e-05
3.35000000000000e-01 2.35098675133493e+00 2.35099933348698e+00 1.25821520504665e-05
3.40000000000000e-01 2.39221255071867e+00 2.39222315195700e+00 1.06012383267462e-05
3.45000000000000e-01 2.43380432014604e+00 2.43381313154985e+00 8.81140380926126e-06
3.50000000000000e-01 2.47552085847292e+00 2.47552825814758e+00 7.39967465213098e-06
3.55000000000000e-01 2.51711953223781e+00 2.51712605526309e+00 6.52302527992532e-06
3.60000000000000e-01 2.55835779132466e+00 2.55836407535859e+00 6.28403392344268e-06
3.65000000000000e-01 2.59899467788320e+00 2.59900139115685e+00 6.71327365031615e-06
3.70000000000000e-01 2.63879231664460e+00 2.63880007775179e+00 7.76110719069578e-06
3.75000000000000e-01 2.67751737607133e+00 2.67752667638138e+00 9.30031005674792e-06
3.80000000000000e-01 2.71494249134789e+00 2.71495363083915e+00 1.11394912605256e-05
3.85000000000000e-01 2.75084764186556e+00 2.75086068766886e+00 1.30458032940872e-05
3.90000000000000e-01 2.78502147738240e+00 2.78503625151058e+00 1.47741281826264e-05
3.95000000000000e-01 2.81726258827277e+00 2.81727868724248e+00 1.60989697124414e-05
4.00000000000000e-01 2.84738071608213e+00 2.84739756089084e+00 1.68448087118911e-05
4.05000000000000e-01 2.87519790089488e+00 2.87521481165829e+00 1.69107634166998e-05
4.10000000000000e-01 2.90054956179948e+00 2.90056584784471e+00 1.62860452279645e-05
4.15000000000000e-01 2.92328550606323e+00 2.92330055990464e+00 1.50538414041002e-05
4.20000000000000e-01 2.94327086164300e+00 2.94328424439572e+00 1.33827527255548e-05
4.25000000000000e-01 2.96038692654756e+00 2.96039843312221e+00 1.15065746459919e-05
4.30000000000000e-01 2.97453192754719e+00 2.97454162236171e+00 9.69481452095522e-06
4.35000000000000e-01 2.98562168001581e+00 2.98562989767982e+00 8.21766401459811e-06
4.40000000000000e-01 2.99359014047714e+00 2.99359745048043e+00 7.31000329867726e-06
4.45000000000000e-01 2.99838984383909e+00 2.99839698310739e+00 7.13926830542277e-06
4.50000000000000e-01 2.99999221838945e+00 3.00000000000000e+00 7.78161054615367e-06
4.55000000000000e-01 2.99838777335141e+00 2.99839698310739e+00 9.20975598672769e-06
4.60000000000000e-01 2.99358615602955e+00 2.99359745048043e+00 1.12944508892099e-05
4.65000000000000e-01 2.98561607811346e+00 2.98562989767982e+00 1.38195663628160e-05
4.70000000000000e-01 2.97452511329547e+00 2.97454162236171e+00 1.65090662433975e-05
4.75000000000000e-01 2.96037937073746e+00 2.96039843312221e+00 1.90623847493576e-05
4.80000000000000e-01 2.94326305084808e+00 2.94328424439572e+00 2.11935476417402e-05
4.85000000000000e-01 2.92327789112323e+00 2.92330055990464e+00 2.26687814031123e-05
4.90000000000000e-01 2.90054251036117e+00 2.90056584784471e+00 2.33374835438838e-05
4.95000000000000e-01 2.87519165939058e+00 2.87521481165829e+00 2.31522677105467e-05
5.00000000000000e-01 2.84737538564677e+00 2.84739756089084e+00 2.21752440761058e-05
5.05000000000000e-01 2.81725811768552e+00 2.81727868724248e+00 2.05695569577280e-05
5.10000000000000e-01 2.78501767428657e+00 2.78503625151058e+00 1.85772240111071e-05
5.15000000000000e-01 2.75084420144382e+00 2.75086068766886e+00 1.64862250322528e-05
5.20000000000000e-01 2.71493903953384e+00 2.71495363083915e+00 1.45913053106739e-05
5.25000000000000e-01 2.67751352251251e+00 2.67752667638138e+00 1.31538688736832e-05
5.30000000000000e-01 2.63878771124921e+00 2.63880007775179e+00 1.23665025824060e-05
5.35000000000000e-01 2.59898906410023e+00 2.59900139115685e+00 1.23270566221301e-05
5.40000000000000e-01 2.55835104947342e+00 2.55836407535859e+00 1.30258851673837e-05
5.45000000000000e-01 2.51711170726106e+00 2.51712605526309e+00 1.43480020269315e-05
5.50000000000000e-01 2.47551216835753e+00 2.47552825814758e+00 1.60897900483015e-05
5.55000000000000e-01 2.43379514372216e+00 2.43381313154985e+00 1.79878276931333e-05
5.60000000000000e-01 2.39220339628803e+00 2.39222315195700e+00 1.97556689713885e-05
5.65000000000000e-01 2.35097821019115e+00 2.35099933348698e+00 2.11232958271523e-05
5.70000000000000e-01 2.31035787212878e+00 2.31037974575665e+00 2.18736278743137e-05
5.75000000000000e-01 2.27057617909771e+00 2.27059805007310e+00 2.18709753894153e-05
5.80000000000000e-01 2.23186098539223e+00 2.23188206297222e+00 2.10775799907026e-05
5.85000000000000e-01 2.19443279975583e+00 2.19445235595975e+00 1.95562039180253e-05
5.90000000000000e-01 2.15850344127090e+00 2.15852090008677e+00 1.74588158703415e-05
5.95000000000000e-01 2.12427476026631e+00 2.12428976371522e+00 1.50034489045936e-05
6.00000000000000e-01 2.09193742854221e+00 2.09194987150091e+00 1.24429587033958e-05
6.05000000000000e-01 2.06166980180359e+00 2.06167983224433e+00 1.00304407419927e-05
6.10000000000000e-01 2.03363685650278e+00 2.03364484283446e+00 7.98633167864438e-06
6.15000000000000e-01 2.00798920332867e+00 2.00799567504205e+00 6.47171337675445e-06
6.20000000000000e-01 1.98486218023484e+00 1.98486775140779e+00 5.57117294919252e-06
6.25000000000000e-01 1.96437502895337e+00 1.96438031592140e+00 5.28696802915007e-06
6.30000000000000e-01 1.94663016012155e+00 1.94663570460343e+00 5.54448188316847e-06
6.35000000000000e-01 1.93171251316728e+00 1.93171872048530e+00 6.20731801737051e-06
6.40000000000000e-01 1.91968901771163e+00 1.91969611683971e+00 7.09912807961288e-06
6.45000000000000e-01 1.91060816328564e+00 1.91061619184595e+00 8.02856031190124e-06
6.50000000000000e-01 1.90449968356161e+00 1.90450849718747e+00 8.81362586424572e-06
6.55000000000000e-01 1.90137436011086e+00 1.90138366237698e+00 9.30226612205765e-06
6.60000000000000e-01 1.90122394905669e+00 1.90123333589028e+00 9.38683358575609e-06
6.65000000000000e-01 1.90402123209392e+00 1.90403024347033e+00 9.01137640152427e-06
6.70000000000000e-01 1.90972019141688e+00 1.90972836324032e+00 8.17182343681999e-06
6.75000000000000e-01 1.91825630634518e+00 1.91826321654437e+00 6.91019919552005e-06
6.80000000000000e-01 1.92954696801897e+00 1.92955227272105e+00 5.30470208071065e-06
6.85000000000000e-01 1.94349200753931e+00 1.94349546531226e+00 3.45777294774585e-06
6.90000000000000e-01 1.95997433236075e+00 1.95997581652323e+00 1.48416248291205e-06
6.95000000000000e-01 1.97886066553377e+00 1.97886016608158e+00 4.99452188940097e-07
7.00000000000000e-01 2.00000238242023e+00 2.00000000000000e+00 2.38242023353763e-06
7.05000000000000e-01 2.02323643961175e+00 2.02323237413106e+00 4.06548068232482e-06
7.10000000000000e-01 2.04838639081863e+00 2.04838092681811e+00 5.46400052359175e-06
7.15000000000000e-01 2.07526348434467e+00 2.07525697439691e+00 6.50994775597269e-06
7.20000000000000e-01 2.10366783635328e+00 2.10366068279205e+00 7.15356122649169e-06
7.25000000000000e-01 2.13338967346088e+00 2.13338230798255e+00 7.36547833435353e-06
7.30000000000000e-01 2.16421063732566e+00 2.16420349768687e+00 7.13963878418156e-06
7.35000000000000e-01 2.19590514294866e+00 2.19589864623990e+00 6.49670876251562e-06
7.40000000000000e-01 2.22824178151390e+00 2.22823629430637e+00 5.48720752302501e-06
7.45000000000000e-01 2.26098475791134e+00 2.26098056479902e+00 4.19311231869557e-06
7.50000000000000e-01 2.29389535273140e+00 2.29389262614624e+00 2.72658515898527e-06
7.55000000000000e-01 2.32673339855796e+00 2.32673217388556e+00 1.22467240082358e-06
7.60000000000000e-01 2.35925876082007e+00 2.35925892144618e+00 1.60626111522788e-07
7.65000000000000e-01 2.39123281421668e+00 2.39123409092702e+00 1.27671033434140e-06
7.70000000000000e-01 2.42241990667163e+00 2.42242189467697e+00 1.98800534390031e-06
7.75000000000000e-01 2.45258880373152e+00 2.45259099854052e+00 2.19480899676938e-06
7.80000000000000e-01 2.48151410710492e+00 2.48151595774496e+00 1.85064004387669e-06
7.85000000000000e-01 2.50897764149359e+00 2.50897861657418e+00 9.75080584275645e-07
7.90000000000000e-01 2.53476980388111e+00 2.53476946319709e+00 3.40684018329540e-07
7.95000000000000e-01 2.55869086898781e+00 2.55868893129538e+00 1.93769243050923e-06
8.00000000000000e-01 2.58055224373455e+00 2.58054864046305e+00 3.60327150383810e-06
8.05000000000000e-01 2.60017766242089e+00 2.60017256772797e+00 5.09469291953835e-06
8.10000000000000e-01 2.61740431312690e+00 2.61739814297001e+00 6.17015688808564e-06
8.15000000000000e-01 2.63208388483910e+00 2.63207726147960e+00 6.62335949863646e-06
8.20000000000000e-01 2.64408352423084e+00 2.64407720741157e+00 6.31681926899219e-06
8.25000000000000e-01 2.65328669111180e+00 2.65328148243819e+00 5.20867360931376e-06
8.30000000000000e-01 2.65959390244834e+00 2.65959053448992e+00 3.36795841926474e-06
8.35000000000000e-01 2.66292335659991e+00 2.66292238208847e+00 9.74511443541104e-07
8.40000000000000e-01 2.66321143195915e+00 2.66321313042021e+00 1.69846106379268e-06
8.45000000000000e-01 2.66041305735163e+00 2.66041737596564e+00 4.31861400995714e-06
8.50000000000000e-01 2.65450195505942e+00 2.65450849718747e+00 6.54212805617505e-06
8.55000000000000e-01 2.64547076079445e+00 2.64547882948272e+00 8.06868827041285e-06
8.60000000000000e-01 2.63333102790470e+00 2.63333972331718e+00 8.69541248604833e-06
8.65000000000000e-01 2.61811312505414e+00 2.61812148518153e+00 8.36012738236747e-06
8.70000000000000e-01 2.59986603711431e+00 2.59987320173000e+00 7.16461569227889e-06
8.75000000000000e-01 2.57865707770156e+00 2.57866244818360e+00 5.37048203552715e-06
8.80000000000000e-01 2.55457151859108e+00 2.55457488279246e+00 3.36420137392324e-06
8.85000000000000e-01 2.52771213640635e+00 2.52771372985530e+00 1.59344895012126e-06
8.90000000000000e-01 2.49819867125653e+00 2.49819915448034e+00 4.83223807634658e-07
8.95000000000000e-01 2.46616718658956e+00 2.46616753293972e+00 3.46350164548426e-07
9.00000000000000e-01 2.43176931601224e+00 2.43177062311339e+00 1.30710114998323e-06
9.05000000000000e-01 2.39517138280926e+00 2.39517464013388e+00 3.25732461847750e-06
9.10000000000000e-01 2.35655338255164e+00 2.35655924292839e+00 5.86037674921158e-06
9.15000000000000e-01 2.31610782873215e+00 2.31611643790350e+00 8.60917134293260e-06
9.20000000000000e-01 2.27403847460633e+00 2.27404940652903e+00 1.09319226950788e-05
9.25000000000000e-01 2.23055893864223e+00 2.23057126404647e+00 1.23254042376786e-05
9.30000000000000e-01 2.18589127235599e+00 2.18590375695213e+00 1.24845961426701e-05
9.35000000000000e-01 2.14026451382595e+00 2.14027590728277e+00 1.13934568259921e-05
9.40000000000000e-01 2.09391326499469e+00 2.09392261205918e+00 9.34706448862954e-06
9.45000000000000e-01 2.04707631564632e+00 2.04708320651983e+00 6.89087350780326e-06
9.50000000000000e-01 1.99999531464201e+00 2.00000000000000e+00 4.68535798847647e-06
9.55000000000000e-01 1.95291346562604e+00 1.95291679348017e+00 3.32785412449077e-06
9.60000000000000e-01 1.90607420758311e+00 1.90607738794082e+00 3.18035771140757e-06
9.65000000000000e-01 1.85971983708556e+00 1.85972409271723e+00 4.25563166639442e-06
9.70000000000000e-01 1.81409004204755e+00 1.81409624304787e+00 6.20100031434312e-06
9.75000000000000e-01 1.76942034415945e+00 1.76942873595353e+00 8.39179408318458e-06
9.80000000000000e-01 1.72594048128702e+00 1.72595059347097e+00 1.01121839495288e-05
9.85000000000000e-01 1.68387279090349e+00 1.68388356209650e+00 1.07711930099619e-05
9.90000000000000e-01 1.64343067022304e+00 1.64344075707161e+00 1.00868485699568e-05
9.95000000000000e-01 1.60481718161563e+00 1.60482535986612e+00 8.17825049126419e-06
1.00000000000000e+00 1.56822384386891e+00 1.56822937688661e+00 5.53301769778969e-06
1.00500000000000e+00 1.53382960935422e+00 1.53383246706028e+00 2.85770605756852e-06
1.01000000000000e+00 1.50179998767958e+00 1.50180084551966e+00 8.57840088963613e-07
1.01500000000000e+00 1.47228625182138e+00 1.47228627014470e+00 1.83233135331307e-08
1.02000000000000e+00 1.44542466195156e+00 1.44542511720755e+00 4.55255986686609e-07
1.02500000000000e+00 1.42133566564276e+00 1.42133755181640e+00 1.88617364482724e-06
1.03000000000000e+00 1.40012307237180e+00 1.40012679827000e+00 3.72589820041291e-06
1.03500000000000e+00 1.38187324101869e+00 1.38187851481848e+00 5.27379978265685e-06
1.04000000000000e+00 1.36665434684045e+00 1.36666027668282e+00 5.92984236646998e-06
1.04500000000000e+00 1.35451579987496e+00 1.35452117051728e+00 5.37064232575268e-06
1.05000000000000e+00 1.34548786911414e+00 1.34549150281253e+00 3.63369838907168e-06
1.05500000000000e+00 1.33958153356856e+00 1.33958262403436e+00 1.09046580365479e-06
1.06000000000000e+00 1.33678854483277e+00 1.33678686957979e+00 1.67525298011562e-06
1.06500000000000e+00 1.33708165807670e+00 1.33707761791153e+00 4.04016516775130e-06
1.07000000000000e+00 1.34041497715373e+00 1.34040946551008e+00 5.51164364614998e-06
1.07500000000000e+00 1.34672436581626e+00 1.34671851756181e+00 5.84825445115733e-06
1.08000000000000e+00 1.35592789609918e+00 1.35592279258843e+00 5.10351075622140e-06
1.08500000000000e+00 1.36792632879344e+00 1.36792273852040e+00 3.59027304530635e-06
1.09000000000000e+00 1.38260364161823e+00 1.38260185702999e+00 1.78458824140471e-06
1.09500000000000e+00 1.39982763277219e+00 1.39982743227203e+00 2.00500161806616e-07
1.10000000000000e+00 1.41945062919785e+00 1.41945135953695e+00 7.30339101417954e-07
1.10500000000000e+00 1.44131032164655e+00 1.44131106870462e+00 7.47058074290763e-07
1.11000000000000e+00 1.46523073607210e+00 1.46523053680291e+00 1.99269196698992e-07
1.11500000000000e+00 1.49102333714252e+00 1.49102138342582e+00 1.95371670308475e-06
1.12000000000000e+00 1.51848824816136e+00 1.51848404225504e+00 4.20590631411422e-06
1.12500000000000e+00 1.54741556445161e+00 1.54740900145948e+00 6.56299212598022e-06
1.13000000000000e+00 1.57758673477567e+00 1.57757810532303e+00 8.62945264024084e-06
1.13500000000000e+00 1.60877598694436e+00 1.60876590907298e+00 1.00778713765237e-05
1.14000000000000e+00 1.64075177802095e+00 1.64074107855382e+00 1.06994671278393e-05
1.14500000000000e+00 1.67327825489954e+00 1.67326782611444e+00 1.04287850981599e-05
1.15000000000000e+00 1.70611671619960e+00 1.70610737385376e+00 9.34234583493954e-06
1.15500000000000e+00 1.73902707047412e+00 1.73901943520098e+00 7.63527313618617e-06
1.16000000000000e+00 1.77176928825959e+00 1.77176370569363e+00 5.58256596794315e-06
1.16500000000000e+00 1.80410484649364e+00 1.80410135376010e+00 3.49273353550394e-06
1.17000000000000e+00 1.83579816355332e+00 1.83579650231313e+00 1.66124019007619e-06
1.17500000000000e+00 1.86661802202112e+00 1.86661769201745e+00 3.30003665283130e-07
1.18000000000000e+00 1.89633897467074e+00 1.89633931720795e+00 3.42537209263583e-07
1.18500000000000e+00 1.92474272742692e+00 1.92474302560309e+00 2.98176170643316e-07
1.19000000000000e+00 1.95161949143669e+00 1.95161907318189e+00 4.18254799461337e-07
1.19500000000000e+00 1.97676929504793e+00 1.97676762586894e+00 1.66917899502295e-06
1.20000000000000e+00 2.00000324550457e+00 2.00000000000000e+00 3.24550457508899e-06
1.20500000000000e+00 2.02114472957576e+00 2.02113983391842e+00 4.89565733952091e-06
1.21000000000000e+00 2.04003054215511e+00 2.04002418347677e+00 6.35867833764792e-06
1.21500000000000e+00 2.05651193210712e+00 2.05650453468774e+00 7.39741937394456e-06
1.22000000000000e+00 2.07045555529994e+00 2.07044772727895e+00 7.82802098964197e-06
1.22500000000000e+00 2.08174432583146e+00 2.08173678345563e+00 7.54237583144857e-06
1.23000000000000e+00 2.09027815788485e+00 2.09027163675968e+00 6.52112516963399e-06
1.23500000000000e+00 2.09597459236290e+00 2.09596975652967e+00 4.83583322541392e-06
1.24000000000000e+00 2.09876930433491e+00 2.09876666410972e+00 2.64022518692286e-06
1.24500000000000e+00 2.09861648925081e+00 2.09861633762302e+00 1.51627795652587e-07
1.25000000000000e+00 2.09548912768712e+00 2.09549150281253e+00 2.37512540746110e-06
1.25500000000000e+00 2.08937912995385e+00 2.08938380815405e+00 4.67820020277898e-06
1.26000000000000e+00 2.08029736310281e+00 2.08030388316029e+00 6.52005748014162e-06
1.26500000000000e+00 2.06827356367175e+00 2.06828127951470e+00 7.71584295211625e-06
1.27000000000000e+00 2.05335613986375e+00 2.05336429539657e+00 8.15553282240700e-06
1.27500000000000e+00 2.03561186683615e+00 2.03561968407860e+00 7.81724244980353e-06
1.28000000000000e+00 2.01512547844459e+00 2.01513224859221e+00 6.77014761807371e-06
1.28500000000000e+00 1.99199915827409e+00 1.99200432495795e+00 5.16668385963648e-06
1.29000000000000e+00 1.96635193222916e+00 1.96635515716554e+00 3.22493638527099e-06
1.29500000000000e+00 1.93831896448747e+00 1.93832016775567e+00 1.20326819907923e-06
1.30000000000000e+00 1.90805075837080e+00 1.90805012849909e+00 6.29871713231367e-07
1.30500000000000e+00 1.87571226374837e+00 1.87571023628478e+00 2.02746358590744e-06
1.31000000000000e+00 1.84148189301794e+00 1.84147909991323e+00 2.79310471351657e-06
1.31500000000000e+00 1.80555044852065e+00 1.80554764404025e+00 2.80448039968739e-06
1.32000000000000e+00 1.76811996540247e+00 1.76811793702778e+00 2.02837469043260e-06
1.32500000000000e+00 1.72940247536341e+00 1.72940194992690e+00 5.25436509191124e-07
1.33000000000000e+00 1.68961869832468e+00 1.68962025424335e+00 1.55591866368709e-06
1.33500000000000e+00 1.64899667066262e+00 1.64900066651302e+00 3.99585040145034e-06
1.34000000000000e+00 1.60777032016524e+00 1.60777684804300e+00 6.52787776300734e-06
1.34500000000000e+00 1.56617799912913e+00 1.56618686845015e+00 8.86932102495130e-06
1.35000000000000e+00 1.52446098791582e+00 1.52447174185242e+00 1.07539365994391e-05
1.35500000000000e+00 1.48286198174839e+00 1.48287394473691e+00 1.19629885182437e-05
1.36000000000000e+00 1.44162357350961e+00 1.44163592464141e+00 1.23511318015357e-05
1.36500000000000e+00 1.40098674481200e+00 1.40099860884315e+00 1.18640311452811e-05
1.37000000000000e+00 1.36118937670012e+00 1.36119992224821e+00 1.05455480865491e-05
1.37500000000000e+00 1.32246479011334e+00 1.32247332361862e+00 8.53350527552088e-06
1.38000000000000e+00 1.28504032481057e+00 1.28504636916085e+00 6.04435027873329e-06
1.38500000000000e+00 1.24913596398456e+00 1.24913931233114e+00 3.34834657977900e-06
1.39000000000000e+00 1.21496301042215e+00 1.21496374848942e+00 7.38067266414788e-07
1.39500000000000e+00 1.18272281893756e+00 1.18272131275752e+00 1.50618004290948e-06
1.40000000000000e+00 1.15260558902677e+00 1.15260243910916e+00 3.14991761718453e-06
1.40500000000000e+00 1.12478922133216e+00 1.12478518834171e+00 4.03299045026451e-06
1.41000000000000e+00 1.09943824158524e+00 1.09943415215529e+00 4.08942994800654e-06
1.41500000000000e+00 1.07670279617531e+00 1.07669944009536e+00 3.35607995061160e-06
1.42000000000000e+00 1.05671772428158e+00 1.05671575560428e+00 1.96867730228867e-06
1.42500000000000e+00 1.03960171246937e+00 1.03960156687779e+00 1.45591579681081e-07
1.43000000000000e+00 1.02545653861511e+00 1.02545837763829e+00 1.83902318107165e-06
1.43500000000000e+00 1.01436641280196e+00 1.01437010232018e+00 3.68951821716479e-06
1.44000000000000e+00 1.00639742323796e+00 1.00640254951957e+00 5.12628160831419e-06
1.44500000000000e+00 1.00159709513761e+00 1.00160301689261e+00 5.92175499924963e-06
1.45000000000000e+00 9.99994069779152e-01 1.00000000000000e+00 5.93022084827144e-06
1.45500000000000e+00 1.00159790957515e+00 1.00160301689261e+00 5.10731745295701e-06
1.46000000000000e+00 1.00639903303284e+00 1.00640254951957e+00 3.51648672625160e-06
1.46500000000000e+00 1.01436878107580e+00 1.01437010232018e+00 1.32124438145809e-06
1.47000000000000e+00 1.02545961356872e+00 1.02545837763829e+00 1.23593043532821e-06
1.47500000000000e+00 1.03960543229878e+00 1.03960156687779e+00 3.86542098307352e-06
1.48000000000000e+00 1.05672202440127e+00 1.05671575560428e+00 6.26879699372473e-06
1.48500000000000e+00 1.07670761852350e+00 1.07669944009536e+00 8.17842813782832e-06
1.49000000000000e+00 1.09944354507446e+00 1.09943415215529e+00 9.39291917090301e-06
1.49500000000000e+00 1.12479499177853e+00 1.12478518834171e+00 9.80343682099871e-06
1.50000000000000e+00 1.15261184638028e+00 1.15260243910916e+00 9.40727112608286e-06
1.50500000000000e+00 1.18272961955522e+00 1.18272131275752e+00 8.30679769947551e-06
1.51000000000000e+00 1.21497044259446e+00 1.21496374848942e+00 6.69410503761902e-06
1.51500000000000e+00 1.24914413592745e+00 1.24913931233114e+00 4.82359630549212e-06
1.52000000000000e+00 1.28504934571322e+00 1.28504636916085e+00 2.97655236924932e-06
1.52500000000000e+00 1.32247474631916e+00 1.32247332361862e+00 1.42270054359628e-06
1.53000000000000e+00 1.36120030637697e+00 1.36119992224821e+00 3.84128759911562e-07
1.53500000000000e+00 1.40099861524579e+00 1.40099860884315e+00 6.40264175011396e-09
1.54000000000000e+00 1.44163626523368e+00 1.44163592464141e+00 3.40592271719231e-07
1.54500000000000e+00 1.48287528303863e+00 1.48287394473691e+00 1.33830172321936e-06
1.55000000000000e+00 1.52447460182795e+00 1.52447174185242e+00 2.85997552906814e-06
1.55500000000000e+00 1.56619156344782e+00 1.56618686845015e+00 4.69499767197235e-06
1.56000000000000e+00 1.60778343867216e+00 1.60777684804300e+00 6.59062915842057e-06
1.56500000000000e+00 1.64900895233025e+00 1.64900066651302e+00 8.28581722678301e-06
1.57000000000000e+00 1.68962979968608e+00 1.68962025424335e+00 9.54544273112923e-06
1.57500000000000e+00 1.72941214059521e+00 1.72940194992690e+00 1.01906683069863e-05
1.58000000000000e+00 1.76812805868808e+00 1.76811793702778e+00 1.01216602936827e-05
1.58500000000000e+00 1.80555697402387e+00 1.80554764404025e+00 9.32998361991011e-06
1.59000000000000e+00 1.84148699919209e+00 1.84147909991323e+00 7.89927886635233e-06
1.59500000000000e+00 1.87571623055569e+00 1.87571023628478e+00 5.99427090808291e-06
1.60000000000000e+00 1.90805396806752e+00 1.90805012849909e+00 3.83956843386102e-06
1.60500000000000e+00 1.93832185869327e+00 1.93832016775567e+00 1.69093759994077e-06
1.61000000000000e+00 1.96635495980013e+00 1.96635515716554e+00 1.97365410903316e-07
1.61500000000000e+00 1.99200271981563e+00 1.99200432495795e+00 1.60514231950515e-06
1.62000000000000e+00 2.01512987396399e+00 2.01513224859221e+00 2.37462822383350e-06
1.62500000000000e+00 2.03561725294244e+00 2.03561968407860e+00 2.43113615683299e-06
1.63000000000000e+00 2.05336250205707e+00 2.05336429539657e+00 1.79333949557048e-06
1.63500000000000e+00 2.06828070769984e+00 2.06828127951470e+00 5.71814859018360e-07
1.64000000000000e+00 2.08030492725878e+00 2.08030388316029e+00 1.04409849033260e-06
1.64500000000000e+00 2.08938661777831e+00 2.08938380815405e+00 2.80962425946996e-06
1.65000000000000e+00 2.09549595809546e+00 2.09549150281253e+00 4.45528293857578e-06
1.65500000000000e+00 2.09862205892132e+00 2.09861633762302e+00 5.72129830000989e-06
1.66000000000000e+00 2.09877305553165e+00 2.09876666410972e+00 6.39142193081810e-06
1.66500000000000e+00 2.09597607844053e+00 2.09596975652967e+00 6.32191085836453e-06
1.67000000000000e+00 2.09027709866369e+00 2.09027163675968e+00 5.46190400418922e-06
1.67500000000000e+00 2.08174064588110e+00 2.08173678345563e+00 3.86242547367743e-06
1.68000000000000e+00 2.07044939987081e+00 2.07044772727895e+00 1.67259185435142e-06
1.68500000000000e+00 2.05650365785240e+00 2.05650453468774e+00 8.76835339891358e-07
1.69000000000000e+00 2.04002068266219e+00 2.04002418347677e+00 3.50081457378693e-06
1.69500000000000e+00 2.02113393878273e+00 2.02113983391842e+00 5.89513569115852e-06
1.70000000000000e+00 1.99999222497975e+00 2.00000000000000e+00 7.77502024562615e-06
1.70500000000000e+00 1.97675871350397e+00 1.97676762586893e+00 8.91236496047831e-06
1.71000000000000e+00 1.95160990639261e+00 1.95161907318189e+00 9.16678928519765e-06
1.71500000000000e+00 1.92473451932612e+00 1.92474302560309e+00 8.50627696591388e-06
1.72000000000000e+00 1.89633230280801e+00 1.89633931720795e+00 7.01439994221786e-06
1.72500000000000e+00 1.86661280926574e+00 1.86661769201745e+00 4.88275171273145e-06
1.73000000000000e+00 1.83579411321267e+00 1.83579650231313e+00 2.38910046279628e-06
1.73500000000000e+00 1.80410149009899e+00 1.80410135376010e+00 1.36338888845344e-07
1.74000000000000e+00 1.77176605816592e+00 1.77176370569363e+00 2.35247229363189e-06
1.74500000000000e+00 1.73902338672878e+00 1.73901943520098e+00 3.95152780408026e-06
1.75000000000000e+00 1.70611207402753e+00 1.70610737385376e+00 4.70017377018905e-06
1.75500000000000e+00 1.67327229818798e+00 1.67326782611444e+00 4.47207354414836e-06
1.76000000000000e+00 1.64074434592686e+00 1.64074107855382e+00 3.26737303546487e-06
1.76500000000000e+00 1.60876712529709e+00 1.60876590907298e+00 1.21622411297651e-06
1.77000000000000e+00 1.57757667080524e+00 1.57757810532303e+00 1.43451778988890e-06
1.77500000000000e+00 1.54740465137312e+00 1.54740900145948e+00 4.35008635557566e-06
1.78000000000000e+00 1.51847689356686e+00 1.51848404225504e+00 7.14868817741632e-06
1.78500000000000e+00 1.49101193399565e+00 1.49102138342582e+00 9.44943017566757e-06
1.79000000000000e+00 1.46521961556470e+00 1.46523053680291e+00 1.09212382062296e-05
1.79500000000000e+00 1.44129974221032e+00 1.44131106870462e+00 1.13264942982472e-05
1.80000000000000e+00 1.41944080581817e+00 1.41945135953695e+00 1.05537187820026e-05
1.80500000000000e+00 1.39981879730718e+00 1.39982743227203e+00 8.63496485226101e-06
1.81000000000000e+00 1.38259611152967e+00 1.38260185702999e+00 5.74550031617882e-06
1.81500000000000e+00 1.36792055294562e+00 1.36792273852040e+00 2.18557478270931e-06
1.82000000000000e+00 1.35592444626638e+00 1.35592279258843e+00 1.65367795901261e-06
1.82500000000000e+00 1.34672385372204e+00 1.34671851756181e+00 5.33616023101757e-06
1.83000000000000e+00 1.34041789853689e+00 1.34040946551008e+00 8.43302680286762e-06
1.83500000000000e+00 1.33708819278447e+00 1.33707761791153e+00 1.05748729402055e-05
1.84000000000000e+00 1.33679836712913e+00 1.33678686957979e+00 1.14975493461511e-05
1.84500000000000e+00 1.33959370004264e+00 1.33958262403436e+00 1.10760082809858e-05
1.85000000000000e+00 1.34550084481637e+00 1.34549150281253e+00 9.34200384361539e-06
1.85500000000000e+00 1.35452765389826e+00 1.35452117051728e+00 6.48338097675172e-06
1.86000000000000e+00 1.36666310154338e+00 1.36666027668282e+00 2.82486056080167e-06
1.86500000000000e+00 1.38187730722505e+00 1.38187851481848e+00 1.20759342681076e-06
1.87000000000000e+00 1.40012166346295e+00 1.40012679827000e+00 5.13480704555924e-06
1.87500000000000e+00 1.42132907246969e+00 1.42133755181640e+00 8.47934671122097e-06
1.88000000000000e+00 1.44541429613848e+00 1.44542511720755e+00 1.08210690679122e-05
1.88500000000000e+00 1.47227442330322e+00 1.47228627014470e+00 1.18468414747053e-05
1.89000000000000e+00 1.50178945689194e+00 1.50180084551967e+00 1.13886277239850e-05
1.89500000000000e+00 1.53382302163752e+00 1.53383246706028e+00 9.44542275971294e-06
1.90000000000000e+00 1.56822319055470e+00 1.56822937688661e+00 6.18633191562523e-06
1.90500000000000e+00 1.60482342564212e+00 1.60482535986612e+00 1.93422399230592e-06
1.91000000000000e+00 1.64344362546662e+00 1.64344075707161e+00 2.86839500951430e-06
1.91500000000000e+00 1.68389126968575e+00 1.68388356209650e+00 7.70758924240056e-06
1.92000000000000e+00 1.72596264840422e+00 1.72595059347097e+00 1.20549332558451e-05
1.92500000000000e+00 1.76944416273581e+00 1.76942873595353e+00 1.54267822756182e-05
1.93000000000000e+00 1.81411368218791e+00 1.81409624304787e+00 1.74391400447060e-05
1.93500000000000e+00 1.85974194455332e+00 1.85972409271723e+00 1.78518360938185e-05
1.94000000000000e+00 1.90609398484199e+00 1.90607738794082e+00 1.65969011718392e-05
1.94500000000000e+00 1.95293058129143e+00 1.95291679348017e+00 1.37878112604906e-05
1.95000000000000e+00 2.00000970845241e+00 2.00000000000000e+00 9.70845241154983e-06
1.95500000000000e+00 2.04708798950556e+00 2.04708320651983e+00 4.78298573325375e-06
1.96000000000000e+00 2.09392214204634e+00 2.09392261205918e+00 4.70012835318556e-07
1.96500000000000e+00 2.14027041331893e+00 2.14027590728277e+00 5.49396384430523e-06
1.97000000000000e+00 2.18589400206816e+00 2.18590375695213e+00 9.75488396770530e-06
1.97500000000000e+00 2.23055846467252e+00 2.23057126404646e+00 1.27993739482690e-05
1.98000000000000e+00 2.27403510297460e+00 2.27404940652903e+00 1.43035544217796e-05
1.98500000000000e+00 2.31610233029171e+00 2.31611643790350e+00 1.41076117881056e-05
1.99000000000000e+00 2.35654701061138e+00 2.35655924292839e+00 1.22323170099747e-05
1.99500000000000e+00 2.39516576417073e+00 2.39517464013388e+00 8.87596314802508e-06
2.00000000000000e+00 2.43176623073683e+00 2.43177062311339e+00 4.39237655580627e-06
2.00500000000000e+00 2.46616828021054e+00 2.46616753293972e+00 7.47270825218749e-07
2.01000000000000e+00 2.49820515890072e+00 2.49819915448034e+00 6.00442038622973e-06
2.01500000000000e+00 2.52772455913705e+00 2.52771372985530e+00 1.08292817486699e-05
2.02000000000000e+00 2.55458959991153e+00 2.55457488279245e+00 1.47171190789663e-05
2.02500000000000e+00 2.57867970698013e+00 2.57866244818359e+00 1.72587965390214e-05
2.03000000000000e+00 2.59989138225737e+00 2.59987320173000e+00 1.81805273640201e-05
2.03500000000000e+00 2.61813885426998e+00 2.61812148518152e+00 1.73690884532895e-05
2.04000000000000e+00 2.63335460372586e+00 2.63333972331718e+00 1.48804086794740e-05
2.04500000000000e+00 2.64548976070197e+00 2.64547882948272e+00 1.09312192493327e-05
2.05000000000000e+00 2.65451437236055e+00 2.65450849718747e+00 5.87517307515384e-06
2.05500000000000e+00 2.66041754228959e+00 2.66041737596564e+00 1.66323955497205e-07
2.06000000000000e+00 2.66320744439044e+00 2.66321313042021e+00 5.68602977857324e-06
2.06500000000000e+00 2.66291121561360e+00 2.66292238208847e+00 1.11664748643214e-05
2.07000000000000e+00 2.65957473273428e+00 2.65959053448992e+00 1.58017556395329e-05
2.07500000000000e+00 2.65326227877502e+00 2.65328148243819e+00 1.92036631672110e-05
2.08000000000000e+00 2.64405610468225e+00 2.64407720741157e+00 2.11027293248733e-05
2.08500000000000e+00 2.63205589153540e+00 2.63207726147960e+00 2.13699442017656e-05
2.09000000000000e+00 2.61737811802556e+00 2.61739814297001e+00 2.00249444506362e-05
2.09500000000000e+00 2.60015533730430e+00 2.60017256772797e+00 1.72304236683019e-05
2.10000000000000e+00 2.58053536669089e+00 2.58054864046305e+00 1.32737721560972e-05
2.10500000000000e+00 2.55868039324045e+00 2.55868893129538e+00 8.53805493106208e-06
2.11000000000000e+00 2.53476599790004e+00 2.53476946319710e+00 3.46529705730347e-06
2.11500000000000e+00 2.50898010096921e+00 2.50897861657418e+00 1.48439503400155e-06
2.12000000000000e+00 2.48152183186443e+00 2.48151595774496e+00 5.87411946817440e-06
2.12500000000000e+00 2.45260032676053e+00 2.45259099854052e+00 9.32822001420419e-06
2.13000000000000e+00 2.42243345851932e+00 2.42242189467697e+00 1.15638423503484e-05
2.13500000000000e+00 2.39124650436399e+00 2.39123409092702e+00 1.24134369747786e-05
2.14000000000000e+00 2.35927075795068e+00 2.35925892144618e+00 1.18365044943225e-05
2.14500000000000e+00 2.32674209374369e+00 2.32673217388556e+00 9.91985812248686e-06
2.15000000000000e+00 2.29389949283475e+00 2.29389262614624e+00 6.86668851246353e-06
2.15500000000000e+00 2.26098354047277e+00 2.26098056479902e+00 2.97567375273644e-06
2.16000000000000e+00 2.22823490651276e+00 2.22823629430637e+00 1.38779361069652e-06
2.16500000000000e+00 2.19589282068384e+00 2.19589864623990e+00 5.82555606154500e-06
2.17000000000000e+00 2.16419355496844e+00 2.16420349768687e+00 9.94271843079986e-06
2.17500000000000e+00 2.13336892544851e+00 2.13338230798255e+00 1.33825340351557e-05
2.18000000000000e+00 2.10364482570332e+00 2.10366068279205e+00 1.58570887305309e-05
2.18500000000000e+00 2.07523980325366e+00 2.07525697439691e+00 1.71711432517263e-05
2.19000000000000e+00 2.04836368967699e+00 2.04838092681811e+00 1.72371411175654e-05
2.19500000000000e+00 2.02321629392552e+00 2.02323237413107e+00 1.60802055453324e-05
2.20000000000000e+00 1.99998616713715e+00 2.00000000000000e+00 1.38328628545015e-05
2.20500000000000e+00 1.97884944592043e+00 1.97886016608158e+00 1.07201611463381e-05
2.21000000000000e+00 1.95996877980480e+00 1.95997581652323e+00 7.03671843660381e-06
2.21500000000000e+00 1.94349234735711e+00 1.94349546531226e+00 3.11795514562618e-06
2.22000000000000e+00 1.92955296444539e+00 1.92955227272105e+00 6.91724338697242e-07
2.22500000000000e+00 1.91826728733031e+00 1.91826321654437e+00 4.07078593389620e-06
2.23000000000000e+00 1.90973511271487e+00 1.90972836324032e+00 6.74947455614472e-06
2.23500000000000e+00 1.90403877658248e+00 1.90403024347033e+00 8.53311215642805e-06
2.24000000000000e+00 1.90124265357984e+00 1.90123333589028e+00 9.31768956724532e-06
2.24500000000000e+00 1.90139275880331e+00 1.90138366237698e+00 9.09642632551666e-06
2.25000000000000e+00 1.90451645405436e+00 1.90450849718747e+00 7.95686688714881e-06
2.25500000000000e+00 1.91062226085936e+00 1.91061619184595e+00 6.06901341471122e-06
2.26000000000000e+00 1.91969978270997e+00 1.91969611683971e+00 3.66587025735221e-06
2.26500000000000e+00 1.93171973899058e+00 1.93171872048530e+00 1.01850528788638e-06
2.27000000000000e+00 1.94663411284653e+00 1.94663570460343e+00 1.59175689984359e-06
2.27500000000000e+00 1.96437641476320e+00 1.96438031592140e+00 3.90115819759451e-06
2.28000000000000e+00 1.98486206285256e+00 1.98486775140779e+00 5.68855523153111e-06
2.28500000000000e+00 2.00798887979039e+00 2.00799567504205e+00 6.79525166003003e-06
2.29000000000000e+00 2.03363770505992e+00 2.03364484283446e+00 7.13777453986708e-06
2.29500000000000e+00 2.06167311970450e+00 2.06167983224433e+00 6.71253983464126e-06
2.30000000000000e+00 2.09194427926738e+00 2.09194987150091e+00 5.59223353446825e-06
2.30500000000000e+00 2.12428584910060e+00 2.12428976371522e+00 3.91461461646259e-06
2.31000000000000e+00 2.15851903486021e+00 2.15852090008677e+00 1.86522656520083e-06
2.31500000000000e+00 2.19445269985975e+00 2.19445235595975e+00 3.43900006694042e-07
2.32000000000000e+00 2.23188456009535e+00 2.23188206297221e+00 2.49712313360462e-06
2.32500000000000e+00 2.27060244721920e+00 2.27059805007310e+00 4.39714610278585e-06
2.33000000000000e+00 2.31038562952797e+00 2.31037974575665e+00 5.88377131682805e-06
2.33500000000000e+00 2.35100618111607e+00 2.35099933348698e+00 6.84762909486381e-06
2.34000000000000e+00 2.39223038966299e+00 2.39222315195699e+00 7.23770599053708e-06
2.34500000000000e+00 2.43382019379732e+00 2.43381313154985e+00 7.06224747126782e-06
2.35000000000000e+00 2.47553464151897e+00 2.47552825814758e+00 6.38337139902134e-06
2.35500000000000e+00 2.51713136167511e+00 2.51712605526309e+00 5.30641202445281e-06
2.36000000000000e+00 2.55836804090026e+00 2.55836407535858e+00 3.96554167236829e-06
2.36500000000000e+00 2.59900389869158e+00 2.59900139115685e+00 2.50753472874621e-06
2.37000000000000e+00 2.63880115337037e+00 2.63880007775179e+00 1.07561857820571e-06
2.37500000000000e+00 2.67752647158374e+00 2.67752667638138e+00 2.04797639291598e-07
2.38000000000000e+00 2.71495239375814e+00 2.71495363083914e+00 1.23708100607800e-06
2.38500000000000e+00 2.75085872758234e+00 2.75086068766886e+00 1.96008651665025e-06
2.39000000000000e+00 2.78503390124231e+00 2.78503625151058e+00 2.35026826844731e-06
2.39500000000000e+00 2.81727626782732e+00 2.81727868724248e+00 2.41941516154753e-06
2.40000000000000e+00 2.84739535214689e+00 2.84739756089084e+00 2.20874394729620e-06
2.40500000000000e+00 2.87521303119841e+00 2.87521481165829e+00 1.78045988707964e-06
2.41000000000000e+00 2.90056463974186e+00 2.90056584784471e+00 1.20810285153539e-06
2.41500000000000e+00 2.92329999288560e+00 2.92330055990463e+00 5.67019033947957e-07
2.42000000000000e+00 2.94328431825154e+00 2.94328424439572e+00 7.38558125767952e-08
2.42500000000000e+00 2.96039909113727e+00 2.96039843312221e+00 6.58015066434814e-07
2.43000000000000e+00 2.97454276707305e+00 2.97454162236171e+00 1.14471134260441e-06
2.43500000000000e+00 2.98563140722052e+00 2.98562989767982e+00 1.50954069599862e-06
2.44000000000000e+00 2.99359919311305e+00 2.99359745048043e+00 1.74263261687457e-06
2.44500000000000e+00 2.99839882823304e+00 2.99839698310739e+00 1.84512564560535e-06
2.45000000000000e+00 3.00000182481267e+00 3.00000000000000e+00 1.82481266852719e-06
2.45500000000000e+00 2.99839867500234e+00 2.99839698310739e+00 1.69189494814148e-06
2.46000000000000e+00 2.99359890616668e+00 2.99359745048044e+00 1.45568623999281e-06
2.46500000000000e+00 2.98563102055630e+00 2.98562989767982e+00 1.12287647491272e-06
2.47000000000000e+00 2.97454231999771e+00 2.97454162236171e+00 6.97635996527168e-07
2.47500000000000e+00 2.96039861659140e+00 2.96039843312221e+00 1.83469194059427e-07
2.48000000000000e+00 2.94328383076496e+00 2.94328424439572e+00 4.13630761642025e-07
2.48500000000000e+00 2.92329947844720e+00 2.92330055990464e+00 1.08145743471511e-06
2.49000000000000e+00 2.90056404965504e+00 2.90056584784471e+00 1.79818967094292e-06
2.49500000000000e+00 2.87521228144381e+00 2.87521481165830e+00 2.53021448237689e-06
2.50000000000000e+00 2.84739432896706e+00 2.84739756089084e+00 3.23192378237636e-06
2.50500000000000e+00 2.81727483930297e+00 2.81727868724248e+00 3.84793950658491e-06
2.51000000000000e+00 2.78503193368586e+00 2.78503625151058e+00 4.31782471643771e-06
2.51500000000000e+00 2.75085610477020e+00 2.75086068766886e+00 4.58289866056560e-06
2.52000000000000e+00 2.71494903647826e+00 2.71495363083915e+00 4.59436088817711e-06
2.52500000000000e+00 2.67752235476926e+00 2.67752667638138e+00 4.32161212460258e-06
2.53000000000000e+00 2.63879631825715e+00 2.63880007775179e+00 3.75949464270775e-06
2.53500000000000e+00 2.59899845795836e+00 2.59900139115685e+00 2.93319849431484e-06
2.54000000000000e+00 2.55836217555834e+00 2.55836407535859e+00 1.89980024956071e-06
2.54500000000000e+00 2.51712530946718e+00 2.51712605526309e+00 7.45795909917746e-07
2.55000000000000e+00 2.47552867763812e+00 2.47552825814758e+00 4.19490542302725e-07
2.55500000000000e+00 2.43381460571750e+00 2.43381313154985e+00 1.47416764928465e-06
2.56000000000000e+00 2.39222544866116e+00 2.39222315195700e+00 2.29670415574645e-06
2.56500000000000e+00 2.35100211357009e+00 2.35099933348698e+00 2.78008310417022e-06
2.57000000000000e+00 2.31038259123344e+00 2.31037974575666e+00 2.84547678663927e-06
2.57500000000000e+00 2.27060050376275e+00 2.27059805007310e+00 2.45368965368087e-06
2.58000000000000e+00 2.23188367577225e+00 2.23188206297222e+00 1.61280003263542e-06
2.58500000000000e+00 2.19445273678755e+00 2.19445235595975e+00 3.80827795964933e-07
2.59000000000000e+00 2.15851976290345e+00 2.15852090008678e+00 1.13718332439561e-06
2.59500000000000e+00 2.12428696609187e+00 2.12428976371522e+00 2.79762334454148e-06
2.60000000000000e+00 2.09194543990211e+00 2.09194987150091e+00 4.43159879681687e-06
2.60500000000000e+00 2.06167397051626e+00 2.06167983224433e+00 5.86172807581775e-06
2.61000000000000e+00 2.03363792214936e+00 2.03364484283446e+00 6.92068510455002e-06
2.61500000000000e+00 2.00798820556486e+00 2.00799567504205e+00 7.46947718655022e-06
2.62000000000000e+00 1.98486033798281e+00 1.98486775140779e+00 7.41342498078446e-06
2.62500000000000e+00 1.96437360189337e+00 1.96438031592140e+00 6.71402803908983e-06
2.63000000000000e+00 1.94663030928093e+00 1.94663570460343e+00 5.39532250654062e-06
2.63500000000000e+00 1.93171517656731e+00 1.93171872048530e+00 3.54391798484954e-06
2.64000000000000e+00 1.91969481426779e+00 1.91969611683971e+00 1.30257191854888e-06
2.64500000000000e+00 1.91061733399958e+00 1.91061619184595e+00 1.14215363233861e-06
2.65000000000000e+00 1.90451207416842e+00 1.90450849718747e+00 3.57698094388681e-06
2.65500000000000e+00 1.90138944445557e+00 1.90138366237698e+00 5.78207858770163e-06
2.66000000000000e+00 1.90124088818977e+00 1.90123333589028e+00 7.55229949134240e-06
2.66500000000000e+00 1.90403896085196e+00 1.90403024347033e+00 8.71738163810143e-06
2.67000000000000e+00 1.90973752233705e+00 1.90972836324032e+00 9.15909672882798e-06
2.67500000000000e+00 1.91827204017682e+00 1.91826321654437e+00 8.82363244936180e-06
2.68000000000000e+00 1.92956000068286e+00 1.92955227272105e+00 7.72796181314206e-06
2.68500000000000e+00 1.94350142485129e+00 1.94349546531226e+00 5.95953903248514e-06
2.69000000000000e+00 1.95997948582947e+00 1.95997581652323e+00 3.66930623862949e-06
2.69500000000000e+00 1.97886122471754e+00 1.97886016608158e+00 1.05863596377986e-06
2.70000000000000e+00 1.99999836140975e+00 2.00000000000000e+00 1.63859024326918e-06
2.70500000000000e+00 2.02322819702150e+00 2.02323237413106e+00 4.17710956579498e-06
2.71000000000000e+00 2.04837460416184e+00 2.04838092681811e+00 6.32265626077100e-06
2.71500000000000e+00 2.07524910087616e+00 2.07525697439691e+00 7.87352075315439e-06
2.72000000000000e+00 2.10365200349468e+00 2.10366068279205e+00 8.67929737546902e-06
2.72500000000000e+00 2.13337365289397e+00 2.13338230798255e+00 8.65508857428310e-06
2.73000000000000e+00 2.16419570783691e+00 2.16420349768687e+00 7.78984996241405e-06
2.73500000000000e+00 2.19589249814586e+00 2.19589864623990e+00 6.14809403876038e-06
2.74000000000000e+00 2.22823242953403e+00 2.22823629430637e+00 3.86477234037841e-06
2.74500000000000e+00 2.26097943102752e+00 2.26098056479902e+00 1.13377150023908e-06
2.75000000000000e+00 2.29389443511257e+00 2.29389262614624e+00 1.80896633628080e-06
2.75500000000000e+00 2.32673688009019e+00 2.32673217388556e+00 4.70620463532967e-06
2.76000000000000e+00 2.35926622365696e+00 2.35925892144618e+00 7.30221077827053e-06
2.76500000000000e+00 2.39124345648777e+00 2.39123409092702e+00 9.36556074826456e-06
2.77000000000000e+00 2.42243260458920e+00 2.42242189467697e+00 1.07099122295118e-05
2.77500000000000e+00 2.45260220942132e+00 2.45259099854052e+00 1.12108808041356e-05
2.78000000000000e+00 2.48152677523682e+00 2.48151595774496e+00 1.08174918604931e-05
2.78500000000000e+00 2.50898817372789e+00 2.50897861657418e+00 9.55715371064869e-06
2.79000000000000e+00 2.53477699686339e+00 2.53476946319709e+00 7.53366630235064e-06
2.79500000000000e+00 2.55869384969002e+00 2.55868893129538e+00 4.91839464178412e-06
2.80000000000000e+00 2.58055057580753e+00 2.58054864046305e+00 1.93534448245103e-06
2.80500000000000e+00 2.60017140915484e+00 2.60017256772797e+00 1.15857313298662e-06
2.81000000000000e+00 2.61739404660967e+00 2.61739814297001e+00 4.09636033849026e-06
2.81500000000000e+00 2.63207063666779e+00 2.63207726147960e+00 6.62481181423757e-06
2.82000000000000e+00 2.64406868009737e+00 2.64407720741157e+00 8.52731420053487e-06
2.82500000000000e+00 2.65327183894324e+00 2.65328148243819e+00 9.64349494303463e-06
2.83000000000000e+00 2.65958065058332e+00 2.65959053448992e+00 9.88390660028315e-06
2.83500000000000e+00 2.66291314373126e+00 2.66292238208847e+00 9.23835720501032e-06
2.84000000000000e+00 2.66320535336432e+00 2.66321313042021e+00 7.77705589749544e-06
2.84500000000000e+00 2.66041173157681e+00 2.66041737596564e+00 5.64438882832974e-06
2.85000000000000e+00 2.65450545137023e+00 2.65450849718747e+00 3.04581724863695e-06
2.85500000000000e+00 2.64547860044633e+00 2.64547882948272e+00 2.29036384080672e-07
2.86000000000000e+00 2.63334226222789e+00 2.63333972331719e+00 2.53891070123302e-06
2.86500000000000e+00 2.61812648164216e+00 2.61812148518152e+00 4.99646063856218e-06
2.87000000000000e+00 2.59988011370524e+00 2.59987320173000e+00 6.91197523616793e-06
2.87500000000000e+00 2.57867055366270e+00 2.57866244818360e+00 8.10547910434778e-06
2.88000000000000e+00 2.55458334837822e+00 2.55457488279246e+00 8.46558576750311e-06
2.88500000000000e+00 2.52772168979660e+00 2.52771372985530e+00 7.95994129942912e-06
2.89000000000000e+00 2.49820579260221e+00 2.49819915448034e+00 6.63812187839952e-06
2.89500000000000e+00 2.46617215958767e+00 2.46616753293972e+00 4.62664794742551e-06
2.90000000000000e+00 2.43177273966661e+00 2.43177062311339e+00 2.11655321624704e-06
2.90500000000000e+00 2.39517398482745e+00 2.39517464013388e+00 6.55306434005354e-07
2.91000000000000e+00 2.35655581354921e+00 2.35655924292839e+00 3.42937918462738e-06
2.91500000000000e+00 2.31611048921294e+00 2.31611643790350e+00 5.94869055747793e-06
2.92000000000000e+00 2.27404142278758e+00 2.27404940652904e+00 7.98374145416503e-06
2.92500000000000e+00 2.23056190951213e+00 2.23057126404647e+00 9.35453434092182e-06
2.93000000000000e+00 2.18589380943498e+00 2.18590375695213e+00 9.94751714955555e-06
2.93500000000000e+00 2.14026618152697e+00 2.14027590728278e+00 9.72575581004165e-06
2.94000000000000e+00 2.09391388071100e+00 2.09392261205918e+00 8.73134818091259e-06
2.94500000000000e+00 2.04707612661925e+00 2.04708320651984e+00 7.07990058801400e-06
2.95000000000000e+00 1.99999505228482e+00 2.00000000000000e+00 4.94771517867143e-06
2.95500000000000e+00 1.95291424038873e+00 1.95291679348017e+00 2.55309144359117e-06
2.96000000000000e+00 1.90607725419548e+00 1.90607738794082e+00 1.33745342578706e-07
2.96500000000000e+00 1.85972616998755e+00 1.85972409271723e+00 2.07727032242033e-06
2.97000000000000e+00 1.81410011768897e+00 1.81409624304787e+00 3.87464110196412e-06
2.97500000000000e+00 1.76943383646254e+00 1.76942873595354e+00 5.10050899915626e-06
2.98000000000000e+00 1.72595625235202e+00 1.72595059347097e+00 5.65888104864243e-06
2.98500000000000e+00 1.68388908547346e+00 1.68388356209651e+00 5.52337695602922e-06
2.99000000000000e+00 1.64344549476723e+00 1.64344075707161e+00 4.73769561559756e-06
2.99500000000000e+00 1.60482876882450e+00 1.60482535986612e+00 3.40895837913635e-06
3.00000000000000e+00 1.56823107171244e+00 1.56822937688661e+00 1.69482582768055e-06
3.00500000000000e+00 1.53383225296545e+00 1.53383246706028e+00 2.14094830308653e-07
3.01000000000000e+00 1.50179873092485e+00 1.50180084551966e+00 2.11459481236353e-06
3.01500000000000e+00 1.47228245835838e+00 1.47228627014470e+00 3.81178632280488e-06
3.02000000000000e+00 1.44541997876289e+00 1.44542511720755e+00 5.13844465621638e-06
3.02500000000000e+00 1.42133158096329e+00 1.42133755181641e+00 5.97085311482282e-06
3.03000000000000e+00 1.40012055860648e+00 1.40012679827000e+00 6.23966351454008e-06
3.03500000000000e+00 1.38187257996850e+00 1.38187851481848e+00 5.93484997657434e-06
3.04000000000000e+00 1.36665517221344e+00 1.36666027668282e+00 5.10446938251086e-06
3.04500000000000e+00 1.35451732293701e+00 1.35452117051728e+00 3.84758027682786e-06
3.05000000000000e+00 1.34548920056440e+00 1.34549150281253e+00 2.30224812147739e-06
3.05500000000000e+00 1.33958199401016e+00 1.33958262403436e+00 6.30024201475621e-07
3.06000000000000e+00 1.33678787099187e+00 1.33678686957979e+00 1.00141208458915e-06
3.06500000000000e+00 1.33708005354631e+00 1.33707761791153e+00 2.43563478119491e-06
3.07000000000000e+00 1.34041300863471e+00 1.34040946551008e+00 3.54312463035633e-06
3.07500000000000e+00 1.34672275123372e+00 1.34671851756181e+00 4.23367190638402e-06
3.08000000000000e+00 1.35592725696598e+00 1.35592279258843e+00 4.46437755696749e-06
3.08500000000000e+00 1.36792698109236e+00 1.36792273852040e+00 4.24257196018907e-06
3.09000000000000e+00 1.38260548052279e+00 1.38260185702999e+00 3.62349280247365e-06
3.09500000000000e+00 1.39983013535810e+00 1.39982743227203e+00 2.70308607319691e-06
3.10000000000000e+00 1.41945296630503e+00 1.41945135953695e+00 1.60676808103055e-06
3.10500000000000e+00 1.44131154407294e+00 1.44131106870462e+00 4.75368316044111e-07
3.11000000000000e+00 1.46522998653212e+00 1.46523053680290e+00 5.50270779164919e-07
3.11500000000000e+00 1.49102003897398e+00 1.49102138342582e+00 1.34445183741505e-06
3.12000000000000e+00 1.51848223225648e+00 1.51848404225504e+00 1.80999855925457e-06
3.12500000000000e+00 1.54740711295559e+00 1.54740900145948e+00 1.88850388904704e-06
3.13000000000000e+00 1.57757653889603e+00 1.57757810532302e+00 1.56642699100651e-06
3.13500000000000e+00 1.60876503263762e+00 1.60876590907298e+00 8.76435356955696e-07
3.14000000000000e+00 1.64074118468857e+00 1.64074107855382e+00 1.06134749433551e-07
3.14500000000000e+00 1.67326909745214e+00 1.67326782611444e+00 1.27133770222443e-06
3.15000000000000e+00 1.70610986023580e+00 1.70610737385376e+00 2.48638203759199e-06
3.15500000000000e+00 1.73902304510760e+00 1.73901943520098e+00 3.60990661874006e-06
3.16000000000000e+00 1.77176821301039e+00 1.77176370569363e+00 4.50731676782112e-06
3.16500000000000e+00 1.80410641936777e+00 1.80410135376010e+00 5.06560766933006e-06
3.17000000000000e+00 1.83580170844912e+00 1.83579650231313e+00 5.20613599364061e-06
3.17500000000000e+00 1.86662258600486e+00 1.86661769201745e+00 4.89398740310953e-06
3.18000000000000e+00 1.89634346011892e+00 1.89633931720795e+00 4.14291097383668e-06
3.18500000000000e+00 1.92474604082612e+00 1.92474302560309e+00 3.01522302881274e-06
3.19000000000000e+00 1.95162068976369e+00 1.95161907318189e+00 1.61658179576030e-06
3.19500000000000e+00 1.97676771192229e+00 1.97676762586893e+00 8.60533544422282e-08
3.20000000000000e+00 1.99999858237811e+00 2.00000000000000e+00 1.41762189520556e-06
3.20500000000000e+00 2.02113710167482e+00 2.02113983391842e+00 2.73224359670365e-06
3.21000000000000e+00 2.04002047423648e+00 2.04002418347677e+00 3.70924028914033e-06
3.21500000000000e+00 2.05650030479550e+00 2.05650453468774e+00 4.22989224446724e-06
3.22000000000000e+00 2.07044350829418e+00 2.07044772727895e+00 4.21898477620530e-06
3.22500000000000e+00 2.08173312905692e+00 2.08173678345563e+00 3.65439870497752e-06
3.23000000000000e+00 2.09026906524793e+00 2.09027163675968e+00 2.57151175153680e-06
3.23500000000000e+00 2.09596869475128e+00 2.09596975652967e+00 1.06177839764854e-06
3.24000000000000e+00 2.09876739867959e+00 2.09876666410972e+00 7.34569865823431e-07
3.24500000000000e+00 2.09861897878416e+00 2.09861633762302e+00 2.64116114445656e-06
3.25000000000000e+00 2.09549596515902e+00 2.09549150281253e+00 4.46234649631450e-06
3.25500000000000e+00 2.08938981085851e+00 2.08938380815405e+00 6.00270446060591e-06
3.26000000000000e+00 2.08031097043048e+00 2.08030388316029e+00 7.08727019560484e-06
3.26500000000000e+00 2.06828885993992e+00 2.06828127951470e+00 7.58042521331603e-06
3.27000000000000e+00 2.05337169683976e+00 2.05336429539657e+00 7.40144318900349e-06
3.27500000000000e+00 2.03562621903474e+00 2.03561968407860e+00 6.53495614111321e-06
3.28000000000000e+00 2.01513728365707e+00 2.01513224859221e+00 5.03506485483030e-06
3.28500000000000e+00 1.99200734738603e+00 1.99200432495795e+00 3.02242807537212e-06
3.29000000000000e+00 1.96635583153543e+00 1.96635515716554e+00 6.74369887709858e-07
3.29500000000000e+00 1.93831837652930e+00 1.93832016775567e+00 1.79122637278262e-06
3.30000000000000e+00 1.90804599170721e+00 1.90805012849909e+00 4.13679188104865e-06
3.30500000000000e+00 1.87570410756892e+00 1.87571023628479e+00 6.12871586991304e-06
3.31000000000000e+00 1.84147153851484e+00 1.84147909991323e+00 7.56139838875569e-06
3.31500000000000e+00 1.80553936481563e+00 1.80554764404025e+00 8.27922461965613e-06
3.32000000000000e+00 1.76810974292311e+00 1.76811793702778e+00 8.19410467145509e-06
3.32500000000000e+00 1.72939465331810e+00 1.72940194992690e+00 7.29660880494087e-06
3.33000000000000e+00 1.68961459490713e+00 1.68962025424335e+00 5.65933622431736e-06
3.33500000000000e+00 1.64899723458469e+00 1.64900066651302e+00 3.43192833596184e-06
3.34000000000000e+00 1.60777602004652e+00 1.60777684804301e+00 8.27996483154791e-07
3.34500000000000e+00 1.56618876336030e+00 1.56618686845015e+00 1.89491014923604e-06
3.35000000000000e+00 1.52447620226366e+00 1.52447174185243e+00 4.46041123347563e-06
3.35500000000000e+00 1.48288054574963e+00 1.48287394473692e+00 6.60101271043878e-06
3.36000000000000e+00 1.44164401028066e+00 1.44163592464142e+00 8.08563924015182e-06
3.36500000000000e+00 1.40100735298642e+00 1.40099860884315e+00 8.74414327345363e-06
3.37000000000000e+00 1.36120840845510e+00 1.36119992224821e+00 8.48620688786994e-06
3.37500000000000e+00 1.32248063620266e+00 1.32247332361862e+00 7.31258404340629e-06
3.38000000000000e+00 1.28505168654470e+00 1.28504636916086e+00 5.31738384590419e-06
3.38500000000000e+00 1.24914199332557e+00 1.24913931233114e+00 2.68099442468639e-06
3.39000000000000e+00 1.21496340268592e+00 1.21496374848942e+00 3.45803497170394e-07
3.39500000000000e+00 1.18271784767484e+00 1.18272131275752e+00 3.46508268656009e-06
3.40000000000000e+00 1.15259607894367e+00 1.15260243910916e+00 6.36016548694052e-06
3.40500000000000e+00 1.12477646191926e+00 1.12478518834171e+00 8.72642244842403e-06
3.41000000000000e+00 1.09942385069166e+00 1.09943415215529e+00 1.03014636330112e-05
3.41500000000000e+00 1.07668854834341e+00 1.07669944009537e+00 1.08917519532348e-05
3.42000000000000e+00 1.05670536260255e+00 1.05671575560428e+00 1.03930017272269e-05
3.42500000000000e+00 1.03959276455895e+00 1.03960156687779e+00 8.80231883826355e-06
3.43000000000000e+00 1.02545215680846e+00 1.02545837763829e+00 6.22082982570937e-06
3.43500000000000e+00 1.01436725586440e+00 1.01437010232018e+00 2.84645577242060e-06
3.44000000000000e+00 1.00640359209539e+00 1.00640254951957e+00 1.04257582367318e-06
3.44500000000000e+00 1.00160812890521e+00 1.00160301689261e+00 5.11201259922878e-06
3.45000000000000e+00 1.00000900145149e+00 1.00000000000000e+00 9.00145149040910e-06
3.45500000000000e+00 1.00161537397484e+00 1.00160301689261e+00 1.23570822294639e-05
3.46000000000000e+00 1.00641741382831e+00 1.00640254951956e+00 1.48643087467537e-05
3.46500000000000e+00 1.01438637958410e+00 1.01437010232018e+00 1.62772639242803e-05
3.47000000000000e+00 1.02547482014827e+00 1.02545837763829e+00 1.64425099817844e-05
3.47500000000000e+00 1.03961688161294e+00 1.03960156687779e+00 1.53147351478200e-05
3.48000000000000e+00 1.05672871857213e+00 1.05671575560427e+00 1.29629678569110e-05
3.48500000000000e+00 1.07670900676318e+00 1.07669944009536e+00 9.56666781548599e-06
3.49000000000000e+00 1.09943955410075e+00 1.09943415215529e+00 5.40194546494455e-06
3.49500000000000e+00 1.12478600737095e+00 1.12478518834171e+00 8.19029239984559e-07
3.50000000000000e+00 1.15259865198001e+00 1.15260243910915e+00 3.78712914561596e-06
3.50500000000000e+00 1.18271330214446e+00 1.18272131275752e+00 8.01061306243689e-06
3.51000000000000e+00 1.21495227871983e+00 1.21496374848942e+00 1.14697695872135e-05
3.51500000000000e+00 1.24912547146515e+00 1.24913931233114e+00 1.38408659853262e-05
3.52000000000000e+00 1.28503148192003e+00 1.28504636916085e+00 1.48872408176626e-05
3.52500000000000e+00 1.32245884224292e+00 1.32247332361861e+00 1.44813756961515e-05
3.53000000000000e+00 1.36118730435450e+00 1.36119992224821e+00 1.26178937083221e-05
3.53500000000000e+00 1.40098919259905e+00 1.40099860884315e+00 9.41624409489528e-06
3.54000000000000e+00 1.44163081194255e+00 1.44163592464141e+00 5.11269886138699e-06
3.54500000000000e+00 1.48287390254292e+00 1.48287394473691e+00 4.21939849726272e-08
3.55000000000000e+00 1.52447713043172e+00 1.52447174185242e+00 5.38857929743841e-06
3.55500000000000e+00 1.56619760311254e+00 1.56618686845015e+00 1.07346623896554e-05
3.56000000000000e+00 1.60779239817617e+00 1.60777684804300e+00 1.55501331686736e-05
3.56500000000000e+00 1.64902009260835e+00 1.64900066651302e+00 1.94260953352288e-05
3.57000000000000e+00 1.68964228035849e+00 1.68962025424335e+00 2.20261151400170e-05
3.57500000000000e+00 1.72942506595898e+00 1.72940194992690e+00 2.31160320793844e-05
3.58000000000000e+00 1.76814052252695e+00 1.76811793702778e+00 2.25854991668939e-05
3.58500000000000e+00 1.80556810330969e+00 1.80554764404025e+00 2.04592694461603e-05
3.59000000000000e+00 1.84149599700099e+00 1.84147909991322e+00 1.68970877703067e-05
3.59500000000000e+00 1.87572241828777e+00 1.87571023628478e+00 1.21820029859165e-05
3.60000000000000e+00 1.90805682640555e+00 1.90805012849909e+00 6.69790645990709e-06
3.60500000000000e+00 1.93832106580128e+00 1.93832016775567e+00 8.98045613872966e-07
3.61000000000000e+00 1.96635042423958e+00 1.96635515716554e+00 4.73292596048225e-06
3.61500000000000e+00 1.99199460476850e+00 1.99200432495795e+00 9.72018945200048e-06
3.62000000000000e+00 2.01511860882286e+00 2.01513224859221e+00 1.36397693548673e-05
3.62500000000000e+00 2.03560352834702e+00 2.03561968407860e+00 1.61557315800920e-05
3.63000000000000e+00 2.05334724514825e+00 2.05336429539657e+00 1.70502483212154e-05
3.63500000000000e+00 2.06826503575572e+00 2.06828127951470e+00 1.62437589805720e-05
3.64000000000000e+00 2.08029007989410e+00 2.08030388316029e+00 1.38032661909371e-05
3.64500000000000e+00 2.08937387034288e+00 2.08938380815405e+00 9.93781116642722e-06
3.65000000000000e+00 2.09548652152135e+00 2.09549150281253e+00 4.98129117865176e-06
3.65500000000000e+00 2.09861697370479e+00 2.09861633762302e+00 6.36081776139719e-07
3.66000000000000e+00 2.09877308943816e+00 2.09876666410972e+00 6.42532843819765e-06
3.66500000000000e+00 2.09598163856075e+00 2.09596975652967e+00 1.18820310710532e-05
3.67000000000000e+00 2.09028816837345e+00 2.09027163675968e+00 1.65316137645810e-05
3.67500000000000e+00 2.08175675592861e+00 2.08173678345563e+00 1.99724729856854e-05
3.68000000000000e+00 2.07046964023583e+00 2.07044772727895e+00 2.19129568703735e-05
3.68500000000000e+00 2.05652673335597e+00 2.05650453468774e+00 2.21986682298336e-05
3.69000000000000e+00 2.04004501086578e+00 2.04002418347677e+00 2.08273890098809e-05
3.69500000000000e+00 2.02115778394580e+00 2.02113983391842e+00 1.79500273831401e-05
3.70000000000000e+00 2.00001385727736e+00 2.00000000000000e+00 1.38572773593637e-05
3.70500000000000e+00 1.97677657890491e+00 1.97676762586894e+00 8.95303597947539e-06
3.71000000000000e+00 1.95162279009591e+00 1.95161907318189e+00 3.71691401146457e-06
3.71500000000000e+00 1.92474168487579e+00 1.92474302560309e+00 1.34072729807144e-06
3.72000000000000e+00 1.89633359021375e+00 1.89633931720795e+00 5.72699419731926e-06
3.72500000000000e+00 1.86660867869185e+00 1.86661769201745e+00 9.01332560587775e-06
3.73000000000000e+00 1.83578562585429e+00 1.83579650231313e+00 1.08764588466759e-05
3.73500000000000e+00 1.80409022429590e+00 1.80410135376010e+00 1.11294641977899e-05
3.74000000000000e+00 1.77175396594921e+00 1.77176370569363e+00 9.73974441342840e-06
3.74500000000000e+00 1.73901260305248e+00 1.73901943520098e+00 6.83214850494274e-06
3.75000000000000e+00 1.70610469704790e+00 1.70610737385376e+00 2.67680586896191e-06
3.75500000000000e+00 1.67327016331552e+00 1.67326782611444e+00 2.33720108333557e-06
3.76000000000000e+00 1.64074881834882e+00 1.64074107855382e+00 7.73979499979482e-06
3.76500000000000e+00 1.60877893486783e+00 1.60876590907298e+00 1.30257948478540e-05
3.77000000000000e+00 1.57759580956813e+00 1.57757810532303e+00 1.77042450983933e-05
3.77500000000000e+00 1.54743034780049e+00 1.54740900145948e+00 2.13463410070336e-05
3.78000000000000e+00 1.51850766950440e+00 1.51848404225504e+00 2.36272493567835e-05
3.78500000000000e+00 1.49104574116279e+00 1.49102138342582e+00 2.43577369636316e-05
3.79000000000000e+00 1.46525403934101e+00 1.46523053680291e+00 2.35025380976861e-05
3.79500000000000e+00 1.44133225241491e+00 1.44131106870462e+00 2.11837102905843e-05
3.80000000000000e+00 1.41946902824507e+00 1.41945135953695e+00 1.76687081199223e-05
3.80500000000000e+00 1.39984077666814e+00 1.39982743227203e+00 1.33443961110036e-05
3.81000000000000e+00 1.38261053660529e+00 1.38260185702999e+00 8.67957529537833e-06
3.81500000000000e+00 1.36792691820261e+00 1.36792273852040e+00 4.17968221033682e-06
3.82000000000000e+00 1.35592313062207e+00 1.35592279258843e+00 3.38033649294189e-07
3.82500000000000e+00 1.34671610583645e+00 1.34671851756181e+00 2.41172535742074e-06
3.83000000000000e+00 1.34040572803470e+00 1.34040946551008e+00 3.73747538806590e-06
3.83500000000000e+00 1.33707417704630e+00 1.33707761791153e+00 3.44086523629272e-06
3.84000000000000e+00 1.33678539261488e+00 1.33678686957979e+00 1.47696490349070e-06
3.84500000000000e+00 1.33958466449208e+00 1.33958262403436e+00 2.04045771767802e-06
3.85000000000000e+00 1.34549835130372e+00 1.34549150281253e+00 6.84849119125808e-06
3.85500000000000e+00 1.35453372908842e+00 1.35452117051728e+00 1.25585711376885e-05
3.86000000000000e+00 1.36667896844726e+00 1.36666027668282e+00 1.86917644446893e-05
3.86500000000000e+00 1.38190323748252e+00 1.38187851481848e+00 2.47226640450737e-05
3.87000000000000e+00 1.40015692622996e+00 1.40012679826999e+00 3.01279599690396e-05
3.87500000000000e+00 1.42137198716275e+00 1.42133755181640e+00 3.44353463435088e-05
3.88000000000000e+00 1.44546238559559e+00 1.44542511720754e+00 3.72683880471847e-05
3.88500000000000e+00 1.47232465344432e+00 1.47228627014469e+00 3.83832996262434e-05
3.89000000000000e+00 1.50183853977067e+00 1.50180084551966e+00 3.76942510058598e-05
3.89500000000000e+00 1.53386775181233e+00 1.53383246706028e+00 3.52847520530553e-05
3.90000000000000e+00 1.56826078069434e+00 1.56822937688661e+00 3.14038077340317e-05
3.90500000000000e+00 1.60485180665574e+00 1.60482535986612e+00 2.64467896222698e-05
3.91000000000000e+00 1.64346167931700e+00 1.64344075707161e+00 2.09222453890767e-05
3.91500000000000e+00 1.68389896916908e+00 1.68388356209650e+00 1.54070725832955e-05
3.92000000000000e+00 1.72596108700117e+00 1.72595059347097e+00 1.04935302036591e-05
3.92500000000000e+00 1.76943546832911e+00 1.76942873595353e+00 6.73237557258233e-06
3.93000000000000e+00 1.81410081998349e+00 1.81409624304787e+00 4.57693562427863e-06
3.93500000000000e+00 1.85972842582824e+00 1.85972409271722e+00 4.33311101444289e-06
3.94000000000000e+00 1.90608350809081e+00 1.90607738794081e+00 6.12014999967769e-06
3.94500000000000e+00 1.95292664000240e+00 1.95291679348016e+00 9.84652223801064e-06
3.95000000000000e+00 2.00001520439911e+00 2.00000000000000e+00 1.52043991137329e-05
3.95500000000000e+00 2.04710489167557e+00 2.04708320651983e+00 2.16851557373055e-05
3.96000000000000e+00 2.09395122907918e+00 2.09392261205918e+00 2.86170200003433e-05
3.96500000000000e+00 2.14031113187011e+00 2.14027590728278e+00 3.52245873340706e-05
3.97000000000000e+00 2.18594446543919e+00 2.18590375695213e+00 4.07084870617247e-05
3.97500000000000e+00 2.23061560616538e+00 2.23057126404647e+00 4.43421189109117e-05
3.98000000000000e+00 2.27409498769226e+00 2.27404940652903e+00 4.55811632313896e-05
3.98500000000000e+00 2.31616061848135e+00 2.31611643790350e+00 4.41805778503834e-05
3.99000000000000e+00 2.35659955601251e+00 2.35655924292839e+00 4.03130841259980e-05
3.99500000000000e+00 2.39520932287732e+00 2.39517464013388e+00 3.46827434345442e-05
4.00000000000000e+00 2.43179925025317e+00 2.43177062311338e+00 2.86271397826887e-05
