variables = x, value-predict, value-true, error
0.00000000000000e+00 2.43154732897797e+00 2.43177062311339e+00 2.23294135417884e-04
5.00000000000000e-03 2.46591554899579e+00 2.46616753293972e+00 2.51983943929890e-04
1.00000000000000e-02 2.49792153290450e+00 2.49819915448034e+00 2.77621575833553e-04
1.50000000000000e-02 2.52742021717333e+00 2.52771372985530e+00 2.93512681975638e-04
2.00000000000000e-02 2.55427799241232e+00 2.55457488279246e+00 2.96890380131920e-04
2.50000000000000e-02 2.57837449495480e+00 2.57866244818360e+00 2.87953228795601e-04
3.00000000000000e-02 2.59960426210558e+00 2.59987320173000e+00 2.68939624425535e-04
3.50000000000000e-02 2.61787820909035e+00 2.61812148518152e+00 2.43276091176803e-04
4.00000000000000e-02 2.63312489067184e+00 2.63333972331718e+00 2.14832645347940e-04
4.50000000000000e-02 2.64529151755577e+00 2.64547882948272e+00 1.87311926944655e-04
5.00000000000000e-02 2.65434470681131e+00 2.65450849718747e+00 1.63790376159767e-04
5.50000000000000e-02 2.66027095608777e+00 2.66041737596564e+00 1.46419877869786e-04
6.00000000000000e-02 2.66307684274405e+00 2.66321313042021e+00 1.36287676161029e-04
6.50000000000000e-02 2.66278896029496e+00 2.66292238208847e+00 1.33421793504507e-04
7.00000000000000e-02 2.65945361491678e+00 2.65959053448992e+00 1.36919573136662e-04
7.50000000000000e-02 2.65313631325440e+00 2.65328148243819e+00 1.45169183791261e-04
8.00000000000000e-02 2.64392107865459e+00 2.64407720741157e+00 1.56128756982454e-04
8.50000000000000e-02 2.63190963565124e+00 2.63207726147960e+00 1.67625828359164e-04
9.00000000000000e-02 2.61722050178116e+00 2.61739814297001e+00 1.77641188852551e-04
9.50000000000000e-02 2.59998802170323e+00 2.60017256772797e+00 1.84546024741827e-04
1.00000000000000e-01 2.58036137158818e+00 2.58054864046305e+00 1.87268874863200e-04
1.05000000000000e-01 2.55850355264298e+00 2.55868893129538e+00 1.85378652395762e-04
1.10000000000000e-01 2.53459038249553e+00 2.53476946319709e+00 1.79080701566026e-04
1.15000000000000e-01 2.50880948319805e+00 2.50897861657418e+00 1.69133376125341e-04
1.20000000000000e-01 2.48135925601421e+00 2.48151595774496e+00 1.56701730751330e-04
1.25000000000000e-01 2.45244782697908e+00 2.45259099854052e+00 1.43171561442834e-04
1.30000000000000e-01 2.42229194420555e+00 2.42242189467697e+00 1.29950471419615e-04
1.35000000000000e-01 2.39111580838864e+00 2.39123409092702e+00 1.18282538377201e-04
1.40000000000000e-01 2.35914982180119e+00 2.35925892144618e+00 1.09099644987509e-04
1.45000000000000e-01 2.32662924769685e+00 2.32673217388556e+00 1.02926188711105e-04
1.50000000000000e-01 2.29379278047796e+00 2.29389262614624e+00 9.98456682768101e-05
1.55000000000000e-01 2.26088103604582e+00 2.26098056479902e+00 9.95287531968536e-05
1.60000000000000e-01 2.22813498016230e+00 2.22823629430637e+00 1.01314144075548e-04
1.65000000000000e-01 2.19579431927270e+00 2.19589864623990e+00 1.04326967198975e-04
1.70000000000000e-01 2.16409588222686e+00 2.16420349768687e+00 1.07615460006372e-04
1.75000000000000e-01 2.13327202226366e+00 2.13338230798255e+00 1.10285718883052e-04
1.80000000000000e-01 2.10354906654713e+00 2.10366068279205e+00 1.11616244927504e-04
1.85000000000000e-01 2.07514583595727e+00 2.07525697439691e+00 1.11138439647274e-04
1.90000000000000e-01 2.04827225159253e+00 2.04838092681811e+00 1.08675225575450e-04
1.95000000000000e-01 2.02312803756362e+00 2.02323237413107e+00 1.04336567448016e-04
2.00000000000000e-01 1.99990152318959e+00 2.00000000000000e+00 9.84768104115297e-05
2.05000000000000e-01 1.97876854251827e+00 1.97886016608158e+00 9.16235633097173e-05
2.10000000000000e-01 1.95989142576301e+00 1.95997581652323e+00 8.43907602254834e-05
2.15000000000000e-01 1.94341807599777e+00 1.94349546531226e+00 7.73893144918603e-05
2.20000000000000e-01 1.92948112514877e+00 1.92955227272105e+00 7.11475722767752e-05
2.25000000000000e-01 1.91819716554243e+00 1.91826321654437e+00 6.60510019461213e-05
2.30000000000000e-01 1.90966605641420e+00 1.90972836324032e+00 6.23068261147441e-05
2.35000000000000e-01 1.90397030819011e+00 1.90403024347033e+00 5.99352802193032e-05
2.40000000000000e-01 1.90117455041633e+00 1.90123333589028e+00 5.87854739422244e-05
2.45000000000000e-01 1.90132509146771e+00 1.90138366237698e+00 5.85709092724152e-05
2.50000000000000e-01 1.90444957933525e+00 1.90450849718747e+00 5.89178522236722e-05
2.55000000000000e-01 1.91055677279729e+00 1.91061619184595e+00 5.94190486609136e-05
2.60000000000000e-01 1.91963643121138e+00 1.91969611683971e+00 5.96856283290315e-05
2.65000000000000e-01 1.93165932924757e+00 1.93171872048530e+00 5.93912377255812e-05
2.70000000000000e-01 1.94657740041274e+00 1.94663570460343e+00 5.83041906896398e-05
2.75000000000000e-01 1.96432401050626e+00 1.96438031592140e+00 5.63054151383469e-05
2.80000000000000e-01 1.98481435948789e+00 1.98486775140779e+00 5.33919198997257e-05
2.85000000000000e-01 2.00794600786120e+00 2.00799567504205e+00 4.96671808498661e-05
2.90000000000000e-01 2.03359952173756e+00 2.03364484283446e+00 4.53210968940354e-05
2.95000000000000e-01 2.06163922932150e+00 2.06167983224433e+00 4.06029228279259e-05
3.00000000000000e-01 2.09191408065515e+00 2.09194987150091e+00 3.57908457635503e-05
3.05000000000000e-01 2.12425860202027e+00 2.12428976371522e+00 3.11616949435489e-05
3.10000000000000e-01 2.15849393632766e+00 2.15852090008677e+00 2.69637591152616e-05
3.15000000000000e-01 2.19442896100916e+00 2.19445235595975e+00 2.33949505852316e-05
3.20000000000000e-01 2.23186147525071e+00 2.23188206297222e+00 2.05877215040395e-05
3.25000000000000e-01 2.27057944875966e+00 2.27059805007310e+00 1.86013134406693e-05
3.30000000000000e-01 2.31036232456855e+00 2.31037974575665e+00 1.74211881005526e-05
3.35000000000000e-01 2.35098236858694e+00 2.35099933348698e+00 1.69649000367755e-05
3.40000000000000e-01 2.39220605870351e+00 2.39222315195700e+00 1.70932534895307e-05
3.45000000000000e-01 2.43379550621492e+00 2.43381313154985e+00 1.76253349293276e-05
3.50000000000000e-01 2.47550990223823e+00 2.47552825814758e+00 1.83559093462904e-05
3.55000000000000e-01 2.51710698158002e+00 2.51712605526309e+00 1.90736830694149e-05
3.60000000000000e-01 2.55834449632150e+00 2.55836407535859e+00 1.95790370844939e-05
3.65000000000000e-01 2.59898169116080e+00 2.59900139115685e+00 1.96999960504485e-05
3.70000000000000e-01 2.63878077235214e+00 2.63880007775179e+00 1.93053996486725e-05
3.75000000000000e-01 2.67750836190813e+00 2.67752667638138e+00 1.83144732548435e-05
3.80000000000000e-01 2.71493692859037e+00 2.71495363083915e+00 1.67022487769231e-05
3.85000000000000e-01 2.75084618710904e+00 2.75086068766886e+00 1.45005598128911e-05
3.90000000000000e-01 2.78502445688686e+00 2.78503625151058e+00 1.17946237225830e-05
3.95000000000000e-01 2.81726997172494e+00 2.81727868724248e+00 8.71551754322297e-06
4.00000000000000e-01 2.84739213175070e+00 2.84739756089084e+00 5.42914014500795e-06
4.05000000000000e-01 2.87521268914790e+00 2.87521481165829e+00 2.12251038966826e-06
4.10000000000000e-01 2.90056685938705e+00 2.90056584784471e+00 1.01154234233292e-06
4.15000000000000e-01 2.92330435000839e+00 2.92330055990464e+00 3.79010375617383e-06
4.20000000000000e-01 2.94329029947536e+00 2.94328424439572e+00 6.05507963191698e-06
4.25000000000000e-01 2.96040611921865e+00 2.96039843312221e+00 7.68609643841955e-06
4.30000000000000e-01 2.97455023272789e+00 2.97454162236171e+00 8.61036617783029e-06
4.35000000000000e-01 2.98563870640468e+00 2.98562989767982e+00 8.80872485664597e-06
4.40000000000000e-01 2.99360576784402e+00 2.99359745048043e+00 8.31736358453128e-06
4.45000000000000e-01 2.99840420823020e+00 2.99839698310739e+00 7.22512280182386e-06
4.50000000000000e-01 3.00000566658157e+00 3.00000000000000e+00 5.66658156930799e-06
4.55000000000000e-01 2.99840079462169e+00 2.99839698310739e+00 3.81151429929005e-06
4.60000000000000e-01 2.99359930205653e+00 2.99359745048043e+00 1.85157609244868e-06
4.65000000000000e-01 2.98562988297234e+00 2.98562989767982e+00 1.47074881162723e-08
4.70000000000000e-01 2.97454002491498e+00 2.97454162236171e+00 1.59744673133844e-06
4.75000000000000e-01 2.96039570295729e+00 2.96039843312221e+00 2.73016491414424e-06
4.80000000000000e-01 2.94328096170338e+00 2.94328424439572e+00 3.28269233973444e-06
4.85000000000000e-01 2.92329738872214e+00 2.92330055990464e+00 3.17118249304471e-06
4.90000000000000e-01 2.90056348335739e+00 2.90056584784471e+00 2.36448732193750e-06
4.95000000000000e-01 2.87521392524472e+00 2.87521481165829e+00 8.86413578982115e-07
5.00000000000000e-01 2.84739874719313e+00 2.84739756089084e+00 1.18630229017924e-06
5.05000000000000e-01 2.81728241738229e+00 2.81727868724248e+00 3.73013980858872e-06
5.10000000000000e-01 2.78504283610130e+00 2.78503625151058e+00 6.58459072333528e-06
5.15000000000000e-01 2.75087025253075e+00 2.75086068766886e+00 9.56486189673811e-06
5.20000000000000e-01 2.71496610735850e+00 2.71495363083915e+00 1.24765193558751e-05
5.25000000000000e-01 2.67754180733542e+00 2.67752667638138e+00 1.51309540386002e-05
5.30000000000000e-01 2.63881743822551e+00 2.63880007775179e+00 1.73604737190303e-05
5.35000000000000e-01 2.59902042299214e+00 2.59900139115685e+00 1.90318352935037e-05
5.40000000000000e-01 2.55838413248673e+00 2.55836407535859e+00 2.00571281387951e-05
5.45000000000000e-01 2.51714645636427e+00 2.51712605526309e+00 2.04011011843974e-05
5.50000000000000e-01 2.47554834243150e+00 2.47552825814758e+00 2.00842839284121e-05
5.55000000000000e-01 2.43383231312072e+00 2.43381313154985e+00 1.91815708685539e-05
5.60000000000000e-01 2.39224096825585e+00 2.39222315195700e+00 1.78162988562214e-05
5.65000000000000e-01 2.35101548370848e+00 2.35099933348698e+00 1.61502215023646e-05
5.70000000000000e-01 2.31039411590005e+00 2.31037974575665e+00 1.43701433983345e-05
5.75000000000000e-01 2.27061072236120e+00 2.27059805007310e+00 1.26722880979813e-05
5.80000000000000e-01 2.23189330867759e+00 2.23188206297222e+00 1.12457053695891e-05
5.85000000000000e-01 2.19446261210917e+00 2.19445235595975e+00 1.02561494190745e-05
5.90000000000000e-01 2.15853073194744e+00 2.15852090008677e+00 9.83186066738639e-06
5.95000000000000e-01 2.12429981626698e+00 2.12428976371522e+00 1.00525517634509e-05
6.00000000000000e-01 2.09196081413923e+00 2.09194987150091e+00 1.09426383207989e-05
6.05000000000000e-01 2.06169230162925e+00 2.06167983224433e+00 1.24693849210544e-05
6.10000000000000e-01 2.03365938902333e+00 2.03364484283446e+00 1.45461888769738e-05
6.15000000000000e-01 2.00801271578183e+00 2.00799567504205e+00 1.70407397788175e-05
6.20000000000000e-01 1.98488753872767e+00 1.98486775140779e+00 1.97873198819476e-05
6.25000000000000e-01 1.96440291802038e+00 1.96438031592140e+00 2.26020989735343e-05
6.30000000000000e-01 1.94666100457529e+00 1.94663570460343e+00 2.52999718624025e-05
6.35000000000000e-01 1.93174643180789e+00 1.93171872048530e+00 2.77113225954917e-05
6.40000000000000e-01 1.91972581393793e+00 1.91969611683971e+00 2.96970982136546e-05
6.45000000000000e-01 1.91064735258548e+00 1.91061619184595e+00 3.11607395275804e-05
6.50000000000000e-01 1.90454055302058e+00 1.90450849718747e+00 3.20558331077248e-05
6.55000000000000e-01 1.90141605116242e+00 1.90138366237698e+00 3.23887854427607e-05
6.60000000000000e-01 1.90126555222176e+00 1.90123333589028e+00 3.22163314794288e-05
6.65000000000000e-01 1.90406188169112e+00 1.90403024347033e+00 3.16382207885546e-05
6.70000000000000e-01 1.90975914915828e+00 1.90972836324032e+00 3.07859179580205e-05
6.75000000000000e-01 1.91829302509923e+00 1.91826321654437e+00 2.98085548537941e-05
6.80000000000000e-01 1.92958113035895e+00 1.92955227272105e+00 2.88576379010586e-05
6.85000000000000e-01 1.94352353742585e+00 1.94349546531226e+00 2.80721135914597e-05
6.90000000000000e-01 1.96000338184404e+00 1.95997581652323e+00 2.75653208090532e-05
6.95000000000000e-01 1.97888758119972e+00 1.97886016608158e+00 2.74151181420823e-05
7.00000000000000e-01 2.00002765809790e+00 2.00000000000000e+00 2.76580978950669e-05
7.05000000000000e-01 2.02326066246070e+00 2.02323237413106e+00 2.82883296329750e-05
7.10000000000000e-01 2.04841018738846e+00 2.04838092681811e+00 2.92605703551274e-05
7.15000000000000e-01 2.07528747179044e+00 2.07525697439691e+00 3.04973935323360e-05
7.20000000000000e-01 2.10369258207335e+00 2.10366068279205e+00 3.18992812995411e-05
7.25000000000000e-01 2.13341566441981e+00 2.13338230798255e+00 3.33564372598794e-05
7.30000000000000e-01 2.16423825862922e+00 2.16420349768687e+00 3.47609423534401e-05
7.35000000000000e-01 2.19593466414282e+00 2.19589864623990e+00 3.60179029175178e-05
7.40000000000000e-01 2.22827334872718e+00 2.22823629430637e+00 3.70544208094792e-05
7.45000000000000e-01 2.26101839032118e+00 2.26098056479902e+00 3.78255221602508e-05
7.50000000000000e-01 2.29393094271957e+00 2.29389262614624e+00 3.83165733324198e-05
7.55000000000000e-01 2.32677071602541e+00 2.32673217388556e+00 3.85421398432229e-05
7.60000000000000e-01 2.35929746309982e+00 2.35925892144618e+00 3.85416536436978e-05
7.65000000000000e-01 2.39127246352626e+00 2.39123409092702e+00 3.83725992447737e-05
7.70000000000000e-01 2.42245999684858e+00 2.42242189467697e+00 3.81021716102659e-05
7.75000000000000e-01 2.45262879701584e+00 2.45259099854052e+00 3.77984753208160e-05
7.80000000000000e-01 2.48155348006429e+00 2.48151595774496e+00 3.75223193316288e-05
7.85000000000000e-01 2.50901593709769e+00 2.50897861657418e+00 3.73205235071339e-05
7.90000000000000e-01 2.53480668461416e+00 2.53476946319709e+00 3.72214170609730e-05
7.95000000000000e-01 2.55872616420421e+00 2.55868893129538e+00 3.72329088289547e-05
8.00000000000000e-01 2.58058598364782e+00 2.58054864046305e+00 3.73431847706662e-05
8.05000000000000e-01 2.60021009150716e+00 2.60017256772797e+00 3.75237791820915e-05
8.10000000000000e-01 2.61743587747799e+00 2.61739814297001e+00 3.77345079751734e-05
8.15000000000000e-01 2.63211519105017e+00 2.63207726147960e+00 3.79295705705829e-05
8.20000000000000e-01 2.64411527144937e+00 2.64407720741157e+00 3.80640377959374e-05
8.25000000000000e-01 2.65331958238675e+00 2.65328148243819e+00 3.80999485591893e-05
8.30000000000000e-01 2.65962854582106e+00 2.65959053448992e+00 3.80113311404529e-05
8.35000000000000e-01 2.66296016971510e+00 2.66292238208847e+00 3.77876266348665e-05
8.40000000000000e-01 2.66325056562093e+00 2.66321313042021e+00 3.74352007148637e-05
8.45000000000000e-01 2.66045435282224e+00 2.66041737596564e+00 3.69768566010897e-05
8.50000000000000e-01 2.65454494667000e+00 2.65450849718747e+00 3.64494825260131e-05
8.55000000000000e-01 2.64551472963996e+00 2.64547882948272e+00 3.59001572491913e-05
8.60000000000000e-01 2.63337510449742e+00 2.63333972331718e+00 3.53811802309423e-05
8.65000000000000e-01 2.61815642976005e+00 2.61812148518153e+00 3.49445785285951e-05
8.70000000000000e-01 2.59990783839712e+00 2.59987320173000e+00 3.46366671193366e-05
8.75000000000000e-01 2.57869694138934e+00 2.57866244818360e+00 3.44932057427805e-05
8.80000000000000e-01 2.55460941840526e+00 2.55457488279246e+00 3.45356128010899e-05
8.85000000000000e-01 2.52774849843210e+00 2.52771372985530e+00 3.47685768020689e-05
8.90000000000000e-01 2.49823433374355e+00 2.49819915448034e+00 3.51792632136139e-05
8.95000000000000e-01 2.46620327110289e+00 2.46616753293972e+00 3.57381631719278e-05
9.00000000000000e-01 2.43180702459774e+00 2.43177062311339e+00 3.64014843512450e-05
9.05000000000000e-01 2.39521175498831e+00 2.39517464013388e+00 3.71148544235922e-05
9.10000000000000e-01 2.35659706093115e+00 2.35655924292839e+00 3.78180027631458e-05
9.15000000000000e-01 2.31615488791586e+00 2.31611643790350e+00 3.84500123655762e-05
9.20000000000000e-01 2.27408836122324e+00 2.27404940652903e+00 3.89546942147767e-05
9.25000000000000e-01 2.23061054967864e+00 2.23057126404647e+00 3.92856321704826e-05
9.30000000000000e-01 2.18594316742762e+00 2.18590375695213e+00 3.94104754870561e-05
9.35000000000000e-01 2.14031522139893e+00 2.14027590728277e+00 3.93141161549870e-05
9.40000000000000e-01 2.09396161253429e+00 2.09392261205918e+00 3.90004751138484e-05
9.45000000000000e-01 2.04712169924838e+00 2.04708320651983e+00 3.84927285463910e-05
9.50000000000000e-01 2.00003783192683e+00 2.00000000000000e+00 3.78319268268257e-05
9.55000000000000e-01 1.95295386756648e+00 1.95291679348017e+00 3.70740863149255e-05
9.60000000000000e-01 1.90611367389948e+00 1.90607738794082e+00 3.62859586562347e-05
9.65000000000000e-01 1.85975963251251e+00 1.85972409271723e+00 3.55397952780390e-05
9.70000000000000e-01 1.81413115056406e+00 1.81409624304787e+00 3.49075161922840e-05
9.75000000000000e-01 1.76946319070786e+00 1.76942873595353e+00 3.44547543247309e-05
9.80000000000000e-01 1.72598482874297e+00 1.72595059347097e+00 3.42352720021921e-05
9.85000000000000e-01 1.68391784832704e+00 1.68388356209650e+00 3.42862305373615e-05
9.90000000000000e-01 1.64347538180831e+00 1.64344075707161e+00 3.46247366973529e-05
9.95000000000000e-01 1.60486060585855e+00 1.60482535986612e+00 3.52459924337634e-05
1.00000000000000e+00 1.56826550013117e+00 1.56822937688661e+00 3.61232445555970e-05
1.00500000000000e+00 1.53386967663894e+00 1.53383246706028e+00 3.72095786638216e-05
1.01000000000000e+00 1.50183928695920e+00 1.50180084551966e+00 3.84414395335764e-05
1.01500000000000e+00 1.47232601374848e+00 1.47228627014470e+00 3.97436037802290e-05
1.02000000000000e+00 1.44546615240257e+00 1.44542511720755e+00 4.10351950221877e-05
1.02500000000000e+00 1.42137978804691e+00 1.42133755181640e+00 4.22362305019242e-05
1.03000000000000e+00 1.40017007240234e+00 1.40012679827000e+00 4.32741323437291e-05
1.03500000000000e+00 1.38192260445194e+00 1.38187851481848e+00 4.40896334683583e-05
1.04000000000000e+00 1.36670491824042e+00 1.36666027668282e+00 4.46415576051962e-05
1.04500000000000e+00 1.35456608057035e+00 1.35452117051728e+00 4.49100530615087e-05
1.05000000000000e+00 1.34553640081166e+00 1.34549150281253e+00 4.48979991352072e-05
1.05500000000000e+00 1.33962725450522e+00 1.33958262403436e+00 4.46304708636713e-05
1.06000000000000e+00 1.33683102190418e+00 1.33678686957979e+00 4.41523243956965e-05
1.06500000000000e+00 1.33712114204594e+00 1.33707761791153e+00 4.35241344112214e-05
1.07000000000000e+00 1.34045228237090e+00 1.34040946551008e+00 4.28168608137547e-05
1.07500000000000e+00 1.34676062329084e+00 1.34671851756181e+00 4.21057290234117e-05
1.08000000000000e+00 1.35596425645686e+00 1.35592279258843e+00 4.14638684365087e-05
1.08500000000000e+00 1.36796369478186e+00 1.36792273852040e+00 4.09562614580583e-05
1.09000000000000e+00 1.38264249154223e+00 1.38260185702999e+00 4.06345122401230e-05
1.09500000000000e+00 1.39986796512841e+00 1.39982743227203e+00 4.05328563803931e-05
1.10000000000000e+00 1.41949202524779e+00 1.41945135953695e+00 4.06657108362740e-05
1.10500000000000e+00 1.44135209562475e+00 1.44131106870462e+00 4.10269201263080e-05
1.11000000000000e+00 1.46527212750853e+00 1.46523053680291e+00 4.15907056261489e-05
1.11500000000000e+00 1.49106369760927e+00 1.49102138342582e+00 4.23141834506868e-05
1.12000000000000e+00 1.51852718344921e+00 1.51848404225504e+00 4.31411941708149e-05
1.12500000000000e+00 1.54745300855440e+00 1.54740900145948e+00 4.40070949239146e-05
1.13000000000000e+00 1.57762294942775e+00 1.57757810532303e+00 4.48441047238290e-05
1.13500000000000e+00 1.60881149584334e+00 1.60876590907298e+00 4.55867703548218e-05
1.14000000000000e+00 1.64078725568323e+00 1.64074107855382e+00 4.61771294137936e-05
1.14500000000000e+00 1.67331439530128e+00 1.67326782611444e+00 4.65691868392071e-05
1.15000000000000e+00 1.70615410623763e+00 1.70610737385376e+00 4.67323838628797e-05
1.15500000000000e+00 1.73906608901987e+00 1.73901943520098e+00 4.66538188848009e-05
1.16000000000000e+00 1.77181004476538e+00 1.77176370569363e+00 4.63390717544421e-05
1.16500000000000e+00 1.80414716534073e+00 1.80410135376010e+00 4.58115806316606e-05
1.17000000000000e+00 1.83584161293291e+00 1.83579650231313e+00 4.51106197827400e-05
1.17500000000000e+00 1.86666198004041e+00 1.86661769201745e+00 4.42880229589715e-05
1.18000000000000e+00 1.89638272109424e+00 1.89633931720795e+00 4.34038862937580e-05
1.18500000000000e+00 1.92478554716639e+00 1.92474302560309e+00 4.25215632993137e-05
1.19000000000000e+00 1.95166077550923e+00 1.95161907318189e+00 4.17023273351358e-05
1.19500000000000e+00 1.97680862598810e+00 1.97676762586894e+00 4.10001191633036e-05
1.20000000000000e+00 2.00004045681311e+00 2.00000000000000e+00 4.04568131073813e-05
1.20500000000000e+00 2.02117993233851e+00 2.02113983391842e+00 4.00984200923382e-05
1.21000000000000e+00 2.04006411607243e+00 2.04002418347677e+00 3.99325956603747e-05
1.21500000000000e+00 2.05654448242225e+00 2.05650453468774e+00 3.99477345096599e-05
1.22000000000000e+00 2.07048784109153e+00 2.07044772727895e+00 4.01138125791789e-05
1.22500000000000e+00 2.08177716844481e+00 2.08173678345563e+00 4.03849891790209e-05
1.23000000000000e+00 2.09031234057601e+00 2.09027163675968e+00 4.07038163290352e-05
1.23500000000000e+00 2.09601076326437e+00 2.09596975652967e+00 4.10067346985343e-05
1.24000000000000e+00 2.09880789449309e+00 2.09876666410972e+00 4.12303833625671e-05
1.24500000000000e+00 2.09865765575620e+00 2.09861633762302e+00 4.13181331766488e-05
1.25000000000000e+00 2.09553272900006e+00 2.09549150281253e+00 4.12261875379905e-05
1.25500000000000e+00 2.08942473674834e+00 2.08938380815405e+00 4.09285942866155e-05
1.26000000000000e+00 2.08034430374554e+00 2.08030388316029e+00 4.04205852539974e-05
1.26500000000000e+00 2.06832099931856e+00 2.06828127951470e+00 3.97198038575297e-05
1.27000000000000e+00 2.05340316058332e+00 2.05336429539657e+00 3.88651867484491e-05
1.27500000000000e+00 2.03565759759081e+00 2.03561968407860e+00 3.79135122141605e-05
1.28000000000000e+00 2.01516918248235e+00 2.01513224859221e+00 3.69338901422545e-05
1.28500000000000e+00 1.99204032567214e+00 1.99200432495795e+00 3.60007141875229e-05
1.29000000000000e+00 1.96639034296132e+00 1.96635515716554e+00 3.51857957796575e-05
1.29500000000000e+00 1.93835471827974e+00 1.93832016775567e+00 3.45505240724187e-05
1.30000000000000e+00 1.90808426742635e+00 1.90805012849909e+00 3.41389272604520e-05
1.30500000000000e+00 1.87574420872535e+00 1.87571023628478e+00 3.39724405689079e-05
1.31000000000000e+00 1.84151314693266e+00 1.84147909991323e+00 3.40470194291065e-05
1.31500000000000e+00 1.80558197703024e+00 1.80554764404025e+00 3.43329899905598e-05
1.32000000000000e+00 1.76815271475860e+00 1.76811793702778e+00 3.47777308185027e-05
1.32500000000000e+00 1.72943726089018e+00 1.72940194992690e+00 3.53109632797999e-05
1.33000000000000e+00 1.68965610637398e+00 1.68962025424335e+00 3.58521306302872e-05
1.33500000000000e+00 1.64903698561513e+00 1.64900066651302e+00 3.63191021066633e-05
1.34000000000000e+00 1.60781348531870e+00 1.60777684804300e+00 3.66372756923639e-05
1.34500000000000e+00 1.56622361654122e+00 1.56618686845015e+00 3.67480910692386e-05
1.35000000000000e+00 1.52450835786217e+00 1.52447174185242e+00 3.66160097515777e-05
1.35500000000000e+00 1.48291017790409e+00 1.48287394473691e+00 3.62331671788230e-05
1.36000000000000e+00 1.44167154577878e+00 1.44163592464141e+00 3.56211373673254e-05
1.36500000000000e+00 1.40103343839211e+00 1.40099860884315e+00 3.48295489651651e-05
1.37000000000000e+00 1.36123385386967e+00 1.36119992224821e+00 3.39316214630347e-05
1.37500000000000e+00 1.32250634063692e+00 1.32247332361862e+00 3.30170183056033e-05
1.38000000000000e+00 1.28507855186525e+00 1.28504636916085e+00 3.21827043978651e-05
1.38500000000000e+00 1.24917083505115e+00 1.24913931233114e+00 3.15227200027302e-05
1.39000000000000e+00 1.21499486640486e+00 1.21496374848942e+00 3.11179154366403e-05
1.39500000000000e+00 1.18275233947575e+00 1.18272131275752e+00 3.10267182292989e-05
1.40000000000000e+00 1.15263371703034e+00 1.15260243910916e+00 3.12779211859571e-05
1.40500000000000e+00 1.12481705463574e+00 1.12478518834171e+00 3.18662940306247e-05
1.41000000000000e+00 1.09946690370619e+00 1.09943415215529e+00 3.27515508988796e-05
1.41500000000000e+00 1.07673330097368e+00 1.07669944009536e+00 3.38608783132521e-05
1.42000000000000e+00 1.05675085047921e+00 1.05671575560428e+00 3.50948749305857e-05
1.42500000000000e+00 1.03963790328989e+00 1.03960156687779e+00 3.63364120983256e-05
1.43000000000000e+00 1.02549583926307e+00 1.02545837763829e+00 3.74616247831305e-05
1.43500000000000e+00 1.01440845433638e+00 1.01437010232018e+00 3.83520162019479e-05
1.44000000000000e+00 1.00644145604606e+00 1.00640254951957e+00 3.89065264914112e-05
1.44500000000000e+00 1.00164206928201e+00 1.00160301689261e+00 3.90523894027162e-05
1.45000000000000e+00 1.00003875368346e+00 1.00000000000000e+00 3.87536834576263e-05
1.45500000000000e+00 1.00164103356144e+00 1.00160301689261e+00 3.80166688298544e-05
1.46000000000000e+00 1.00643944079299e+00 1.00640254951957e+00 3.68912734247662e-05
1.46500000000000e+00 1.01440557074895e+00 1.01437010232018e+00 3.54684287762197e-05
1.47000000000000e+00 1.02549225096948e+00 1.02545837763829e+00 3.38733311939787e-05
1.47500000000000e+00 1.03963382196269e+00 1.03960156687779e+00 3.22550848976810e-05
1.48000000000000e+00 1.05674652914287e+00 1.05671575560428e+00 3.07735385949304e-05
1.48500000000000e+00 1.07672902451955e+00 1.07669944009536e+00 2.95844241826604e-05
1.49000000000000e+00 1.09946297627144e+00 1.09943415215529e+00 2.88241161570113e-05
1.49500000000000e+00 1.12481378377246e+00 1.12478518834171e+00 2.85954307583935e-05
1.50000000000000e+00 1.15263139496832e+00 1.15260243910916e+00 2.89558591624051e-05
1.50500000000000e+00 1.18275122223168e+00 1.18272131275752e+00 2.99094741535999e-05
1.51000000000000e+00 1.21499515196083e+00 1.21496374848942e+00 3.14034714088418e-05
1.51500000000000e+00 1.24917264225262e+00 1.24913931233114e+00 3.33299214738680e-05
1.52000000000000e+00 1.28508190200890e+00 1.28504636916085e+00 3.55328480485806e-05
1.52500000000000e+00 1.32251114386713e+00 1.32247332361862e+00 3.78202485087353e-05
1.53000000000000e+00 1.36123990242921e+00 1.36119992224821e+00 3.99801809960465e-05
1.53500000000000e+00 1.40104040844755e+00 1.40099860884315e+00 4.17996043979851e-05
1.54000000000000e+00 1.44167900896189e+00 1.44163592464141e+00 4.30843204815012e-05
1.54500000000000e+00 1.48291762290577e+00 1.48287394473691e+00 4.36781688546439e-05
1.55000000000000e+00 1.52451522144681e+00 1.52447174185242e+00 4.34795943837774e-05
1.55500000000000e+00 1.56622932230604e+00 1.56618686845015e+00 4.24538558854159e-05
1.56000000000000e+00 1.60781748751479e+00 1.60777684804300e+00 4.06394717888947e-05
1.56500000000000e+00 1.64903881449420e+00 1.64900066651302e+00 3.81479811839558e-05
1.57000000000000e+00 1.68965541094350e+00 1.68962025424335e+00 3.51567001479758e-05
1.57500000000000e+00 1.72943384474811e+00 1.72940194992690e+00 3.18948212105763e-05
1.58000000000000e+00 1.76814656090405e+00 1.76811793702778e+00 2.86238762650104e-05
1.58500000000000e+00 1.80557325823409e+00 1.80554764404025e+00 2.56141938412835e-05
1.59000000000000e+00 1.84150221937839e+00 1.84147909991323e+00 2.31194651603150e-05
1.59500000000000e+00 1.87573158811847e+00 1.87571023628478e+00 2.13518336857899e-05
1.60000000000000e+00 1.90807058849626e+00 1.90805012849909e+00 2.04599971673769e-05
1.60500000000000e+00 1.93834068039368e+00 1.93832016775567e+00 2.05126380155018e-05
1.61000000000000e+00 1.96637664624380e+00 1.96635515716554e+00 2.14890782572752e-05
1.61500000000000e+00 1.99202760337490e+00 1.99200432495795e+00 2.32784169507116e-05
1.62000000000000e+00 2.01515793619529e+00 2.01513224859221e+00 2.56876030757525e-05
1.62500000000000e+00 2.03564814207794e+00 2.03561968407860e+00 2.84579993423684e-05
1.63000000000000e+00 2.05339558448905e+00 2.05336429539657e+00 3.12890924840659e-05
1.63500000000000e+00 2.06831514671385e+00 2.06828127951470e+00 3.38671991437778e-05
1.64000000000000e+00 2.08033977955894e+00 2.08030388316029e+00 3.58963986504257e-05
1.64500000000000e+00 2.08942093672706e+00 2.08938380815405e+00 3.71285730098592e-05
1.65000000000000e+00 2.09552889221874e+00 2.09549150281253e+00 3.73894062177804e-05
1.65500000000000e+00 2.09865293513311e+00 2.09861633762302e+00 3.65975100873328e-05
1.66000000000000e+00 2.09880143859406e+00 2.09876666410972e+00 3.47744843347542e-05
1.66500000000000e+00 2.09600180115725e+00 2.09596975652967e+00 3.20446275758890e-05
1.67000000000000e+00 2.09030026085885e+00 2.09027163675968e+00 2.86240991682618e-05
1.67500000000000e+00 2.08176158392628e+00 2.08173678345563e+00 2.48004706473459e-05
1.68000000000000e+00 2.07046863194722e+00 2.07044772727895e+00 2.09046682626557e-05
1.68500000000000e+00 2.05652181285514e+00 2.05650453468774e+00 1.72781673950517e-05
1.69000000000000e+00 2.04003842232656e+00 2.04002418347677e+00 1.42388497876844e-05
1.69500000000000e+00 2.02115188302382e+00 2.02113983391842e+00 1.20491053965388e-05
1.70000000000000e+00 2.00001088952849e+00 2.00000000000000e+00 1.08895284922639e-05
1.70500000000000e+00 1.97677846681776e+00 1.97676762586893e+00 1.08409488290828e-05
1.71000000000000e+00 1.95163094980798e+00 1.95161907318189e+00 1.18766260830405e-05
1.71500000000000e+00 1.92475689093323e+00 1.92474302560309e+00 1.38653301451352e-05
1.72000000000000e+00 1.89635590207034e+00 1.89633931720795e+00 1.65848623918663e-05
1.72500000000000e+00 1.86663743649847e+00 1.86661769201745e+00 1.97444810174918e-05
1.73000000000000e+00 1.83581951611178e+00 1.83579650231313e+00 2.30137986547696e-05
1.73500000000000e+00 1.80412740887682e+00 1.80410135376010e+00 2.60551167188261e-05
1.74000000000000e+00 1.77179226159654e+00 1.77176370569363e+00 2.85559029093996e-05
1.74500000000000e+00 1.73904969341708e+00 1.73901943520098e+00 3.02582161022524e-05
1.75000000000000e+00 1.70613835616015e+00 1.70610737385376e+00 3.09823063862069e-05
1.75500000000000e+00 1.67329846841572e+00 1.67326782611444e+00 3.06423012861323e-05
1.76000000000000e+00 1.64077033129692e+00 1.64074107855382e+00 2.92527430956202e-05
1.76500000000000e+00 1.60879283474082e+00 1.60876590907298e+00 2.69256678360197e-05
1.77000000000000e+00 1.57760196413815e+00 1.57757810532303e+00 2.38588151195707e-05
1.77500000000000e+00 1.54742931780554e+00 1.54740900145948e+00 2.03163460641420e-05
1.78000000000000e+00 1.51850064631297e+00 1.51848404225504e+00 1.66040579294702e-05
1.78500000000000e+00 1.49103442490520e+00 1.49102138342582e+00 1.30414793755307e-05
1.79000000000000e+00 1.46524047019617e+00 1.46523053680291e+00 9.93339326571530e-06
1.79500000000000e+00 1.44131861197525e+00 1.44131106870462e+00 7.54327062923998e-06
1.80000000000000e+00 1.41945743037157e+00 1.41945135953695e+00 6.07083461279245e-06
1.80500000000000e+00 1.39983306781523e+00 1.39982743227203e+00 5.63554319810144e-06
1.81000000000000e+00 1.38260812425946e+00 1.38260185702999e+00 6.26722946961422e-06
1.81500000000000e+00 1.36793064303614e+00 1.36792273852040e+00 7.90451574461670e-06
1.82000000000000e+00 1.35593319356032e+00 1.35592279258843e+00 1.04009718993048e-05
1.82500000000000e+00 1.34673205592651e+00 1.34671851756181e+00 1.35383646968634e-05
1.83000000000000e+00 1.34042651129679e+00 1.34040946551008e+00 1.70457867074703e-05
1.83500000000000e+00 1.33709824090983e+00 1.33707761791153e+00 2.06229982979700e-05
1.84000000000000e+00 1.33681083557516e+00 1.33678686957979e+00 2.39659953757965e-05
1.84500000000000e+00 1.33960941668652e+00 1.33958262403436e+00 2.67926521546613e-05
1.85000000000000e+00 1.34552036910840e+00 1.34549150281253e+00 2.88662958685126e-05
1.85500000000000e+00 1.35455118576749e+00 1.35452117051728e+00 3.00152502035189e-05
1.86000000000000e+00 1.36669042340808e+00 1.36666027668282e+00 3.01467252594723e-05
1.86500000000000e+00 1.38190776872798e+00 1.38187851481848e+00 2.92539094994826e-05
1.87000000000000e+00 1.40015421396643e+00 1.40012679827000e+00 2.74156964317207e-05
1.87500000000000e+00 1.42136234092495e+00 1.42133755181640e+00 2.47891085511931e-05
1.88000000000000e+00 1.44544671231786e+00 1.44542511720755e+00 2.15951103108569e-05
1.88500000000000e+00 1.47230436921925e+00 1.47228627014470e+00 1.80990745541898e-05
1.89000000000000e+00 1.50181543315114e+00 1.50180084551967e+00 1.45876314705529e-05
1.89500000000000e+00 1.53384381100228e+00 1.53383246706028e+00 1.13439420024175e-05
1.90000000000000e+00 1.56823800045470e+00 1.56822937688661e+00 8.62356808983833e-06
1.90500000000000e+00 1.60483199291310e+00 1.60482535986612e+00 6.63304698012013e-06
1.91000000000000e+00 1.64344627009180e+00 1.64344075707161e+00 5.51302018991784e-06
1.91500000000000e+00 1.68388888943936e+00 1.68388356209650e+00 5.32734285996206e-06
1.92000000000000e+00 1.72595665251719e+00 1.72595059347097e+00 6.05904622275055e-06
1.92500000000000e+00 1.76943634935029e+00 1.76942873595353e+00 7.61339675259265e-06
1.93000000000000e+00 1.81410607069889e+00 1.81409624304787e+00 9.82765102186534e-06
1.93500000000000e+00 1.85973657922403e+00 1.85972409271723e+00 1.24865068038549e-05
1.94000000000000e+00 1.90609272969671e+00 1.90607738794082e+00 1.53417558965696e-05
1.94500000000000e+00 1.95293492777856e+00 1.95291679348017e+00 1.81342983911481e-05
1.95000000000000e+00 2.00002061651223e+00 2.00000000000000e+00 2.06165122327295e-05
1.95500000000000e+00 2.04710577951770e+00 2.04708320651983e+00 2.25729978722278e-05
1.96000000000000e+00 2.09394644998605e+00 2.09392261205918e+00 2.38379268764355e-05
1.96500000000000e+00 2.14030021487236e+00 2.14027590728277e+00 2.43075895891565e-05
1.97000000000000e+00 2.18592770417001e+00 2.18590375695213e+00 2.39472178771294e-05
1.97500000000000e+00 2.23059405575025e+00 2.23057126404646e+00 2.27917037878278e-05
1.98000000000000e+00 2.27407034691666e+00 2.27404940652903e+00 2.09403876314518e-05
1.98500000000000e+00 2.31613498450076e+00 2.31611643790350e+00 1.85465972606380e-05
1.99000000000000e+00 2.35657504596780e+00 2.35655924292839e+00 1.58030394064035e-05
1.99500000000000e+00 2.39518756457569e+00 2.39517464013388e+00 1.29244418083374e-05
2.00000000000000e+00 2.43178075211771e+00 2.43177062311339e+00 1.01290043197366e-05
2.00500000000000e+00 2.46617515317503e+00 2.46616753293972e+00 7.62023530898048e-06
2.01000000000000e+00 2.49820472511798e+00 2.49819915448034e+00 5.57063764317078e-06
2.01500000000000e+00 2.52771783834274e+00 2.52771372985530e+00 4.10848743559455e-06
2.02000000000000e+00 2.55457819143831e+00 2.55457488279245e+00 3.30864585640356e-06
2.02500000000000e+00 2.57866563617344e+00 2.57866244818359e+00 3.18798984633162e-06
2.03000000000000e+00 2.59987690740167e+00 2.59987320173000e+00 3.70567166685376e-06
2.03500000000000e+00 2.61812625322772e+00 2.61812148518152e+00 4.76804619875537e-06
2.04000000000000e+00 2.63334596107901e+00 2.63333972331718e+00 6.23776183195091e-06
2.04500000000000e+00 2.64548677569736e+00 2.64547882948272e+00 7.94621464184075e-06
2.05000000000000e+00 2.65451820551827e+00 2.65450849718747e+00 9.70833079350086e-06
2.05500000000000e+00 2.66042871444628e+00 2.66041737596564e+00 1.13384806446071e-05
2.06000000000000e+00 2.66322579666940e+00 2.66321313042021e+00 1.26662491832796e-05
2.06500000000000e+00 2.66293593288487e+00 2.66292238208847e+00 1.35507964063031e-05
2.07000000000000e+00 2.65960442713164e+00 2.65959053448992e+00 1.38926417192486e-05
2.07500000000000e+00 2.65329512433418e+00 2.65328148243819e+00 1.36418959932882e-05
2.08000000000000e+00 2.64409000964685e+00 2.64407720741157e+00 1.28022352745560e-05
2.08500000000000e+00 2.63208869172731e+00 2.63207726147960e+00 1.14302477047801e-05
2.09000000000000e+00 2.61740777313669e+00 2.61739814297001e+00 9.63016668276140e-06
2.09500000000000e+00 2.60018011212864e+00 2.60017256772797e+00 7.54440066996764e-06
2.10000000000000e+00 2.58055398111190e+00 2.58054864046305e+00 5.34064885693297e-06
2.10500000000000e+00 2.55869212801180e+00 2.55868893129538e+00 3.19671641602071e-06
2.11000000000000e+00 2.53477074757623e+00 2.53476946319710e+00 1.28437913371471e-06
2.11500000000000e+00 2.50897837033921e+00 2.50897861657418e+00 2.46234972411941e-07
2.12000000000000e+00 2.48151467744861e+00 2.48151595774496e+00 1.28029634582916e-06
2.12500000000000e+00 2.45258924987481e+00 2.45259099854052e+00 1.74866571311938e-06
2.13000000000000e+00 2.42242026065031e+00 2.42242189467697e+00 1.63402666553125e-06
2.13500000000000e+00 2.39123311877005e+00 2.39123409092702e+00 9.72156970924232e-07
2.14000000000000e+00 2.35925907324153e+00 2.35925892144618e+00 1.51795350067374e-07
2.14500000000000e+00 2.32673378556060e+00 2.32673217388556e+00 1.61167503653914e-06
2.15000000000000e+00 2.29389587865098e+00 2.29389262614624e+00 3.25250474064731e-06
2.15500000000000e+00 2.26098547009253e+00 2.26098056479902e+00 4.90529351271363e-06
2.16000000000000e+00 2.22824269731637e+00 2.22823629430637e+00 6.40300999510401e-06
2.16500000000000e+00 2.19590624239164e+00 2.19589864623990e+00 7.59615174095174e-06
2.17000000000000e+00 2.16421186408296e+00 2.16420349768687e+00 8.36639609191892e-06
2.17500000000000e+00 2.13339094501154e+00 2.13338230798255e+00 8.63702899422947e-06
2.18000000000000e+00 2.10366906198472e+00 2.10366068279205e+00 8.37919266905018e-06
2.18500000000000e+00 2.07526458782974e+00 2.07525697439691e+00 7.61343282906779e-06
2.19000000000000e+00 2.04838733332943e+00 2.04838092681811e+00 6.40651132144399e-06
2.19500000000000e+00 2.02323723805863e+00 2.02323237413107e+00 4.86392756338105e-06
2.20000000000000e+00 2.00000311901049e+00 2.00000000000000e+00 3.11901049387941e-06
2.20500000000000e+00 1.97886148583941e+00 1.97886016608158e+00 1.31975783213001e-06
2.21000000000000e+00 1.95997543130413e+00 1.95997581652323e+00 3.85219101062262e-07
2.21500000000000e+00 1.94349360505904e+00 1.94349546531226e+00 1.86025321702310e-06
2.22000000000000e+00 1.92954927831806e+00 1.92955227272105e+00 2.99440298934250e-06
2.22500000000000e+00 1.91825950612741e+00 1.91826321654437e+00 3.71041696478613e-06
2.23000000000000e+00 1.90972439306548e+00 1.90972836324032e+00 3.97017483355633e-06
2.23500000000000e+00 1.90402646718513e+00 1.90403024347033e+00 3.77628519898643e-06
2.24000000000000e+00 1.90123016597409e+00 1.90123333589028e+00 3.16991618154461e-06
2.24500000000000e+00 1.90138143708088e+00 1.90138366237698e+00 2.22529610449662e-06
2.25000000000000e+00 1.90450745557471e+00 1.90450849718747e+00 1.04161276071046e-06
2.25500000000000e+00 1.91061645861162e+00 1.91061619184595e+00 2.66765669998392e-07
2.26000000000000e+00 1.91969769757889e+00 1.91969611683971e+00 1.58073917866375e-06
2.26500000000000e+00 1.93172150709358e+00 1.93171872048530e+00 2.78660828634258e-06
2.27000000000000e+00 1.94663948962686e+00 1.94663570460343e+00 3.78502343534315e-06
2.27500000000000e+00 1.96438481399870e+00 1.96438031592140e+00 4.49807729685503e-06
2.28000000000000e+00 1.98487262551109e+00 1.98486775140779e+00 4.87410330030080e-06
2.28500000000000e+00 2.00800056503743e+00 2.00799567504205e+00 4.88999538195145e-06
2.29000000000000e+00 2.03364939393559e+00 2.03364484283446e+00 4.55110113239954e-06
2.29500000000000e+00 2.06168372118466e+00 2.06167983224433e+00 3.88894033065412e-06
2.30000000000000e+00 2.09195282864767e+00 2.09194987150091e+00 2.95714675813130e-06
2.30500000000000e+00 2.12429158983382e+00 2.12428976371522e+00 1.82611860521931e-06
2.31000000000000e+00 2.15852147697833e+00 2.15852090008677e+00 5.76891561632209e-07
2.31500000000000e+00 2.19445165069012e+00 2.19445235595975e+00 7.05269626699589e-07
2.32000000000000e+00 2.23188012585340e+00 2.23188206297221e+00 1.93711881291136e-06
2.32500000000000e+00 2.27059500692831e+00 2.27059805007310e+00 3.04314478505319e-06
2.33000000000000e+00 2.31037578529365e+00 2.31037974575665e+00 3.96046299488972e-06
2.33500000000000e+00 2.35099469082580e+00 2.35099933348698e+00 4.64266118216372e-06
2.34000000000000e+00 2.39221808951790e+00 2.39222315195699e+00 5.06243909637050e-06
2.34500000000000e+00 2.43380791861480e+00 2.43381313154985e+00 5.21293505029163e-06
2.35000000000000e+00 2.47552315046792e+00 2.47552825814758e+00 5.10767966011016e-06
2.35500000000000e+00 2.51712127609500e+00 2.51712605526309e+00 4.77916808305778e-06
2.36000000000000e+00 2.55835979925537e+00 2.55836407535858e+00 4.27610321684924e-06
2.36500000000000e+00 2.59899773171867e+00 2.59900139115685e+00 3.65943818092518e-06
2.37000000000000e+00 2.63879708031509e+00 2.63880007775179e+00 2.99743669529562e-06
2.37500000000000e+00 2.67752431631288e+00 2.67752667638138e+00 2.36006849796411e-06
2.38000000000000e+00 2.71495181768805e+00 2.71495363083914e+00 1.81315109326619e-06
2.38500000000000e+00 2.75085927494522e+00 2.75086068766886e+00 1.41272363496370e-06
2.39000000000000e+00 2.78503505133539e+00 2.78503625151058e+00 1.20017518945303e-06
2.39500000000000e+00 2.81727748860864e+00 2.81727868724248e+00 1.19863383574170e-06
2.40000000000000e+00 2.84739614984637e+00 2.84739756089084e+00 1.41104447326512e-06
2.40500000000000e+00 2.87521299143657e+00 2.87521481165829e+00 1.82022172623419e-06
2.41000000000000e+00 2.90056345687642e+00 2.90056584784471e+00 2.39096829535157e-06
2.41500000000000e+00 2.92329748578544e+00 2.92330055990463e+00 3.07411919031608e-06
2.42000000000000e+00 2.94328043226133e+00 2.94328424439572e+00 3.81213438904737e-06
2.42500000000000e+00 2.96039388747128e+00 2.96039843312221e+00 4.54565093077619e-06
2.43000000000000e+00 2.97453640211029e+00 2.97454162236171e+00 5.22025142268845e-06
2.43500000000000e+00 2.98562410504264e+00 2.98562989767982e+00 5.79263718192280e-06
2.44000000000000e+00 2.99359121505223e+00 2.99359745048043e+00 6.23542820754608e-06
2.44500000000000e+00 2.99839044315511e+00 2.99839698310739e+00 6.53995227972715e-06
2.45000000000000e+00 2.99999328337973e+00 3.00000000000000e+00 6.71662026707764e-06
2.45500000000000e+00 2.99839019032011e+00 2.99839698310739e+00 6.79278728021870e-06
2.46000000000000e+00 2.99359064214860e+00 2.99359745048044e+00 6.80833183830387e-06
2.46500000000000e+00 2.98562308817805e+00 2.98562989767982e+00 6.80950177134321e-06
2.47000000000000e+00 2.97453478053065e+00 2.97454162236171e+00 6.84183106391956e-06
2.47500000000000e+00 2.96039149003559e+00 2.96039843312221e+00 6.94308661497445e-06
2.48000000000000e+00 2.94327710716450e+00 2.94328424439572e+00 7.13723122158783e-06
2.48500000000000e+00 2.92329312962451e+00 2.92330055990464e+00 7.43028012317737e-06
2.49000000000000e+00 2.90055803915187e+00 2.90056584784471e+00 7.80869283989460e-06
2.49500000000000e+00 2.87520657104948e+00 2.87521481165830e+00 8.24060881354782e-06
2.50000000000000e+00 2.84738888104197e+00 2.84739756089084e+00 8.67984886987472e-06
2.50500000000000e+00 2.81726961502528e+00 2.81727868724248e+00 9.07221720014562e-06
2.51000000000000e+00 2.78502688820472e+00 2.78503625151058e+00 9.36330585599165e-06
2.51500000000000e+00 2.75085118089660e+00 2.75086068766886e+00 9.50677225830532e-06
2.52000000000000e+00 2.71494415887321e+00 2.71495363083915e+00 9.47196594269784e-06
2.52500000000000e+00 2.67751742654410e+00 2.67752667638138e+00 9.24983728900486e-06
2.53000000000000e+00 2.63879122148801e+00 2.63880007775179e+00 8.85626378366311e-06
2.53500000000000e+00 2.59899305890540e+00 2.59900139115685e+00 8.33225145369099e-06
2.54000000000000e+00 2.55835633449087e+00 2.55836407535859e+00 7.74086771881954e-06
2.54500000000000e+00 2.51711889407927e+00 2.51712605526309e+00 7.16118381660635e-06
2.55000000000000e+00 2.47552157825380e+00 2.47552825814758e+00 6.67989378033695e-06
2.55500000000000e+00 2.43380674996842e+00 2.43381313154985e+00 6.38158142995948e-06
2.56000000000000e+00 2.39221681316875e+00 2.39222315195700e+00 6.33878825029299e-06
2.56500000000000e+00 2.35099273041645e+00 2.35099933348698e+00 6.60307053212961e-06
2.57000000000000e+00 2.31037254763474e+00 2.31037974575666e+00 7.19812191496416e-06
2.57500000000000e+00 2.27058993427970e+00 2.27059805007310e+00 8.11579339377033e-06
2.58000000000000e+00 2.23187274747103e+00 2.23188206297222e+00 9.31550118909996e-06
2.58500000000000e+00 2.19444162884268e+00 2.19445235595975e+00 1.07271170741718e-05
2.59000000000000e+00 2.15850864305004e+00 2.15852090008678e+00 1.22570367344643e-05
2.59500000000000e+00 2.12427596694794e+00 2.12428976371522e+00 1.37967672753092e-05
2.60000000000000e+00 2.09193463839447e+00 2.09194987150091e+00 1.52331064433575e-05
2.60500000000000e+00 2.06166337341294e+00 2.06167983224433e+00 1.64588313968927e-05
2.61000000000000e+00 2.03362746004617e+00 2.03364484283446e+00 1.73827882918864e-05
2.61500000000000e+00 2.00797773667063e+00 2.00799567504205e+00 1.79383714216108e-05
2.62000000000000e+00 1.98484966182213e+00 1.98486775140779e+00 1.80895856565222e-05
2.62500000000000e+00 1.96436248175294e+00 1.96438031592140e+00 1.78341684677896e-05
2.63000000000000e+00 1.94661850103182e+00 1.94663570460343e+00 1.72035716157204e-05
2.63500000000000e+00 1.93170246055721e+00 1.93171872048530e+00 1.62599280879583e-05
2.64000000000000e+00 1.91968102641846e+00 1.91969611683971e+00 1.50904212508074e-05
2.64500000000000e+00 1.91060239214625e+00 1.91061619184595e+00 1.37996996960599e-05
2.65000000000000e+00 1.90449599606321e+00 1.90450849718747e+00 1.25011242615436e-05
2.65500000000000e+00 1.90137235469346e+00 1.90138366237698e+00 1.13076835204229e-05
2.66000000000000e+00 1.90122301251524e+00 1.90123333589028e+00 1.03233750354814e-05
2.66500000000000e+00 1.90402060773579e+00 1.90403024347033e+00 9.63573453627298e-06
2.67000000000000e+00 1.90971905321544e+00 1.90972836324032e+00 9.31002487347676e-06
2.67500000000000e+00 1.91825383114717e+00 1.91826321654437e+00 9.38539720052312e-06
2.68000000000000e+00 1.92954239958821e+00 1.92955227272105e+00 9.87313283351554e-06
2.68500000000000e+00 1.94348470842195e+00 1.94349546531226e+00 1.07568903089383e-05
2.69000000000000e+00 1.95996382178828e+00 1.95997581652323e+00 1.19947349508376e-05
2.69500000000000e+00 1.97884664345324e+00 1.97886016608158e+00 1.35226283348722e-05
2.70000000000000e+00 1.99998474099446e+00 2.00000000000000e+00 1.52590055368940e-05
2.70500000000000e+00 2.02321526406775e+00 2.02323237413106e+00 1.71100633172827e-05
2.71000000000000e+00 2.04836195140564e+00 2.04838092681811e+00 1.89754124653163e-05
2.71500000000000e+00 2.07523622059861e+00 2.07525697439691e+00 2.07537983047956e-05
2.72000000000000e+00 2.10363833414174e+00 2.10366068279205e+00 2.23486503121428e-05
2.72500000000000e+00 2.13335863471081e+00 2.13338230798255e+00 2.36732717375787e-05
2.73000000000000e+00 2.16417884217199e+00 2.16420349768687e+00 2.46555148790684e-05
2.73500000000000e+00 2.19587340443675e+00 2.19589864623990e+00 2.52418031472246e-05
2.74000000000000e+00 2.22821089394661e+00 2.22823629430637e+00 2.54003597608410e-05
2.74500000000000e+00 2.26095544130711e+00 2.26098056479902e+00 2.51234919059762e-05
2.75000000000000e+00 2.29386819737792e+00 2.29389262614624e+00 2.44287683162092e-05
2.75500000000000e+00 2.32670881495537e+00 2.32673217388556e+00 2.33589301927850e-05
2.76000000000000e+00 2.35923694104699e+00 2.35925892144618e+00 2.19803991901024e-05
2.76500000000000e+00 2.39121371062690e+00 2.39123409092702e+00 2.03803001235237e-05
2.77000000000000e+00 2.42240323267617e+00 2.42242189467697e+00 1.86620008038041e-05
2.77500000000000e+00 2.45257405925628e+00 2.45259099854052e+00 1.69392842388483e-05
2.78000000000000e+00 2.48150062834678e+00 2.48151595774496e+00 1.53293981814961e-05
2.78500000000000e+00 2.50896467121339e+00 2.50897861657418e+00 1.39453607839179e-05
2.79000000000000e+00 2.53475657517687e+00 2.53476946319709e+00 1.28880202203696e-05
2.79500000000000e+00 2.55867669284083e+00 2.55868893129538e+00 1.22384545515608e-05
2.80000000000000e+00 2.58053658912439e+00 2.58054864046305e+00 1.20513386585586e-05
2.80500000000000e+00 2.60016021783927e+00 2.60017256772797e+00 1.23498887054652e-05
2.81000000000000e+00 2.61738502005544e+00 2.61739814297001e+00 1.31229145670098e-05
2.81500000000000e+00 2.63206293710879e+00 2.63207726147960e+00 1.43243708055074e-05
2.82000000000000e+00 2.64406133180551e+00 2.64407720741157e+00 1.58756060621990e-05
2.82500000000000e+00 2.65326381215298e+00 2.65328148243819e+00 1.76702852074939e-05
2.83000000000000e+00 2.65957095277053e+00 2.65959053448992e+00 1.95817193868741e-05
2.83500000000000e+00 2.66290090997886e+00 2.66292238208847e+00 2.14721096112314e-05
2.84000000000000e+00 2.66318992740700e+00 2.66321313042021e+00 2.32030132130134e-05
2.84500000000000e+00 2.66039272976515e+00 2.66041737596564e+00 2.46462004898085e-05
2.85000000000000e+00 2.65448280318973e+00 2.65450849718747e+00 2.56939977409942e-05
2.85500000000000e+00 2.64545256126066e+00 2.64547882948272e+00 2.62682220601995e-05
2.86000000000000e+00 2.63331339641191e+00 2.63333972331719e+00 2.63269052722670e-05
2.86500000000000e+00 2.61809561700869e+00 2.61812148518152e+00 2.58681728331212e-05
2.87000000000000e+00 2.59984827085456e+00 2.59987320173000e+00 2.49308754467492e-05
2.87500000000000e+00 2.57863885633752e+00 2.57866244818360e+00 2.35918460802509e-05
2.88000000000000e+00 2.55455292284327e+00 2.55457488279246e+00 2.19599491844136e-05
2.88500000000000e+00 2.52769356248078e+00 2.52771372985530e+00 2.01673745205966e-05
2.89000000000000e+00 2.49818079560029e+00 2.49819915448034e+00 1.83588800495293e-05
2.89500000000000e+00 2.46615085305886e+00 2.46616753293972e+00 1.66798808618474e-05
2.90000000000000e+00 2.43175535871551e+00 2.43177062311339e+00 1.52643978799105e-05
2.90500000000000e+00 2.39516041622724e+00 2.39517464013388e+00 1.42239066476257e-05
2.91000000000000e+00 2.35654560486751e+00 2.35655924292839e+00 1.36380608761755e-05
2.91500000000000e+00 2.31610288979224e+00 2.31611643790350e+00 1.35481112648606e-05
2.92000000000000e+00 2.27403545291847e+00 2.27404940652904e+00 1.39536105630000e-05
2.92500000000000e+00 2.23055645133561e+00 2.23057126404647e+00 1.48127108543505e-05
2.93000000000000e+00 2.18588771090812e+00 2.18590375695213e+00 1.60460440112864e-05
2.93500000000000e+00 2.14025836342371e+00 2.14027590728278e+00 1.75438590686028e-05
2.94000000000000e+00 2.09390343625893e+00 2.09392261205918e+00 1.91758002507925e-05
2.94500000000000e+00 2.04706240404806e+00 2.04708320651984e+00 2.08024717767152e-05
2.95000000000000e+00 1.99997771222651e+00 2.00000000000000e+00 2.22877734861182e-05
2.95500000000000e+00 1.95289328256185e+00 1.95291679348017e+00 2.35109183155391e-05
2.96000000000000e+00 1.90605301087430e+00 1.90607738794082e+00 2.43770665284693e-05
2.96500000000000e+00 1.85969926708723e+00 1.85972409271723e+00 2.48256300008354e-05
2.97000000000000e+00 1.81407140754505e+00 1.81409624304787e+00 2.48355028240610e-05
2.97500000000000e+00 1.76940430920928e+00 1.76942873595354e+00 2.44267442528479e-05
2.98000000000000e+00 1.72592693491830e+00 1.72595059347097e+00 2.36585526693922e-05
2.98500000000000e+00 1.68386093839856e+00 1.68388356209651e+00 2.26236979488093e-05
2.99000000000000e+00 1.64341931717632e+00 1.64344075707161e+00 2.14398952937955e-05
2.99500000000000e+00 1.60480512098703e+00 1.60482535986612e+00 2.02388790853103e-05
3.00000000000000e+00 1.56821022274055e+00 1.56822937688661e+00 1.91541460665690e-05
3.00500000000000e+00 1.53381415859525e+00 1.53383246706028e+00 1.83084650338117e-05
3.01000000000000e+00 1.50178304323663e+00 1.50180084551966e+00 1.78022830332747e-05
3.01500000000000e+00 1.47226856605279e+00 1.47228627014470e+00 1.77040919098204e-05
3.02000000000000e+00 1.44540707354890e+00 1.44542511720755e+00 1.80436586449950e-05
3.02500000000000e+00 1.42131874303654e+00 1.42133755181641e+00 1.88087798653758e-05
3.03000000000000e+00 1.40010685235490e+00 1.40012679827000e+00 1.99459150969084e-05
3.03500000000000e+00 1.38185715010927e+00 1.38187851481848e+00 2.13647092086600e-05
3.04000000000000e+00 1.36663733062163e+00 1.36666027668282e+00 2.29460611909094e-05
3.04500000000000e+00 1.35449661745276e+00 1.35452117051728e+00 2.45530645222036e-05
3.05000000000000e+00 1.34546545894950e+00 1.34549150281253e+00 2.60438630210746e-05
3.05500000000000e+00 1.33955533877151e+00 1.33958262403436e+00 2.72852628548925e-05
3.06000000000000e+00 1.33675870374320e+00 1.33678686957979e+00 2.81658365894888e-05
3.06500000000000e+00 1.33704901064884e+00 1.33707761791153e+00 2.86072626944911e-05
3.07000000000000e+00 1.34038089274211e+00 1.34040946551008e+00 2.85727679780745e-05
3.07500000000000e+00 1.34669044578684e+00 1.34671851756181e+00 2.80717749703285e-05
3.08000000000000e+00 1.35589563240309e+00 1.35592279258843e+00 2.71601853343295e-05
3.08500000000000e+00 1.36789680239340e+00 1.36792273852040e+00 2.59361269974168e-05
3.09000000000000e+00 1.38257732560600e+00 1.38260185702999e+00 2.45314239855077e-05
3.09500000000000e+00 1.39980433279864e+00 1.39982743227203e+00 2.30994733823042e-05
3.10000000000000e+00 1.41942955894477e+00 1.41945135953695e+00 2.18005921839293e-05
3.10500000000000e+00 1.44129028251611e+00 1.44131106870462e+00 2.07861885093141e-05
3.11000000000000e+00 1.46521035352016e+00 1.46523053680290e+00 2.01832827397830e-05
3.11500000000000e+00 1.49100130249480e+00 1.49102138342582e+00 2.00809310189065e-05
3.12000000000000e+00 1.51846352227924e+00 1.51848404225504e+00 2.05199757992158e-05
3.12500000000000e+00 1.54738751418937e+00 1.54740900145948e+00 2.14872701083113e-05
3.13000000000000e+00 1.57755519020704e+00 1.57757810532302e+00 2.29151159800711e-05
3.13500000000000e+00 1.60874122291580e+00 1.60876590907298e+00 2.46861571795431e-05
3.14000000000000e+00 1.64071443513204e+00 1.64074107855382e+00 2.66434217806033e-05
3.14500000000000e+00 1.67323922143960e+00 1.67326782611444e+00 2.86046748321223e-05
3.15000000000000e+00 1.70607699407981e+00 1.70610737385376e+00 3.03797739544809e-05
3.15500000000000e+00 1.73898764582916e+00 1.73901943520098e+00 3.17893718233542e-05
3.16000000000000e+00 1.77173102257142e+00 1.77176370569363e+00 3.26831222052792e-05
3.16500000000000e+00 1.80406839821648e+00 1.80410135376010e+00 3.29555436129336e-05
3.17000000000000e+00 1.83576394442947e+00 1.83579650231313e+00 3.25578836579687e-05
3.17500000000000e+00 1.86658618732669e+00 1.86661769201745e+00 3.15046907632954e-05
3.18000000000000e+00 1.89630944290389e+00 1.89633931720795e+00 2.98743040578753e-05
3.18500000000000e+00 1.92471522253847e+00 1.92474302560309e+00 2.78030646128080e-05
3.19000000000000e+00 1.95159359950915e+00 1.95161907318189e+00 2.54736727425264e-05
3.19500000000000e+00 1.97674452716714e+00 1.97676762586893e+00 2.30987017972861e-05
3.20000000000000e+00 1.99997909922985e+00 2.00000000000000e+00 2.09007701470476e-05
3.20500000000000e+00 2.02112074269687e+00 2.02113983391842e+00 1.90912215503047e-05
3.21000000000000e+00 2.04000633414061e+00 2.04002418347677e+00 1.78493361597809e-05
3.21500000000000e+00 2.05648723061204e+00 2.05650453468774e+00 1.73040756981102e-05
3.22000000000000e+00 2.07043020711866e+00 2.07044772727895e+00 1.75201602976571e-05
3.22500000000000e+00 2.08171829355420e+00 2.08173678345563e+00 1.84899014317175e-05
3.23000000000000e+00 2.09025150504931e+00 2.09027163675968e+00 2.01317103716292e-05
3.23500000000000e+00 2.09594746092172e+00 2.09596975652967e+00 2.22956079531933e-05
3.24000000000000e+00 2.09874188867977e+00 2.09876666410972e+00 2.47754299507186e-05
3.24500000000000e+00 2.09858901081831e+00 2.09861633762302e+00 2.73268047101816e-05
3.25000000000000e+00 2.09546181338711e+00 2.09549150281253e+00 2.96894254212532e-05
3.25500000000000e+00 2.08935219645771e+00 2.08938380815405e+00 3.16116963436919e-05
3.26000000000000e+00 2.08027100762183e+00 2.08030388316029e+00 3.28755384630952e-05
3.26500000000000e+00 2.06824796048782e+00 2.06828127951470e+00 3.33190268881900e-05
3.27000000000000e+00 2.05333144077719e+00 2.05336429539657e+00 3.28546193846257e-05
3.27500000000000e+00 2.03558820305084e+00 2.03561968407860e+00 3.14810277597388e-05
3.28000000000000e+00 2.01510296132027e+00 2.01513224859221e+00 2.92872719414028e-05
3.28500000000000e+00 1.99197787684585e+00 1.99200432495795e+00 2.64481121003968e-05
3.29000000000000e+00 1.96633194633372e+00 1.96635515716554e+00 2.32108318249935e-05
3.29500000000000e+00 1.93830029357310e+00 1.93832016775567e+00 1.98741825667703e-05
3.30000000000000e+00 1.90803336737801e+00 1.90805012849909e+00 1.67611210772911e-05
3.30500000000000e+00 1.87569604858977e+00 1.87571023628479e+00 1.41876950177089e-05
3.31000000000000e+00 1.84146666893830e+00 1.84147909991323e+00 1.24309749316431e-05
3.31500000000000e+00 1.80553594481849e+00 1.80554764404025e+00 1.16992217640277e-05
3.32000000000000e+00 1.76810582956376e+00 1.76811793702778e+00 1.21074640277996e-05
3.32500000000000e+00 1.72938828861440e+00 1.72940194992690e+00 1.36613125030216e-05
3.33000000000000e+00 1.68960400307267e+00 1.68962025424335e+00 1.62511706796042e-05
3.33500000000000e+00 1.64898100846277e+00 1.64900066651302e+00 1.96580502536126e-05
3.34000000000000e+00 1.60775327698940e+00 1.60777684804301e+00 2.35710536011791e-05
3.34500000000000e+00 1.56615925310218e+00 1.56618686845015e+00 2.76153479732422e-05
3.35000000000000e+00 1.52444035359286e+00 1.52447174185243e+00 3.13882595677217e-05
3.35500000000000e+00 1.48283944464141e+00 1.48287394473692e+00 3.45000955017660e-05
3.36000000000000e+00 1.44159930905616e+00 1.44163592464142e+00 3.66155852578043e-05
3.36500000000000e+00 1.40096111731981e+00 1.40099860884315e+00 3.74915233365414e-05
3.37000000000000e+00 1.36116291589275e+00 1.36119992224821e+00 3.70063554675504e-05
3.37500000000000e+00 1.32243814552320e+00 1.32247332361862e+00 3.51780954148673e-05
3.38000000000000e+00 1.28501420111307e+00 1.28504636916086e+00 3.21680477848307e-05
3.38500000000000e+00 1.24911104308360e+00 1.24913931233114e+00 2.82692475399582e-05
3.39000000000000e+00 1.21493986832237e+00 1.21496374848942e+00 2.38801670522371e-05
3.39500000000000e+00 1.18270184684801e+00 1.18272131275752e+00 1.94659095136274e-05
3.40000000000000e+00 1.15258692849631e+00 1.15260243910916e+00 1.55106128514326e-05
3.40500000000000e+00 1.12477272239419e+00 1.12478518834171e+00 1.24659475131406e-05
3.41000000000000e+00 1.09942345090413e+00 1.09943415215529e+00 1.07012511627591e-05
3.41500000000000e+00 1.07668897919440e+00 1.07669944009537e+00 1.04609009659029e-05
3.42000000000000e+00 1.05670392166281e+00 1.05671575560428e+00 1.18339414649782e-05
3.42500000000000e+00 1.03958682707710e+00 1.03960156687779e+00 1.47398006944410e-05
3.43000000000000e+00 1.02543944538916e+00 1.02545837763829e+00 1.89322491239707e-05
3.43500000000000e+00 1.01434608056061e+00 1.01437010232018e+00 2.40217595690595e-05
3.44000000000000e+00 1.00637303518635e+00 1.00640254951957e+00 2.95143332189607e-05
3.44500000000000e+00 1.00156815398287e+00 1.00160301689261e+00 3.48629097342013e-05
3.45000000000000e+00 9.99960474085122e-01 1.00000000000000e+00 3.95259148779914e-05
3.45500000000000e+00 1.00155999037517e+00 1.00160301689261e+00 4.30265174344857e-05
3.46000000000000e+00 1.00635754361305e+00 1.00640254951956e+00 4.50059065177921e-05
3.46500000000000e+00 1.01432483790375e+00 1.01437010232018e+00 4.52644164270488e-05
3.47000000000000e+00 1.02541459205590e+00 1.02545837763829e+00 4.37855823913758e-05
3.47500000000000e+00 1.03956082679974e+00 1.03960156687779e+00 4.07400780486622e-05
3.48000000000000e+00 1.05667928684801e+00 1.05671575560427e+00 3.64687562686150e-05
3.48500000000000e+00 1.07666799366968e+00 1.07669944009536e+00 3.14464256832014e-05
3.49000000000000e+00 1.09940792189803e+00 1.09943415215529e+00 2.62302572555662e-05
3.49500000000000e+00 1.12476378978965e+00 1.12478518834171e+00 2.13985520574056e-05
3.50000000000000e+00 1.15258495232555e+00 1.15260243910915e+00 1.74867836069126e-05
3.50500000000000e+00 1.18270638455514e+00 1.18272131275752e+00 1.49282023758079e-05
3.51000000000000e+00 1.21494974268631e+00 1.21496374848942e+00 1.40058031146140e-05
3.51500000000000e+00 1.24912449117257e+00 1.24913931233114e+00 1.48211585697666e-05
3.52000000000000e+00 1.28502908549082e+00 1.28504636916085e+00 1.72836700282897e-05
3.52500000000000e+00 1.32245220220855e+00 1.32247332361861e+00 2.11214100658275e-05
3.53000000000000e+00 1.36117401002359e+00 1.36119992224821e+00 2.59122246164534e-05
3.53500000000000e+00 1.40096747742129e+00 1.40099860884315e+00 3.11314218517378e-05
3.54000000000000e+00 1.44159971415495e+00 1.44163592464141e+00 3.62104864610746e-05
3.54500000000000e+00 1.48283334469591e+00 1.48287394473691e+00 4.06000409951535e-05
3.55000000000000e+00 1.52442791198268e+00 1.52447174185242e+00 4.38298697413853e-05
3.55500000000000e+00 1.56614130918888e+00 1.56618686845015e+00 4.55592612724764e-05
3.56000000000000e+00 1.60773123589639e+00 1.60777684804300e+00 4.56121466125836e-05
3.56500000000000e+00 1.64895667316166e+00 1.64900066651302e+00 4.39933513549651e-05
3.57000000000000e+00 1.68957936973239e+00 1.68962025424335e+00 4.08845109589606e-05
3.57500000000000e+00 1.72936532937897e+00 1.72940194992690e+00 3.66205479296333e-05
3.58000000000000e+00 1.76808628722927e+00 1.76811793702778e+00 3.16497985115571e-05
3.58500000000000e+00 1.80552116138551e+00 1.80554764404025e+00 2.64826547400343e-05
3.59000000000000e+00 1.84145746515301e+00 1.84147909991322e+00 2.16347602159939e-05
3.59500000000000e+00 1.87569266503866e+00 1.87571023628478e+00 1.75712461245592e-05
3.60000000000000e+00 1.90803547030880e+00 1.90805012849909e+00 1.46581902908949e-05
3.60500000000000e+00 1.93830704127305e+00 1.93832016775567e+00 1.31264826139788e-05
3.61000000000000e+00 1.96634210544222e+00 1.96635515716554e+00 1.30517233185579e-05
3.61500000000000e+00 1.99198997309811e+00 1.99200432495795e+00 1.43518598432202e-05
3.62000000000000e+00 2.01511544637722e+00 2.01513224859221e+00 1.68022149855673e-05
3.62500000000000e+00 2.03559961846968e+00 2.03561968407860e+00 2.00656089179851e-05
3.63000000000000e+00 2.05334056174607e+00 2.05336429539657e+00 2.37336504924635e-05
3.63500000000000e+00 2.06825390537140e+00 2.06828127951470e+00 2.73741432974539e-05
3.64000000000000e+00 2.08027330412598e+00 2.08030388316029e+00 3.05790343126944e-05
3.64500000000000e+00 2.08935080068257e+00 2.08938380815405e+00 3.30074714760542e-05
3.65000000000000e+00 2.09545708351421e+00 2.09549150281253e+00 3.44192983199321e-05
3.65500000000000e+00 2.09858164202615e+00 2.09861633762302e+00 3.46955968710816e-05
3.66000000000000e+00 2.09873281957687e+00 2.09876666410972e+00 3.38445328504910e-05
3.66500000000000e+00 2.09593776397236e+00 2.09596975652967e+00 3.19925573104562e-05
3.67000000000000e+00 2.09024227400285e+00 2.09027163675968e+00 2.93627568295207e-05
3.67500000000000e+00 2.08171053984729e+00 2.08173678345563e+00 2.62436083344753e-05
3.68000000000000e+00 2.07042477487145e+00 2.07044772727895e+00 2.29524075008314e-05
3.68500000000000e+00 2.05648473660656e+00 2.05650453468774e+00 1.97980811860177e-05
3.69000000000000e+00 2.04000713555846e+00 2.04002418347677e+00 1.70479183130290e-05
3.69500000000000e+00 2.02112493192114e+00 2.02113983391842e+00 1.49019972828235e-05
3.70000000000000e+00 1.99998652213400e+00 2.00000000000000e+00 1.34778660036972e-05
3.70500000000000e+00 1.97675481934468e+00 1.97676762586894e+00 1.28065242535058e-05
3.71000000000000e+00 1.95160623399594e+00 1.95161907318189e+00 1.28391859592902e-05
3.71500000000000e+00 1.92472956271465e+00 1.92474302560309e+00 1.34628884405075e-05
3.72000000000000e+00 1.89632479524274e+00 1.89633931720795e+00 1.45219652034623e-05
3.72500000000000e+00 1.86660185016929e+00 1.86661769201745e+00 1.58418481599476e-05
3.73000000000000e+00 1.83577925063930e+00 1.83579650231313e+00 1.72516738365935e-05
3.73500000000000e+00 1.80408275105506e+00 1.80410135376010e+00 1.86027050383952e-05
3.74000000000000e+00 1.77174392516162e+00 1.77176370569363e+00 1.97805320030220e-05
3.74500000000000e+00 1.73899872499179e+00 1.73901943520098e+00 2.07102091915878e-05
3.75000000000000e+00 1.70608601914428e+00 1.70610737385376e+00 2.13547094820576e-05
3.75500000000000e+00 1.67324611797993e+00 1.67326782611444e+00 2.17081345086356e-05
3.76000000000000e+00 1.64071929270987e+00 1.64074107855382e+00 2.17858439548468e-05
3.76500000000000e+00 1.60874429511486e+00 1.60876590907298e+00 2.16139581212804e-05
3.77000000000000e+00 1.57755688479992e+00 1.57757810532303e+00 2.12205231111540e-05
3.77500000000000e+00 1.54738837139775e+00 1.54740900145948e+00 2.06300617338062e-05
3.78000000000000e+00 1.51846417987112e+00 1.51848404225504e+00 1.98623839202661e-05
3.78500000000000e+00 1.49100244786793e+00 1.49102138342582e+00 1.89355578923411e-05
3.79000000000000e+00 1.46521266478053e+00 1.46523053680291e+00 1.78720223751316e-05
3.79500000000000e+00 1.44129436259585e+00 1.44131106870462e+00 1.67061087701370e-05
3.80000000000000e+00 1.41943586867559e+00 1.41945135953695e+00 1.54908613572147e-05
3.80500000000000e+00 1.39981313021546e+00 1.39982743227203e+00 1.43020565663843e-05
3.81000000000000e+00 1.38258861930002e+00 1.38260185702999e+00 1.32377299695285e-05
3.81500000000000e+00 1.36791032626011e+00 1.36792273852040e+00 1.24122602920274e-05
3.82000000000000e+00 1.35591084756737e+00 1.35592279258843e+00 1.19450210529504e-05
3.82500000000000e+00 1.34670657291674e+00 1.34671851756181e+00 1.19446450734806e-05
3.83000000000000e+00 1.34039697461533e+00 1.34040946551008e+00 1.24908947494173e-05
3.83500000000000e+00 1.33706400107322e+00 1.33707761791153e+00 1.36168383084723e-05
3.84000000000000e+00 1.33677157520501e+00 1.33678686957979e+00 1.52943747790957e-05
3.84500000000000e+00 1.33956519798614e+00 1.33958262403436e+00 1.74260482255217e-05
3.85000000000000e+00 1.34547165729164e+00 1.34549150281253e+00 1.98455208861859e-05
3.85500000000000e+00 1.35449884244317e+00 1.35452117051728e+00 2.23280741165066e-05
3.86000000000000e+00 1.36663566550865e+00 1.36666027668282e+00 2.46111741688537e-05
3.86500000000000e+00 1.38185209118848e+00 1.38187851481848e+00 2.64236299947207e-05
3.87000000000000e+00 1.40009927789526e+00 1.40012679826999e+00 2.75203747364117e-05
3.87500000000000e+00 1.42130983318211e+00 1.42133755181640e+00 2.77186342940716e-05
3.88000000000000e+00 1.44539818679230e+00 1.44542511720754e+00 2.69304152378247e-05
3.88500000000000e+00 1.47226108411516e+00 1.47228627014469e+00 2.51860295379380e-05
3.89000000000000e+00 1.50177820162229e+00 1.50180084551966e+00 2.26438973680576e-05
3.89500000000000e+00 1.53381288388872e+00 1.53383246706028e+00 1.95831715628092e-05
3.90000000000000e+00 1.56821299914070e+00 1.56822937688661e+00 1.63777459047942e-05
3.90500000000000e+00 1.60481190709546e+00 1.60482535986612e+00 1.34527706534548e-05
3.91000000000000e+00 1.64342952945005e+00 1.64344075707161e+00 1.12276215598062e-05
3.91500000000000e+00 1.68387351011433e+00 1.68388356209650e+00 1.00519821684131e-05
3.92000000000000e+00 1.72594044959060e+00 1.72595059347097e+00 1.01438803639109e-05
3.92500000000000e+00 1.76941719621125e+00 1.76942873595353e+00 1.15397422850716e-05
3.93000000000000e+00 1.81408217662327e+00 1.81409624304787e+00 1.40664245997790e-05
3.93500000000000e+00 1.85970674920132e+00 1.85972409271722e+00 1.73435159056545e-05
3.94000000000000e+00 1.90605656703970e+00 1.90607738794081e+00 2.08209011152150e-05
3.94500000000000e+00 1.95289294165511e+00 1.95291679348016e+00 2.38518250492703e-05
3.95000000000000e+00 1.99997420412200e+00 2.00000000000000e+00 2.57958779950052e-05
3.95500000000000e+00 2.04705706643287e+00 2.04708320651983e+00 2.61400869638884e-05
3.96000000000000e+00 2.09389799163378e+00 2.09392261205918e+00 2.46204253970816e-05
3.96500000000000e+00 2.14025458585813e+00 2.14027590728278e+00 2.13214246498339e-05
3.97000000000000e+00 2.18588702793481e+00 2.18590375695213e+00 1.67290173167522e-05
3.97500000000000e+00 2.23055955210705e+00 2.23057126404647e+00 1.17119394240639e-05
3.98000000000000e+00 2.27404199617032e+00 2.27404940652903e+00 7.41035870488460e-06
3.98500000000000e+00 2.31611142099515e+00 2.31611643790350e+00 5.01690835141844e-06
3.99000000000000e+00 2.35655379832446e+00 2.35655924292839e+00 5.44460392859492e-06
3.99500000000000e+00 2.39516575270616e+00 2.39517464013388e+00 8.88742772042761e-06
4.00000000000000e+00 2.43175633153833e+00 2.43177062311338e+00 1.42915750540595e-05
