variables = x, value-predict, value-true, error
0.00000000000000e+00 2.43619897287522e+00 2.43177062311339e+00 4.42834976183404e-03
5.00000000000000e-03 2.47071625696955e+00 2.46616753293972e+00 4.54872402983364e-03
1.00000000000000e-02 2.50287831774485e+00 2.49819915448034e+00 4.67916326451778e-03
1.50000000000000e-02 2.53253449394472e+00 2.52771372985530e+00 4.82076408942245e-03
2.00000000000000e-02 2.55954737806022e+00 2.55457488279246e+00 4.97249526776145e-03
2.50000000000000e-02 2.58379448275140e+00 2.57866244818360e+00 5.13203456780076e-03
3.00000000000000e-02 2.60516966414986e+00 2.59987320173000e+00 5.29646241985526e-03
3.50000000000000e-02 2.62358428011517e+00 2.61812148518152e+00 5.46279493364210e-03
4.00000000000000e-02 2.63896807468177e+00 2.63333972331718e+00 5.62835136458828e-03
4.50000000000000e-02 2.65126979307686e+00 2.64547882948272e+00 5.79096359414732e-03
5.00000000000000e-02 2.66045754362722e+00 2.65450849718747e+00 5.94904643974381e-03
5.50000000000000e-02 2.66651893249683e+00 2.66041737596564e+00 6.10155653119149e-03
6.00000000000000e-02 2.66946100363188e+00 2.66321313042021e+00 6.24787321166131e-03
6.50000000000000e-02 2.66931001902024e+00 2.66292238208847e+00 6.38763693176836e-03
7.00000000000000e-02 2.66611111332952e+00 2.65959053448992e+00 6.52057883959900e-03
7.50000000000000e-02 2.65992785256303e+00 2.65328148243819e+00 6.64637012484315e-03
8.00000000000000e-02 2.65084171937298e+00 2.64407720741157e+00 6.76451196140171e-03
8.50000000000000e-02 2.63895153919801e+00 2.63207726147960e+00 6.87427771840854e-03
9.00000000000000e-02 2.62437285268476e+00 2.61739814297001e+00 6.97470971474967e-03
9.50000000000000e-02 2.60723723210516e+00 2.60017256772797e+00 7.06466437718944e-03
1.00000000000000e-01 2.58769153367703e+00 2.58054864046305e+00 7.14289321398232e-03
1.05000000000000e-01 2.56589707447866e+00 2.55868893129538e+00 7.20814318328200e-03
1.10000000000000e-01 2.54202872225391e+00 2.53476946319709e+00 7.25925905681990e-03
1.15000000000000e-01 2.51627388865428e+00 2.50897861657418e+00 7.29527208010028e-03
1.20000000000000e-01 2.48883142081750e+00 2.48151595774496e+00 7.31546307253605e-03
1.25000000000000e-01 2.45991039184758e+00 2.45259099854052e+00 7.31939330706100e-03
1.30000000000000e-01 2.42972879682473e+00 2.42242189467697e+00 7.30690214775676e-03
1.35000000000000e-01 2.39851216654143e+00 2.39123409092702e+00 7.27807561441329e-03
1.40000000000000e-01 2.36649211549231e+00 2.35925892144618e+00 7.23319404612788e-03
1.45000000000000e-01 2.33390484324027e+00 2.32673217388556e+00 7.17266935470828e-03
1.50000000000000e-01 2.30098960894399e+00 2.29389262614624e+00 7.09698279775406e-03
1.55000000000000e-01 2.26798719767149e+00 2.26098056479902e+00 7.00663287246828e-03
1.60000000000000e-01 2.23513839451687e+00 2.22823629430637e+00 6.90210021049698e-03
1.65000000000000e-01 2.20268247904728e+00 2.19589864623990e+00 6.78383280738437e-03
1.70000000000000e-01 2.17085574888540e+00 2.16420349768687e+00 6.65225119853297e-03
1.75000000000000e-01 2.13989007790362e+00 2.13338230798255e+00 6.50776992107094e-03
1.80000000000000e-01 2.11001151207086e+00 2.10366068279205e+00 6.35082927880770e-03
1.85000000000000e-01 2.08143890474956e+00 2.07525697439691e+00 6.18193035264625e-03
1.90000000000000e-01 2.05438259325274e+00 2.04838092681811e+00 6.00166643463229e-03
1.95000000000000e-01 2.02904311957063e+00 2.02323237413107e+00 5.81074543956461e-03
2.00000000000000e-01 2.00561000001044e+00 2.00000000000000e+00 5.61000001044443e-03
2.05000000000000e-01 1.98426055060363e+00 1.97886016608158e+00 5.40038452205360e-03
2.10000000000000e-01 1.96515877704617e+00 1.95997581652323e+00 5.18296052293832e-03
2.15000000000000e-01 1.94845433925048e+00 1.94349546531226e+00 4.95887393822003e-03
2.20000000000000e-01 1.93428160103927e+00 1.92955227272105e+00 4.72932831822348e-03
2.25000000000000e-01 1.92275877502157e+00 1.91826321654437e+00 4.49555847719796e-03
2.30000000000000e-01 1.91398717134874e+00 1.90972836324032e+00 4.25880810842338e-03
2.35000000000000e-01 1.90805055709164e+00 1.90403024347033e+00 4.02031362131217e-03
2.40000000000000e-01 1.90501463072522e+00 1.90123333589028e+00 3.78129483494427e-03
2.45000000000000e-01 1.90492661399530e+00 1.90138366237698e+00 3.54295161832185e-03
2.50000000000000e-01 1.90781496156559e+00 1.90450849718747e+00 3.30646437812088e-03
2.55000000000000e-01 1.91368918750567e+00 1.91061619184595e+00 3.07299565972596e-03
2.60000000000000e-01 1.92253980696564e+00 1.91969611683971e+00 2.84369012592767e-03
2.65000000000000e-01 1.93433839125490e+00 1.93171872048530e+00 2.61967076960401e-03
2.70000000000000e-01 1.94903773485932e+00 1.94663570460343e+00 2.40203025588492e-03
2.75000000000000e-01 1.96657213347843e+00 1.96438031592140e+00 2.19181755702902e-03
2.80000000000000e-01 1.98685777269746e+00 1.98486775140779e+00 1.99002128967463e-03
2.85000000000000e-01 2.00979322718962e+00 2.00799567504205e+00 1.79755214756971e-03
2.90000000000000e-01 2.03526007018686e+00 2.03364484283446e+00 1.61522735240149e-03
2.95000000000000e-01 2.06312359225240e+00 2.06167983224433e+00 1.44376000806545e-03
3.00000000000000e-01 2.09323362712607e+00 2.09194987150091e+00 1.28375562516192e-03
3.05000000000000e-01 2.12542548068575e+00 2.12428976371522e+00 1.13571697053727e-03
3.10000000000000e-01 2.15952095705567e+00 2.15852090008677e+00 1.00005696889527e-03
3.15000000000000e-01 2.19532947384315e+00 2.19445235595975e+00 8.77117883402612e-04
3.20000000000000e-01 2.23264925667164e+00 2.23188206297222e+00 7.67193699425128e-04
3.25000000000000e-01 2.27126860185440e+00 2.27059805007310e+00 6.70551781297046e-04
3.30000000000000e-01 2.31096719541171e+00 2.31037974575665e+00 5.87449655057082e-04
3.35000000000000e-01 2.35151747676332e+00 2.35099933348698e+00 5.18143276341920e-04
3.40000000000000e-01 2.39268603629308e+00 2.39222315195700e+00 4.62884336083214e-04
3.45000000000000e-01 2.43423503742260e+00 2.43381313154985e+00 4.21905872750372e-04
3.50000000000000e-01 2.47592365558018e+00 2.47552825814758e+00 3.95397432607414e-04
3.55000000000000e-01 2.51750952818011e+00 2.51712605526309e+00 3.83472917019567e-04
3.60000000000000e-01 2.55875021110190e+00 2.55836407535859e+00 3.86135743315474e-04
3.65000000000000e-01 2.59940463789877e+00 2.59900139115685e+00 4.03246741916607e-04
3.70000000000000e-01 2.63923457789905e+00 2.63880007775179e+00 4.34500147258099e-04
3.75000000000000e-01 2.67800608846821e+00 2.67752667638138e+00 4.79412086825448e-04
3.80000000000000e-01 2.71549095509979e+00 2.71495363083915e+00 5.37324260647232e-04
3.85000000000000e-01 2.75146811096556e+00 2.75086068766886e+00 6.07423296700826e-04
3.90000000000000e-01 2.78572502542968e+00 2.78503625151058e+00 6.88773919099273e-04
3.95000000000000e-01 2.81805904920054e+00 2.81727868724248e+00 7.80361958065523e-04
4.00000000000000e-01 2.84827870259582e+00 2.84739756089084e+00 8.81141704980326e-04
4.05000000000000e-01 2.87620489307615e+00 2.87521481165829e+00 9.90081417857169e-04
4.10000000000000e-01 2.90167204886210e+00 2.90056584784471e+00 1.10620101738368e-03
4.15000000000000e-01 2.92452915704117e+00 2.92330055990464e+00 1.22859713653112e-03
4.20000000000000e-01 2.94464069690868e+00 2.94328424439572e+00 1.35645251296035e-03
4.25000000000000e-01 2.96188746207673e+00 2.96039843312221e+00 1.48902895452041e-03
4.30000000000000e-01 2.97616726778809e+00 2.97454162236171e+00 1.62564542637877e-03
4.35000000000000e-01 2.98739554254602e+00 2.98562989767982e+00 1.76564486619490e-03
4.40000000000000e-01 2.99550580533176e+00 2.99359745048043e+00 1.90835485132901e-03
4.45000000000000e-01 3.00045003113548e+00 2.99839698310739e+00 2.05304802808737e-03
4.50000000000000e-01 3.00219890819081e+00 3.00000000000000e+00 2.19890819080781e-03
4.55000000000000e-01 3.00074199020958e+00 2.99839698310739e+00 2.34500710218910e-03
4.60000000000000e-01 2.99608774619257e+00 2.99359745048043e+00 2.49029571213466e-03
4.65000000000000e-01 2.98826350924746e+00 2.98562989767982e+00 2.63361156764041e-03
4.70000000000000e-01 2.97731532452248e+00 2.97454162236171e+00 2.77370216076678e-03
4.75000000000000e-01 2.96330769511502e+00 2.96039843312221e+00 2.90926199281305e-03
4.80000000000000e-01 2.94632322386857e+00 2.94328424439572e+00 3.03897947284337e-03
4.85000000000000e-01 2.92646214850889e+00 2.92330055990464e+00 3.16158860424887e-03
4.90000000000000e-01 2.90384176770844e+00 2.90056584784471e+00 3.27591986373088e-03
4.95000000000000e-01 2.87859575644853e+00 2.87521481165829e+00 3.38094479023354e-03
5.00000000000000e-01 2.85087337043862e+00 2.84739756089084e+00 3.47580954778115e-03
5.05000000000000e-01 2.82083854125331e+00 2.81727868724248e+00 3.55985401082703e-03
5.10000000000000e-01 2.78866886609960e+00 2.78503625151058e+00 3.63261458902242e-03
5.15000000000000e-01 2.75455449853809e+00 2.75086068766886e+00 3.69381086923370e-03
5.20000000000000e-01 2.71869694883375e+00 2.71495363083915e+00 3.74331799460448e-03
5.25000000000000e-01 2.68130780469530e+00 2.67752667638138e+00 3.78112831391197e-03
5.30000000000000e-01 2.64260738478934e+00 2.63880007775179e+00 3.80730703755416e-03
5.35000000000000e-01 2.60282333844529e+00 2.59900139115685e+00 3.82194728844132e-03
5.40000000000000e-01 2.56218920531896e+00 2.55836407535859e+00 3.82512996037665e-03
5.45000000000000e-01 2.52094294844985e+00 2.51712605526309e+00 3.81689318676148e-03
5.50000000000000e-01 2.47932547319319e+00 2.47552825814758e+00 3.79721504561825e-03
5.55000000000000e-01 2.43757914307032e+00 2.43381313154985e+00 3.76601152047362e-03
5.60000000000000e-01 2.39594630184558e+00 2.39222315195700e+00 3.72314988858369e-03
5.65000000000000e-01 2.35466780932997e+00 2.35099933348698e+00 3.66847584298524e-03
5.70000000000000e-01 2.31398159675368e+00 2.31037974575665e+00 3.60185099703214e-03
5.75000000000000e-01 2.27412124624787e+00 2.27059805007310e+00 3.52319617477148e-03
5.80000000000000e-01 2.23531459818089e+00 2.23188206297222e+00 3.43253520867171e-03
5.85000000000000e-01 2.19778238988919e+00 2.19445235595975e+00 3.33003392944642e-03
5.90000000000000e-01 2.16173692972496e+00 2.15852090008677e+00 3.21602963818224e-03
5.95000000000000e-01 2.12738081123088e+00 2.12428976371522e+00 3.09104751566025e-03
6.00000000000000e-01 2.09490567349162e+00 2.09194987150091e+00 2.95580199070677e-03
6.05000000000000e-01 2.06449101510078e+00 2.06167983224433e+00 2.81118285645299e-03
6.10000000000000e-01 2.03630307049952e+00 2.03364484283446e+00 2.65822766505996e-03
6.15000000000000e-01 2.01049375847748e+00 2.00799567504205e+00 2.49808343542757e-03
6.20000000000000e-01 1.98719971320756e+00 1.98486775140779e+00 2.33196179977457e-03
6.25000000000000e-01 1.96654140820078e+00 1.96438031592140e+00 2.16109227937622e-03
6.30000000000000e-01 1.94862238297977e+00 1.94663570460343e+00 1.98667837633471e-03
6.35000000000000e-01 1.93352858111216e+00 1.93171872048530e+00 1.80986062686705e-03
6.40000000000000e-01 1.92132780661807e+00 1.91969611683971e+00 1.63168977835348e-03
6.45000000000000e-01 1.91206930381480e+00 1.91061619184595e+00 1.45311196885434e-03
6.50000000000000e-01 1.90578346355753e+00 1.90450849718747e+00 1.27496637005420e-03
6.55000000000000e-01 1.90248165675028e+00 1.90138366237698e+00 1.09799437329494e-03
6.60000000000000e-01 1.90215619409354e+00 1.90123333589028e+00 9.22858203263210e-04
6.65000000000000e-01 1.90478040942387e+00 1.90403024347033e+00 7.50165953539161e-04
6.70000000000000e-01 1.91030886276496e+00 1.90972836324032e+00 5.80499524639233e-04
6.75000000000000e-01 1.91867765838162e+00 1.91826321654437e+00 4.14441837247148e-04
6.80000000000000e-01 1.92980487269199e+00 1.92955227272105e+00 2.52599970941514e-04
6.85000000000000e-01 1.94359108679976e+00 1.94349546531226e+00 9.56214875040828e-05
6.90000000000000e-01 1.95992001857686e+00 1.95997581652323e+00 5.57979463766678e-05
6.95000000000000e-01 1.97865924956061e+00 1.97886016608158e+00 2.00916520972649e-04
7.00000000000000e-01 1.99966104232723e+00 2.00000000000000e+00 3.38957672768814e-04
7.05000000000000e-01 2.02276324436411e+00 2.02323237413106e+00 4.69129766954790e-04
7.10000000000000e-01 2.04779027470358e+00 2.04838092681811e+00 5.90652114524470e-04
7.15000000000000e-01 2.07455418963242e+00 2.07525697439691e+00 7.02784764494702e-04
7.20000000000000e-01 2.10285582361035e+00 2.10366068279205e+00 8.04859181700479e-04
7.25000000000000e-01 2.13248600110149e+00 2.13338230798255e+00 8.96306881054798e-04
7.30000000000000e-01 2.16322681435138e+00 2.16420349768687e+00 9.76683335486506e-04
7.35000000000000e-01 2.19485296126404e+00 2.19589864623990e+00 1.04568497586088e-03
7.40000000000000e-01 2.22713313650152e+00 2.22823629430637e+00 1.10315780484971e-03
7.45000000000000e-01 2.25983146781593e+00 2.26098056479902e+00 1.14909698308940e-03
7.50000000000000e-01 2.29270898851168e+00 2.29389262614624e+00 1.18363763455642e-03
7.55000000000000e-01 2.32552513591229e+00 2.32673217388556e+00 1.20703797326938e-03
7.60000000000000e-01 2.35803926485393e+00 2.35925892144618e+00 1.21965659225465e-03
7.65000000000000e-01 2.39001216461980e+00 2.39123409092702e+00 1.22192630721996e-03
7.70000000000000e-01 2.42120756742253e+00 2.42242189467697e+00 1.21432725444182e-03
7.75000000000000e-01 2.45139363656645e+00 2.45259099854052e+00 1.19736197406972e-03
7.80000000000000e-01 2.48034442278622e+00 2.48151595774496e+00 1.17153495874245e-03
7.85000000000000e-01 2.50784127794025e+00 2.50897861657418e+00 1.13733863393151e-03
7.90000000000000e-01 2.53367421618736e+00 2.53476946319709e+00 1.09524700973695e-03
7.95000000000000e-01 2.55764321392305e+00 2.55868893129538e+00 1.04571737232906e-03
8.00000000000000e-01 2.57955944100697e+00 2.58054864046305e+00 9.89199456077117e-04
8.05000000000000e-01 2.59924641707786e+00 2.60017256772797e+00 9.26150650108593e-04
8.10000000000000e-01 2.61654108792745e+00 2.61739814297001e+00 8.57055042557064e-04
8.15000000000000e-01 2.63129481789948e+00 2.63207726147960e+00 7.82443580116698e-04
8.20000000000000e-01 2.64337429502404e+00 2.64407720741157e+00 7.02912387534838e-04
8.25000000000000e-01 2.65266234604397e+00 2.65328148243819e+00 6.19136394222952e-04
8.30000000000000e-01 2.65905865862757e+00 2.65959053448992e+00 5.31875862349818e-04
8.35000000000000e-01 2.66248040791624e+00 2.66292238208847e+00 4.41974172226356e-04
8.40000000000000e-01 2.66286278418709e+00 2.66321313042021e+00 3.50346233121357e-04
8.45000000000000e-01 2.66015941791970e+00 2.66041737596564e+00 2.57958045943862e-04
8.50000000000000e-01 2.65434269806631e+00 2.65450849718747e+00 1.65799121165655e-04
8.55000000000000e-01 2.64540397897947e+00 2.64547882948272e+00 7.48505032444058e-05
8.60000000000000e-01 2.63335367139235e+00 2.63333972331718e+00 1.39480751673027e-05
8.65000000000000e-01 2.61822121320150e+00 2.61812148518153e+00 9.97280199728223e-05
8.70000000000000e-01 2.60005491665627e+00 2.59987320173000e+00 1.81714926263066e-04
8.75000000000000e-01 2.57892168994417e+00 2.57866244818360e+00 2.59241760574458e-04
8.80000000000000e-01 2.55490663303674e+00 2.55457488279246e+00 3.31750244287221e-04
8.85000000000000e-01 2.52811250990528e+00 2.52771372985530e+00 3.98780049978953e-04
8.90000000000000e-01 2.49865910163776e+00 2.49819915448034e+00 4.59947157425589e-04
8.95000000000000e-01 2.46668244733706e+00 2.46616753293972e+00 5.14914397339084e-04
9.00000000000000e-01 2.43233398168495e+00 2.43177062311339e+00 5.63358571560535e-04
9.05000000000000e-01 2.39577957946080e+00 2.39517464013388e+00 6.04939326917631e-04
9.10000000000000e-01 2.35719851792094e+00 2.35655924292839e+00 6.39274992554562e-04
9.15000000000000e-01 2.31678236769434e+00 2.31611643790350e+00 6.65929790838682e-04
9.20000000000000e-01 2.27473382178976e+00 2.27404940652903e+00 6.84415260727711e-04
9.25000000000000e-01 2.23126547063981e+00 2.23057126404647e+00 6.94206593339963e-04
9.30000000000000e-01 2.18659852915080e+00 2.18590375695213e+00 6.94772198673199e-04
9.35000000000000e-01 2.14096151987793e+00 2.14027590728277e+00 6.85612595158425e-04
9.40000000000000e-01 2.09458891509902e+00 2.09392261205918e+00 6.66303039841498e-04
9.45000000000000e-01 2.04771974003906e+00 2.04708320651983e+00 6.36533519228433e-04
9.50000000000000e-01 2.00059613997705e+00 2.00000000000000e+00 5.96139977051546e-04
9.55000000000000e-01 1.95346191543653e+00 1.95291679348017e+00 5.45121956362138e-04
9.60000000000000e-01 1.90656103191328e+00 1.90607738794082e+00 4.83643972456260e-04
9.65000000000000e-01 1.86013611326032e+00 1.85972409271723e+00 4.12020543089531e-04
9.70000000000000e-01 1.81442693046564e+00 1.81409624304787e+00 3.30687417774422e-04
9.75000000000000e-01 1.76966889965759e+00 1.76942873595353e+00 2.40163704060548e-04
9.80000000000000e-01 1.72609160437563e+00 1.72595059347097e+00 1.41010904660899e-04
9.85000000000000e-01 1.68391735723607e+00 1.68388356209650e+00 3.37951395672498e-05
9.90000000000000e-01 1.64335981509056e+00 1.64344075707161e+00 8.09419810521295e-05
9.95000000000000e-01 1.60462265980566e+00 1.60482535986612e+00 2.02700060462746e-04
1.00000000000000e+00 1.56789835422928e+00 1.56822937688661e+00 3.31022657328095e-04
1.00500000000000e+00 1.53336698017540e+00 1.53383246706028e+00 4.65486884877464e-04
1.01000000000000e+00 1.50119516277117e+00 1.50180084551966e+00 6.05682748490377e-04
1.01500000000000e+00 1.47153508360288e+00 1.47228627014470e+00 7.51186541812610e-04
1.02000000000000e+00 1.44452358396167e+00 1.44542511720755e+00 9.01533245870390e-04
1.02500000000000e+00 1.42028135915656e+00 1.42133755181640e+00 1.05619265983936e-03
1.03000000000000e+00 1.39891224521386e+00 1.40012679827000e+00 1.21455305613138e-03
1.03500000000000e+00 1.38050260009022e+00 1.38187851481848e+00 1.37591472825793e-03
1.04000000000000e+00 1.36512078251209e+00 1.36666027668282e+00 1.53949417072274e-03
1.04500000000000e+00 1.35281673244297e+00 1.35452117051728e+00 1.70443807431209e-03
1.05000000000000e+00 1.34362165774894e+00 1.34549150281253e+00 1.86984506358301e-03
1.05500000000000e+00 1.33754783174380e+00 1.33958262403436e+00 2.03479229055636e-03
1.06000000000000e+00 1.33458850590048e+00 1.33678686957979e+00 2.19836367931014e-03
1.06500000000000e+00 1.33471794115155e+00 1.33707761791153e+00 2.35967675998072e-03
1.07000000000000e+00 1.33789155996902e+00 1.34040946551008e+00 2.51790554106668e-03
1.07500000000000e+00 1.34404621994409e+00 1.34671851756181e+00 2.67229761771937e-03
1.08000000000000e+00 1.35310060802662e+00 1.35592279258843e+00 2.82218456180949e-03
1.08500000000000e+00 1.36495575305472e+00 1.36792273852040e+00 2.96698546567620e-03
1.09000000000000e+00 1.37949565280984e+00 1.38260185702999e+00 3.10620422015129e-03
1.09500000000000e+00 1.39658801062940e+00 1.39982743227203e+00 3.23942164262547e-03
1.10000000000000e+00 1.41608507562814e+00 1.41945135953695e+00 3.36628390881066e-03
1.10500000000000e+00 1.43782457981533e+00 1.44131106870462e+00 3.48648888929159e-03
1.11000000000000e+00 1.46163076482671e+00 1.46523053680291e+00 3.59977197619821e-03
1.11500000000000e+00 1.48731549058359e+00 1.49102138342582e+00 3.70589284223533e-03
1.12000000000000e+00 1.51467941790979e+00 1.51848404225504e+00 3.80462434524986e-03
1.12500000000000e+00 1.54351325694910e+00 1.54740900145948e+00 3.89574451038399e-03
1.13000000000000e+00 1.57359907310599e+00 1.57757810532303e+00 3.97903221703833e-03
1.13500000000000e+00 1.60471164216384e+00 1.60876590907298e+00 4.05426690914412e-03
1.14000000000000e+00 1.63661984620764e+00 1.64074107855382e+00 4.12123234617900e-03
1.14500000000000e+00 1.66908810198814e+00 1.67326782611444e+00 4.17972412629575e-03
1.15000000000000e+00 1.70187781340563e+00 1.70610737385376e+00 4.22956044813350e-03
1.15500000000000e+00 1.73474883986154e+00 1.73901943520098e+00 4.27059533944396e-03
1.16000000000000e+00 1.76746097231398e+00 1.77176370569363e+00 4.30273337964460e-03
1.16500000000000e+00 1.79977540897078e+00 1.80410135376010e+00 4.32594478931825e-03
1.17000000000000e+00 1.83145622264319e+00 1.83579650231313e+00 4.34027966993655e-03
1.17500000000000e+00 1.86227181185322e+00 1.86661769201745e+00 4.34588016423132e-03
1.18000000000000e+00 1.89199632782424e+00 1.89633931720795e+00 4.34298938371058e-03
1.18500000000000e+00 1.92041106947988e+00 1.92474302560309e+00 4.33195612320803e-03
1.19000000000000e+00 1.94730583853472e+00 1.95161907318189e+00 4.31323464716926e-03
1.19500000000000e+00 1.97248024668849e+00 1.97676762586894e+00 4.28737918045008e-03
1.20000000000000e+00 1.99574496685873e+00 2.00000000000000e+00 4.25503314127096e-03
1.20500000000000e+00 2.01692292033212e+00 2.02113983391842e+00 4.21691358630572e-03
1.21000000000000e+00 2.03585039171965e+00 2.04002418347677e+00 4.17379175712007e-03
1.21500000000000e+00 2.05237806370358e+00 2.05650453468774e+00 4.12647098415908e-03
1.22000000000000e+00 2.06637196380086e+00 2.07044772727895e+00 4.07576347809524e-03
1.22500000000000e+00 2.07771431576723e+00 2.08173678345563e+00 4.02246768839865e-03
1.23000000000000e+00 2.08630428884653e+00 2.09027163675968e+00 3.96734791315501e-03
1.23500000000000e+00 2.09205863883406e+00 2.09596975652967e+00 3.91111769561103e-03
1.24000000000000e+00 2.09491223585934e+00 2.09876666410972e+00 3.85442825038496e-03
1.24500000000000e+00 2.09481847487573e+00 2.09861633762302e+00 3.79786274729010e-03
1.25000000000000e+00 2.09174956603081e+00 2.09549150281253e+00 3.74193678172041e-03
1.25500000000000e+00 2.08569670333436e+00 2.08938380815405e+00 3.68710481968826e-03
1.26000000000000e+00 2.07667011128560e+00 2.08030388316029e+00 3.63377187468750e-03
1.26500000000000e+00 2.06469897031353e+00 2.06828127951470e+00 3.58230920116887e-03
1.27000000000000e+00 2.04983122297778e+00 2.05336429539657e+00 3.53307241878742e-03
1.27500000000000e+00 2.03213326383028e+00 2.03561968407860e+00 3.48642024831314e-03
1.28000000000000e+00 2.01168951662702e+00 2.01513224859221e+00 3.44273196519351e-03
1.28500000000000e+00 1.98860190319037e+00 1.99200432495795e+00 3.40242176758077e-03
1.29000000000000e+00 1.96298920866041e+00 1.96635515716554e+00 3.36594850512761e-03
1.29500000000000e+00 1.93498634815450e+00 1.93832016775567e+00 3.33381960116874e-03
1.30000000000000e+00 1.90474354000815e+00 1.90805012849909e+00 3.30658849093490e-03
1.30500000000000e+00 1.87242539083397e+00 1.87571023628478e+00 3.28484545080987e-03
1.31000000000000e+00 1.83820989765234e+00 1.84147909991323e+00 3.26920226088467e-03
1.31500000000000e+00 1.80228737236202e+00 1.80554764404025e+00 3.26027167823750e-03
1.32000000000000e+00 1.76485929387153e+00 1.76811793702778e+00 3.25864315625379e-03
1.32500000000000e+00 1.72613709333901e+00 1.72940194992690e+00 3.26485658789011e-03
1.33000000000000e+00 1.68634087819385e+00 1.68962025424335e+00 3.27937604949802e-03
1.33500000000000e+00 1.64569810095237e+00 1.64900066651302e+00 3.30256556064490e-03
1.34000000000000e+00 1.60444217929320e+00 1.60777684804300e+00 3.33466874980726e-03
1.34500000000000e+00 1.56281107441359e+00 1.56618686845015e+00 3.37579403656085e-03
1.35000000000000e+00 1.52104583532151e+00 1.52447174185242e+00 3.42590653091190e-03
1.35500000000000e+00 1.47938911739580e+00 1.48287394473691e+00 3.48482734110767e-03
1.36000000000000e+00 1.43808368422485e+00 1.44163592464141e+00 3.55224041656355e-03
1.36500000000000e+00 1.39737090236718e+00 1.40099860884315e+00 3.62770647597133e-03
1.37000000000000e+00 1.35748923921764e+00 1.36119992224821e+00 3.71068303057442e-03
1.37500000000000e+00 1.31867277456669e+00 1.32247332361862e+00 3.80054905192262e-03
1.38000000000000e+00 1.28114973667082e+00 1.28504636916085e+00 3.89663249003092e-03
1.38500000000000e+00 1.24514107368312e+00 1.24913931233114e+00 3.99823864802684e-03
1.39000000000000e+00 1.21085907110974e+00 1.21496374848942e+00 4.10467737967468e-03
1.39500000000000e+00 1.17850602555964e+00 1.18272131275752e+00 4.21528719788622e-03
1.40000000000000e+00 1.14827298445486e+00 1.15260243910916e+00 4.32945465429624e-03
1.40500000000000e+00 1.12033856059293e+00 1.12478518834171e+00 4.44662774877536e-03
1.41000000000000e+00 1.09486782953531e+00 1.09943415215529e+00 4.56632261997658e-03
1.41500000000000e+00 1.07201131678377e+00 1.07669944009536e+00 4.68812331159296e-03
1.42000000000000e+00 1.05190408064352e+00 1.05671575560428e+00 4.81167496075763e-03
1.42500000000000e+00 1.03466489560939e+00 1.03960156687779e+00 4.93667126840069e-03
1.43000000000000e+00 1.02039554009043e+00 1.02545837763829e+00 5.06283754785342e-03
1.43500000000000e+00 1.00918019134901e+00 1.01437010232018e+00 5.18991097116750e-03
1.44000000000000e+00 1.00108492969858e+00 1.00640254951957e+00 5.31761982098389e-03
1.44500000000000e+00 9.96157353297448e-01 1.00160301689261e+00 5.44566359515730e-03
1.45000000000000e+00 9.94426304297759e-01 1.00000000000000e+00 5.57369570224053e-03
1.45500000000000e+00 9.95901706651437e-01 1.00160301689261e+00 5.70131024116838e-03
1.46000000000000e+00 1.00057451552100e+00 1.00640254951957e+00 5.82803399856369e-03
1.46500000000000e+00 1.00841677796289e+00 1.01437010232018e+00 5.95332435728957e-03
1.47000000000000e+00 1.01938180431439e+00 1.02545837763829e+00 6.07657332389522e-03
1.47500000000000e+00 1.03340444948406e+00 1.03960156687779e+00 6.19711739372963e-03
1.48000000000000e+00 1.05040150308473e+00 1.05671575560428e+00 6.31425251954632e-03
1.48500000000000e+00 1.07027218702768e+00 1.07669944009536e+00 6.42725306768321e-03
1.49000000000000e+00 1.09289875878918e+00 1.09943415215529e+00 6.53539336610676e-03
1.49500000000000e+00 1.11814721805300e+00 1.12478518834171e+00 6.63797028870805e-03
1.50000000000000e+00 1.14586811381702e+00 1.15260243910916e+00 6.73432529213747e-03
1.50500000000000e+00 1.17589744833681e+00 1.18272131275752e+00 6.82386442071481e-03
1.51000000000000e+00 1.20805767347826e+00 1.21496374848942e+00 6.90607501116225e-03
1.51500000000000e+00 1.24215877419293e+00 1.24913931233114e+00 6.98053813821198e-03
1.52000000000000e+00 1.27799943294486e+00 1.28504636916085e+00 7.04693621598818e-03
1.52500000000000e+00 1.31536826804544e+00 1.32247332361862e+00 7.10505557317886e-03
1.53000000000000e+00 1.35404513803026e+00 1.36119992224821e+00 7.15478421795313e-03
1.53500000000000e+00 1.39380250347737e+00 1.40099860884315e+00 7.19610536577719e-03
1.54000000000000e+00 1.43440683704907e+00 1.44163592464141e+00 7.22908759234020e-03
1.54500000000000e+00 1.47562007206557e+00 1.48287394473691e+00 7.25387267134314e-03
1.55000000000000e+00 1.51720107960033e+00 1.52447174185242e+00 7.27066225209128e-03
1.55500000000000e+00 1.55890716392968e+00 1.56618686845015e+00 7.27970452046978e-03
1.56000000000000e+00 1.60049556616572e+00 1.60777684804300e+00 7.28128187727961e-03
1.56500000000000e+00 1.64172496603652e+00 1.64900066651302e+00 7.27570047650072e-03
1.57000000000000e+00 1.68235697202976e+00 1.68962025424335e+00 7.26328221358652e-03
1.57500000000000e+00 1.72215759045598e+00 1.72940194992690e+00 7.24435947092528e-03
1.58000000000000e+00 1.76089866438899e+00 1.76811793702778e+00 7.21927263879407e-03
1.58500000000000e+00 1.79835927387514e+00 1.80554764404025e+00 7.18837016510965e-03
1.59000000000000e+00 1.83432708924471e+00 1.84147909991323e+00 7.15201066851345e-03
1.59500000000000e+00 1.86859966979289e+00 1.87571023628478e+00 7.11056649189845e-03
1.60000000000000e+00 1.90098570050889e+00 1.90805012849909e+00 7.06442799019769e-03
1.60500000000000e+00 1.93130615991935e+00 1.93832016775567e+00 7.01400783632011e-03
1.61000000000000e+00 1.95939541247700e+00 1.96635515716554e+00 6.95974468854188e-03
1.61500000000000e+00 1.98510221927690e+00 1.99200432495795e+00 6.90210568105165e-03
1.62000000000000e+00 2.00829066123365e+00 2.01513224859221e+00 6.84158735856144e-03
1.62500000000000e+00 2.02884096921865e+00 2.03561968407860e+00 6.77871485995007e-03
1.63000000000000e+00 2.04665025605295e+00 2.05336429539657e+00 6.71403934361958e-03
1.63500000000000e+00 2.06163314569297e+00 2.06828127951470e+00 6.64813382173435e-03
1.64000000000000e+00 2.07372229544502e+00 2.08030388316029e+00 6.58158771527306e-03
1.64500000000000e+00 2.08286880760866e+00 2.08938380815405e+00 6.51500054539689e-03
1.65000000000000e+00 2.08904252758080e+00 2.09549150281253e+00 6.44897523173116e-03
1.65500000000000e+00 2.09223222615244e+00 2.09861633762302e+00 6.38411147058271e-03
1.66000000000000e+00 2.09244566448913e+00 2.09876666410972e+00 6.32099962059662e-03
1.66500000000000e+00 2.08970954109645e+00 2.09596975652967e+00 6.26021543322386e-03
1.67000000000000e+00 2.08406932091615e+00 2.09027163675968e+00 6.20231584353315e-03
1.67500000000000e+00 2.07558894756021e+00 2.08173678345563e+00 6.14783589542078e-03
1.68000000000000e+00 2.06435044054956e+00 2.07044772727895e+00 6.09728672939447e-03
1.68500000000000e+00 2.05045338025952e+00 2.05650453468774e+00 6.05115442821891e-03
1.69000000000000e+00 2.03401428406843e+00 2.04002418347677e+00 6.00989940834218e-03
1.69500000000000e+00 2.01516587793971e+00 2.02113983391842e+00 5.97395597871175e-03
1.70000000000000e+00 1.99405626832993e+00 2.00000000000000e+00 5.94373167007367e-03
1.70500000000000e+00 1.97084801989683e+00 1.97676762586893e+00 5.91960597210162e-03
1.71000000000000e+00 1.94571714498105e+00 1.95161907318189e+00 5.90192820084612e-03
1.71500000000000e+00 1.91885201125651e+00 1.92474302560309e+00 5.89101434657358e-03
1.72000000000000e+00 1.89045217429826e+00 1.89633931720795e+00 5.88714290969272e-03
1.72500000000000e+00 1.86072714211616e+00 1.86661769201745e+00 5.89054990129334e-03
1.73000000000000e+00 1.82989507896658e+00 1.83579650231313e+00 5.90142334654642e-03
1.73500000000000e+00 1.79818145599899e+00 1.80410135376010e+00 5.91989776111057e-03
1.74000000000000e+00 1.76581765653631e+00 1.77176370569363e+00 5.94604915731756e-03
1.74500000000000e+00 1.73303954403891e+00 1.73901943520098e+00 5.97989116206654e-03
1.75000000000000e+00 1.70008600106687e+00 1.70610737385376e+00 6.02137278689474e-03
1.75500000000000e+00 1.66719744783271e+00 1.67326782611444e+00 6.07037828172441e-03
1.76000000000000e+00 1.63461434921760e+00 1.64074107855382e+00 6.12672933621794e-03
1.76500000000000e+00 1.60257571939103e+00 1.60876590907298e+00 6.19018968195051e-03
1.77000000000000e+00 1.57131763340680e+00 1.57757810532303e+00 6.26047191622625e-03
1.77500000000000e+00 1.54107175532017e+00 1.54740900145948e+00 6.33724613931141e-03
1.78000000000000e+00 1.51206389245864e+00 1.51848404225504e+00 6.42014979640160e-03
1.78500000000000e+00 1.48451258545823e+00 1.49102138342582e+00 6.50879796759263e-03
1.79000000000000e+00 1.45862774353026e+00 1.46523053680291e+00 6.60279327264934e-03
1.79500000000000e+00 1.43460933414272e+00 1.44131106870462e+00 6.70173456189760e-03
1.80000000000000e+00 1.41264613588053e+00 1.41945135953695e+00 6.80522365642422e-03
1.80500000000000e+00 1.39291456270181e+00 1.39982743227203e+00 6.91286957021542e-03
1.81000000000000e+00 1.37557756714752e+00 1.38260185702999e+00 7.02428988247172e-03
1.81500000000000e+00 1.36078362931462e+00 1.36792273852040e+00 7.13910920578398e-03
1.82000000000000e+00 1.34866583759852e+00 1.35592279258843e+00 7.25695498990486e-03
1.82500000000000e+00 1.33934106637989e+00 1.34671851756181e+00 7.37745118192756e-03
1.83000000000000e+00 1.33290925500760e+00 1.34040946551008e+00 7.50021050248417e-03
1.83500000000000e+00 1.32945279164076e+00 1.33707761791153e+00 7.62482627077743e-03
1.84000000000000e+00 1.32903600478135e+00 1.33678686957979e+00 7.75086479843923e-03
1.84500000000000e+00 1.33170476467127e+00 1.33958262403436e+00 7.87785936308993e-03
1.85000000000000e+00 1.33748619614663e+00 1.34549150281253e+00 8.00530666589805e-03
1.85500000000000e+00 1.34638850403738e+00 1.35452117051728e+00 8.13266647990485e-03
1.86000000000000e+00 1.35840091175793e+00 1.36666027668282e+00 8.25936492488388e-03
1.86500000000000e+00 1.37349371333501e+00 1.38187851481848e+00 8.38480148346377e-03
1.87000000000000e+00 1.39161843873926e+00 1.40012679827000e+00 8.50835953073981e-03
1.87500000000000e+00 1.41270813199880e+00 1.42133755181640e+00 8.62941981760468e-03
1.88000000000000e+00 1.43667774115067e+00 1.44542511720755e+00 8.74737605687148e-03
1.88500000000000e+00 1.46342461860553e+00 1.47228627014470e+00 8.86165153917129e-03
1.89000000000000e+00 1.49282912994589e+00 1.50180084551967e+00 8.97171557377274e-03
1.89500000000000e+00 1.52475536853853e+00 1.53383246706028e+00 9.07709852174809e-03
1.90000000000000e+00 1.55905197261642e+00 1.56822937688661e+00 9.17740427018710e-03
1.90500000000000e+00 1.59555304068609e+00 1.60482535986612e+00 9.27231918002436e-03
1.91000000000000e+00 1.63407914025933e+00 1.64344075707161e+00 9.36161681228076e-03
1.91500000000000e+00 1.67443840402201e+00 1.68388356209650e+00 9.44515807449009e-03
1.92000000000000e+00 1.71642770666969e+00 1.72595059347097e+00 9.52288680127467e-03
1.92500000000000e+00 1.75983391479598e+00 1.76942873595353e+00 9.59482115755295e-03
1.93000000000000e+00 1.80443520145158e+00 1.81409624304787e+00 9.66104159629388e-03
1.93500000000000e+00 1.85000241633436e+00 1.85972409271723e+00 9.72167638286137e-03
1.94000000000000e+00 1.89630050204916e+00 1.90607738794082e+00 9.77688589165515e-03
1.94500000000000e+00 1.94308994651261e+00 1.95291679348017e+00 9.82684696755443e-03
1.95000000000000e+00 1.99012826138039e+00 2.00000000000000e+00 9.87173861960877e-03
1.95500000000000e+00 2.03717147634116e+00 2.04708320651983e+00 9.91173017867064e-03
1.96000000000000e+00 2.08397563924033e+00 2.09392261205918e+00 9.94697281884260e-03
1.96500000000000e+00 2.13029831224572e+00 2.14027590728277e+00 9.97759503705486e-03
1.97000000000000e+00 2.17590005461686e+00 2.18590375695213e+00 1.00037023352693e-02
1.97500000000000e+00 2.22054588305721e+00 2.23057126404646e+00 1.00253809892510e-02
1.98000000000000e+00 2.26400670107822e+00 2.27404940652903e+00 1.00427054508079e-02
1.98500000000000e+00 2.30606068925831e+00 2.31611643790350e+00 1.00557486451915e-02
1.99000000000000e+00 2.34649464871032e+00 2.35655924292839e+00 1.00645942180702e-02
1.99500000000000e+00 2.38510529046515e+00 2.39517464013388e+00 1.00693496687350e-02
2.00000000000000e+00 2.42170046382908e+00 2.43177062311339e+00 1.00701592843073e-02
2.00500000000000e+00 2.45610031708384e+00 2.46616753293972e+00 1.00672158558810e-02
2.01000000000000e+00 2.48813838418177e+00 2.49819915448034e+00 1.00607702985642e-02
2.01500000000000e+00 2.51766259136389e+00 2.52771372985530e+00 1.00511384914084e-02
2.02000000000000e+00 2.54453617791471e+00 2.55457488279245e+00 1.00387048777395e-02
2.02500000000000e+00 2.56863852558535e+00 2.57866244818359e+00 1.00239225982488e-02
2.03000000000000e+00 2.58986589158108e+00 2.59987320173000e+00 1.00073101489184e-02
2.03500000000000e+00 2.60813204043186e+00 2.61812148518152e+00 9.98944474966246e-03
2.04000000000000e+00 2.62336877054811e+00 2.63333972331718e+00 9.97095276907434e-03
2.04500000000000e+00 2.63552633180880e+00 2.64547882948272e+00 9.95249767391604e-03
2.05000000000000e+00 2.64457373112665e+00 2.65450849718747e+00 9.93476606082666e-03
2.05500000000000e+00 2.65049892357977e+00 2.66041737596564e+00 9.91845238586953e-03
2.06000000000000e+00 2.65330888737944e+00 2.66321313042021e+00 9.90424304077342e-03
2.06500000000000e+00 2.65302958165261e+00 2.66292238208847e+00 9.89280043585827e-03
2.07000000000000e+00 2.64970578675020e+00 2.65959053448992e+00 9.88474773971593e-03
2.07500000000000e+00 2.64340082754160e+00 2.65328148243819e+00 9.88065489658974e-03
2.08000000000000e+00 2.63419618092229e+00 2.64407720741157e+00 9.88102648928102e-03
2.08500000000000e+00 2.62219096954014e+00 2.63207726147960e+00 9.88629193946311e-03
2.09000000000000e+00 2.60750134453263e+00 2.61739814297001e+00 9.89679843737612e-03
2.09500000000000e+00 2.59025976085796e+00 2.60017256772797e+00 9.91280687000984e-03
2.10000000000000e+00 2.57061414958424e+00 2.58054864046305e+00 9.93449087880993e-03
2.10500000000000e+00 2.54872699226561e+00 2.55868893129538e+00 9.96193902977049e-03
2.11000000000000e+00 2.52477430326500e+00 2.53476946319710e+00 9.99515993209199e-03
2.11500000000000e+00 2.49894452656899e+00 2.50897861657418e+00 1.00340900051852e-02
2.12000000000000e+00 2.47143735426850e+00 2.48151595774496e+00 1.00786034764586e-02
2.12500000000000e+00 2.44246247443941e+00 2.45259099854052e+00 1.01285241011086e-02
2.13000000000000e+00 2.41223825664608e+00 2.42242189467697e+00 1.01836380308944e-02
2.13500000000000e+00 2.38099038370422e+00 2.39123409092702e+00 1.02437072227954e-02
2.14000000000000e+00 2.34895043868090e+00 2.35925892144618e+00 1.03084827652862e-02
2.14500000000000e+00 2.31635445637883e+00 2.32673217388556e+00 1.03777175067310e-02
2.15000000000000e+00 2.28344144875608e+00 2.29389262614624e+00 1.04511773901583e-02
2.15500000000000e+00 2.25045191386864e+00 2.26098056479902e+00 1.05286509303801e-02
2.16000000000000e+00 2.21762633799344e+00 2.22823629430637e+00 1.06099563129307e-02
2.16500000000000e+00 2.18520370058836e+00 2.19589864623990e+00 1.06949456515455e-02
2.17000000000000e+00 2.15341999166691e+00 2.16420349768687e+00 1.07835060199610e-02
2.17500000000000e+00 2.12250675100140e+00 2.13338230798255e+00 1.08755569811434e-02
2.18000000000000e+00 2.09268963831214e+00 2.10366068279205e+00 1.09710444799118e-02
2.18500000000000e+00 2.06418704324936e+00 2.07525697439691e+00 1.10699311475568e-02
2.19000000000000e+00 2.03720874352920e+00 2.04838092681811e+00 1.11721832889082e-02
2.19500000000000e+00 2.01195461905499e+00 2.02323237413107e+00 1.12777550760748e-02
2.20000000000000e+00 1.98861342925718e+00 2.00000000000000e+00 1.13865707428185e-02
2.20500000000000e+00 1.96736166024109e+00 1.97886016608158e+00 1.14985058404899e-02
2.21000000000000e+00 1.94836244767420e+00 1.95997581652323e+00 1.16133688490323e-02
2.21500000000000e+00 1.93176458070309e+00 1.94349546531226e+00 1.17308846091746e-02
2.22000000000000e+00 1.91770159160050e+00 1.92955227272105e+00 1.18506811205428e-02
2.22500000000000e+00 1.90629093533309e+00 1.91826321654437e+00 1.19722812112799e-02
2.23000000000000e+00 1.89763326283177e+00 1.90972836324032e+00 1.20951004085466e-02
2.23500000000000e+00 1.89181179145165e+00 1.90403024347033e+00 1.22184520186819e-02
2.24000000000000e+00 1.88889177592241e+00 1.90123333589028e+00 1.23415599678669e-02
2.24500000000000e+00 1.88892008299711e+00 1.90138366237698e+00 1.24635793798662e-02
2.25000000000000e+00 1.89192487297306e+00 1.90450849718747e+00 1.25836242144091e-02
2.25500000000000e+00 1.89791539123705e+00 1.91061619184595e+00 1.27008006088956e-02
2.26000000000000e+00 1.90688187292055e+00 1.91969611683971e+00 1.28142439191654e-02
2.26500000000000e+00 1.91879556357561e+00 1.93171872048530e+00 1.29231569096888e-02
2.27000000000000e+00 1.93360885843572e+00 1.94663570460343e+00 1.30268461677141e-02
2.27500000000000e+00 1.95125556225082e+00 1.96438031592140e+00 1.31247536705767e-02
2.28000000000000e+00 1.97165127084182e+00 1.98486775140779e+00 1.32164805659654e-02
2.28500000000000e+00 1.99469387438654e+00 2.00799567504205e+00 1.33018006555068e-02
2.29000000000000e+00 2.02026418103653e+00 2.03364484283446e+00 1.33806617979233e-02
2.29500000000000e+00 2.04822665781330e+00 2.06167983224433e+00 1.34531744310307e-02
2.30000000000000e+00 2.07843028391959e+00 2.09194987150091e+00 1.35195875813170e-02
2.30500000000000e+00 2.11070950973486e+00 2.12428976371522e+00 1.35802539803529e-02
2.31000000000000e+00 2.14488531297214e+00 2.15852090008677e+00 1.36355871146310e-02
2.31500000000000e+00 2.18076634190583e+00 2.19445235595975e+00 1.36860140539126e-02
2.32000000000000e+00 2.21815013437119e+00 2.23188206297221e+00 1.37319286010245e-02
2.32500000000000e+00 2.25682440051282e+00 2.27059805007310e+00 1.37736495602727e-02
2.33000000000000e+00 2.29656835709705e+00 2.31037974575665e+00 1.38113886595996e-02
2.33500000000000e+00 2.33715410162892e+00 2.35099933348698e+00 1.38452318580611e-02
2.34000000000000e+00 2.37834801548418e+00 2.39222315195699e+00 1.38751364728198e-02
2.34500000000000e+00 2.41991218666780e+00 2.43381313154985e+00 1.39009448820482e-02
2.35000000000000e+00 2.46160584446720e+00 2.47552825814758e+00 1.39224136803784e-02
2.35500000000000e+00 2.50318679995822e+00 2.51712605526309e+00 1.39392553048676e-02
2.36000000000000e+00 2.54441288780548e+00 2.55836407535858e+00 1.39511875531033e-02
2.36500000000000e+00 2.58504340584926e+00 2.59900139115685e+00 1.39579853075933e-02
2.37000000000000e+00 2.62484054941434e+00 2.63880007775179e+00 1.39595283374470e-02
2.37500000000000e+00 2.66357083701480e+00 2.67752667638138e+00 1.39558393665835e-02
2.38000000000000e+00 2.70100652316792e+00 2.71495363083914e+00 1.39471076712199e-02
2.38500000000000e+00 2.73692699248398e+00 2.75086068766886e+00 1.39336951848810e-02
2.39000000000000e+00 2.77112012727300e+00 2.78503625151058e+00 1.39161242375843e-02
2.39500000000000e+00 2.80338363888681e+00 2.81727868724248e+00 1.38950483556695e-02
2.40000000000000e+00 2.83352635120215e+00 2.84739756089084e+00 1.38712096886917e-02
2.40500000000000e+00 2.86136942334224e+00 2.87521481165829e+00 1.38453883160583e-02
2.41000000000000e+00 2.88674749816607e+00 2.90056584784471e+00 1.38183496786466e-02
2.41500000000000e+00 2.90950976335901e+00 2.92330055990463e+00 1.37907965456234e-02
2.42000000000000e+00 2.92952091315677e+00 2.94328424439572e+00 1.37633312389536e-02
2.42500000000000e+00 2.94666200072240e+00 2.96039843312221e+00 1.37364323998059e-02
2.43000000000000e+00 2.96083117376499e+00 2.97454162236171e+00 1.37104485967248e-02
2.43500000000000e+00 2.97194428885671e+00 2.98562989767982e+00 1.36856088231090e-02
2.44000000000000e+00 2.97993540275913e+00 2.99359745048043e+00 1.36620477213079e-02
2.44500000000000e+00 2.98475714160816e+00 2.99839698310739e+00 1.36398414992387e-02
2.45000000000000e+00 2.98638095078569e+00 3.00000000000000e+00 1.36190492143107e-02
2.45500000000000e+00 2.98479722956349e+00 2.99839698310739e+00 1.35997535439043e-02
2.46000000000000e+00 2.98001535508614e+00 2.99359745048044e+00 1.35820953942969e-02
2.46500000000000e+00 2.97206360001474e+00 2.98562989767982e+00 1.35662976650877e-02
2.47000000000000e+00 2.96098894732795e+00 2.97454162236171e+00 1.35526750337593e-02
2.47500000000000e+00 2.94685680458637e+00 2.96039843312221e+00 1.35416285358394e-02
2.48000000000000e+00 2.92975061866835e+00 2.94328424439572e+00 1.35336257273733e-02
2.48500000000000e+00 2.90977139083677e+00 2.92330055990464e+00 1.35291690678696e-02
2.49000000000000e+00 2.88703709122918e+00 2.90056584784471e+00 1.35287566155324e-02
2.49500000000000e+00 2.86168197164448e+00 2.87521481165830e+00 1.35328400138182e-02
2.50000000000000e+00 2.83385577591983e+00 2.84739756089084e+00 1.35417849710149e-02
2.50500000000000e+00 2.80372284825170e+00 2.81727868724248e+00 1.35558389907855e-02
2.51000000000000e+00 2.77146114142549e+00 2.78503625151058e+00 1.35751100850912e-02
2.51500000000000e+00 2.73726112892362e+00 2.75086068766886e+00 1.35995587452409e-02
2.52000000000000e+00 2.70132462706997e+00 2.71495363083915e+00 1.36290037691795e-02
2.52500000000000e+00 2.66386353551355e+00 2.67752667638138e+00 1.36631408678398e-02
2.53000000000000e+00 2.62509850623881e+00 2.63880007775179e+00 1.37015715129820e-02
2.53500000000000e+00 2.58525755273919e+00 2.59900139115685e+00 1.37438384176591e-02
2.54000000000000e+00 2.54457461189083e+00 2.55836407535859e+00 1.37894634677593e-02
2.54500000000000e+00 2.50328807137432e+00 2.51712605526309e+00 1.38379838887697e-02
2.55000000000000e+00 2.46163927524890e+00 2.47552825814758e+00 1.38889828986799e-02
2.55500000000000e+00 2.41987101958003e+00 2.43381313154985e+00 1.39421119698202e-02
2.56000000000000e+00 2.37822604900013e+00 2.39222315195700e+00 1.39971029568740e-02
2.56500000000000e+00 2.33694556390311e+00 2.35099933348698e+00 1.40537695838701e-02
2.57000000000000e+00 2.29626774679305e+00 2.31037974575666e+00 1.41119989636058e-02
2.57500000000000e+00 2.25642631525829e+00 2.27059805007310e+00 1.41717348148105e-02
2.58000000000000e+00 2.21764910821785e+00 2.23188206297222e+00 1.42329547543691e-02
2.58500000000000e+00 2.18015671153321e+00 2.19445235595975e+00 1.42956444265403e-02
2.59000000000000e+00 2.14416112879764e+00 2.15852090008678e+00 1.43597712891337e-02
2.59500000000000e+00 2.10986450307056e+00 2.12428976371522e+00 1.44252606446540e-02
2.60000000000000e+00 2.07745789545078e+00 2.09194987150091e+00 1.44919760501327e-02
2.60500000000000e+00 2.04712012660449e+00 2.06167983224433e+00 1.45597056398383e-02
2.61000000000000e+00 2.01901668760093e+00 2.03364484283446e+00 1.46281552335283e-02
2.61500000000000e+00 1.99329872659036e+00 2.00799567504205e+00 1.46969484516934e-02
2.62000000000000e+00 1.97010211793289e+00 1.98486775140779e+00 1.47656334749029e-02
2.62500000000000e+00 1.94954662031548e+00 1.96438031592140e+00 1.48336956059287e-02
2.63000000000000e+00 1.93173513016217e+00 1.94663570460343e+00 1.49005744412642e-02
2.63500000000000e+00 1.91675303624983e+00 1.93171872048530e+00 1.49656842354702e-02
2.64000000000000e+00 1.90466768089896e+00 1.91969611683971e+00 1.50284359407555e-02
2.64500000000000e+00 1.89552793243688e+00 1.91061619184595e+00 1.50882594090698e-02
2.65000000000000e+00 1.88936387285021e+00 1.90450849718747e+00 1.51446243372664e-02
2.65500000000000e+00 1.88618660367944e+00 1.90138366237698e+00 1.51970586975387e-02
2.66000000000000e+00 1.88598817227814e+00 1.90123333589028e+00 1.52451636121347e-02
2.66500000000000e+00 1.88874161958376e+00 1.90403024347033e+00 1.52886238865704e-02
2.67000000000000e+00 1.89440114953819e+00 1.90972836324032e+00 1.53272137021245e-02
2.67500000000000e+00 1.90290241927222e+00 1.91826321654437e+00 1.53607972721501e-02
2.68000000000000e+00 1.91416294813834e+00 1.92955227272105e+00 1.53893245827001e-02
2.68500000000000e+00 1.92808264266310e+00 1.94349546531226e+00 1.54128226491554e-02
2.69000000000000e+00 1.94454443350673e+00 1.95997581652323e+00 1.54313830165003e-02
2.69500000000000e+00 1.96341501959040e+00 1.97886016608158e+00 1.54451464911747e-02
2.70000000000000e+00 1.98454571369999e+00 2.00000000000000e+00 1.54542863000098e-02
2.70500000000000e+00 2.00777338312554e+00 2.02323237413106e+00 1.54589910055272e-02
2.71000000000000e+00 2.03292147826930e+00 2.04838092681811e+00 1.54594485488091e-02
2.71500000000000e+00 2.05980114166657e+00 2.07525697439691e+00 1.54558327303449e-02
2.72000000000000e+00 2.08821238952453e+00 2.10366068279205e+00 1.54482932675237e-02
2.72500000000000e+00 2.11794535769205e+00 2.13338230798255e+00 1.54369502904994e-02
2.73000000000000e+00 2.14878160391538e+00 2.16420349768687e+00 1.54218937714905e-02
2.73500000000000e+00 2.18049545828962e+00 2.19589864623990e+00 1.54031879502772e-02
2.74000000000000e+00 2.21285541394692e+00 2.22823629430637e+00 1.53808803594484e-02
2.74500000000000e+00 2.24562555019161e+00 2.26098056479902e+00 1.53550146074042e-02
2.75000000000000e+00 2.27856698045497e+00 2.29389262614624e+00 1.53256456912616e-02
2.75500000000000e+00 2.31143931755536e+00 2.32673217388556e+00 1.52928563302024e-02
2.76000000000000e+00 2.34400214878115e+00 2.35925892144618e+00 1.52567726650332e-02
2.76500000000000e+00 2.37601651323993e+00 2.39123409092702e+00 1.52175776870851e-02
2.77000000000000e+00 2.40724637373408e+00 2.42242189467697e+00 1.51755209428921e-02
2.77500000000000e+00 2.43746007514184e+00 2.45259099854052e+00 1.51309233986732e-02
2.78000000000000e+00 2.46643178093744e+00 2.48151595774496e+00 1.50841768075152e-02
2.78500000000000e+00 2.49394287911793e+00 2.50897861657418e+00 1.50357374562526e-02
2.79000000000000e+00 2.51978334847772e+00 2.53476946319709e+00 1.49861147193753e-02
2.79500000000000e+00 2.54375307594260e+00 2.55868893129538e+00 1.49358553527756e-02
2.80000000000000e+00 2.56566311559990e+00 2.58054864046305e+00 1.48855248631503e-02
2.80500000000000e+00 2.58533688018314e+00 2.60017256772797e+00 1.48356875448314e-02
2.81000000000000e+00 2.60261125611263e+00 2.61739814297001e+00 1.47868868573782e-02
2.81500000000000e+00 2.61733763375890e+00 2.63207726147960e+00 1.47396277206964e-02
2.82000000000000e+00 2.62938284536382e+00 2.64407720741157e+00 1.46943620477562e-02
2.82500000000000e+00 2.63863000398186e+00 2.65328148243819e+00 1.46514784563250e-02
2.83000000000000e+00 2.64497923783579e+00 2.65959053448992e+00 1.46112966541248e-02
2.83500000000000e+00 2.64834831555510e+00 2.66292238208847e+00 1.45740665333687e-02
2.84000000000000e+00 2.64867315882230e+00 2.66321313042021e+00 1.45399715979164e-02
2.84500000000000e+00 2.64590823994308e+00 2.66041737596564e+00 1.45091360225615e-02
2.85000000000000e+00 2.64002686275020e+00 2.65450849718747e+00 1.44816344372778e-02
2.85500000000000e+00 2.63102132603751e+00 2.64547882948272e+00 1.44575034452035e-02
2.86000000000000e+00 2.61890296940819e+00 2.63333972331719e+00 1.44367539089982e-02
2.86500000000000e+00 2.60370210203450e+00 2.61812148518152e+00 1.44193831470214e-02
2.87000000000000e+00 2.58546781540149e+00 2.59987320173000e+00 1.44053863285145e-02
2.87500000000000e+00 2.56426768167369e+00 2.57866244818360e+00 1.43947665099091e-02
2.88000000000000e+00 2.54018733991400e+00 2.55457488279246e+00 1.43875428784592e-02
2.88500000000000e+00 2.51332997300616e+00 2.52771372985530e+00 1.43837568491447e-02
2.89000000000000e+00 2.48381567878337e+00 2.49819915448034e+00 1.43834756969619e-02
2.89500000000000e+00 2.45178073952293e+00 2.46616753293972e+00 1.43867934167927e-02
2.90000000000000e+00 2.41737679459552e+00 2.43177062311339e+00 1.43938285178740e-02
2.90500000000000e+00 2.38076992161796e+00 2.39517464013388e+00 1.44047185159266e-02
2.91000000000000e+00 2.34213963191256e+00 2.35655924292839e+00 1.44196110158292e-02
2.91500000000000e+00 2.30167778640554e+00 2.31611643790350e+00 1.44386514979629e-02
2.92000000000000e+00 2.25958743829516e+00 2.27404940652904e+00 1.44619682338738e-02
2.92500000000000e+00 2.21608160891435e+00 2.23057126404647e+00 1.44896551321185e-02
2.93000000000000e+00 2.17138200324404e+00 2.18590375695213e+00 1.45217537080873e-02
2.93500000000000e+00 2.12571767156800e+00 2.14027590728278e+00 1.45582357147771e-02
2.94000000000000e+00 2.07932362386244e+00 2.09392261205918e+00 1.45989881967421e-02
2.94500000000000e+00 2.03243940374803e+00 2.04708320651984e+00 1.46438027718054e-02
2.95000000000000e+00 1.98530762924058e+00 2.00000000000000e+00 1.46923707594229e-02
2.95500000000000e+00 1.93817250813024e+00 1.95291679348017e+00 1.47442853499304e-02
2.96000000000000e+00 1.89127833657628e+00 1.90607738794082e+00 1.47990513645444e-02
2.96500000000000e+00 1.84486799036554e+00 1.85972409271723e+00 1.48561023516856e-02
2.97000000000000e+00 1.79918141915465e+00 1.81409624304787e+00 1.49148238932220e-02
2.97500000000000e+00 1.75445415479204e+00 1.76942873595354e+00 1.49745811614967e-02
2.98000000000000e+00 1.71091584537859e+00 1.72595059347097e+00 1.50347480923836e-02
2.98500000000000e+00 1.66878882697215e+00 1.68388356209651e+00 1.50947351243595e-02
2.99000000000000e+00 1.62828674469488e+00 1.64344075707161e+00 1.51540123767295e-02
2.99500000000000e+00 1.58961323442614e+00 1.60482535986612e+00 1.52121254399737e-02
3.00000000000000e+00 1.55296067526561e+00 1.56822937688661e+00 1.52687016210014e-02
3.00500000000000e+00 1.51850902158999e+00 1.53383246706028e+00 1.53234454702900e-02
3.01000000000000e+00 1.48642472190174e+00 1.50180084551966e+00 1.53761236179246e-02
3.01500000000000e+00 1.45685972991329e+00 1.47228627014470e+00 1.54265402314078e-02
3.02000000000000e+00 1.42995061157822e+00 1.44542511720755e+00 1.54745056293222e-02
3.02500000000000e+00 1.40581775022590e+00 1.42133755181641e+00 1.55198015905067e-02
3.03000000000000e+00 1.38456465071601e+00 1.40012679827000e+00 1.55621475539831e-02
3.03500000000000e+00 1.36627734271363e+00 1.38187851481848e+00 1.56011721048483e-02
3.04000000000000e+00 1.35102388285002e+00 1.36666027668282e+00 1.56363938327961e-02
3.04500000000000e+00 1.33885395569209e+00 1.35452117051728e+00 1.56672148251904e-02
3.05000000000000e+00 1.32979857403401e+00 1.34549150281253e+00 1.56929287785108e-02
3.05500000000000e+00 1.32386987994234e+00 1.33958262403436e+00 1.57127440920228e-02
3.06000000000000e+00 1.32106104906764e+00 1.33678686957979e+00 1.57258205121473e-02
3.06500000000000e+00 1.32134630178354e+00 1.33707761791153e+00 1.57313161279959e-02
3.07000000000000e+00 1.32468102551587e+00 1.34040946551008e+00 1.57284399942113e-02
3.07500000000000e+00 1.33100201297045e+00 1.34671851756181e+00 1.57165045913588e-02
3.08000000000000e+00 1.34022782068525e+00 1.35592279258843e+00 1.56949719031712e-02
3.08500000000000e+00 1.35225925130506e+00 1.36792273852040e+00 1.56634872153401e-02
3.09000000000000e+00 1.36697996117269e+00 1.38260185702999e+00 1.56218958572956e-02
3.09500000000000e+00 1.38425719231858e+00 1.39982743227203e+00 1.55702399534441e-02
3.10000000000000e+00 1.40394262488305e+00 1.41945135953695e+00 1.55087346538987e-02
3.10500000000000e+00 1.42587334269777e+00 1.44131106870462e+00 1.54377260068461e-02
3.11000000000000e+00 1.44987290152974e+00 1.46523053680290e+00 1.53576352731604e-02
3.11500000000000e+00 1.47575248674052e+00 1.49102138342582e+00 1.52688966853005e-02
3.12000000000000e+00 1.50331214519988e+00 1.51848404225504e+00 1.51718970551629e-02
3.12500000000000e+00 1.53234207551400e+00 1.54740900145948e+00 1.50669259454770e-02
3.13000000000000e+00 1.56262396114214e+00 1.57757810532302e+00 1.49541441808885e-02
3.13500000000000e+00 1.59393233276974e+00 1.60876590907298e+00 1.48335763032357e-02
3.14000000000000e+00 1.62603594916600e+00 1.64074107855382e+00 1.47051293878173e-02
3.14500000000000e+00 1.65869918927636e+00 1.67326782611444e+00 1.45686368380769e-02
3.15000000000000e+00 1.69168345193988e+00 1.70610737385376e+00 1.44239219138826e-02
3.15500000000000e+00 1.72474856276111e+00 1.73901943520098e+00 1.42708724398681e-02
3.16000000000000e+00 1.75765418972750e+00 1.77176370569363e+00 1.41095159661235e-02
3.16500000000000e+00 1.79016126970736e+00 1.80410135376010e+00 1.39400840527339e-02
3.17000000000000e+00 1.82203344678703e+00 1.83579650231313e+00 1.37630555260979e-02
3.17500000000000e+00 1.85303852060510e+00 1.86661769201745e+00 1.35791714123557e-02
3.18000000000000e+00 1.88294989881033e+00 1.89633931720795e+00 1.33894183976160e-02
3.18500000000000e+00 1.91154804315392e+00 1.92474302560309e+00 1.31949824491708e-02
3.19000000000000e+00 1.93862189431458e+00 1.95161907318189e+00 1.29971788673064e-02
3.19500000000000e+00 1.96397025713057e+00 1.97676762586893e+00 1.27973687383622e-02
3.20000000000000e+00 1.98740312611464e+00 2.00000000000000e+00 1.25968738853612e-02
3.20500000000000e+00 2.00874293132243e+00 2.02113983391842e+00 1.23969025959880e-02
3.21000000000000e+00 2.02782568685575e+00 2.04002418347677e+00 1.21984966210151e-02
3.21500000000000e+00 2.04450202820013e+00 2.05650453468774e+00 1.20025064876148e-02
3.22000000000000e+00 2.05863812962873e+00 2.07044772727895e+00 1.18095976502262e-02
3.22500000000000e+00 2.07011649830500e+00 2.08173678345563e+00 1.16202851506322e-02
3.23000000000000e+00 2.07883664670430e+00 2.09027163675968e+00 1.14349900553803e-02
3.23500000000000e+00 2.08471564887315e+00 2.09596975652967e+00 1.12541076565194e-02
3.24000000000000e+00 2.08768858837374e+00 2.09876666410972e+00 1.10780757359858e-02
3.24500000000000e+00 2.08770890629761e+00 2.09861633762302e+00 1.09074313254101e-02
3.25000000000000e+00 2.08474865652635e+00 2.09549150281253e+00 1.07428462861789e-02
3.25500000000000e+00 2.07879867276751e+00 2.08938380815405e+00 1.05851353865378e-02
3.26000000000000e+00 2.06986864830885e+00 2.08030388316029e+00 1.04352348514403e-02
3.26500000000000e+00 2.05798712554882e+00 2.06828127951470e+00 1.02941539658867e-02
3.27000000000000e+00 2.04320138887420e+00 2.05336429539657e+00 1.01629065223738e-02
3.27500000000000e+00 2.02557725201312e+00 2.03561968407860e+00 1.00424320654806e-02
3.28000000000000e+00 2.00519873011230e+00 2.01513224859221e+00 9.93351847991386e-03
3.28500000000000e+00 1.98216758774866e+00 1.99200432495795e+00 9.83673720928957e-03
3.29000000000000e+00 1.95660275687041e+00 1.96635515716554e+00 9.75240029512858e-03
3.29500000000000e+00 1.92863962292514e+00 1.93832016775567e+00 9.68054483052949e-03
3.30000000000000e+00 1.89842918253744e+00 1.90805012849909e+00 9.62094596164897e-03
3.30500000000000e+00 1.86613708122868e+00 1.87571023628479e+00 9.57315505610379e-03
3.31000000000000e+00 1.83194254398608e+00 1.84147909991323e+00 9.53655592714475e-03
3.31500000000000e+00 1.79603721431055e+00 1.80554764404025e+00 9.51042972970528e-03
3.32000000000000e+00 1.75862391834146e+00 1.76811793702778e+00 9.49401868631949e-03
3.32500000000000e+00 1.71991536981208e+00 1.72940194992690e+00 9.48658011482473e-03
3.33000000000000e+00 1.68013282935118e+00 1.68962025424335e+00 9.48742489217147e-03
3.33500000000000e+00 1.63950472869192e+00 1.64900066651302e+00 9.49593782110081e-03
3.34000000000000e+00 1.59826526742697e+00 1.60777684804301e+00 9.51158061603197e-03
3.34500000000000e+00 1.55665298769045e+00 1.56618686845015e+00 9.53388075969808e-03
3.35000000000000e+00 1.51490933091970e+00 1.52447174185243e+00 9.56241093273080e-03
3.35500000000000e+00 1.47327718071059e+00 1.48287394473692e+00 9.59676402632903e-03
3.36000000000000e+00 1.43199939651496e+00 1.44163592464142e+00 9.63652812645810e-03
3.36500000000000e+00 1.39131734416374e+00 1.40099860884315e+00 9.68126467940400e-03
3.37000000000000e+00 1.35146943053337e+00 1.36119992224821e+00 9.73049171483886e-03
3.37500000000000e+00 1.31268965078655e+00 1.32247332361862e+00 9.78367283206527e-03
3.38000000000000e+00 1.27520615733549e+00 1.28504636916086e+00 9.84021182536976e-03
3.38500000000000e+00 1.23923985996652e+00 1.24913931233114e+00 9.89945236462297e-03
3.39000000000000e+00 1.20500306650646e+00 1.21496374848942e+00 9.96068198295941e-03
3.39500000000000e+00 1.17269817312919e+00 1.18272131275752e+00 1.00231396283326e-02
3.40000000000000e+00 1.14251641301552e+00 1.15260243910916e+00 1.00860260936384e-02
3.40500000000000e+00 1.11463667166909e+00 1.12478518834171e+00 1.01485166726150e-02
3.41000000000000e+00 1.08922437678485e+00 1.09943415215529e+00 1.02097753704407e-02
3.41500000000000e+00 1.06643047014996e+00 1.07669944009537e+00 1.02689699454053e-02
3.42000000000000e+00 1.04639046859626e+00 1.05671575560428e+00 1.03252870080195e-02
3.42500000000000e+00 1.02922362048343e+00 1.03960156687779e+00 1.03779463943579e-02
3.43000000000000e+00 1.01503216355446e+00 1.02545837763829e+00 1.04262140838298e-02
3.43500000000000e+00 1.00390068927336e+00 1.01437010232018e+00 1.04694130468133e-02
3.44000000000000e+00 9.95895617950273e-01 1.00640254951957e+00 1.05069315692926e-02
3.44500000000000e+00 9.91064788114136e-01 1.00160301689261e+00 1.05382287784701e-02
3.45000000000000e+00 9.89437162739050e-01 1.00000000000000e+00 1.05628372609498e-02
3.45500000000000e+00 9.91022654087767e-01 1.00160301689261e+00 1.05803628048383e-02
3.46000000000000e+00 9.95812068111133e-01 1.00640254951956e+00 1.05904814084324e-02
3.46500000000000e+00 1.00377716852566e+00 1.01437010232018e+00 1.05929337945136e-02
3.47000000000000e+00 1.01487085986353e+00 1.02545837763829e+00 1.05875177747570e-02
3.47500000000000e+00 1.02902748792918e+00 1.03960156687779e+00 1.05740789486168e-02
3.48000000000000e+00 1.04616325519421e+00 1.05671575560427e+00 1.05525004100613e-02
3.48500000000000e+00 1.06617674772591e+00 1.07669944009536e+00 1.05226923694524e-02
3.49000000000000e+00 1.08894956930986e+00 1.09943415215529e+00 1.04845828454305e-02
3.49500000000000e+00 1.11434707755796e+00 1.12478518834171e+00 1.04381107837448e-02
3.50000000000000e+00 1.14221921607210e+00 1.15260243910915e+00 1.03832230370575e-02
3.50500000000000e+00 1.17240143625451e+00 1.18272131275752e+00 1.03198765030073e-02
3.51000000000000e+00 1.20471570219604e+00 1.21496374848942e+00 1.02480462933765e-02
3.51500000000000e+00 1.23897157227214e+00 1.24913931233114e+00 1.01677400589995e-02
3.52000000000000e+00 1.27496735161094e+00 1.28504636916085e+00 1.00790175499079e-02
3.52500000000000e+00 1.31249131036094e+00 1.32247332361861e+00 9.98201325766934e-03
3.53000000000000e+00 1.35132296348577e+00 1.36119992224821e+00 9.87695876244010e-03
3.53500000000000e+00 1.39123440838456e+00 1.40099860884315e+00 9.76420045858606e-03
3.54000000000000e+00 1.43199171667981e+00 1.44163592464141e+00 9.64420796159438e-03
3.54500000000000e+00 1.47335637575771e+00 1.48287394473691e+00 9.51756897919842e-03
3.55000000000000e+00 1.51508677392158e+00 1.52447174185242e+00 9.38496793084131e-03
3.55500000000000e+00 1.55693972034168e+00 1.56618686845015e+00 9.24714810847438e-03
3.56000000000000e+00 1.59867198760950e+00 1.60777684804300e+00 9.10486043349912e-03
3.56500000000000e+00 1.64004186114693e+00 1.64900066651302e+00 8.95880536608407e-03
3.57000000000000e+00 1.68081067670470e+00 1.68962025424335e+00 8.80957753864697e-03
3.57500000000000e+00 1.72074432553249e+00 1.72940194992690e+00 8.65762439441053e-03
3.58000000000000e+00 1.75961470724870e+00 1.76811793702778e+00 8.50322977908324e-03
3.58500000000000e+00 1.79720111341915e+00 1.80554764404025e+00 8.34653062109636e-03
3.59000000000000e+00 1.83329153031549e+00 1.84147909991322e+00 8.18756959773403e-03
3.59500000000000e+00 1.86768385660205e+00 1.87571023628478e+00 8.02637968272890e-03
3.60000000000000e+00 1.90018703954380e+00 1.90805012849909e+00 7.86308895528687e-03
3.60500000000000e+00 1.93062214008134e+00 1.93832016775567e+00 7.69802767432681e-03
3.61000000000000e+00 1.95882334106321e+00 1.96635515716554e+00 7.53181610232767e-03
3.61500000000000e+00 1.98463891271262e+00 1.99200432495795e+00 7.36541224533394e-03
3.62000000000000e+00 2.00793214448678e+00 2.01513224859221e+00 7.20010410543148e-03
3.62500000000000e+00 2.02858224340413e+00 2.03561968407860e+00 7.03744067446621e-03
3.63000000000000e+00 2.04648518734608e+00 2.05336429539657e+00 6.87910805049130e-03
3.63500000000000e+00 2.06155451033671e+00 2.06828127951470e+00 6.72676917799286e-03
3.64000000000000e+00 2.07372198823000e+00 2.08030388316029e+00 6.58189493028338e-03
3.64500000000000e+00 2.08293819004777e+00 2.08938380815405e+00 6.44561810628375e-03
3.65000000000000e+00 2.08917286375137e+00 2.09549150281253e+00 6.31863906115138e-03
3.65500000000000e+00 2.09241513525902e+00 2.09861633762302e+00 6.20120236399435e-03
3.66000000000000e+00 2.09267351416481e+00 2.09876666410972e+00 6.09314994491195e-03
3.66500000000000e+00 2.08997571578761e+00 2.09596975652967e+00 5.99404074206600e-03
3.67000000000000e+00 2.08436832335710e+00 2.09027163675968e+00 5.90331340258121e-03
3.67500000000000e+00 2.07591632330898e+00 2.08173678345563e+00 5.82046014664783e-03
3.68000000000000e+00 2.06470254907335e+00 2.07044772727895e+00 5.74517820560372e-03
3.68500000000000e+00 2.05082706433314e+00 2.05650453468774e+00 5.67747035459742e-03
3.69000000000000e+00 2.03440650700254e+00 2.04002418347677e+00 5.61767647422773e-03
3.69500000000000e+00 2.01557340265019e+00 2.02113983391842e+00 5.56643126823175e-03
3.70000000000000e+00 1.99447544355604e+00 2.00000000000000e+00 5.52455644396233e-03
3.70500000000000e+00 1.97127471939788e+00 1.97676762586894e+00 5.49290647105272e-03
3.71000000000000e+00 1.94614687920818e+00 1.95161907318189e+00 5.47219397371879e-03
3.71500000000000e+00 1.91928020228775e+00 1.92474302560309e+00 5.46282331534398e-03
3.72000000000000e+00 1.89087455804434e+00 1.89633931720795e+00 5.46475916360700e-03
3.72500000000000e+00 1.86114024063880e+00 1.86661769201745e+00 5.47745137865796e-03
3.73000000000000e+00 1.83029667304827e+00 1.83579650231313e+00 5.49982926486425e-03
3.73500000000000e+00 1.79857098570434e+00 1.80410135376010e+00 5.53036805576190e-03
3.74000000000000e+00 1.76619648602000e+00 1.77176370569363e+00 5.56721967362606e-03
3.74500000000000e+00 1.73341104541244e+00 1.73901943520098e+00 5.60838978854372e-03
3.75000000000000e+00 1.70045543824571e+00 1.70610737385376e+00 5.65193560805555e-03
3.75500000000000e+00 1.66757167100749e+00 1.67326782611444e+00 5.69615510695010e-03
3.76000000000000e+00 1.63500133910198e+00 1.64074107855382e+00 5.73973945184503e-03
3.76500000000000e+00 1.60298404287474e+00 1.60876590907298e+00 5.78186619824161e-03
3.77000000000000e+00 1.57175588486101e+00 1.57757810532303e+00 5.82222046201752e-03
3.77500000000000e+00 1.54154805854511e+00 1.54740900145948e+00 5.86094291436923e-03
3.78000000000000e+00 1.51258552730160e+00 1.51848404225504e+00 5.89851495343807e-03
3.78500000000000e+00 1.48508578270094e+00 1.49102138342582e+00 5.93560072488541e-03
3.79000000000000e+00 1.45925766548498e+00 1.46523053680291e+00 5.97287131793234e-03
3.79500000000000e+00 1.43530023091690e+00 1.44131106870462e+00 6.01083778772504e-03
3.80000000000000e+00 1.41340164271131e+00 1.41945135953695e+00 6.04971682563948e-03
3.80500000000000e+00 1.39373808550399e+00 1.39982743227203e+00 6.08934676804251e-03
3.81000000000000e+00 1.37647269356685e+00 1.38260185702999e+00 6.12916346314307e-03
3.81500000000000e+00 1.36175450184122e+00 1.36792273852040e+00 6.16823667918220e-03
3.82000000000000e+00 1.34971743309753e+00 1.35592279258843e+00 6.20535949089707e-03
3.82500000000000e+00 1.34047934116196e+00 1.34671851756181e+00 6.23917639985394e-03
3.83000000000000e+00 1.33414113404853e+00 1.34040946551008e+00 6.26833146155836e-03
3.83500000000000e+00 1.33078600220785e+00 1.33707761791153e+00 6.29161570368408e-03
3.84000000000000e+00 1.33047877594410e+00 1.33678686957979e+00 6.30809363568874e-03
3.84500000000000e+00 1.33326543257027e+00 1.33958262403436e+00 6.31719146409604e-03
3.85000000000000e+00 1.33917276842821e+00 1.34549150281253e+00 6.31873438432118e-03
3.85500000000000e+00 1.34820824395423e+00 1.35452117051728e+00 6.31292656304838e-03
3.86000000000000e+00 1.36036000205484e+00 1.36666027668282e+00 6.30027462797855e-03
3.86500000000000e+00 1.37559705176953e+00 1.38187851481848e+00 6.28146304894983e-03
3.87000000000000e+00 1.39386960121954e+00 1.40012679826999e+00 6.25719705044858e-03
3.87500000000000e+00 1.41510951694801e+00 1.42133755181640e+00 6.22803486839141e-03
3.88000000000000e+00 1.43923088183341e+00 1.44542511720754e+00 6.19423537413200e-03
3.88500000000000e+00 1.46613062176892e+00 1.47228627014469e+00 6.15564837577387e-03
3.89000000000000e+00 1.49568917320207e+00 1.50180084551966e+00 6.11167231759757e-03
3.89500000000000e+00 1.52777117020224e+00 1.53383246706028e+00 6.06129685804180e-03
3.90000000000000e+00 1.56222614128128e+00 1.56822937688661e+00 6.00323560533078e-03
3.90500000000000e+00 1.59888922220237e+00 1.60482535986612e+00 5.93613766374523e-03
3.91000000000000e+00 1.63758190968144e+00 1.64344075707161e+00 5.85884739017528e-03
3.91500000000000e+00 1.67811289884463e+00 1.68388356209650e+00 5.77066325186970e-03
3.92000000000000e+00 1.72027905964088e+00 1.72595059347097e+00 5.67153383008434e-03
3.92500000000000e+00 1.76386660828405e+00 1.76942873595353e+00 5.56212766948661e-03
3.93000000000000e+00 1.80865251390633e+00 1.81409624304787e+00 5.44372914153635e-03
3.93500000000000e+00 1.85440614538521e+00 1.85972409271722e+00 5.31794733201463e-03
3.94000000000000e+00 1.90089111150203e+00 1.90607738794081e+00 5.18627643878133e-03
3.94500000000000e+00 1.94786718913929e+00 1.95291679348016e+00 5.04960434087276e-03
3.95000000000000e+00 1.99509218618839e+00 2.00000000000000e+00 4.90781381160565e-03
3.95500000000000e+00 2.04232356925879e+00 2.04708320651983e+00 4.75963726104167e-03
3.96000000000000e+00 2.08931971972945e+00 2.09392261205918e+00 4.60289232972411e-03
3.96500000000000e+00 2.13584077296691e+00 2.14027590728278e+00 4.43513431587395e-03
3.97000000000000e+00 2.18164913444934e+00 2.18590375695213e+00 4.25462250279596e-03
3.97500000000000e+00 2.22650992246890e+00 2.23057126404647e+00 4.06134157757476e-03
3.98000000000000e+00 2.27019171412331e+00 2.27404940652903e+00 3.85769240571587e-03
3.98500000000000e+00 2.31246802096981e+00 2.31611643790350e+00 3.64841693368323e-03
3.99000000000000e+00 2.35311985881554e+00 2.35655924292839e+00 3.43938411284617e-03
3.99500000000000e+00 2.39193959766104e+00 2.39517464013388e+00 3.23504247284712e-03
4.00000000000000e+00 2.42873601341835e+00 2.43177062311338e+00 3.03460969503799e-03
