variables = x, value-predict, value-true, error
0.00000000000000e+00 2.43011985428490e+00 2.43177062311339e+00 1.65076882848592e-03
5.00000000000000e-03 2.46457325091316e+00 2.46616753293972e+00 1.59428202655798e-03
1.00000000000000e-02 2.49666368350444e+00 2.49819915448034e+00 1.53547097589524e-03
1.50000000000000e-02 2.52624310969982e+00 2.52771372985530e+00 1.47062015547883e-03
2.00000000000000e-02 2.55317689745051e+00 2.55457488279246e+00 1.39798534194124e-03
2.50000000000000e-02 2.57734515343752e+00 2.57866244818360e+00 1.31729474607623e-03
3.00000000000000e-02 2.59864388332606e+00 2.59987320173000e+00 1.22931840394358e-03
3.50000000000000e-02 2.61698598006537e+00 2.61812148518152e+00 1.13550511615301e-03
4.00000000000000e-02 2.63230204000215e+00 2.63333972331718e+00 1.03768331503629e-03
4.50000000000000e-02 2.64454100903070e+00 2.64547882948272e+00 9.37820452012961e-04
5.00000000000000e-02 2.65367066233776e+00 2.65450849718747e+00 8.37834849717112e-04
5.50000000000000e-02 2.65967792168447e+00 2.66041737596564e+00 7.39454281167173e-04
6.00000000000000e-02 2.66256901392884e+00 2.66321313042021e+00 6.44116491372859e-04
6.50000000000000e-02 2.66236947404901e+00 2.66292238208847e+00 5.52908039456845e-04
7.00000000000000e-02 2.65912399571303e+00 2.65959053448992e+00 4.66538776881631e-04
7.50000000000000e-02 2.65289613280830e+00 2.65328148243819e+00 3.85349629890452e-04
8.00000000000000e-02 2.64376785649762e+00 2.64407720741157e+00 3.09350913952233e-04
8.50000000000000e-02 2.63183897431719e+00 2.63207726147960e+00 2.38287162406703e-04
9.00000000000000e-02 2.61722642037635e+00 2.61739814297001e+00 1.71722593659940e-04
9.50000000000000e-02 2.60006342848697e+00 2.60017256772797e+00 1.09139241006417e-04
1.00000000000000e-01 2.58049860255823e+00 2.58054864046305e+00 5.00379048213873e-05
1.05000000000000e-01 2.55869490033459e+00 2.55868893129538e+00 5.96903920868641e-06
1.10000000000000e-01 2.53482854710389e+00 2.53476946319709e+00 5.90839067977633e-05
1.15000000000000e-01 2.50908789509599e+00 2.50897861657418e+00 1.09278521811085e-04
1.20000000000000e-01 2.48167224189896e+00 2.48151595774496e+00 1.56284153998598e-04
1.25000000000000e-01 2.45279061756476e+00 2.45259099854052e+00 1.99619024241038e-04
1.30000000000000e-01 2.42266054562335e+00 2.42242189467697e+00 2.38650946379870e-04
1.35000000000000e-01 2.39150677861722e+00 2.39123409092702e+00 2.72687690200168e-04
1.40000000000000e-01 2.35956000473694e+00 2.35925892144618e+00 3.01083290756399e-04
1.45000000000000e-01 2.32705551938858e+00 2.32673217388556e+00 3.23345503018047e-04
1.50000000000000e-01 2.29423185462458e+00 2.29389262614624e+00 3.39228478341891e-04
1.55000000000000e-01 2.26132936065597e+00 2.26098056479902e+00 3.48795856951689e-04
1.60000000000000e-01 2.22858873716838e+00 2.22823629430637e+00 3.52442862010083e-04
1.65000000000000e-01 2.19624951758585e+00 2.19589864623990e+00 3.50871345950132e-04
1.70000000000000e-01 2.16454851614371e+00 2.16420349768687e+00 3.45018456834101e-04
1.75000000000000e-01 2.13371825475649e+00 2.13338230798255e+00 3.35946773947438e-04
1.80000000000000e-01 2.10398539314573e+00 2.10366068279205e+00 3.24710353677649e-04
1.85000000000000e-01 2.07556919043784e+00 2.07525697439691e+00 3.12216040930569e-04
1.90000000000000e-01 2.04868002849889e+00 2.04838092681811e+00 2.99101680785618e-04
1.95000000000000e-01 2.02351802598198e+00 2.02323237413107e+00 2.85651850912227e-04
2.00000000000000e-01 2.00027176722767e+00 2.00000000000000e+00 2.71767227668196e-04
2.05000000000000e-01 1.97911716214507e+00 1.97886016608158e+00 2.56996063486836e-04
2.10000000000000e-01 1.96021644298045e+00 1.95997581652323e+00 2.40626457218340e-04
2.15000000000000e-01 1.94371729294219e+00 1.94349546531226e+00 2.21827629933502e-04
2.20000000000000e-01 1.92975209180964e+00 1.92955227272105e+00 1.99819088596564e-04
2.25000000000000e-01 1.91843725674395e+00 1.91826321654437e+00 1.74040199580672e-04
2.30000000000000e-01 1.90987265402447e+00 1.90972836324032e+00 1.44290784148016e-04
2.35000000000000e-01 1.90414106013443e+00 1.90403024347033e+00 1.10816664098845e-04
2.40000000000000e-01 1.90130765833529e+00 1.90123333589028e+00 7.43224450121538e-05
2.45000000000000e-01 1.90141956838939e+00 1.90138366237698e+00 3.59060124086596e-05
2.50000000000000e-01 1.90450542033589e+00 1.90450849718747e+00 3.07685158462689e-06
2.55000000000000e-01 1.91057499561457e+00 1.91061619184595e+00 4.11962313793257e-05
2.60000000000000e-01 1.91961896780767e+00 1.91969611683971e+00 7.71490320412571e-05
2.65000000000000e-01 1.93160877882992e+00 1.93171872048530e+00 1.09941655381585e-04
2.70000000000000e-01 1.94649668353247e+00 1.94663570460343e+00 1.39021070963086e-04
2.75000000000000e-01 1.96421598659552e+00 1.96438031592140e+00 1.64329325877954e-04
2.80000000000000e-01 1.98468148163690e+00 1.98486775140779e+00 1.86269770886316e-04
2.85000000000000e-01 2.00779008593062e+00 2.00799567504205e+00 2.05589111428317e-04
2.90000000000000e-01 2.03342164776212e+00 2.03364484283446e+00 2.23195072339255e-04
2.95000000000000e-01 2.06143989000487e+00 2.06167983224433e+00 2.39942239457669e-04
3.00000000000000e-01 2.09169344532837e+00 2.09194987150091e+00 2.56426172543289e-04
3.05000000000000e-01 2.12401693712684e+00 2.12428976371522e+00 2.72826588379793e-04
3.10000000000000e-01 2.15823206640913e+00 2.15852090008677e+00 2.88833677643652e-04
3.15000000000000e-01 2.19414867803775e+00 2.19445235595975e+00 3.03677922000478e-04
3.20000000000000e-01 2.23156579824747e+00 2.23188206297222e+00 3.16264724751214e-04
3.25000000000000e-01 2.27027265661877e+00 2.27059805007310e+00 3.25393454323919e-04
3.30000000000000e-01 2.31004972598567e+00 2.31037974575665e+00 3.30019770983014e-04
3.35000000000000e-01 2.35066982881895e+00 2.35099933348698e+00 3.29504668032055e-04
3.40000000000000e-01 2.39189936400319e+00 2.39222315195700e+00 3.23787953806942e-04
3.45000000000000e-01 2.43349969984909e+00 2.43381313154985e+00 3.13431700756261e-04
3.50000000000000e-01 2.47522875568764e+00 2.47552825814758e+00 2.99502459938594e-04
3.55000000000000e-01 2.51684275666995e+00 2.51712605526309e+00 2.83298593134695e-04
3.60000000000000e-01 2.55809810009387e+00 2.55836407535859e+00 2.65975264716722e-04
3.65000000000000e-01 2.59875322748049e+00 2.59900139115685e+00 2.48163676365820e-04
3.70000000000000e-01 2.63857036989323e+00 2.63880007775179e+00 2.29707858555361e-04
3.75000000000000e-01 2.67731704100865e+00 2.67752667638138e+00 2.09635372732109e-04
3.80000000000000e-01 2.71476720472055e+00 2.71495363083915e+00 1.86426118593541e-04
3.85000000000000e-01 2.75070213992158e+00 2.75086068766886e+00 1.58547747274973e-04
3.90000000000000e-01 2.78491114218467e+00 2.78503625151058e+00 1.25109325915140e-04
3.95000000000000e-01 2.81719229599175e+00 2.81727868724248e+00 8.63912507296227e-05
4.00000000000000e-01 2.84735356671142e+00 2.84739756089084e+00 4.39941794176946e-05
4.05000000000000e-01 2.87521435853923e+00 2.87521481165829e+00 4.53119062715501e-07
4.10000000000000e-01 2.90060747099001e+00 2.90056584784471e+00 4.16231453019833e-05
4.15000000000000e-01 2.92338113860531e+00 2.92330055990464e+00 8.05787006776804e-05
4.20000000000000e-01 2.94340068466746e+00 2.94328424439572e+00 1.16440271738849e-04
4.25000000000000e-01 2.96054937804521e+00 2.96039843312221e+00 1.50944923001273e-04
4.30000000000000e-01 2.97472837747718e+00 2.97454162236171e+00 1.86755115465065e-04
4.35000000000000e-01 2.98585606225126e+00 2.98562989767982e+00 2.26164571432541e-04
4.40000000000000e-01 2.99386736086201e+00 2.99359745048043e+00 2.69910381571314e-04
4.45000000000000e-01 2.99871369768977e+00 2.99839698310739e+00 3.16714582379696e-04
4.50000000000000e-01 3.00036383723797e+00 3.00000000000000e+00 3.63837237974618e-04
4.55000000000000e-01 2.99880538105475e+00 2.99839698310739e+00 4.08397947351258e-04
4.60000000000000e-01 2.99404625475511e+00 2.99359745048043e+00 4.48804274670866e-04
4.65000000000000e-01 2.98611545257064e+00 2.98562989767982e+00 4.85554890813589e-04
4.70000000000000e-01 2.97506262651519e+00 2.97454162236171e+00 5.21004153477111e-04
4.75000000000000e-01 2.96095663631877e+00 2.96039843312221e+00 5.58203196565188e-04
4.80000000000000e-01 2.94388362673792e+00 2.94328424439572e+00 5.99382342195920e-04
4.85000000000000e-01 2.92394534535149e+00 2.92330055990464e+00 6.44785446849649e-04
4.90000000000000e-01 2.90125821081781e+00 2.90056584784471e+00 6.92362973095939e-04
4.95000000000000e-01 2.87595322458229e+00 2.87521481165829e+00 7.38412923998677e-04
5.00000000000000e-01 2.84817640904327e+00 2.84739756089084e+00 7.78848152427791e-04
5.05000000000000e-01 2.81808923435145e+00 2.81727868724248e+00 8.10547108967441e-04
5.10000000000000e-01 2.78586852818105e+00 2.78503625151058e+00 8.32276670466925e-04
5.15000000000000e-01 2.75170558939284e+00 2.75086068766886e+00 8.44901723985103e-04
5.20000000000000e-01 2.71580452107969e+00 2.71495363083915e+00 8.50890240544189e-04
5.25000000000000e-01 2.67838003738976e+00 2.67752667638138e+00 8.53361008373188e-04
5.30000000000000e-01 2.63965510968402e+00 2.63880007775179e+00 8.55031932226691e-04
5.35000000000000e-01 2.59985879278090e+00 2.59900139115685e+00 8.57401624044574e-04
5.40000000000000e-01 2.55922445038279e+00 2.55836407535859e+00 8.60375024204885e-04
5.45000000000000e-01 2.51798843894168e+00 2.51712605526309e+00 8.62383678588596e-04
5.50000000000000e-01 2.47638916526894e+00 2.47552825814758e+00 8.60907121365440e-04
5.55000000000000e-01 2.43466634067379e+00 2.43381313154985e+00 8.53209123937493e-04
5.60000000000000e-01 2.39306022651887e+00 2.39222315195700e+00 8.37074561868434e-04
5.65000000000000e-01 2.35181069666309e+00 2.35099933348698e+00 8.11363176107083e-04
5.70000000000000e-01 2.31115601234248e+00 2.31037974575665e+00 7.76266585825525e-04
5.75000000000000e-01 2.27133129036066e+00 2.27059805007310e+00 7.33240287560832e-04
5.80000000000000e-01 2.23256672332895e+00 2.23188206297222e+00 6.84660356729427e-04
5.85000000000000e-01 2.19508566488699e+00 2.19445235595975e+00 6.33308927240339e-04
5.90000000000000e-01 2.15910271586292e+00 2.15852090008677e+00 5.81815776144801e-04
5.95000000000000e-01 2.12482194010526e+00 2.12428976371522e+00 5.32176390040107e-04
6.00000000000000e-01 2.09243530829910e+00 2.09194987150091e+00 4.85436798186800e-04
6.05000000000000e-01 2.06212142460746e+00 2.06167983224433e+00 4.41592363130905e-04
6.10000000000000e-01 2.03404454480000e+00 2.03364484283446e+00 3.99701965539734e-04
6.15000000000000e-01 2.00835385415410e+00 2.00799567504205e+00 3.58179112047274e-04
6.20000000000000e-01 1.98518294452083e+00 1.98486775140779e+00 3.15193113042067e-04
6.25000000000000e-01 1.96464941527542e+00 1.96438031592140e+00 2.69099354018199e-04
6.30000000000000e-01 1.94685452264108e+00 1.94663570460343e+00 2.18818037646784e-04
6.35000000000000e-01 1.93188281442759e+00 1.93171872048530e+00 1.64093942293553e-04
6.40000000000000e-01 1.91980170963324e+00 1.91969611683971e+00 1.05592793526288e-04
6.45000000000000e-01 1.91066101088459e+00 1.91061619184595e+00 4.48190386466152e-05
6.50000000000000e-01 1.90449236812811e+00 1.90450849718747e+00 1.61290593616581e-05
6.55000000000000e-01 1.90130873993495e+00 1.90138366237698e+00 7.49224420362182e-05
6.60000000000000e-01 1.90110391994643e+00 1.90123333589028e+00 1.29415943850741e-04
6.65000000000000e-01 1.90385220662246e+00 1.90403024347033e+00 1.78036847865437e-04
6.70000000000000e-01 1.90950829190985e+00 1.90972836324032e+00 2.20071330462979e-04
6.75000000000000e-01 1.91800742781129e+00 1.91826321654437e+00 2.55788733084961e-04
6.80000000000000e-01 1.92926590051375e+00 1.92955227272105e+00 2.86372207298990e-04
6.85000000000000e-01 1.94318180376448e+00 1.94349546531226e+00 3.13661547776789e-04
6.90000000000000e-01 1.95963606306203e+00 1.95997581652323e+00 3.39753461205516e-04
6.95000000000000e-01 1.97849362808688e+00 1.97886016608158e+00 3.66537994701099e-04
7.00000000000000e-01 1.99960473085790e+00 2.00000000000000e+00 3.95269142099863e-04
7.05000000000000e-01 2.02280610765070e+00 2.02323237413106e+00 4.26266480361814e-04
7.10000000000000e-01 2.04792210601033e+00 2.04838092681811e+00 4.58820807781368e-04
7.15000000000000e-01 2.07476564099070e+00 2.07525697439691e+00 4.91333406213990e-04
7.20000000000000e-01 2.10313901816962e+00 2.10366068279205e+00 5.21664622427753e-04
7.25000000000000e-01 2.13283469207294e+00 2.13338230798255e+00 5.47615909609167e-04
7.30000000000000e-01 2.16363606361105e+00 2.16420349768687e+00 5.67434075825268e-04
7.35000000000000e-01 2.19531842841553e+00 2.19589864623990e+00 5.80217824365459e-04
7.40000000000000e-01 2.22765016579176e+00 2.22823629430637e+00 5.86128514613815e-04
7.45000000000000e-01 2.26039421015184e+00 2.26098056479902e+00 5.86354647182041e-04
7.50000000000000e-01 2.29330978564788e+00 2.29389262614624e+00 5.82840498357662e-04
7.55000000000000e-01 2.32615432676260e+00 2.32673217388556e+00 5.77847122964492e-04
7.60000000000000e-01 2.35868546840483e+00 2.35925892144618e+00 5.73453041353922e-04
7.65000000000000e-01 2.39066297851719e+00 2.39123409092702e+00 5.71112409832875e-04
7.70000000000000e-01 2.42185052576365e+00 2.42242189467697e+00 5.71368913319326e-04
7.75000000000000e-01 2.45201721747233e+00 2.45259099854052e+00 5.73781068186285e-04
7.80000000000000e-01 2.48093889582701e+00 2.48151595774496e+00 5.77061917954591e-04
7.85000000000000e-01 2.50839922899050e+00 2.50897861657418e+00 5.79387583674595e-04
7.90000000000000e-01 2.53419066683848e+00 2.53476946319709e+00 5.78796358612355e-04
7.95000000000000e-01 2.55811534237037e+00 2.55868893129538e+00 5.73588925007140e-04
8.00000000000000e-01 2.57998599013413e+00 2.58054864046305e+00 5.62650328920000e-04
8.05000000000000e-01 2.59962692779658e+00 2.60017256772797e+00 5.45639931392117e-04
8.10000000000000e-01 2.61687511464156e+00 2.61739814297001e+00 5.23028328454966e-04
8.15000000000000e-01 2.63158126961887e+00 2.63207726147960e+00 4.95991860734346e-04
8.20000000000000e-01 2.64361100789545e+00 2.64407720741157e+00 4.66199516124810e-04
8.25000000000000e-01 2.65284594193724e+00 2.65328148243819e+00 4.35540500952403e-04
8.30000000000000e-01 2.65918469124782e+00 2.65959053448992e+00 4.05843242091919e-04
8.35000000000000e-01 2.66254375203757e+00 2.66292238208847e+00 3.78630050900775e-04
8.40000000000000e-01 2.66285819112969e+00 2.66321313042021e+00 3.54939290526435e-04
8.45000000000000e-01 2.66008214394812e+00 2.66041737596564e+00 3.35232017516507e-04
8.50000000000000e-01 2.65418911158296e+00 2.65450849718747e+00 3.19385604513389e-04
8.55000000000000e-01 2.64517206465658e+00 2.64547882948272e+00 3.06764826138117e-04
8.60000000000000e-01 2.63304337091016e+00 2.63333972331718e+00 2.96352407028966e-04
8.65000000000000e-01 2.61783456879874e+00 2.61812148518153e+00 2.86916382786551e-04
8.70000000000000e-01 2.59959601121822e+00 2.59987320173000e+00 2.77190511779324e-04
8.75000000000000e-01 2.57839640244375e+00 2.57866244818360e+00 2.66045739844234e-04
8.80000000000000e-01 2.55432224824594e+00 2.55457488279246e+00 2.52634546512365e-04
8.85000000000000e-01 2.52747723478754e+00 2.52771372985530e+00 2.36495067758913e-04
8.90000000000000e-01 2.49798154701912e+00 2.49819915448034e+00 2.17607461218794e-04
8.95000000000000e-01 2.46597113248440e+00 2.46616753293972e+00 1.96400455325207e-04
9.00000000000000e-01 2.43159691216137e+00 2.43177062311339e+00 1.73710952015238e-04
9.05000000000000e-01 2.39502393650905e+00 2.39517464013388e+00 1.50703624831827e-04
9.10000000000000e-01 2.35643048244363e+00 2.35655924292839e+00 1.28760484762402e-04
9.15000000000000e-01 2.31600708561129e+00 2.31611643790350e+00 1.09352292202214e-04
9.20000000000000e-01 2.27395550205614e+00 2.27404940652903e+00 9.39044728935912e-05
9.25000000000000e-01 2.23048759413683e+00 2.23057126404647e+00 8.36699096353755e-05
9.30000000000000e-01 2.18582413720967e+00 2.18590375695213e+00 7.96197424621781e-05
9.35000000000000e-01 2.14019354601387e+00 2.14027590728277e+00 8.23612689062614e-05
9.40000000000000e-01 2.09383052268173e+00 2.09392261205918e+00 9.20893774507547e-05
9.45000000000000e-01 2.04697463163606e+00 2.04708320651983e+00 1.08574883773915e-04
9.50000000000000e-01 1.99986881009828e+00 2.00000000000000e+00 1.31189901720230e-04
9.55000000000000e-01 1.95275782626912e+00 1.95291679348017e+00 1.58967211045358e-04
9.60000000000000e-01 1.90588670021741e+00 1.90607738794082e+00 1.90687723409466e-04
9.65000000000000e-01 1.85949910489746e+00 1.85972409271723e+00 2.24987819772871e-04
9.70000000000000e-01 1.81383576632070e+00 1.81409624304787e+00 2.60476727168113e-04
9.75000000000000e-01 1.76913288259630e+00 1.76942873595353e+00 2.95853357235032e-04
9.80000000000000e-01 1.72562058125696e+00 1.72595059347097e+00 3.30012214008191e-04
9.85000000000000e-01 1.68352143301206e+00 1.68388356209650e+00 3.62129084441776e-04
9.90000000000000e-01 1.64304903791142e+00 1.64344075707161e+00 3.91719160188986e-04
9.95000000000000e-01 1.60440669703298e+00 1.60482535986612e+00 4.18662833133521e-04
1.00000000000000e+00 1.56778617946336e+00 1.56822937688661e+00 4.43197423249497e-04
1.00500000000000e+00 1.53336659080464e+00 1.53383246706028e+00 4.65876255642650e-04
1.01000000000000e+00 1.50131334601416e+00 1.50180084551966e+00 4.87499505507749e-04
1.01500000000000e+00 1.47177724635574e+00 1.47228627014470e+00 5.09023788956897e-04
1.02000000000000e+00 1.44489365785901e+00 1.44542511720755e+00 5.31459348537267e-04
1.02500000000000e+00 1.42078178713056e+00 1.42133755181640e+00 5.55764685841842e-04
1.03000000000000e+00 1.39954404973416e+00 1.40012679827000e+00 5.82748535837174e-04
1.03500000000000e+00 1.38126552665838e+00 1.38187851481848e+00 6.12988160096695e-04
1.04000000000000e+00 1.36601350552528e+00 1.36666027668282e+00 6.46771157536197e-04
1.04500000000000e+00 1.35383710498024e+00 1.35452117051728e+00 6.84065537043921e-04
1.05000000000000e+00 1.34476698289004e+00 1.34549150281253e+00 7.24519922489453e-04
1.05500000000000e+00 1.33881513126795e+00 1.33958262403436e+00 7.67492766415856e-04
1.06000000000000e+00 1.33597476293307e+00 1.33678686957979e+00 8.12106646717048e-04
1.06500000000000e+00 1.33622029650826e+00 1.33707761791153e+00 8.57321403272771e-04
1.07000000000000e+00 1.33950744723238e+00 1.34040946551008e+00 9.02018277707306e-04
1.07500000000000e+00 1.34577343105515e+00 1.34671851756181e+00 9.45086506662918e-04
1.08000000000000e+00 1.35493728854408e+00 1.35592279258843e+00 9.85504044344276e-04
1.08500000000000e+00 1.36690033332039e+00 1.36792273852040e+00 1.02240520000563e-03
1.09000000000000e+00 1.38154672721750e+00 1.38260185702999e+00 1.05512981249101e-03
1.09500000000000e+00 1.39874418136844e+00 1.39982743227203e+00 1.08325090358941e-03
1.10000000000000e+00 1.41834477928246e+00 1.41945135953695e+00 1.10658025449784e-03
1.10500000000000e+00 1.44018591498249e+00 1.44131106870462e+00 1.12515372213307e-03
1.11000000000000e+00 1.46409133673735e+00 1.46523053680291e+00 1.13920006555390e-03
1.11500000000000e+00 1.48987228505736e+00 1.49102138342582e+00 1.14909836845922e-03
1.12000000000000e+00 1.51732871255778e+00 1.51848404225504e+00 1.15532969725796e-03
1.12500000000000e+00 1.54625057304327e+00 1.54740900145948e+00 1.15842841621139e-03
1.13000000000000e+00 1.57641916763001e+00 1.57757810532303e+00 1.15893769301501e-03
1.13500000000000e+00 1.60760853670757e+00 1.60876590907298e+00 1.15737236541613e-03
1.14000000000000e+00 1.63958688779486e+00 1.64074107855382e+00 1.15419075896273e-03
1.14500000000000e+00 1.67211805059107e+00 1.67326782611444e+00 1.14977552337248e-03
1.15000000000000e+00 1.70496295151316e+00 1.70610737385376e+00 1.14442234060474e-03
1.15500000000000e+00 1.73788110056583e+00 1.73901943520098e+00 1.13833463515167e-03
1.16000000000000e+00 1.77063208342093e+00 1.77176370569363e+00 1.13162227269914e-03
1.16500000000000e+00 1.80297705111846e+00 1.80410135376010e+00 1.12430264164298e-03
1.17000000000000e+00 1.83468019897415e+00 1.83579650231313e+00 1.11630333897650e-03
1.17500000000000e+00 1.86551022530931e+00 1.86661769201745e+00 1.10746670814232e-03
1.18000000000000e+00 1.89524175977355e+00 1.89633931720795e+00 1.09755743439321e-03
1.18500000000000e+00 1.92365675057410e+00 1.92474302560309e+00 1.08627502898417e-03
1.19000000000000e+00 1.95054580006470e+00 1.95161907318189e+00 1.07327311719541e-03
1.19500000000000e+00 1.97570943899172e+00 1.97676762586894e+00 1.05818687721460e-03
1.20000000000000e+00 1.99895933122222e+00 2.00000000000000e+00 1.04066877778375e-03
1.20500000000000e+00 2.02011940282765e+00 2.02113983391842e+00 1.02043109076932e-03
1.21000000000000e+00 2.03902689168765e+00 2.04002418347677e+00 9.97291789119004e-04
1.21500000000000e+00 2.05553331594950e+00 2.05650453468774e+00 9.71218738238910e-04
1.22000000000000e+00 2.06950536135321e+00 2.07044772727895e+00 9.42365925747257e-04
1.22500000000000e+00 2.08082568827744e+00 2.08173678345563e+00 9.11095178190102e-04
1.23000000000000e+00 2.08939365916442e+00 2.09027163675968e+00 8.77977595258983e-04
1.23500000000000e+00 2.09512598569055e+00 2.09596975652967e+00 8.43770839120239e-04
1.24000000000000e+00 2.09795729280828e+00 2.09876666410972e+00 8.09371301444983e-04
1.24500000000000e+00 2.09784059392781e+00 2.09861633762302e+00 7.75743695212938e-04
1.25000000000000e+00 2.09474766852398e+00 2.09549150281253e+00 7.43834288547962e-04
1.25500000000000e+00 2.08866933092524e+00 2.08938380815405e+00 7.14477228812349e-04
1.26000000000000e+00 2.07961557755102e+00 2.08030388316029e+00 6.88305609272355e-04
1.26500000000000e+00 2.06761559989687e+00 2.06828127951470e+00 6.65679617828374e-04
1.27000000000000e+00 2.05271765241591e+00 2.05336429539657e+00 6.46642980663525e-04
1.27500000000000e+00 2.03498876813259e+00 2.03561968407860e+00 6.30915946004063e-04
1.28000000000000e+00 2.01451432006930e+00 2.01513224859221e+00 6.17928522908873e-04
1.28500000000000e+00 1.99139743278737e+00 1.99200432495795e+00 6.06892170579076e-04
1.29000000000000e+00 1.96575825474190e+00 1.96635515716554e+00 5.96902423639856e-04
1.29500000000000e+00 1.93773310781103e+00 1.93832016775567e+00 5.87059944634927e-04
1.30000000000000e+00 1.90747353442143e+00 1.90805012849909e+00 5.76594077659420e-04
1.30500000000000e+00 1.87514526448779e+00 1.87571023628478e+00 5.64971796998659e-04
1.31000000000000e+00 1.84092712358952e+00 1.84147909991323e+00 5.51976323708736e-04
1.31500000000000e+00 1.80500990051079e+00 1.80554764404025e+00 5.37743529460233e-04
1.32000000000000e+00 1.76759518698088e+00 1.76811793702778e+00 5.22750046897391e-04
1.32500000000000e+00 1.72889419602847e+00 1.72940194992690e+00 5.07753898433050e-04
1.33000000000000e+00 1.68912655886840e+00 1.68962025424335e+00 4.93695374944370e-04
1.33500000000000e+00 1.64851909476035e+00 1.64900066651302e+00 4.81571752669829e-04
1.34000000000000e+00 1.60730454473735e+00 1.60777684804300e+00 4.72303305655508e-04
1.34500000000000e+00 1.56572025910066e+00 1.56618686845015e+00 4.66609349492719e-04
1.35000000000000e+00 1.52400683029633e+00 1.52447174185242e+00 4.64911556090186e-04
1.35500000000000e+00 1.48240666697069e+00 1.48287394473691e+00 4.67277766221130e-04
1.36000000000000e+00 1.44116251100071e+00 1.44163592464141e+00 4.73413640702969e-04
1.36500000000000e+00 1.40051590619673e+00 1.40099860884315e+00 4.82702646422029e-04
1.37000000000000e+00 1.36070563414938e+00 1.36119992224821e+00 4.94288098831452e-04
1.37500000000000e+00 1.32196613836083e+00 1.32247332361862e+00 5.07185257785592e-04
1.38000000000000e+00 1.28452596157689e+00 1.28504636916085e+00 5.20407583960214e-04
1.38500000000000e+00 1.24860622263628e+00 1.24913931233114e+00 5.33089694863209e-04
1.39000000000000e+00 1.21441915804208e+00 1.21496374848942e+00 5.44590447337567e-04
1.39500000000000e+00 1.18216675005307e+00 1.18272131275752e+00 5.54562704453643e-04
1.40000000000000e+00 1.15203945789943e+00 1.15260243910916e+00 5.62981209724978e-04
1.40500000000000e+00 1.12421506246863e+00 1.12478518834171e+00 5.70125873072591e-04
1.41000000000000e+00 1.09885762830328e+00 1.09943415215529e+00 5.76523852010569e-04
1.41500000000000e+00 1.07611658081685e+00 1.07669944009536e+00 5.82859278517089e-04
1.42000000000000e+00 1.05612589196754e+00 1.05671575560428e+00 5.89863636738741e-04
1.42500000000000e+00 1.03900336474943e+00 1.03960156687779e+00 5.98202128361258e-04
1.43000000000000e+00 1.02485000603431e+00 1.02545837763829e+00 6.08371603981084e-04
1.43500000000000e+00 1.01374947852838e+00 1.01437010232018e+00 6.20623791792285e-04
1.44000000000000e+00 1.00576762563429e+00 1.00640254951957e+00 6.34923885275418e-04
1.44500000000000e+00 1.00095206733464e+00 1.00160301689261e+00 6.50949557965630e-04
1.45000000000000e+00 9.99331870171246e-01 1.00000000000000e+00 6.68129828754305e-04
1.45500000000000e+00 1.00091729921962e+00 1.00160301689261e+00 6.85717672980868e-04
1.46000000000000e+00 1.00569966389207e+00 1.00640254951957e+00 7.02885627499539e-04
1.46500000000000e+00 1.01365127178855e+00 1.01437010232018e+00 7.18830531623027e-04
1.47000000000000e+00 1.02472550520231e+00 1.02545837763829e+00 7.32872435980525e-04
1.47500000000000e+00 1.03885703310489e+00 1.03960156687779e+00 7.44533772902622e-04
1.48000000000000e+00 1.05596216763504e+00 1.05671575560428e+00 7.53587969232639e-04
1.48500000000000e+00 1.07593936875914e+00 1.07669944009536e+00 7.60071336219248e-04
1.49000000000000e+00 1.09866989457431e+00 1.09943415215529e+00 7.64257580977423e-04
1.49500000000000e+00 1.12401858854466e+00 1.12478518834171e+00 7.66599797041412e-04
1.50000000000000e+00 1.15183478965601e+00 1.15260243910916e+00 7.67649453143893e-04
1.50500000000000e+00 1.18195334775891e+00 1.18272131275752e+00 7.67964998610537e-04
1.51000000000000e+00 1.21419572469360e+00 1.21496374848942e+00 7.68023795814088e-04
1.51500000000000e+00 1.24837116226205e+00 1.24913931233114e+00 7.68150069094142e-04
1.52000000000000e+00 1.28427790049275e+00 1.28504636916085e+00 7.68468668104205e-04
1.52500000000000e+00 1.32170443340090e+00 1.32247332361862e+00 7.68890217714091e-04
1.53000000000000e+00 1.36043079386035e+00 1.36119992224821e+00 7.69128387856366e-04
1.53500000000000e+00 1.40022986350272e+00 1.40099860884315e+00 7.68745340433474e-04
1.54000000000000e+00 1.44086870705075e+00 1.44163592464141e+00 7.67217590665226e-04
1.54500000000000e+00 1.48210993267207e+00 1.48287394473691e+00 7.64012064843334e-04
1.55000000000000e+00 1.52371308054978e+00 1.52447174185242e+00 7.58661302641572e-04
1.55500000000000e+00 1.56543604091885e+00 1.56618686845015e+00 7.50827531303289e-04
1.56000000000000e+00 1.60703650055522e+00 1.60777684804300e+00 7.40347487783621e-04
1.56500000000000e+00 1.64827341354575e+00 1.64900066651302e+00 7.27252967272163e-04
1.57000000000000e+00 1.68890848861876e+00 1.68962025424335e+00 7.11765624587413e-04
1.57500000000000e+00 1.72870768189436e+00 1.72940194992690e+00 6.94268032541467e-04
1.58000000000000e+00 1.76744268107350e+00 1.76811793702778e+00 6.75255954288412e-04
1.58500000000000e+00 1.80489236516196e+00 1.80554764404025e+00 6.55278878296528e-04
1.59000000000000e+00 1.84084422301072e+00 1.84147909991323e+00 6.34876902507076e-04
1.59500000000000e+00 1.87509571428375e+00 1.87571023628478e+00 6.14522001031848e-04
1.60000000000000e+00 1.90745555783760e+00 1.90805012849909e+00 5.94570661485161e-04
1.60500000000000e+00 1.93774493469875e+00 1.93832016775567e+00 5.75233056923086e-04
1.61000000000000e+00 1.96579859556916e+00 1.96635515716554e+00 5.56561596381844e-04
1.61500000000000e+00 1.99146586575865e+00 1.99200432495795e+00 5.38459199300734e-04
1.62000000000000e+00 2.01461154332343e+00 2.01513224859221e+00 5.20705268784116e-04
1.62500000000000e+00 2.03511668871558e+00 2.03561968407860e+00 5.02995363018677e-04
1.63000000000000e+00 2.05287930621619e+00 2.05336429539657e+00 4.84989180378204e-04
1.63500000000000e+00 2.06781491871682e+00 2.06828127951470e+00 4.66360797879428e-04
1.64000000000000e+00 2.07985703799958e+00 2.08030388316029e+00 4.46845160706477e-04
1.64500000000000e+00 2.08895753259607e+00 2.08938380815405e+00 4.26275557979139e-04
1.65000000000000e+00 2.09508689470155e+00 2.09549150281253e+00 4.04608110973204e-04
1.65500000000000e+00 2.09823440665478e+00 2.09861633762302e+00 3.81930968238464e-04
1.66000000000000e+00 2.09840820636629e+00 2.09876666410972e+00 3.58457743430574e-04
1.66500000000000e+00 2.09563524999331e+00 2.09596975652967e+00 3.34506536366241e-04
1.67000000000000e+00 2.08996116930725e+00 2.09027163675968e+00 3.10467452433461e-04
1.67500000000000e+00 2.08145002073354e+00 2.08173678345563e+00 2.86762722092604e-04
1.68000000000000e+00 2.07018392306858e+00 2.07044772727895e+00 2.63804210368868e-04
1.68500000000000e+00 2.05626258144550e+00 2.05650453468774e+00 2.41953242238413e-04
1.69000000000000e+00 2.03980269621873e+00 2.04002418347677e+00 2.21487258033282e-04
1.69500000000000e+00 2.02093725700461e+00 2.02113983391842e+00 2.02576913811647e-04
1.70000000000000e+00 1.99981472403685e+00 2.00000000000000e+00 1.85275963146436e-04
1.70500000000000e+00 1.97659810112481e+00 1.97676762586893e+00 1.69524744128458e-04
1.71000000000000e+00 1.95146390666579e+00 1.95161907318189e+00 1.55166516105698e-04
1.71500000000000e+00 1.92460105118440e+00 1.92474302560309e+00 1.41974418686797e-04
1.72000000000000e+00 1.89620963158364e+00 1.89633931720795e+00 1.29685624303599e-04
1.72500000000000e+00 1.86649965355757e+00 1.86661769201745e+00 1.18038459882897e-04
1.73000000000000e+00 1.83568969433684e+00 1.83579650231313e+00 1.06807976292256e-04
1.73500000000000e+00 1.80400551807719e+00 1.80410135376010e+00 9.58356829072748e-05
1.74000000000000e+00 1.77167865577807e+00 1.77176370569363e+00 8.50499155573559e-05
1.74500000000000e+00 1.73894496071728e+00 1.73901943520098e+00 7.44744836989053e-05
1.75000000000000e+00 1.70604314914671e+00 1.70610737385376e+00 6.42247070521407e-05
1.75500000000000e+00 1.67321333458944e+00 1.67326782611444e+00 5.44915249993672e-05
1.76000000000000e+00 1.64069556270722e+00 1.64074107855382e+00 4.55158465988426e-05
1.76500000000000e+00 1.60872835255692e+00 1.60876590907298e+00 3.75565160626312e-05
1.77000000000000e+00 1.57754724928198e+00 1.57757810532303e+00 3.08560410489100e-05
1.77500000000000e+00 1.54738339299295e+00 1.54740900145948e+00 2.56084665331002e-05
1.78000000000000e+00 1.51846210881055e+00 1.51848404225504e+00 2.19334444921948e-05
1.78500000000000e+00 1.49100152373343e+00 1.49102138342582e+00 1.98596923945971e-05
1.79000000000000e+00 1.46521121703572e+00 1.46523053680291e+00 1.93197671891632e-05
1.79500000000000e+00 1.44129091212696e+00 1.44131106870462e+00 2.01565776649648e-05
1.80000000000000e+00 1.41942921901816e+00 1.41945135953695e+00 2.21405187934565e-05
1.80500000000000e+00 1.39980243752683e+00 1.39982743227203e+00 2.49947451993471e-05
1.81000000000000e+00 1.38257343194245e+00 1.38260185702999e+00 2.84250875397518e-05
1.81500000000000e+00 1.36789058793292e+00 1.36792273852040e+00 3.21505874798511e-05
1.82000000000000e+00 1.35588686194218e+00 1.35592279258843e+00 3.59306462431874e-05
1.82500000000000e+00 1.34667893222550e+00 1.34671851756181e+00 3.95853363110987e-05
1.83000000000000e+00 1.34036645908059e+00 1.34040946551008e+00 4.30064294922872e-05
1.83500000000000e+00 1.33703145990822e+00 1.33707761791153e+00 4.61580033088715e-05
1.84000000000000e+00 1.33673780266195e+00 1.33678686957979e+00 4.90669178356828e-05
1.84500000000000e+00 1.33953081922202e+00 1.33958262403436e+00 5.18048123370196e-05
1.85000000000000e+00 1.34543703843830e+00 1.34549150281253e+00 5.44643742266260e-05
1.85500000000000e+00 1.35446403717703e+00 1.35452117051728e+00 5.71333402543672e-05
1.86000000000000e+00 1.36660040676724e+00 1.36666027668282e+00 5.98699155787141e-05
1.86500000000000e+00 1.38181583179688e+00 1.38187851481848e+00 6.26830215999519e-05
1.87000000000000e+00 1.40006127821362e+00 1.40012679827000e+00 6.55200563755010e-05
1.87500000000000e+00 1.42126928803676e+00 1.42133755181640e+00 6.82637796427521e-05
1.88000000000000e+00 1.44535437853807e+00 1.44542511720755e+00 7.07386694798195e-05
1.88500000000000e+00 1.47221354433162e+00 1.47228627014470e+00 7.27258130790442e-05
1.89000000000000e+00 1.50172686125706e+00 1.50180084551967e+00 7.39842626071852e-05
1.89500000000000e+00 1.53375819110312e+00 1.53383246706028e+00 7.42759571652485e-05
1.90000000000000e+00 1.56815598599851e+00 1.56822937688661e+00 7.33908881003220e-05
1.90500000000000e+00 1.60475419065162e+00 1.60482535986612e+00 7.11692144919063e-05
1.91000000000000e+00 1.64337323956617e+00 1.64344075707161e+00 6.75175054443145e-05
1.91500000000000e+00 1.68382114497500e+00 1.68388356209650e+00 6.24171215057867e-05
1.92000000000000e+00 1.72589466964020e+00 1.72595059347097e+00 5.59238307726861e-05
1.92500000000000e+00 1.76938057701856e+00 1.76942873595353e+00 4.81589349754508e-05
1.93000000000000e+00 1.81405694974795e+00 1.81409624304787e+00 3.92932999169204e-05
1.93500000000000e+00 1.85969456612154e+00 1.85972409271723e+00 2.95265956897772e-05
1.94000000000000e+00 1.90605832330041e+00 1.90607738794082e+00 1.90646404063521e-05
1.94500000000000e+00 1.95290869554657e+00 1.95291679348017e+00 8.09793359501931e-06
1.95000000000000e+00 2.00000321575723e+00 2.00000000000000e+00 3.21575723316592e-06
1.95500000000000e+00 2.04709796902056e+00 2.04708320651983e+00 1.47625007249630e-05
1.96000000000000e+00 2.09394908771175e+00 2.09392261205918e+00 2.64756525694132e-05
1.96500000000000e+00 2.14031423869091e+00 2.14027590728277e+00 3.83314081346953e-05
1.97000000000000e+00 2.18595409430703e+00 2.18590375695213e+00 5.03373549043395e-05
1.97500000000000e+00 2.23063378000268e+00 2.23057126404646e+00 6.25159562197553e-05
1.98000000000000e+00 2.27412429220514e+00 2.27404940652903e+00 7.48856761143557e-05
1.98500000000000e+00 2.31620388076233e+00 2.31611643790350e+00 8.74428588275578e-05
1.99000000000000e+00 2.35665939035823e+00 2.35655924292839e+00 1.00147429840991e-04
1.99500000000000e+00 2.39528755510536e+00 2.39517464013388e+00 1.12914971480915e-04
2.00000000000000e+00 2.43189623990906e+00 2.43177062311339e+00 1.25616795670247e-04
2.00500000000000e+00 2.46630562134705e+00 2.46616753293972e+00 1.38088407330983e-04
2.01000000000000e+00 2.49834929987959e+00 2.49819915448034e+00 1.50145399250068e-04
2.01500000000000e+00 2.52787533440750e+00 2.52771372985530e+00 1.61604552199268e-04
2.02000000000000e+00 2.55474718973706e+00 2.55457488279245e+00 1.72306944605793e-04
2.02500000000000e+00 2.57884458756730e+00 2.57866244818359e+00 1.82139383707369e-04
2.03000000000000e+00 2.60006425229679e+00 2.59987320173000e+00 1.91050566785034e-04
2.03500000000000e+00 2.61832054426757e+00 2.61812148518152e+00 1.99059086042563e-04
2.04000000000000e+00 2.63354597493684e+00 2.63333972331718e+00 2.06251619658371e-04
2.04500000000000e+00 2.64569160070612e+00 2.64547882948272e+00 2.12771223404129e-04
2.05000000000000e+00 2.65472729448774e+00 2.65450849718747e+00 2.18797300265194e-04
2.05500000000000e+00 2.66064189626081e+00 2.66041737596564e+00 2.24520295176056e-04
2.06000000000000e+00 2.66344324559233e+00 2.66321313042021e+00 2.30115172119127e-04
2.06500000000000e+00 2.66315810016615e+00 2.66292238208847e+00 2.35718077683522e-04
2.07000000000000e+00 2.65983194467018e+00 2.65959053448992e+00 2.41410180259471e-04
2.07500000000000e+00 2.65352869396448e+00 2.65328148243819e+00 2.47211526294588e-04
2.08000000000000e+00 2.64433029344649e+00 2.64407720741157e+00 2.53086034917693e-04
2.08500000000000e+00 2.63233621821311e+00 2.63207726147960e+00 2.58956733508509e-04
2.09000000000000e+00 2.61766287133855e+00 2.61739814297001e+00 2.64728368542411e-04
2.09500000000000e+00 2.60044288070492e+00 2.60017256772797e+00 2.70312976943909e-04
2.10000000000000e+00 2.58082429366341e+00 2.58054864046305e+00 2.75653200366932e-04
2.10500000000000e+00 2.55896966958502e+00 2.55868893129538e+00 2.80738289637039e-04
2.11000000000000e+00 2.53505507214018e+00 2.53476946319710e+00 2.85608943081161e-04
2.11500000000000e+00 2.50926896579739e+00 2.50897861657418e+00 2.90349223215358e-04
2.12000000000000e+00 2.48181102422346e+00 2.48151595774496e+00 2.95066478500416e-04
2.12500000000000e+00 2.45289086151213e+00 2.45259099854052e+00 2.99862971612441e-04
2.13000000000000e+00 2.42272669987401e+00 2.42242189467697e+00 3.04805197039570e-04
2.13500000000000e+00 2.39154398900456e+00 2.39123409092702e+00 3.09898077544002e-04
2.14000000000000e+00 2.35957399236136e+00 2.35925892144618e+00 3.15070915177795e-04
2.14500000000000e+00 2.32705235384285e+00 2.32673217388556e+00 3.20179957286726e-04
2.15000000000000e+00 2.29421765506257e+00 2.29389262614624e+00 3.25028916332570e-04
2.15500000000000e+00 2.26130996916944e+00 2.26098056479902e+00 3.29404370419173e-04
2.16000000000000e+00 2.22856941296048e+00 2.22823629430637e+00 3.33118654108233e-04
2.16500000000000e+00 2.19623469605013e+00 2.19589864623990e+00 3.36049810232275e-04
2.17000000000000e+00 2.16454166519527e+00 2.16420349768687e+00 3.38167508398879e-04
2.17500000000000e+00 2.13372184418554e+00 2.13338230798255e+00 3.39536202991653e-04
2.18000000000000e+00 2.10400097489849e+00 2.10366068279205e+00 3.40292106436824e-04
2.18500000000000e+00 2.07559757217540e+00 2.07525697439691e+00 3.40597778482277e-04
2.19000000000000e+00 2.04872151226913e+00 2.04838092681811e+00 3.40585451021003e-04
2.19500000000000e+00 2.02357267951931e+00 2.02323237413107e+00 3.40305388244033e-04
2.20000000000000e+00 2.00033969663371e+00 2.00000000000000e+00 3.39696633710584e-04
2.20500000000000e+00 1.97919875944879e+00 1.97886016608158e+00 3.38593367214202e-04
2.21000000000000e+00 1.96031258768415e+00 1.95997581652323e+00 3.36771160916793e-04
2.21500000000000e+00 1.94382949086802e+00 1.94349546531226e+00 3.34025555757567e-04
2.22000000000000e+00 1.92988253624366e+00 1.92955227272105e+00 3.30263522614116e-04
2.22500000000000e+00 1.91858879633853e+00 1.91826321654437e+00 3.25579794153708e-04
2.23000000000000e+00 1.91004865080392e+00 1.90972836324032e+00 3.20287563599253e-04
2.23500000000000e+00 1.90434512200179e+00 1.90403024347033e+00 3.14878531463725e-04
2.24000000000000e+00 1.90154323753566e+00 1.90123333589028e+00 3.09901645387356e-04
2.24500000000000e+00 1.90168943547690e+00 1.90138366237698e+00 3.05773099914974e-04
2.25000000000000e+00 1.90481105795678e+00 1.90450849718747e+00 3.02560769303017e-04
2.25500000000000e+00 1.91091601131606e+00 1.91061619184595e+00 2.99819470116480e-04
2.26000000000000e+00 1.91999269490129e+00 1.91969611683971e+00 2.96578061576902e-04
2.26500000000000e+00 1.93201029548522e+00 1.93171872048530e+00 2.91574999923050e-04
2.27000000000000e+00 1.94691948290426e+00 1.94663570460343e+00 2.83778300830928e-04
2.27500000000000e+00 1.96465340458873e+00 1.96438031592140e+00 2.73088667326560e-04
2.28000000000000e+00 1.98512867872935e+00 1.98486775140779e+00 2.60927321561244e-04
2.28500000000000e+00 2.00824591848139e+00 2.00799567504205e+00 2.50243439337439e-04
2.29000000000000e+00 2.03388935839612e+00 2.03364484283446e+00 2.44515561663494e-04
2.29500000000000e+00 2.06192558518188e+00 2.06167983224433e+00 2.45752937553689e-04
2.30000000000000e+00 2.09220219614762e+00 2.09194987150091e+00 2.52324646712321e-04
2.30500000000000e+00 2.12454799284754e+00 2.12428976371522e+00 2.58229132319876e-04
2.31000000000000e+00 2.15877621940785e+00 2.15852090008677e+00 2.55319321082137e-04
2.31500000000000e+00 2.19469070036976e+00 2.19445235595975e+00 2.38344410012914e-04
2.32000000000000e+00 2.23209205728865e+00 2.23188206297221e+00 2.09994316434869e-04
2.32500000000000e+00 2.27077967592332e+00 2.27059805007310e+00 1.81625850220968e-04
2.33000000000000e+00 2.31054713439311e+00 2.31037974575665e+00 1.67388636460153e-04
2.33500000000000e+00 2.35117403124620e+00 2.35099933348698e+00 1.74697759219189e-04
2.34000000000000e+00 2.39242132106049e+00 2.39222315195699e+00 1.98169103497126e-04
2.34500000000000e+00 2.43403565022759e+00 2.43381313154985e+00 2.22518677741590e-04
2.35000000000000e+00 2.47576107927789e+00 2.47552825814758e+00 2.32821130315752e-04
2.35500000000000e+00 2.51735022618375e+00 2.51712605526309e+00 2.24170920668953e-04
2.36000000000000e+00 2.55856747024932e+00 2.55836407535858e+00 2.03394890736064e-04
2.36500000000000e+00 2.59918387512095e+00 2.59900139115685e+00 1.82483964096036e-04
2.37000000000000e+00 2.63897008359970e+00 2.63880007775179e+00 1.70005847908605e-04
2.37500000000000e+00 2.67769375661299e+00 2.67752667638138e+00 1.67080231606942e-04
2.38000000000000e+00 2.71512304432364e+00 2.71495363083914e+00 1.69413484492953e-04
2.38500000000000e+00 2.75103268636389e+00 2.75086068766886e+00 1.71998695037701e-04
2.39000000000000e+00 2.78520859554459e+00 2.78503625151058e+00 1.72344034010674e-04
2.39500000000000e+00 2.81744937945094e+00 2.81727868724248e+00 1.70692208463219e-04
2.40000000000000e+00 2.84756595877427e+00 2.84739756089084e+00 1.68397883430149e-04
2.40500000000000e+00 2.87538121505807e+00 2.87521481165829e+00 1.66403399775472e-04
2.41000000000000e+00 2.90073070972836e+00 2.90056584784471e+00 1.64861883647394e-04
2.41500000000000e+00 2.92346428073139e+00 2.92330055990463e+00 1.63720826756641e-04
2.42000000000000e+00 2.94344768995605e+00 2.94328424439572e+00 1.63445560326991e-04
2.42500000000000e+00 2.96056361298494e+00 2.96039843312221e+00 1.65179862737563e-04
2.43000000000000e+00 2.97471179721785e+00 2.97454162236171e+00 1.70174856139127e-04
2.43500000000000e+00 2.98580875299059e+00 2.98562989767982e+00 1.78855310769332e-04
2.44000000000000e+00 2.99378760383446e+00 2.99359745048043e+00 1.90153354021838e-04
2.44500000000000e+00 2.99859860450534e+00 2.99839698310739e+00 2.01621397943441e-04
2.45000000000000e+00 3.00021041124195e+00 3.00000000000000e+00 2.10411241947650e-04
2.45500000000000e+00 2.99861167533057e+00 2.99839698310739e+00 2.14692223174051e-04
2.46000000000000e+00 2.99381220945554e+00 2.99359745048044e+00 2.14758975104701e-04
2.46500000000000e+00 2.98584305321066e+00 2.98562989767982e+00 2.13155530837117e-04
2.47000000000000e+00 2.97475523988523e+00 2.97454162236171e+00 2.13617523513232e-04
2.47500000000000e+00 2.96061770436992e+00 2.96039843312221e+00 2.19271247708708e-04
2.48000000000000e+00 2.94351521577863e+00 2.94328424439572e+00 2.30971382904954e-04
2.48500000000000e+00 2.92354720306997e+00 2.92330055990464e+00 2.46643165330962e-04
2.49000000000000e+00 2.90082786029066e+00 2.90056584784471e+00 2.62012445947146e-04
2.49500000000000e+00 2.87548722889960e+00 2.87521481165830e+00 2.72417241303557e-04
2.50000000000000e+00 2.84767242618969e+00 2.84739756089084e+00 2.74865298844240e-04
2.50500000000000e+00 2.81754808423747e+00 2.81727868724248e+00 2.69396994992288e-04
2.51000000000000e+00 2.78529540708655e+00 2.78503625151058e+00 2.59155575969228e-04
2.51500000000000e+00 2.75110984596444e+00 2.75086068766886e+00 2.49158295580809e-04
2.52000000000000e+00 2.71519794253322e+00 2.71495363083915e+00 2.44311694075794e-04
2.52500000000000e+00 2.67777416780336e+00 2.67752667638138e+00 2.47491421976331e-04
2.53000000000000e+00 2.63905850910368e+00 2.63880007775179e+00 2.58431351886301e-04
2.53500000000000e+00 2.59927520278065e+00 2.59900139115685e+00 2.73811623796139e-04
2.54000000000000e+00 2.55865254335812e+00 2.55836407535859e+00 2.88467999527420e-04
2.54500000000000e+00 2.51742330167018e+00 2.51712605526309e+00 2.97246407093610e-04
2.55000000000000e+00 2.47582508436982e+00 2.47552825814758e+00 2.96826222244029e-04
2.55500000000000e+00 2.43410001056590e+00 2.43381313154985e+00 2.86879016046626e-04
2.56000000000000e+00 2.39249333090521e+00 2.39222315195700e+00 2.70178948206912e-04
2.56500000000000e+00 2.35125097550564e+00 2.35099933348698e+00 2.51642018650244e-04
2.57000000000000e+00 2.31061637216739e+00 2.31037974575666e+00 2.36626410734520e-04
2.57500000000000e+00 2.27082711728972e+00 2.27059805007310e+00 2.29067216626078e-04
2.58000000000000e+00 2.23211213630923e+00 2.23188206297222e+00 2.30073337010417e-04
2.58500000000000e+00 2.19468981936038e+00 2.19445235595975e+00 2.37463400628357e-04
2.59000000000000e+00 2.15876730504565e+00 2.15852090008678e+00 2.46404958875956e-04
2.59500000000000e+00 2.12454071073364e+00 2.12428976371522e+00 2.50947018422654e-04
2.60000000000000e+00 2.09219580030179e+00 2.09194987150091e+00 2.45928800874040e-04
2.60500000000000e+00 2.06190845158440e+00 2.06167983224433e+00 2.28619340072012e-04
2.61000000000000e+00 2.03384438511210e+00 2.03364484283446e+00 1.99542277637299e-04
2.61500000000000e+00 2.00815790592624e+00 2.00799567504205e+00 1.62230884185099e-04
2.62000000000000e+00 1.98498978139967e+00 1.98486775140779e+00 1.22029991878048e-04
2.62500000000000e+00 1.96446469271210e+00 1.96438031592140e+00 8.43767906959503e-05
2.63000000000000e+00 1.94668884653376e+00 1.94663570460343e+00 5.31419303237968e-05
2.63500000000000e+00 1.93174827539340e+00 1.93171872048530e+00 2.95549081035240e-05
2.64000000000000e+00 1.91970812675071e+00 1.91969611683971e+00 1.20099109945926e-05
2.64500000000000e+00 1.91061293515155e+00 1.91061619184595e+00 3.25669439860121e-06
2.65000000000000e+00 1.90448759903792e+00 1.90450849718747e+00 2.08981495561922e-05
2.65500000000000e+00 1.90133862967142e+00 1.90138366237698e+00 4.50327055596667e-05
2.66000000000000e+00 1.90115523904912e+00 1.90123333589028e+00 7.80968411528971e-05
2.66500000000000e+00 1.90390996574297e+00 1.90403024347033e+00 1.20277727359674e-04
2.67000000000000e+00 1.90955874154762e+00 1.90972836324032e+00 1.69621692699629e-04
2.67500000000000e+00 1.91804050431718e+00 1.91826321654437e+00 2.22712227195165e-04
2.68000000000000e+00 1.92927660376194e+00 1.92955227272105e+00 2.75668959107689e-04
2.68500000000000e+00 1.94317029744348e+00 1.94349546531226e+00 3.25167868775011e-04
2.69000000000000e+00 1.95960659637461e+00 1.95997581652323e+00 3.69220148622729e-04
2.69500000000000e+00 1.97845262029614e+00 1.97886016608158e+00 4.07545785432673e-04
2.70000000000000e+00 1.99955849939813e+00 2.00000000000000e+00 4.41500601873202e-04
2.70500000000000e+00 2.02275874734593e+00 2.02323237413106e+00 4.73626785135295e-04
2.71000000000000e+00 2.04787395444535e+00 2.04838092681811e+00 5.06972372750880e-04
2.71500000000000e+00 2.07471261983974e+00 2.07525697439691e+00 5.44354557170834e-04
2.72000000000000e+00 2.10307295489134e+00 2.10366068279205e+00 5.87727900711155e-04
2.72500000000000e+00 2.13274453443296e+00 2.13338230798255e+00 6.37773549580611e-04
2.73000000000000e+00 2.16350973246749e+00 2.16420349768687e+00 6.93765219374587e-04
2.73500000000000e+00 2.19514493878715e+00 2.19589864623990e+00 7.53707452743058e-04
2.74000000000000e+00 2.22742160121831e+00 2.22823629430637e+00 8.14693088060814e-04
2.74500000000000e+00 2.26010716824053e+00 2.26098056479902e+00 8.73396558491724e-04
2.75000000000000e+00 2.29296601709326e+00 2.29389262614624e+00 9.26609052976257e-04
2.75500000000000e+00 2.32576044562823e+00 2.32673217388556e+00 9.71728257333382e-04
2.76000000000000e+00 2.35825178693538e+00 2.35925892144618e+00 1.00713451079582e-03
2.76500000000000e+00 2.39020167985091e+00 2.39123409092702e+00 1.03241107610863e-03
2.77000000000000e+00 2.42137350117361e+00 2.42242189467697e+00 1.04839350336094e-03
2.77500000000000e+00 2.45153394096535e+00 2.45259099854052e+00 1.05705757516983e-03
2.78000000000000e+00 2.48045468343798e+00 2.48151595774496e+00 1.06127430697978e-03
2.78500000000000e+00 2.50791414392740e+00 2.50897861657418e+00 1.06447264677678e-03
2.79000000000000e+00 2.53369920740597e+00 2.53476946319709e+00 1.07025579111752e-03
2.79500000000000e+00 2.55760691507569e+00 2.55868893129538e+00 1.08201621968718e-03
2.80000000000000e+00 2.57944605146846e+00 2.58054864046305e+00 1.10258899458682e-03
2.80500000000000e+00 2.59903859358680e+00 2.60017256772797e+00 1.13397414117200e-03
2.81000000000000e+00 2.61622099440317e+00 2.61739814297001e+00 1.17714856683593e-03
2.81500000000000e+00 2.63084528414977e+00 2.63207726147960e+00 1.23197732982927e-03
2.82000000000000e+00 2.64277998321303e+00 2.64407720741157e+00 1.29722419854250e-03
2.82500000000000e+00 2.65191082936372e+00 2.65328148243819e+00 1.37065307446704e-03
2.83000000000000e+00 2.65814132907518e+00 2.65959053448992e+00 1.44920541473503e-03
2.83500000000000e+00 2.66139314764879e+00 2.66292238208847e+00 1.52923443967667e-03
2.84000000000000e+00 2.66160635582059e+00 2.66321313042021e+00 1.60677459962733e-03
2.84500000000000e+00 2.65873955165479e+00 2.66041737596564e+00 1.67782431085106e-03
2.85000000000000e+00 2.65276987612159e+00 2.65450849718747e+00 1.73862106588274e-03
2.85500000000000e+00 2.64369293912325e+00 2.64547882948272e+00 1.78589035946386e-03
2.86000000000000e+00 2.63152267020984e+00 2.63333972331719e+00 1.81705310734515e-03
2.86500000000000e+00 2.61629110512219e+00 2.61812148518152e+00 1.83038005933334e-03
2.87000000000000e+00 2.59804811589868e+00 2.59987320173000e+00 1.82508583132579e-03
2.87500000000000e+00 2.57686108882997e+00 2.57866244818360e+00 1.80135935362680e-03
2.88000000000000e+00 2.55281455124598e+00 2.55457488279246e+00 1.76033154648136e-03
2.88500000000000e+00 2.52600974514276e+00 2.52771372985530e+00 1.70398471254218e-03
2.89000000000000e+00 2.49656414313795e+00 2.49819915448034e+00 1.63501134238642e-03
2.89500000000000e+00 2.46461090028512e+00 2.46616753293972e+00 1.55663265460104e-03
2.90000000000000e+00 2.43029823396129e+00 2.43177062311339e+00 1.47238915209735e-03
2.90500000000000e+00 2.39378872341520e+00 2.39517464013388e+00 1.38591671868848e-03
2.91000000000000e+00 2.35525852065932e+00 2.35655924292839e+00 1.30072226907174e-03
2.91500000000000e+00 2.31489646520670e+00 2.31611643790350e+00 1.21997269680252e-03
2.92000000000000e+00 2.27290309667401e+00 2.27404940652904e+00 1.14630985502240e-03
2.92500000000000e+00 2.22948956144367e+00 2.23057126404647e+00 1.08170260279561e-03
2.93000000000000e+00 2.18487641232235e+00 2.18590375695213e+00 1.02734462978304e-03
2.93500000000000e+00 2.13929230333994e+00 2.14027590728278e+00 9.83603942837252e-04
2.94000000000000e+00 2.09297258536469e+00 2.09392261205918e+00 9.50026694493289e-04
2.94500000000000e+00 2.04615781189457e+00 2.04708320651984e+00 9.25394625268527e-04
2.95000000000000e+00 1.99909216803523e+00 2.00000000000000e+00 9.07831964771733e-04
2.95500000000000e+00 1.95202183907853e+00 1.95291679348017e+00 8.94954401644110e-04
2.96000000000000e+00 1.90519333804199e+00 1.90607738794082e+00 8.84049898837613e-04
2.96500000000000e+00 1.85885181380965e+00 1.85972409271723e+00 8.72278907582347e-04
2.97000000000000e+00 1.81323936294929e+00 1.81409624304787e+00 8.56880098586643e-04
2.97500000000000e+00 1.76859336872460e+00 1.76942873595354e+00 8.35367228932737e-04
2.98000000000000e+00 1.72514489019366e+00 1.72595059347097e+00 8.05703277312109e-04
2.98500000000000e+00 1.68311712257212e+00 1.68388356209651e+00 7.66439524391149e-04
2.99000000000000e+00 1.64272394731597e+00 1.64344075707161e+00 7.16809755639147e-04
2.99500000000000e+00 1.60416858679707e+00 1.60482535986612e+00 6.56773069043437e-04
3.00000000000000e+00 1.56764237424423e+00 1.56822937688661e+00 5.87002642386203e-04
3.00500000000000e+00 1.53332364510155e+00 1.53383246706028e+00 5.08821958728367e-04
3.01000000000000e+00 1.50137675145472e+00 1.50180084551966e+00 4.24094064947589e-04
3.01500000000000e+00 1.47195119704266e+00 1.47228627014470e+00 3.35073102040173e-04
3.02000000000000e+00 1.44518088693032e+00 1.44542511720755e+00 2.44230277225199e-04
3.02500000000000e+00 1.42118348342931e+00 1.42133755181641e+00 1.54068387099526e-04
3.03000000000000e+00 1.40005985849617e+00 1.40012679827000e+00 6.69397738257693e-05
3.03500000000000e+00 1.38189363268308e+00 1.38187851481848e+00 1.51178646019545e-05
3.04000000000000e+00 1.36675079172597e+00 1.36666027668282e+00 9.05150431487201e-05
3.04500000000000e+00 1.35467937388873e+00 1.35452117051728e+00 1.58203371446231e-04
3.05000000000000e+00 1.34570922400809e+00 1.34549150281253e+00 2.17721195561627e-04
3.05500000000000e+00 1.33985181350874e+00 1.33958262403436e+00 2.69189474376264e-04
3.06000000000000e+00 1.33710012914905e+00 1.33678686957979e+00 3.13259569264090e-04
3.06500000000000e+00 1.33742863657009e+00 1.33707761791153e+00 3.51018658557800e-04
3.07000000000000e+00 1.34079332752499e+00 1.34040946551008e+00 3.83862014910141e-04
3.07500000000000e+00 1.34713186166807e+00 1.34671851756181e+00 4.13344106259483e-04
3.08000000000000e+00 1.35636381474947e+00 1.35592279258843e+00 4.41022161049354e-04
3.08500000000000e+00 1.36839104483493e+00 1.36792273852040e+00 4.68306314530320e-04
3.09000000000000e+00 1.38309818669177e+00 1.38260185702999e+00 4.96329661781258e-04
3.09500000000000e+00 1.40035328180149e+00 1.39982743227203e+00 5.25849529460443e-04
3.10000000000000e+00 1.42000854773987e+00 1.41945135953695e+00 5.57188202917613e-04
3.10500000000000e+00 1.44190128618362e+00 1.44131106870462e+00 5.90217478997124e-04
3.11000000000000e+00 1.46585492392231e+00 1.46523053680290e+00 6.24387119404046e-04
3.11500000000000e+00 1.49168017640423e+00 1.49102138342582e+00 6.58792978411205e-04
3.12000000000000e+00 1.51917631896814e+00 1.51848404225504e+00 6.92276713099460e-04
3.12500000000000e+00 1.54813254742644e+00 1.54740900145948e+00 7.23545966961892e-04
3.13000000000000e+00 1.57832940740644e+00 1.57757810532302e+00 7.51302083411121e-04
3.13500000000000e+00 1.60954027104381e+00 1.60876590907298e+00 7.74361970834914e-04
3.14000000000000e+00 1.64153284032428e+00 1.64074107855382e+00 7.91761770464916e-04
3.14500000000000e+00 1.67407065848741e+00 1.67326782611444e+00 8.02832372970075e-04
3.15000000000000e+00 1.70691461418006e+00 1.70610737385376e+00 8.07240326293313e-04
3.15500000000000e+00 1.73982442707347e+00 1.73901943520098e+00 8.04991872487726e-04
3.16000000000000e+00 1.77256010793532e+00 1.77176370569363e+00 7.96402241690419e-04
3.16500000000000e+00 1.80488339013218e+00 1.80410135376010e+00 7.82036372077854e-04
3.17000000000000e+00 1.83655913270864e+00 1.83579650231313e+00 7.62630395510167e-04
3.17500000000000e+00 1.86735669712719e+00 1.86661769201745e+00 7.39005109735791e-04
3.18000000000000e+00 1.89705130019846e+00 1.89633931720795e+00 7.11982990514448e-04
3.18500000000000e+00 1.92542534463656e+00 1.92474302560309e+00 6.82319033473933e-04
3.19000000000000e+00 1.95226972621849e+00 1.95161907318189e+00 6.50653036602389e-04
3.19500000000000e+00 1.97738511310349e+00 1.97676762586893e+00 6.17487234558345e-04
3.20000000000000e+00 2.00058318903419e+00 2.00000000000000e+00 5.83189034190745e-04
3.20500000000000e+00 2.02168784853748e+00 2.02113983391842e+00 5.48014619059511e-04
3.21000000000000e+00 2.04053632949480e+00 2.04002418347677e+00 5.12146018038173e-04
3.21500000000000e+00 2.05698026707208e+00 2.05650453468774e+00 4.75732384341399e-04
3.22000000000000e+00 2.07088665329801e+00 2.07044772727895e+00 4.38926019053820e-04
3.22500000000000e+00 2.08213868860726e+00 2.08173678345563e+00 4.01905151631077e-04
3.23000000000000e+00 2.09063651519245e+00 2.09027163675968e+00 3.64878432772109e-04
3.23500000000000e+00 2.09629782655185e+00 2.09596975652967e+00 3.28070022171723e-04
3.24000000000000e+00 2.09905835250682e+00 2.09876666410972e+00 2.91688397094703e-04
3.24500000000000e+00 2.09887222343458e+00 2.09861633762302e+00 2.55885811557999e-04
3.25000000000000e+00 2.09571222079235e+00 2.09549150281253e+00 2.20717979821483e-04
3.25500000000000e+00 2.08956992263410e+00 2.08938380815405e+00 1.86114480050570e-04
3.26000000000000e+00 2.08045575244199e+00 2.08030388316029e+00 1.51869281698858e-04
3.26500000000000e+00 2.06839893725820e+00 2.06828127951470e+00 1.17657743492039e-04
3.27000000000000e+00 2.05344737721792e+00 2.05336429539657e+00 8.30818213506390e-05
3.27500000000000e+00 2.03566742388441e+00 2.03561968407860e+00 4.77398058085221e-05
3.28000000000000e+00 2.01514356022361e+00 2.01513224859221e+00 1.13116313982253e-05
3.28500000000000e+00 1.99197797163833e+00 1.99200432495795e+00 2.63533196220855e-05
3.29000000000000e+00 1.96628999608850e+00 1.96635515716554e+00 6.51610770467936e-05
3.29500000000000e+00 1.93821544251717e+00 1.93832016775567e+00 1.04725238504688e-04
3.30000000000000e+00 1.90790577068640e+00 1.90805012849909e+00 1.44357812692952e-04
3.30500000000000e+00 1.87552713169460e+00 1.87571023628479e+00 1.83104590181449e-04
3.31000000000000e+00 1.84125927601732e+00 1.84147909991323e+00 2.19823895913684e-04
3.31500000000000e+00 1.80529434368669e+00 1.80554764404025e+00 2.53300353564301e-04
3.32000000000000e+00 1.76783555790504e+00 1.76811793702778e+00 2.82379122743981e-04
3.32500000000000e+00 1.72909584783855e+00 1.72940194992690e+00 3.06102088350579e-04
3.33000000000000e+00 1.68929642781225e+00 1.68962025424335e+00 3.23826431098295e-04
3.33500000000000e+00 1.64866535841528e+00 1.64900066651302e+00 3.35308097741294e-04
3.34000000000000e+00 1.60743611048524e+00 1.60777684804301e+00 3.40737557767756e-04
3.34500000000000e+00 1.56584614641542e+00 1.56618686845015e+00 3.40722034732011e-04
3.35000000000000e+00 1.52413552586738e+00 1.52447174185243e+00 3.36215985050403e-04
3.35500000000000e+00 1.48254553599628e+00 1.48287394473692e+00 3.28408740638775e-04
3.36000000000000e+00 1.44131734078309e+00 1.44163592464142e+00 3.18583858331278e-04
3.36500000000000e+00 1.40069064076537e+00 1.40099860884315e+00 3.07968077772447e-04
3.37000000000000e+00 1.36090233370048e+00 1.36119992224821e+00 2.97588547737204e-04
3.37500000000000e+00 1.32218516838807e+00 1.32247332361862e+00 2.88155230544707e-04
3.38000000000000e+00 1.28476638757493e+00 1.28504636916086e+00 2.79981585921574e-04
3.38500000000000e+00 1.24886636087307e+00 1.24913931233114e+00 2.72951458070603e-04
3.39000000000000e+00 1.21469721415239e+00 1.21496374848942e+00 2.66534337031832e-04
3.39500000000000e+00 1.18246146715272e+00 1.18272131275752e+00 2.59845604803521e-04
3.40000000000000e+00 1.15235069545753e+00 1.15260243910916e+00 2.51743651624725e-04
3.40500000000000e+00 1.12454423603030e+00 1.12478518834171e+00 2.40952311407749e-04
3.41000000000000e+00 1.09920795699816e+00 1.09943415215529e+00 2.26195157128073e-04
3.41500000000000e+00 1.07649311224401e+00 1.07669944009537e+00 2.06327851354215e-04
3.42000000000000e+00 1.05653529978162e+00 1.05671575560428e+00 1.80455822657466e-04
3.42500000000000e+00 1.03945354011039e+00 1.03960156687779e+00 1.48026767401888e-04
3.43000000000000e+00 1.02534948712700e+00 1.02545837763829e+00 1.08890511289372e-04
3.43500000000000e+00 1.01430678009023e+00 1.01437010232018e+00 6.33222299428748e-05
3.44000000000000e+00 1.00639054096026e+00 1.00640254951957e+00 1.20085593047214e-05
3.44500000000000e+00 1.00164701748893e+00 1.00160301689261e+00 4.40005963258105e-05
3.45000000000000e+00 1.00010336898305e+00 1.00000000000000e+00 1.03368983052743e-04
3.45500000000000e+00 1.00176758888093e+00 1.00160301689261e+00 1.64571988323869e-04
3.46000000000000e+00 1.00662855627939e+00 1.00640254951956e+00 2.26006759827202e-04
3.46500000000000e+00 1.01465620735364e+00 1.01437010232018e+00 2.86105033469486e-04
3.47000000000000e+00 1.02580181719205e+00 1.02545837763829e+00 3.43439553765812e-04
3.47500000000000e+00 1.03999838283415e+00 1.03960156687779e+00 3.96815956358321e-04
3.48000000000000e+00 1.05716109912752e+00 1.05671575560427e+00 4.45343523250985e-04
3.48500000000000e+00 1.07718792025591e+00 1.07669944009536e+00 4.88480160544036e-04
3.49000000000000e+00 1.09996020127490e+00 1.09943415215529e+00 5.26049119615069e-04
3.49500000000000e+00 1.12534341555980e+00 1.12478518834171e+00 5.58227218093066e-04
3.50000000000000e+00 1.15318794556943e+00 1.15260243910915e+00 5.85506460272445e-04
3.50500000000000e+00 1.18332994562535e+00 1.18272131275752e+00 6.08632867830972e-04
3.51000000000000e+00 1.21559227638588e+00 1.21496374848942e+00 6.28527896457287e-04
3.51500000000000e+00 1.24978551127456e+00 1.24913931233114e+00 6.46198943415444e-04
3.52000000000000e+00 1.28570901525045e+00 1.28504636916085e+00 6.62646089594654e-04
3.52500000000000e+00 1.32315209595841e+00 1.32247332361861e+00 6.78772339794742e-04
3.53000000000000e+00 1.36189522648154e+00 1.36119992224821e+00 6.95304233330418e-04
3.53500000000000e+00 1.40171133767073e+00 1.40099860884315e+00 7.12728827587217e-04
3.54000000000000e+00 1.44236717641328e+00 1.44163592464141e+00 7.31251771869168e-04
3.54500000000000e+00 1.48362472431108e+00 1.48287394473691e+00 7.50779574166138e-04
3.55000000000000e+00 1.52524266917700e+00 1.52447174185242e+00 7.70927324575510e-04
3.55500000000000e+00 1.56697791964720e+00 1.56618686845015e+00 7.91051197053916e-04
3.56000000000000e+00 1.60858715117944e+00 1.60777684804300e+00 8.10303136438151e-04
3.56500000000000e+00 1.64982836989619e+00 1.64900066651302e+00 8.27703383174505e-04
3.57000000000000e+00 1.69046247926684e+00 1.68962025424335e+00 8.42225023491849e-04
3.57500000000000e+00 1.73025483362107e+00 1.72940194992690e+00 8.52883694166806e-04
3.58000000000000e+00 1.76897676204376e+00 1.76811793702778e+00 8.58825015981113e-04
3.58500000000000e+00 1.80640704638478e+00 1.80554764404025e+00 8.59402344528304e-04
3.59000000000000e+00 1.84233333795533e+00 1.84147909991322e+00 8.54238042102384e-04
3.59500000000000e+00 1.87655349896101e+00 1.87571023628478e+00 8.43262676222922e-04
3.60000000000000e+00 1.90887685677521e+00 1.90805012849909e+00 8.26728276118738e-04
3.60500000000000e+00 1.93912536167442e+00 1.93832016775567e+00 8.05193918757663e-04
3.61000000000000e+00 1.96713464147807e+00 1.96635515716554e+00 7.79484312527501e-04
3.61500000000000e+00 1.99275494946499e+00 1.99200432495795e+00 7.50624507041442e-04
3.62000000000000e+00 2.01585200475376e+00 2.01513224859221e+00 7.19756161547291e-04
3.62500000000000e+00 2.03630772680708e+00 2.03561968407860e+00 6.88042728480109e-04
3.63000000000000e+00 2.05402086763662e+00 2.05336429539657e+00 6.56572240056441e-04
3.63500000000000e+00 2.06890754646553e+00 2.06828127951470e+00 6.26266950830789e-04
3.64000000000000e+00 2.08090169193231e+00 2.08030388316029e+00 5.97808772023090e-04
3.64500000000000e+00 2.08995539635118e+00 2.08938380815405e+00 5.71588197132211e-04
3.65000000000000e+00 2.09603918513191e+00 2.09549150281253e+00 5.47682319387288e-04
3.65500000000000e+00 2.09914220235884e+00 2.09861633762302e+00 5.25864735818171e-04
3.66000000000000e+00 2.09927231098089e+00 2.09876666410972e+00 5.05646871160614e-04
3.66500000000000e+00 2.09645610339907e+00 2.09596975652967e+00 4.86346869392307e-04
3.67000000000000e+00 2.09073881583295e+00 2.09027163675968e+00 4.67179073262880e-04
3.67500000000000e+00 2.08218413809030e+00 2.08173678345563e+00 4.47354634675712e-04
3.68000000000000e+00 2.07087390960096e+00 2.07044772727895e+00 4.26182322005086e-04
3.68500000000000e+00 2.05690769305692e+00 2.05650453468774e+00 4.03158369183032e-04
3.69000000000000e+00 2.04040221883146e+00 2.04002418347677e+00 3.78035354686723e-04
3.69500000000000e+00 2.02149069645071e+00 2.02113983391842e+00 3.50862532289220e-04
3.70000000000000e+00 2.00032199349028e+00 2.00000000000000e+00 3.21993490281614e-04
3.70500000000000e+00 1.97705968691683e+00 1.97676762586894e+00 2.92061047896475e-04
3.71000000000000e+00 1.95188099652287e+00 1.95161907318189e+00 2.61923340976633e-04
3.71500000000000e+00 1.92497561410665e+00 1.92474302560309e+00 2.32588503557007e-04
3.72000000000000e+00 1.89654444489370e+00 1.89633931720795e+00 2.05127685749984e-04
3.72500000000000e+00 1.86679827901856e+00 1.86661769201745e+00 1.80587001103794e-04
3.73000000000000e+00 1.83595641057119e+00 1.83579650231313e+00 1.59908258061670e-04
3.73500000000000e+00 1.80424521993591e+00 1.80410135376010e+00 1.43866175805529e-04
3.74000000000000e+00 1.77189673234446e+00 1.77176370569363e+00 1.33026650831258e-04
3.74500000000000e+00 1.73914716234433e+00 1.73901943520098e+00 1.27727143348633e-04
3.75000000000000e+00 1.70623545091702e+00 1.70610737385376e+00 1.28077063259902e-04
3.75500000000000e+00 1.67340179985092e+00 1.67326782611444e+00 1.33973736474946e-04
3.76000000000000e+00 1.64088620704501e+00 1.64074107855382e+00 1.45128491193525e-04
3.76500000000000e+00 1.60892700676644e+00 1.60876590907298e+00 1.61097693459844e-04
3.77000000000000e+00 1.57775942027056e+00 1.57757810532303e+00 1.81314947534261e-04
3.77500000000000e+00 1.54761412414027e+00 1.54740900145948e+00 2.05122680783099e-04
3.78000000000000e+00 1.51871584560355e+00 1.51848404225504e+00 2.31803348508253e-04
3.78500000000000e+00 1.49128199536440e+00 1.49102138342582e+00 2.60611938579736e-04
3.79000000000000e+00 1.46552134871074e+00 1.46523053680291e+00 2.90811907829758e-04
3.79500000000000e+00 1.44163278468957e+00 1.44131106870462e+00 3.21715984943571e-04
3.80000000000000e+00 1.41980409110544e+00 1.41945135953695e+00 3.52731568485920e-04
3.80500000000000e+00 1.40021084040942e+00 1.39982743227203e+00 3.83408137395458e-04
3.81000000000000e+00 1.38301533877698e+00 1.38260185702999e+00 4.13481746988298e-04
3.81500000000000e+00 1.36836564843735e+00 1.36792273852040e+00 4.42909916953838e-04
3.82000000000000e+00 1.35639468213411e+00 1.35592279258843e+00 4.71889545683890e-04
3.82500000000000e+00 1.34721936878139e+00 1.34671851756181e+00 5.00851219580767e-04
3.83000000000000e+00 1.34093989098216e+00 1.34040946551008e+00 5.30425472074159e-04
3.83500000000000e+00 1.33763899786399e+00 1.33707761791153e+00 5.61379952461083e-04
3.84000000000000e+00 1.33738140020126e+00 1.33678686957979e+00 5.94530621472300e-04
3.84500000000000e+00 1.34021325841073e+00 1.33958262403436e+00 6.30634376365569e-04
3.85000000000000e+00 1.34616177706110e+00 1.34549150281253e+00 6.70274248570246e-04
3.85500000000000e+00 1.35523492140778e+00 1.35452117051728e+00 7.13750890499742e-04
3.86000000000000e+00 1.36742127168238e+00 1.36666027668282e+00 7.60994999560616e-04
3.86500000000000e+00 1.38269002917351e+00 1.38187851481848e+00 8.11514355034459e-04
3.87000000000000e+00 1.40099118452459e+00 1.40012679826999e+00 8.64386254600280e-04
3.87500000000000e+00 1.42225585338634e+00 1.42133755181640e+00 9.18301569931668e-04
3.88000000000000e+00 1.44639677806262e+00 1.44542511720754e+00 9.71660855083600e-04
3.88500000000000e+00 1.47330898670594e+00 1.47228627014469e+00 1.02271656124175e-03
3.89000000000000e+00 1.50287059467293e+00 1.50180084551966e+00 1.06974915326541e-03
3.89500000000000e+00 1.53494372656919e+00 1.53383246706028e+00 1.11125950891355e-03
3.90000000000000e+00 1.56937553295041e+00 1.56822937688661e+00 1.14615606380020e-03
3.90500000000000e+00 1.60599927312625e+00 1.60482535986612e+00 1.17391326013006e-03
3.91000000000000e+00 1.64463543538065e+00 1.64344075707161e+00 1.19467830903552e-03
3.91500000000000e+00 1.68509286833798e+00 1.68388356209650e+00 1.20930624148063e-03
3.92000000000000e+00 1.72716990215538e+00 1.72595059347097e+00 1.21930868440989e-03
3.92500000000000e+00 1.77065544553544e+00 1.76942873595353e+00 1.22670958191140e-03
3.93000000000000e+00 1.81533005390973e+00 1.81409624304787e+00 1.23381086186636e-03
3.93500000000000e+00 1.86096697505430e+00 1.85972409271722e+00 1.24288233708025e-03
3.94000000000000e+00 1.90733319015989e+00 1.90607738794081e+00 1.25580221907362e-03
3.94500000000000e+00 1.95419048000676e+00 1.95291679348016e+00 1.27368652659787e-03
3.95000000000000e+00 2.00129655608350e+00 2.00000000000000e+00 1.29655608349721e-03
3.95500000000000e+00 2.04840630363716e+00 2.04708320651983e+00 1.32309711732725e-03
3.96000000000000e+00 2.09527318599544e+00 2.09392261205918e+00 1.35057393625937e-03
3.96500000000000e+00 2.14165085542023e+00 2.14027590728278e+00 1.37494813744743e-03
3.97000000000000e+00 2.18729500409742e+00 2.18590375695213e+00 1.39124714529171e-03
3.97500000000000e+00 2.23196546940903e+00 2.23057126404647e+00 1.39420536255619e-03
3.98000000000000e+00 2.27542858138710e+00 2.27404940652903e+00 1.37917485807204e-03
3.98500000000000e+00 2.31745970960259e+00 2.31611643790350e+00 1.34327169909110e-03
3.99000000000000e+00 2.35784593529373e+00 2.35655924292839e+00 1.28669236534540e-03
3.99500000000000e+00 2.39638874661084e+00 2.39517464013388e+00 1.21410647696241e-03
4.00000000000000e+00 2.43290663475907e+00 2.43177062311338e+00 1.13601164568067e-03
