10 1 0.4009695452165033 0.92380849506051 0.4615620383860662 True
10 2 0.22520578138657377 1.29438868833599 0.4127126399249533 True
10 3 0.0001459162450757752 0.000811005222933758 0.0002157674957420492 True
10 4 0.006012152641538669 0.0917611486607415 0.016043439212351317 True
10 5 1.1086688199604812e-05 4.84762468953015e-05 1.4199802340745003e-05 True
10 6 0.0025048551989809383 0.0375463318610141 0.00637977325697377 True
10 7 0.0013229984276288635 0.0161115299615955 0.002755032873052876 True
10 8 9.153468805123549e-05 0.000522557927357781 0.0001337200703543098 True
10 9 0.00018765582000777049 0.00180060468080123 0.00032638050375941377 True
10 10 8.234593008924016e-05 0.000285355366183015 0.00010410496471703678 True
30 1 5.310647259176675e-05 0.000365044583179319 7.437264507990606e-05 True
30 2 0.00013593737113881443 0.00102918965627774 0.0002202713841719051 True
30 3 3.164048878687143e-06 2.75432497092165e-05 5.2598257748670785e-06 True
30 4 1.6014355628218618e-05 6.6999678074886e-05 2.246716461483587e-05 True
30 5 5.352795948605069e-05 0.000702831024215644 0.0001188893056823933 True
30 6 9.447220783973174e-05 0.000837014664587521 0.00016821546529638618 True
30 7 9.68794802905012e-06 5.17980273770924e-05 1.4015596362895433e-05 True
30 8 0.0010127576099203425 0.00526617226736592 0.001433377890134829 True
30 9 0.00050722920058643 0.00148389652473835 0.0005885654250412084 True
30 10 0.0012802402530050895 0.0032291748043205 0.0015123616455789074 True
50 1 0.00017836510648502866 0.000724495903872135 0.00024607560597391965 True
50 2 6.35825947087505e-06 3.12734748590948e-05 8.485183474458231e-06 True
50 3 5.825839122991664e-06 4.24305991164609e-05 8.860636443742446e-06 True
50 4 3.6259770380241693e-06 2.1072174062553e-05 4.990949226955161e-06 True
50 5 9.995187292589592e-05 0.00101003190076465 0.00020745894418301307 True
50 6 0.0008581341990598144 0.00407334548955651 0.0011561180234218916 True
50 7 0.0009947679264488741 0.00602664104663431 0.0013816604364300458 True
50 8 0.0014849892202776717 0.0087104632099031 0.002123648294352982 True
50 9 0.004172547330947086 0.0140862672480209 0.005210864908529643 True
50 10 0.004939365491243192 0.015929127590566 0.006576354947852415 True
80 1 0.0002632402244629755 0.00119746024991851 0.00034443729860895533 True
80 2 6.673042649567856e-06 5.81892963120723e-05 1.1532042496983247e-05 True
80 3 5.455052005813056e-05 0.000182905456208804 6.693884503775509e-05 True
80 4 1.9426129482594792e-05 0.000179730181427473 3.309360656865734e-05 True
80 5 0.0003030872679707804 0.000810380147679091 0.0003557909420737492 True
80 6 0.0005271053914474183 0.00159141411969088 0.0006279819777776275 True
80 7 0.002275334237197824 0.0121459822335526 0.0028009842332894987 True
80 8 0.0043715455578522844 0.0581008386541408 0.010501955432173145 True
80 9 0.2740558314793875 1.87593485840452 0.4612941813480341 False
80 10 0.006536419762145492 0.0242511558510632 0.00869002874399017 True
100 1 0.00025458384550357114 0.0036817863787606 0.0006315280833282788 True
100 2 3.1866974387359155e-06 1.85524499447531e-05 4.441539779344669e-06 True
100 3 1.5864970326234942e-05 7.93904784699428e-05 2.2046961236752852e-05 True
100 4 8.311697352987333e-05 0.000269219709031709 9.767668638045257e-05 True
100 5 0.0013882470372615224 0.0050185701401495 0.0017221230520346844 True
100 6 0.0007335165028330703 0.00294089054305502 0.0009576248290603138 True
100 7 0.0007490018555313669 0.00464860298081726 0.0011868424069122086 True
100 8 0.0037528414657269143 0.0191258583126532 0.0056983500348154765 True
100 9 0.007271806484874091 0.0383537024415745 0.009982729028575998 True
100 10 0.0073340387809378085 0.0608522494539505 0.012094991756612264 False
140 1 0.00024268820775282034 0.000947654753287397 0.000302972892022716 True
140 2 0.00014178509424511682 0.000378632797226386 0.00017183492521003738 True
140 3 0.00018518623742301663 0.000426096387985631 0.00021926339151316976 True
140 4 0.0005888268146677474 0.00142205401028006 0.0006844699031805758 True
140 5 0.003828580001119588 0.0130739298519322 0.004831056229279864 True
140 6 0.003141825639738188 0.0125943017451813 0.004267163916246656 True
140 7 0.004825171739878939 0.0223438198897017 0.006917119523988386 True
140 8 0.0064272929799597004 0.051069739572704 0.010961593097976933 True
200 1 0.0010264775524160968 0.0160379687985239 0.002893031003331353 True
200 2 0.00011927955731769887 0.000370035409867686 0.00016431903336563297 True
200 3 0.00026740935594979424 0.00123011615721369 0.0003679207267648339 True
200 4 0.009354341750718254 0.0184366920696402 0.011072378091753241 False
200 5 0.0031456257092524896 0.0245890485394251 0.004329189482758941 True
200 6 0.002871517848724338 0.0255962206658022 0.005273978830569864 True
200 7 0.008657631611044178 0.0280839514682847 0.011169934876983569 True
200 8 0.008871633731281 0.0222268744700194 0.010328575759638896 True
