variables = x, value-predict, value-true, error
0.00000000000000e+00 2.43175731956230e+00 2.43177062311339e+00 1.33035510865298e-05
5.00000000000000e-03 2.46614877155750e+00 2.46616753293972e+00 1.87613822215660e-05
1.00000000000000e-02 2.49817733158908e+00 2.49819915448034e+00 2.18228912558516e-05
1.50000000000000e-02 2.52769229816203e+00 2.52771372985530e+00 2.14316932711789e-05
2.00000000000000e-02 2.55455692877119e+00 2.55457488279246e+00 1.79540212674745e-05
2.50000000000000e-02 2.57864996264304e+00 2.57866244818360e+00 1.24855405516655e-05
3.00000000000000e-02 2.59986687261829e+00 2.59987320173000e+00 6.32911171827288e-06
3.50000000000000e-02 2.61812084537861e+00 2.61812148518152e+00 6.39802910651355e-07
4.00000000000000e-02 2.63334350139188e+00 2.63333972331718e+00 3.77807469886804e-06
4.50000000000000e-02 2.64548537551271e+00 2.64547882948272e+00 6.54602999761167e-06
5.00000000000000e-02 2.65451618556116e+00 2.65450849718747e+00 7.68837368214648e-06
5.50000000000000e-02 2.66042491921467e+00 2.66041737596564e+00 7.54324903207149e-06
6.00000000000000e-02 2.66321976936026e+00 2.66321313042021e+00 6.63894004615528e-06
6.50000000000000e-02 2.66292794514213e+00 2.66292238208847e+00 5.56305365817522e-06
7.00000000000000e-02 2.65959538100652e+00 2.65959053448992e+00 4.84651660093149e-06
7.50000000000000e-02 2.65328635991053e+00 2.65328148243819e+00 4.87747233757219e-06
8.00000000000000e-02 2.64408306036795e+00 2.64407720741157e+00 5.85295637689498e-06
8.50000000000000e-02 2.63208503092766e+00 2.63207726147960e+00 7.76944805913615e-06
9.00000000000000e-02 2.61740859065654e+00 2.61739814297001e+00 1.04476865345760e-05
9.50000000000000e-02 2.60018615068487e+00 2.60017256772797e+00 1.35829568970181e-05
1.00000000000000e-01 2.58056545011385e+00 2.58054864046305e+00 1.68096507997539e-05
1.05000000000000e-01 2.55870869961990e+00 2.55868893129538e+00 1.97683245168889e-05
1.10000000000000e-01 2.53479162775678e+00 2.53476946319709e+00 2.21645596902853e-05
1.15000000000000e-01 2.50900242792886e+00 2.50897861657418e+00 2.38113546835450e-05
1.20000000000000e-01 2.48154060783612e+00 2.48151595774496e+00 2.46500911620373e-05
1.25000000000000e-01 2.45261574735493e+00 2.45259099854052e+00 2.47488144062835e-05
1.30000000000000e-01 2.42244617478656e+00 2.42242189467697e+00 2.42801095833300e-05
1.35000000000000e-01 2.39125757470163e+00 2.39123409092702e+00 2.34837746115879e-05
1.40000000000000e-01 2.35928154286182e+00 2.35925892144618e+00 2.26214156371363e-05
1.45000000000000e-01 2.32675410469533e+00 2.32673217388556e+00 2.19308097677562e-05
1.50000000000000e-01 2.29391421350435e+00 2.29389262614624e+00 2.15873581086434e-05
1.55000000000000e-01 2.26100224313702e+00 2.26098056479902e+00 2.16783379967112e-05
1.60000000000000e-01 2.22825848756857e+00 2.22823629430637e+00 2.21932621955467e-05
1.65000000000000e-01 2.19592167711770e+00 2.19589864623990e+00 2.30308778035315e-05
1.70000000000000e-01 2.16422751833136e+00 2.16420349768687e+00 2.40206444845903e-05
1.75000000000000e-01 2.13340726232509e+00 2.13338230798255e+00 2.49543425456800e-05
1.80000000000000e-01 2.10368630489252e+00 2.10366068279205e+00 2.56221004701906e-05
1.85000000000000e-01 2.07528282116861e+00 2.07525697439691e+00 2.58467716927058e-05
1.90000000000000e-01 2.04840643805061e+00 2.04838092681811e+00 2.55112325024953e-05
1.95000000000000e-01 2.02325694878313e+00 2.02323237413107e+00 2.45746520679546e-05
2.00000000000000e-01 2.00002307580880e+00 2.00000000000000e+00 2.30758087957916e-05
2.05000000000000e-01 1.97888128980996e+00 1.97886016608158e+00 2.11237283833654e-05
2.10000000000000e-01 1.95999469445146e+00 1.95997581652323e+00 1.88779282246365e-05
2.15000000000000e-01 1.94351198736861e+00 1.94349546531226e+00 1.65220563517199e-05
2.20000000000000e-01 1.92956650822554e+00 1.92955227272105e+00 1.42355044916442e-05
2.25000000000000e-01 1.91827538412286e+00 1.91826321654437e+00 1.21675784874320e-05
2.30000000000000e-01 1.90973878132467e+00 1.90972836324032e+00 1.04180843532031e-05
2.35000000000000e-01 1.90403927037561e+00 1.90403024347033e+00 9.02690528103989e-06
2.40000000000000e-01 1.90124130944056e+00 1.90123333589028e+00 7.97355028780977e-06
2.45000000000000e-01 1.90139084840042e+00 1.90138366237698e+00 7.18602343519059e-06
2.50000000000000e-01 1.90451505413966e+00 1.90450849718747e+00 6.55695218831909e-06
2.55000000000000e-01 1.91062215577335e+00 1.91061619184595e+00 5.96392739971030e-06
2.60000000000000e-01 1.91970140740762e+00 1.91969611683971e+00 5.29056791132021e-06
2.65000000000000e-01 1.93172316544436e+00 1.93171872048530e+00 4.44495906548603e-06
2.70000000000000e-01 1.94663907736999e+00 1.94663570460343e+00 3.37276655715257e-06
2.75000000000000e-01 1.96438237928165e+00 1.96438031592140e+00 2.06336024377585e-06
2.80000000000000e-01 1.98486829992056e+00 1.98486775140779e+00 5.48512775866428e-07
2.85000000000000e-01 2.00799456950264e+00 2.00799567504205e+00 1.10553941201630e-06
2.90000000000000e-01 2.03364203197134e+00 2.03364484283446e+00 2.81086311915146e-06
2.95000000000000e-01 2.06167535929790e+00 2.06167983224433e+00 4.47294643413088e-06
3.00000000000000e-01 2.09194386603100e+00 2.09194987150091e+00 6.00546990670026e-06
3.05000000000000e-01 2.12428242143838e+00 2.12428976371522e+00 7.34227683230060e-06
3.10000000000000e-01 2.15851245534965e+00 2.15852090008677e+00 8.44473711936189e-06
3.15000000000000e-01 2.19444305233209e+00 2.19445235595975e+00 9.30362765361181e-06
3.20000000000000e-01 2.23187212728394e+00 2.23188206297222e+00 9.93568827301061e-06
3.25000000000000e-01 2.27058767410400e+00 2.27059805007310e+00 1.03759691012506e-05
3.30000000000000e-01 2.31036907796511e+00 2.31037974575665e+00 1.06677915372444e-05
3.35000000000000e-01 2.35098848100871e+00 2.35099933348698e+00 1.08524782671537e-05
3.40000000000000e-01 2.39221219104069e+00 2.39222315195700e+00 1.09609163074786e-05
3.45000000000000e-01 2.43380212301932e+00 2.43381313154985e+00 1.10085305280450e-05
3.50000000000000e-01 2.47551726367864e+00 2.47552825814758e+00 1.09944689348218e-05
3.55000000000000e-01 2.51711515036811e+00 2.51712605526309e+00 1.09048949732404e-05
3.60000000000000e-01 2.55835335592952e+00 2.55836407535859e+00 1.07194290661639e-05
3.65000000000000e-01 2.59899097200718e+00 2.59900139115685e+00 1.04191496723693e-05
3.70000000000000e-01 2.63879008347865e+00 2.63880007775179e+00 9.99427314241075e-06
3.75000000000000e-01 2.67751722665035e+00 2.67752667638138e+00 9.44973103589319e-06
3.80000000000000e-01 2.71494482351675e+00 2.71495363083915e+00 8.80732239583182e-06
3.85000000000000e-01 2.75085258383161e+00 2.75086068766886e+00 8.10383724481056e-06
3.90000000000000e-01 2.78502886613285e+00 2.78503625151058e+00 7.38537773381509e-06
3.95000000000000e-01 2.81727198836069e+00 2.81727868724248e+00 6.69888178750355e-06
4.00000000000000e-01 2.84739147845772e+00 2.84739756089084e+00 6.08243311939205e-06
4.05000000000000e-01 2.87520925543988e+00 2.87521481165829e+00 5.55621841513698e-06
4.10000000000000e-01 2.90056073192114e+00 2.90056584784471e+00 5.11592357499424e-06
4.15000000000000e-01 2.92329582993628e+00 2.92330055990464e+00 4.72996835210182e-06
4.20000000000000e-01 2.94327990305620e+00 2.94328424439572e+00 4.34133952209592e-06
4.25000000000000e-01 2.96039455910971e+00 2.96039843312221e+00 3.87401249524189e-06
4.30000000000000e-01 2.97453837917941e+00 2.97454162236171e+00 3.24318230005005e-06
4.35000000000000e-01 2.98562752979847e+00 2.98562989767982e+00 2.36788134966304e-06
4.40000000000000e-01 2.99359626633782e+00 2.99359745048043e+00 1.18414260974475e-06
4.45000000000000e-01 2.99839732637623e+00 2.99839698310739e+00 3.43268834246402e-07
4.50000000000000e-01 3.00000221237020e+00 3.00000000000000e+00 2.21237019593090e-06
4.55000000000000e-01 2.99840136321352e+00 2.99839698310739e+00 4.38010612135997e-06
4.60000000000000e-01 2.99360421435858e+00 2.99359745048043e+00 6.76387814735335e-06
4.65000000000000e-01 2.98563914615189e+00 2.98562989767982e+00 9.24847206684731e-06
4.70000000000000e-01 2.97455332001290e+00 2.97454162236171e+00 1.16976511845834e-05
4.75000000000000e-01 2.96041240215532e+00 2.96039843312221e+00 1.39690331106834e-05
4.80000000000000e-01 2.94330017479466e+00 2.94328424439572e+00 1.59303989359927e-05
4.85000000000000e-01 2.92331803526146e+00 2.92330055990464e+00 1.74753568229491e-05
4.90000000000000e-01 2.90058438417104e+00 2.90056584784471e+00 1.85363263227600e-05
4.95000000000000e-01 2.87523390477724e+00 2.87521481165829e+00 1.90931189423260e-05
5.00000000000000e-01 2.84741673681691e+00 2.84739756089084e+00 1.91759260657065e-05
5.05000000000000e-01 2.81729754946187e+00 2.81727868724248e+00 1.88622193877386e-05
5.10000000000000e-01 2.78505451934515e+00 2.78503625151058e+00 1.82678345677090e-05
5.15000000000000e-01 2.75087822091795e+00 2.75086068766886e+00 1.75332490890412e-05
5.20000000000000e-01 2.71497043752522e+00 2.71495363083915e+00 1.68066860717353e-05
5.25000000000000e-01 2.67754290247855e+00 2.67752667638138e+00 1.62260971667827e-05
5.30000000000000e-01 2.63881597999560e+00 2.63880007775179e+00 1.59022438110945e-05
5.35000000000000e-01 2.59901729614000e+00 2.59900139115685e+00 1.59049831496283e-05
5.40000000000000e-01 2.55838032984306e+00 2.55836407535859e+00 1.62544844743984e-05
5.45000000000000e-01 2.51714297376232e+00 2.51712605526309e+00 1.69184992295790e-05
5.50000000000000e-01 2.47554607420614e+00 2.47552825814758e+00 1.78160585653231e-05
5.55000000000000e-01 2.43383195872045e+00 2.43381313154985e+00 1.88271706043075e-05
5.60000000000000e-01 2.39224295929575e+00 2.39222315195700e+00 1.98073387540632e-05
5.65000000000000e-01 2.35101993860495e+00 2.35099933348698e+00 2.06051179687528e-05
5.70000000000000e-01 2.31040082630384e+00 2.31037974575665e+00 2.10805471887454e-05
5.75000000000000e-01 2.27061917226360e+00 2.27059805007310e+00 2.11221905042080e-05
5.80000000000000e-01 2.23190272367335e+00 2.23188206297222e+00 2.06607011370430e-05
5.85000000000000e-01 2.19447203322533e+00 2.19445235595975e+00 1.96772655813859e-05
5.90000000000000e-01 2.15853910601831e+00 2.15852090008677e+00 1.82059315356753e-05
5.95000000000000e-01 2.12430609330325e+00 2.12428976371522e+00 1.63295880293290e-05
6.00000000000000e-01 2.09196404165111e+00 2.09194987150091e+00 1.41701501963354e-05
6.05000000000000e-01 2.06169170644894e+00 2.06167983224433e+00 1.18742046084641e-05
6.10000000000000e-01 2.03365443874148e+00 2.03364484283446e+00 9.59590702365176e-06
6.15000000000000e-01 2.00800315427090e+00 2.00799567504205e+00 7.47922885224739e-06
6.20000000000000e-01 1.98487339309726e+00 1.98486775140779e+00 5.64168947425614e-06
6.25000000000000e-01 1.96438447741228e+00 1.96438031592140e+00 4.16149087523188e-06
6.30000000000000e-01 1.94663877412715e+00 1.94663570460343e+00 3.06952371476044e-06
6.35000000000000e-01 1.93172106758665e+00 1.93171872048530e+00 2.34710135060823e-06
6.40000000000000e-01 1.91969804642005e+00 1.91969611683971e+00 1.92958034217483e-06
6.45000000000000e-01 1.91061790717466e+00 1.91061619184595e+00 1.71532871351410e-06
6.50000000000000e-01 1.90451007607733e+00 1.90450849718747e+00 1.57888985152788e-06
6.55000000000000e-01 1.90138504910563e+00 1.90138366237698e+00 1.38672865324097e-06
6.60000000000000e-01 1.90123434957654e+00 1.90123333589028e+00 1.01368625937681e-06
6.65000000000000e-01 1.90403060170249e+00 1.90403024347033e+00 3.58232163932826e-07
6.70000000000000e-01 1.90972771802446e+00 1.90972836324032e+00 6.45215862071780e-07
6.75000000000000e-01 1.91826119828304e+00 1.91826321654437e+00 2.01826133072736e-06
6.80000000000000e-01 1.92954853709017e+00 1.92955227272105e+00 3.73563087974205e-06
6.85000000000000e-01 1.94348973765556e+00 1.94349546531226e+00 5.72765670248110e-06
6.90000000000000e-01 1.95996792874215e+00 1.95997581652323e+00 7.88778107874144e-06
6.95000000000000e-01 1.97885008190919e+00 1.97886016608158e+00 1.00841723846834e-05
7.00000000000000e-01 1.99998782589737e+00 2.00000000000000e+00 1.21741026346545e-05
7.05000000000000e-01 2.02321835467663e+00 2.02323237413106e+00 1.40194544302474e-05
7.10000000000000e-01 2.04836542519215e+00 2.04838092681811e+00 1.55016259584251e-05
7.15000000000000e-01 2.07524044020386e+00 2.07525697439691e+00 1.65341930542517e-05
7.20000000000000e-01 2.10364361083919e+00 2.10366068279205e+00 1.70719528647112e-05
7.25000000000000e-01 2.13336519259942e+00 2.13338230798255e+00 1.71153831245441e-05
7.30000000000000e-01 2.16418678762853e+00 2.16420349768687e+00 1.67100583383650e-05
7.35000000000000e-01 2.19588270512576e+00 2.19589864623990e+00 1.59411141393839e-05
7.40000000000000e-01 2.22822137092063e+00 2.22823629430637e+00 1.49233857476005e-05
7.45000000000000e-01 2.26096677648944e+00 2.26098056479902e+00 1.37883095820968e-05
7.50000000000000e-01 2.29387995712479e+00 2.29389262614624e+00 1.26690214448111e-05
7.55000000000000e-01 2.32672048861034e+00 2.32673217388556e+00 1.16852752252150e-05
7.60000000000000e-01 2.35924799162164e+00 2.35925892144618e+00 1.09298245427603e-05
7.65000000000000e-01 2.39122363317229e+00 2.39123409092702e+00 1.04577547301865e-05
7.70000000000000e-01 2.42241161473581e+00 2.42242189467697e+00 1.02799411614285e-05
7.75000000000000e-01 2.45258063716582e+00 2.45259099854052e+00 1.03613747008957e-05
7.80000000000000e-01 2.48150533316447e+00 2.48151595774496e+00 1.06245804905036e-05
7.85000000000000e-01 2.50896765875877e+00 2.50897861657418e+00 1.09578154083856e-05
7.90000000000000e-01 2.53475823597924e+00 2.53476946319709e+00 1.12272178549588e-05
7.95000000000000e-01 2.55867763964229e+00 2.55868893129538e+00 1.12916530903284e-05
8.00000000000000e-01 2.58053762176945e+00 2.58054864046305e+00 1.10186935948775e-05
8.05000000000000e-01 2.60016226769916e+00 2.60017256772797e+00 1.03000288111943e-05
8.10000000000000e-01 2.61738907834069e+00 2.61739814297001e+00 9.06462932270813e-06
8.15000000000000e-01 2.63206997328251e+00 2.63207726147960e+00 7.28819709516770e-06
8.20000000000000e-01 2.64407220961396e+00 2.64407720741157e+00 4.99779761709007e-06
8.25000000000000e-01 2.65327921137966e+00 2.65328148243819e+00 2.27105852923515e-06
8.30000000000000e-01 2.65959130460537e+00 2.65959053448992e+00 7.70115454074016e-07
8.35000000000000e-01 2.66292635286353e+00 2.66292238208847e+00 3.97077506386623e-06
8.40000000000000e-01 2.66322028844424e+00 2.66321313042021e+00 7.15802402062593e-06
8.45000000000000e-01 2.66042753441614e+00 2.66041737596564e+00 1.01584504981211e-05
8.50000000000000e-01 2.65452131325002e+00 2.65450849718747e+00 1.28160625454399e-05
8.55000000000000e-01 2.64549383826757e+00 2.64547882948272e+00 1.50087848513891e-05
8.60000000000000e-01 2.63335638498581e+00 2.63333972331718e+00 1.66616686274601e-05
8.65000000000000e-01 2.61813924044755e+00 2.61812148518153e+00 1.77552660280966e-05
8.70000000000000e-01 2.59989152983266e+00 2.59987320173000e+00 1.83281026608917e-05
8.75000000000000e-01 2.57868092098478e+00 2.57866244818360e+00 1.84728011833890e-05
8.80000000000000e-01 2.55459320889637e+00 2.55457488279246e+00 1.83261039188309e-05
8.85000000000000e-01 2.52773178359335e+00 2.52771372985530e+00 1.80537380463086e-05
8.90000000000000e-01 2.49821698616439e+00 2.49819915448034e+00 1.78316840506731e-05
8.95000000000000e-01 2.46618535881228e+00 2.46616753293972e+00 1.78258725580527e-05
9.00000000000000e-01 2.43178879569771e+00 2.43177062311339e+00 1.81725843240166e-05
9.05000000000000e-01 2.39519360195787e+00 2.39517464013388e+00 1.89618239865297e-05
9.10000000000000e-01 2.35657946859629e+00 2.35655924292839e+00 2.02256679004975e-05
9.15000000000000e-01 2.31613837097365e+00 2.31611643790350e+00 2.19330701551890e-05
9.20000000000000e-01 2.27407339842798e+00 2.27404940652903e+00 2.39918989550780e-05
9.25000000000000e-01 2.23059752219218e+00 2.23057126404647e+00 2.62581457119992e-05
9.30000000000000e-01 2.18593230834892e+00 2.18590375695213e+00 2.85513967899220e-05
9.35000000000000e-01 2.14030658216964e+00 2.14027590728277e+00 3.06748868719176e-05
9.40000000000000e-01 2.09395504991966e+00 2.09392261205918e+00 3.24378604839026e-05
9.45000000000000e-01 2.04711688415436e+00 2.04708320651983e+00 3.36776345304379e-05
9.50000000000000e-01 2.00003427872911e+00 2.00000000000000e+00 3.42787291063296e-05
9.55000000000000e-01 1.95295098020997e+00 1.95291679348017e+00 3.41867298032650e-05
9.60000000000000e-01 1.90611080307464e+00 1.90607738794082e+00 3.34151338208244e-05
9.65000000000000e-01 1.85975613696672e+00 1.85972409271723e+00 3.20442494912143e-05
9.70000000000000e-01 1.81412645521465e+00 1.81409624304787e+00 3.02121667772326e-05
9.75000000000000e-01 1.76945683473377e+00 1.76942873595353e+00 2.80987802399046e-05
9.80000000000000e-01 1.72597649817689e+00 1.72595059347097e+00 2.59047059212314e-05
9.85000000000000e-01 1.68390738967675e+00 1.68388356209650e+00 2.38275802411092e-05
9.90000000000000e-01 1.64346279565198e+00 1.64344075707161e+00 2.20385803726408e-05
9.95000000000000e-01 1.60484602187913e+00 1.60482535986612e+00 2.06620130107638e-05
1.00000000000000e+00 1.56824913736549e+00 1.56822937688661e+00 1.97604788818584e-05
1.00500000000000e+00 1.53385179453139e+00 1.53383246706028e+00 1.93274711104419e-05
1.01000000000000e+00 1.50182013390410e+00 1.50180084551966e+00 1.92883844338798e-05
1.01500000000000e+00 1.47230578004849e+00 1.47228627014470e+00 1.95099037951785e-05
1.02000000000000e+00 1.44544493393456e+00 1.44542511720755e+00 1.98167270177851e-05
1.02500000000000e+00 1.42135756549448e+00 1.42133755181640e+00 2.00136780741378e-05
1.03000000000000e+00 1.40014670886378e+00 1.40012679827000e+00 1.99105937892519e-05
1.03500000000000e+00 1.38189786181751e+00 1.38187851481848e+00 1.93469990328321e-05
1.04000000000000e+00 1.36667849025258e+00 1.36666027668282e+00 1.82135697650576e-05
1.04500000000000e+00 1.35453763824243e+00 1.35452117051728e+00 1.64677251439649e-05
1.05000000000000e+00 1.34550564416528e+00 1.34549150281253e+00 1.41413527536827e-05
1.05500000000000e+00 1.33959396361579e+00 1.33958262403436e+00 1.13395814282935e-05
1.06000000000000e+00 1.33679510015115e+00 1.33678686957979e+00 8.23057136467575e-06
1.06500000000000e+00 1.33708264528096e+00 1.33707761791153e+00 5.02736943119864e-06
1.07000000000000e+00 1.34041142936355e+00 1.34040946551008e+00 1.96385346740158e-06
1.07500000000000e+00 1.34671778510668e+00 1.34671851756181e+00 7.32455128771292e-07
1.08000000000000e+00 1.35591992509854e+00 1.35592279258843e+00 2.86748988664876e-06
1.08500000000000e+00 1.36791843415804e+00 1.36792273852040e+00 4.30436236209530e-06
1.09000000000000e+00 1.38259687627899e+00 1.38260185702999e+00 4.98075099986117e-06
1.09500000000000e+00 1.39982251458087e+00 1.39982743227203e+00 4.91769115829044e-06
1.10000000000000e+00 1.41944714104766e+00 1.41945135953695e+00 4.21848929055280e-06
1.10500000000000e+00 1.44130801104922e+00 1.44131106870462e+00 3.05765540309366e-06
1.11000000000000e+00 1.46522887583803e+00 1.46523053680291e+00 1.66096487186351e-06
1.11500000000000e+00 1.49102110455089e+00 1.49102138342582e+00 2.78874935810691e-07
1.12000000000000e+00 1.51848488586320e+00 1.51848404225504e+00 8.43608158440645e-07
1.12500000000000e+00 1.54741049846492e+00 1.54740900145948e+00 1.49700544227471e-06
1.13000000000000e+00 1.57757963902681e+00 1.57757810532303e+00 1.53370377975470e-06
1.13500000000000e+00 1.60876679633126e+00 1.60876590907298e+00 8.87258277293412e-07
1.14000000000000e+00 1.64074066071785e+00 1.64074107855382e+00 4.17835973820502e-07
1.14500000000000e+00 1.67326555885162e+00 1.67326782611444e+00 2.26726281882250e-06
1.15000000000000e+00 1.70610290492620e+00 1.70610737385376e+00 4.46892756733597e-06
1.15500000000000e+00 1.73901266060018e+00 1.73901943520098e+00 6.77460079612224e-06
1.16000000000000e+00 1.77175479706071e+00 1.77176370569363e+00 8.90863291247435e-06
1.16500000000000e+00 1.80409075345635e+00 1.80410135376010e+00 1.06003037492197e-05
1.17000000000000e+00 1.83578488642196e+00 1.83579650231313e+00 1.16158911735997e-05
1.17500000000000e+00 1.86660590546459e+00 1.86661769201745e+00 1.17865528594940e-05
1.18000000000000e+00 1.89632828858936e+00 1.89633931720795e+00 1.10286185894815e-05
1.18500000000000e+00 1.92473367177909e+00 1.92474302560309e+00 9.35382400135687e-06
1.19000000000000e+00 1.95161220492123e+00 1.95161907318189e+00 6.86826066087498e-06
1.19500000000000e+00 1.97676386565742e+00 1.97676762586894e+00 3.76021151149430e-06
1.20000000000000e+00 1.99999972159492e+00 2.00000000000000e+00 2.78405079656707e-07
1.20500000000000e+00 2.02114313053576e+00 2.02113983391842e+00 3.29661733777797e-06
1.21000000000000e+00 2.04003086799317e+00 2.04002418347677e+00 6.68451640439827e-06
1.21500000000000e+00 2.05651417136972e+00 2.05650453468774e+00 9.63668197995204e-06
1.22000000000000e+00 2.07045969080411e+00 2.07044772727895e+00 1.19635251532024e-05
1.22500000000000e+00 2.08175033782400e+00 2.08173678345563e+00 1.35543683672523e-05
1.23000000000000e+00 2.09028602448502e+00 2.09027163675968e+00 1.43877253400149e-05
1.23500000000000e+00 2.09598428749747e+00 2.09596975652967e+00 1.45309677961336e-05
1.24000000000000e+00 2.09878079378359e+00 2.09876666410972e+00 1.41296738616070e-05
1.24500000000000e+00 2.09862972580251e+00 2.09861633762302e+00 1.33881794877055e-05
1.25000000000000e+00 2.09550404667520e+00 2.09549150281253e+00 1.25438626716878e-05
1.25500000000000e+00 2.08939564651789e+00 2.08938380815405e+00 1.18383638381125e-05
1.26000000000000e+00 2.08031537237433e+00 2.08030388316029e+00 1.14892140450351e-05
1.26500000000000e+00 2.06829294470162e+00 2.06828127951470e+00 1.16651869190854e-05
1.27000000000000e+00 2.05337676353884e+00 2.05336429539657e+00 1.24681422666306e-05
1.27500000000000e+00 2.03563360734723e+00 2.03561968407860e+00 1.39232686371393e-05
1.28000000000000e+00 2.01514822716358e+00 2.01513224859221e+00 1.59785713713667e-05
1.28500000000000e+00 1.99202283828383e+00 1.99200432495795e+00 1.85133258754355e-05
1.29000000000000e+00 1.96637651132547e+00 1.96635515716554e+00 2.13541599278777e-05
1.29500000000000e+00 1.93834446432425e+00 1.93832016775567e+00 2.42965685846031e-05
1.30000000000000e+00 1.90807725759760e+00 1.90805012849909e+00 2.71290985074391e-05
1.30500000000000e+00 1.87573989350970e+00 1.87571023628478e+00 2.96572249185445e-05
1.31000000000000e+00 1.84151082401204e+00 1.84147909991323e+00 3.17240988121359e-05
1.31500000000000e+00 1.80558086987550e+00 1.80554764404025e+00 3.32258352486736e-05
1.32000000000000e+00 1.76815205680106e+00 1.76811793702778e+00 3.41197732751652e-05
1.32500000000000e+00 1.72943637498988e+00 1.72940194992690e+00 3.44250629800147e-05
1.33000000000000e+00 1.68965447014699e+00 1.68962025424335e+00 3.42159036441636e-05
1.33500000000000e+00 1.64903427515999e+00 1.64900066651302e+00 3.36086469687746e-05
1.34000000000000e+00 1.60780959272344e+00 1.60777684804300e+00 3.27446804364584e-05
1.34500000000000e+00 1.56621863988667e+00 1.56618686845015e+00 3.17714365147825e-05
1.35000000000000e+00 1.52450256584078e+00 1.52447174185242e+00 3.08239883550776e-05
1.35500000000000e+00 1.48290395422699e+00 1.48287394473691e+00 3.00094900733683e-05
1.36000000000000e+00 1.44166532088031e+00 1.44163592464141e+00 2.93962388986380e-05
1.36500000000000e+00 1.40102761729501e+00 1.40099860884315e+00 2.90084518594913e-05
1.37000000000000e+00 1.36122874930800e+00 1.36119992224821e+00 2.88270597872398e-05
1.37500000000000e+00 1.32250211965257e+00 1.32247332361862e+00 2.87960339540039e-05
1.38000000000000e+00 1.28507520223925e+00 1.28504636916085e+00 2.88330783941859e-05
1.38500000000000e+00 1.24916815535865e+00 1.24913931233114e+00 2.88430275070528e-05
1.39000000000000e+00 1.21499248052729e+00 1.21496374848942e+00 2.87320378713485e-05
1.39500000000000e+00 1.18274973343241e+00 1.18272131275752e+00 2.84206748926152e-05
1.40000000000000e+00 1.15263029336078e+00 1.15260243910916e+00 2.78542516196634e-05
1.40500000000000e+00 1.12481219757294e+00 1.12478518834171e+00 2.70092312353309e-05
1.41000000000000e+00 1.09946004724075e+00 1.09943415215529e+00 2.58950854654660e-05
1.41500000000000e+00 1.07672399172035e+00 1.07669944009536e+00 2.45516249870459e-05
1.42000000000000e+00 1.05673879800704e+00 1.05671575560428e+00 2.30424027649612e-05
1.42500000000000e+00 1.03962301214178e+00 1.03960156687779e+00 2.14452639917262e-05
1.43000000000000e+00 1.02547821906282e+00 1.02545837763829e+00 1.98414245309309e-05
1.43500000000000e+00 1.01438840689572e+00 1.01437010232018e+00 1.83045755417499e-05
1.44000000000000e+00 1.00641944095219e+00 1.00640254951957e+00 1.68914326208469e-05
1.44500000000000e+00 1.00161865178915e+00 1.00160301689261e+00 1.56348965456576e-05
1.45000000000000e+00 1.00001454061113e+00 1.00000000000000e+00 1.45406111311530e-05
1.45500000000000e+00 1.00161660413881e+00 1.00160301689261e+00 1.35872462041497e-05
1.46000000000000e+00 1.00641527987990e+00 1.00640254951957e+00 1.27303603330020e-05
1.46500000000000e+00 1.01438201158528e+00 1.01437010232018e+00 1.19092650989749e-05
1.47000000000000e+00 1.02546943360738e+00 1.02545837763829e+00 1.10559690911227e-05
1.47500000000000e+00 1.03961167193685e+00 1.03960156687779e+00 1.01050590577412e-05
1.48000000000000e+00 1.05672475890097e+00 1.05671575560428e+00 9.00329669617506e-06
1.48500000000000e+00 1.07670715786829e+00 1.07669944009536e+00 7.71777292674081e-06
1.49000000000000e+00 1.09944039380864e+00 1.09943415215529e+00 6.24165335083582e-06
1.49500000000000e+00 1.12478978518351e+00 1.12478518834171e+00 4.59684180298403e-06
1.50000000000000e+00 1.15260527235651e+00 1.15260243910916e+00 2.83324735583790e-06
1.50500000000000e+00 1.18272233748112e+00 1.18272131275752e+00 1.02472359730932e-06
1.51000000000000e+00 1.21496301060560e+00 1.21496374848942e+00 7.37883817381046e-07
1.51500000000000e+00 1.24913695649967e+00 1.24913931233114e+00 2.35583147367713e-06
1.52000000000000e+00 1.28504263642625e+00 1.28504636916085e+00 3.73273459808310e-06
1.52500000000000e+00 1.32246853873783e+00 1.32247332361862e+00 4.78488078403672e-06
1.53000000000000e+00 1.36119447176152e+00 1.36119992224821e+00 5.45048669420289e-06
1.53500000000000e+00 1.40099291195489e+00 1.40099860884315e+00 5.69688825891035e-06
1.54000000000000e+00 1.44163039977864e+00 1.44163592464141e+00 5.52486277793918e-06
1.54500000000000e+00 1.48286897516598e+00 1.48287394473691e+00 4.96957092965822e-06
1.55000000000000e+00 1.52446764390280e+00 1.52447174185242e+00 4.09794962563659e-06
1.55500000000000e+00 1.56618386570028e+00 1.56618686845015e+00 3.00274986897442e-06
1.56000000000000e+00 1.60777505428168e+00 1.60777684804300e+00 1.79376132836140e-06
1.56500000000000e+00 1.64900007944853e+00 1.64900066651302e+00 5.87064491908151e-07
1.57000000000000e+00 1.68962076087265e+00 1.68962025424335e+00 5.06629303620443e-07
1.57500000000000e+00 1.72940334329801e+00 1.72940194992690e+00 1.39337111115800e-06
1.58000000000000e+00 1.76811994294732e+00 1.76811793702778e+00 2.00591953758433e-06
1.58500000000000e+00 1.80554995521210e+00 1.80554764404025e+00 2.31117185101049e-06
1.59000000000000e+00 1.84148141415468e+00 1.84147909991323e+00 2.31424144936376e-06
1.59500000000000e+00 1.87571229494420e+00 1.87571023628478e+00 2.05865941915739e-06
1.60000000000000e+00 1.90805175105803e+00 1.90805012849909e+00 1.62255894120555e-06
1.60500000000000e+00 1.93832127886527e+00 1.93832016775567e+00 1.11110960232530e-06
1.61000000000000e+00 1.96635580303060e+00 1.96635515716554e+00 6.45865060322492e-07
1.61500000000000e+00 1.99200467698933e+00 1.99200432495795e+00 3.52031377826023e-07
1.62000000000000e+00 2.01513259350958e+00 2.01513224859221e+00 3.44917367112174e-07
1.62500000000000e+00 2.03562040104151e+00 2.03561968407860e+00 7.16962910818353e-07
1.63000000000000e+00 2.05336582213237e+00 2.05336429539657e+00 1.52673579689733e-06
1.63500000000000e+00 2.06828407065153e+00 2.06828127951470e+00 2.79113682433163e-06
1.64000000000000e+00 2.08030836492346e+00 2.08030388316029e+00 4.48176316991677e-06
1.64500000000000e+00 2.08939033413011e+00 2.08938380815405e+00 6.52597605288463e-06
1.65000000000000e+00 2.09550031554842e+00 2.09549150281253e+00 8.81273589481424e-06
1.65500000000000e+00 2.09862754037764e+00 2.09861633762302e+00 1.12027546257387e-05
1.66000000000000e+00 2.09878020613489e+00 2.09876666410972e+00 1.35420251612395e-05
1.66500000000000e+00 2.09598543390668e+00 2.09596975652967e+00 1.56773770028096e-05
1.67000000000000e+00 2.09028910918578e+00 2.09027163675968e+00 1.74724261001735e-05
1.67500000000000e+00 2.08175560563080e+00 2.08173678345563e+00 1.88221751682427e-05
1.68000000000000e+00 2.07046739187979e+00 2.07044772727895e+00 1.96646008383539e-05
1.68500000000000e+00 2.05652452252562e+00 2.05650453468774e+00 1.99878378772667e-05
1.69000000000000e+00 2.04004401549400e+00 2.04002418347677e+00 1.98320172319910e-05
1.69500000000000e+00 2.02115911930831e+00 2.02113983391842e+00 1.92853898850487e-05
1.70000000000000e+00 2.00001847501125e+00 2.00000000000000e+00 1.84750112497412e-05
1.70500000000000e+00 1.97678517876506e+00 1.97676762586893e+00 1.75528961297022e-05
1.71000000000000e+00 1.95163575228707e+00 1.95161907318189e+00 1.66791051812165e-05
1.71500000000000e+00 1.92475902922297e+00 1.92474302560309e+00 1.60036198844082e-05
1.72000000000000e+00 1.89635496625704e+00 1.89633931720795e+00 1.56490490885730e-05
1.72500000000000e+00 1.86663338817501e+00 1.86661769201745e+00 1.56961575525916e-05
1.73000000000000e+00 1.83581267622773e+00 1.83579650231313e+00 1.61739146025131e-05
1.73500000000000e+00 1.80411840902059e+00 1.80410135376010e+00 1.70552604858987e-05
1.74000000000000e+00 1.77178196483073e+00 1.77176370569363e+00 1.82591371029606e-05
1.74500000000000e+00 1.73903909380897e+00 1.73901943520098e+00 1.96586079856953e-05
1.75000000000000e+00 1.70612846804109e+00 1.70610737385376e+00 2.10941873255432e-05
1.75500000000000e+00 1.67329021701180e+00 1.67326782611444e+00 2.23908973657760e-05
1.76000000000000e+00 1.64076445570353e+00 1.64074107855382e+00 2.33771497053503e-05
1.76500000000000e+00 1.60878981242224e+00 1.60876590907298e+00 2.39033492634988e-05
1.77000000000000e+00 1.57760196349303e+00 1.57757810532303e+00 2.38581700033880e-05
1.77500000000000e+00 1.54743218219705e+00 1.54740900145948e+00 2.31807375694615e-05
1.78000000000000e+00 1.51850590969169e+00 1.51848404225504e+00 2.18674366478933e-05
1.78500000000000e+00 1.49104135610181e+00 1.49102138342582e+00 1.99726759930741e-05
1.79000000000000e+00 1.46524814042020e+00 1.46523053680291e+00 1.76036172974126e-05
1.79500000000000e+00 1.44132597822914e+00 1.44131106870462e+00 1.49095245152164e-05
1.80000000000000e+00 1.41946342648330e+00 1.41945135953695e+00 1.20669463457013e-05
1.80500000000000e+00 1.39983669461980e+00 1.39982743227203e+00 9.26234777098855e-06
1.81000000000000e+00 1.38260853105127e+00 1.38260185702999e+00 6.67402128295969e-06
1.81500000000000e+00 1.36792719364103e+00 1.36792273852040e+00 4.45512063307341e-06
1.82000000000000e+00 1.35592551206908e+00 1.35592279258843e+00 2.71948065511118e-06
1.82500000000000e+00 1.34672004910739e+00 1.34671851756181e+00 1.53154557347435e-06
1.83000000000000e+00 1.34041036678069e+00 1.34040946551008e+00 9.01270607922555e-07
1.83500000000000e+00 1.33707840225331e+00 1.33707761791153e+00 7.84341781523423e-07
1.84000000000000e+00 1.33678795711185e+00 1.33678686957979e+00 1.08753206129464e-06
1.84500000000000e+00 1.33958430256515e+00 1.33958262403436e+00 1.67853079102720e-06
1.85000000000000e+00 1.34549390200349e+00 1.34549150281253e+00 2.39919096745034e-06
1.85500000000000e+00 1.35452425138375e+00 1.35452117051728e+00 3.08086646527705e-06
1.86000000000000e+00 1.36666383705837e+00 1.36666027668282e+00 3.56037555215849e-06
1.86500000000000e+00 1.38188220994964e+00 1.38187851481848e+00 3.69513116260656e-06
1.87000000000000e+00 1.40013017438221e+00 1.40012679827000e+00 3.37611221512546e-06
1.87500000000000e+00 1.42134008940931e+00 1.42133755181640e+00 2.53759290558264e-06
1.88000000000000e+00 1.44542628007752e+00 1.44542511720755e+00 1.16286997209336e-06
1.88500000000000e+00 1.47228555574337e+00 1.47228627014470e+00 7.14401328316683e-07
1.89000000000000e+00 1.50179783225220e+00 1.50180084551967e+00 3.01326746443564e-06
1.89500000000000e+00 1.53382685448827e+00 1.53383246706028e+00 5.61257200604182e-06
1.90000000000000e+00 1.56822101548134e+00 1.56822937688661e+00 8.36140527260554e-06
1.90500000000000e+00 1.60481426789077e+00 1.60482535986612e+00 1.10919753470995e-05
1.91000000000000e+00 1.64342712327330e+00 1.64344075707161e+00 1.36337983154267e-05
1.91500000000000e+00 1.68386773406995e+00 1.68388356209650e+00 1.58280265503130e-05
1.92000000000000e+00 1.72593305272521e+00 1.72595059347097e+00 1.75407457585486e-05
1.92500000000000e+00 1.76941006178462e+00 1.76942873595353e+00 1.86741689187642e-05
1.93000000000000e+00 1.81407706821924e+00 1.81409624304787e+00 1.91748286293425e-05
1.93500000000000e+00 1.85970505461311e+00 1.85972409271723e+00 1.90381041167420e-05
1.94000000000000e+00 1.90605907924111e+00 1.90607738794082e+00 1.83086997131987e-05
1.94500000000000e+00 1.95289971648036e+00 1.95291679348017e+00 1.70769998055764e-05
1.95000000000000e+00 1.99998452845749e+00 2.00000000000000e+00 1.54715425066954e-05
1.95500000000000e+00 2.04706955835900e+00 2.04708320651983e+00 1.36481608294936e-05
1.96000000000000e+00 2.09391083544202e+00 2.09392261205918e+00 1.17766171547906e-05
1.96500000000000e+00 2.14026588149884e+00 2.14027590728277e+00 1.00257839310558e-05
1.97000000000000e+00 2.18589520836898e+00 2.18590375695213e+00 8.54858314802698e-06
1.97500000000000e+00 2.23056379607515e+00 2.23057126404646e+00 7.46797131645494e-06
1.98000000000000e+00 2.27404254129600e+00 2.27404940652903e+00 6.86523302784181e-06
1.98500000000000e+00 2.31610966618788e+00 2.31611643790350e+00 6.77171562379897e-06
1.99000000000000e+00 2.35655207802853e+00 2.35655924292839e+00 7.16489985785884e-06
1.99500000000000e+00 2.39516667076833e+00 2.39517464013388e+00 7.96936555458316e-06
2.00000000000000e+00 2.43176156031749e+00 2.43177062311339e+00 9.06279590306980e-06
2.00500000000000e+00 2.46615724623920e+00 2.46616753293972e+00 1.02867005176144e-05
2.01000000000000e+00 2.49818769341517e+00 2.49819915448034e+00 1.14610651635871e-05
2.01500000000000e+00 2.52770132815322e+00 2.52771372985530e+00 1.24017020786127e-05
2.02000000000000e+00 2.55456194406418e+00 2.55457488279245e+00 1.29387282745697e-05
2.02500000000000e+00 2.57864951379792e+00 2.57866244818359e+00 1.29343856762887e-05
2.03000000000000e+00 2.59986090335786e+00 2.59987320173000e+00 1.22983721406733e-05
2.03500000000000e+00 2.61811048618392e+00 2.61812148518152e+00 1.09989975989322e-05
2.04000000000000e+00 2.63333065450230e+00 2.63333972331718e+00 9.06881487772182e-06
2.04500000000000e+00 2.64547222560360e+00 2.64547882948272e+00 6.60387911377569e-06
2.05000000000000e+00 2.65450474076800e+00 2.65450849718747e+00 3.75641947369942e-06
2.05500000000000e+00 2.66041665456565e+00 2.66041737596564e+00 7.21399992631433e-07
2.06000000000000e+00 2.66321541229174e+00 2.66321313042021e+00 2.28187152595538e-06
2.06500000000000e+00 2.66292741342415e+00 2.66292238208847e+00 5.03133568630076e-06
2.07000000000000e+00 2.65959785928512e+00 2.65959053448992e+00 7.32479520104690e-06
2.07500000000000e+00 2.65329048360217e+00 2.65328148243819e+00 9.00116398172557e-06
2.08000000000000e+00 2.64408716542846e+00 2.64407720741157e+00 9.95801688130626e-06
2.08500000000000e+00 2.63208742490062e+00 2.63207726147960e+00 1.01634210150081e-05
2.09000000000000e+00 2.61740780355587e+00 2.61739814297001e+00 9.66058585927243e-06
2.09500000000000e+00 2.60018113233985e+00 2.60017256772797e+00 8.56461187215274e-06
2.10000000000000e+00 2.58055569193086e+00 2.58054864046305e+00 7.05146781010413e-06
2.10500000000000e+00 2.55869427148643e+00 2.55868893129538e+00 5.34019104758698e-06
2.11000000000000e+00 2.53477313328107e+00 2.53476946319710e+00 3.67008397361701e-06
2.11500000000000e+00 2.50898089185392e+00 2.50897861657418e+00 2.27527974017150e-06
2.12000000000000e+00 2.48151731714397e+00 2.48151595774496e+00 1.35939900980375e-06
2.12500000000000e+00 2.45259207160860e+00 2.45259099854052e+00 1.07306807617391e-06
2.13000000000000e+00 2.42242339148310e+00 2.42242189467697e+00 1.49680613104053e-06
2.13500000000000e+00 2.39123672216522e+00 2.39123409092702e+00 2.63123819843614e-06
2.14000000000000e+00 2.35926331725520e+00 2.35925892144618e+00 4.39580901590020e-06
2.14500000000000e+00 2.32673881013296e+00 2.32673217388556e+00 6.63624739694058e-06
2.15000000000000e+00 2.29390176621125e+00 2.29389262614624e+00 9.14006501151476e-06
2.15500000000000e+00 2.26099222327744e+00 2.26098056479902e+00 1.16584784151108e-05
2.16000000000000e+00 2.22825022672828e+00 2.22823629430637e+00 1.39324219023962e-05
2.16500000000000e+00 2.19591436609519e+00 2.19589864623990e+00 1.57198552921400e-05
2.17000000000000e+00 2.16422031910592e+00 2.16420349768687e+00 1.68214190523486e-05
2.17500000000000e+00 2.13339940964943e+00 2.13338230798255e+00 1.71016668826240e-05
2.18000000000000e+00 2.10367718638411e+00 2.10366068279205e+00 1.65035920618450e-05
2.18500000000000e+00 2.07527202929842e+00 2.07525697439691e+00 1.50549015067725e-05
2.19000000000000e+00 2.04839379221347e+00 2.04838092681811e+00 1.28653953561653e-05
2.19500000000000e+00 2.02324248990656e+00 2.02323237413107e+00 1.01157754959225e-05
2.20000000000000e+00 2.00000703912521e+00 2.00000000000000e+00 7.03912521382577e-06
2.20500000000000e+00 1.97886406315360e+00 1.97886016608158e+00 3.89707202441691e-06
2.21000000000000e+00 1.95997676970781e+00 1.95997581652323e+00 9.53184580376742e-07
2.21500000000000e+00 1.94349391172110e+00 1.94349546531226e+00 1.55359116282838e-06
2.22000000000000e+00 1.92954884001870e+00 1.92955227272105e+00 3.43270234970383e-06
2.22500000000000e+00 1.91825865599115e+00 1.91826321654437e+00 4.56055322284321e-06
2.23000000000000e+00 1.90972347120385e+00 1.90972836324032e+00 4.89203647124903e-06
2.23500000000000e+00 1.90402577950349e+00 1.90403024347033e+00 4.46396683817518e-06
2.24000000000000e+00 1.90122994568815e+00 1.90123333589028e+00 3.39020213102614e-06
2.24500000000000e+00 1.90138181329224e+00 1.90138366237698e+00 1.84908474576417e-06
2.25000000000000e+00 1.90450843259156e+00 1.90450849718747e+00 6.45959117306916e-08
2.25500000000000e+00 1.91061790863428e+00 1.91061619184595e+00 1.71678833083000e-06
2.26000000000000e+00 1.91969936800828e+00 1.91969611683971e+00 3.25116856481067e-06
2.26500000000000e+00 1.93172304219817e+00 1.93171872048530e+00 4.32171287667593e-06
2.27000000000000e+00 1.94664046477359e+00 1.94663570460343e+00 4.76017016448615e-06
2.27500000000000e+00 1.96438477926928e+00 1.96438031592140e+00 4.46334787573832e-06
2.28000000000000e+00 1.98487115443048e+00 1.98486775140779e+00 3.40302269319359e-06
2.28500000000000e+00 2.00799730345269e+00 2.00799567504205e+00 1.62841064232921e-06
2.29000000000000e+00 2.03364410388175e+00 2.03364484283446e+00 7.38952703027707e-07
2.29500000000000e+00 2.06167631489557e+00 2.06167983224433e+00 3.51734876158361e-06
2.30000000000000e+00 2.09194338870015e+00 2.09194987150091e+00 6.48280076154251e-06
2.30500000000000e+00 2.12428037268896e+00 2.12428976371522e+00 9.39102625219235e-06
2.31000000000000e+00 2.15850889879419e+00 2.15852090008677e+00 1.20012925832746e-05
2.31500000000000e+00 2.19443825607704e+00 2.19445235595975e+00 1.40998827098393e-05
2.32000000000000e+00 2.23186654205252e+00 2.23188206297221e+00 1.55209196939232e-05
2.32500000000000e+00 2.27058188753038e+00 2.27059805007310e+00 1.61625427161916e-05
2.33000000000000e+00 2.31036374890186e+00 2.31037974575665e+00 1.59968547941425e-05
2.33500000000000e+00 2.35098426085011e+00 2.35099933348698e+00 1.50726368706167e-05
2.34000000000000e+00 2.39220964145956e+00 2.39222315195699e+00 1.35104974376965e-05
2.34500000000000e+00 2.43380164070527e+00 2.43381313154985e+00 1.14908445763007e-05
2.35000000000000e+00 2.47551902238093e+00 2.47552825814758e+00 9.23576664657588e-06
2.35500000000000e+00 2.51711906873802e+00 2.51712605526309e+00 6.98652506336828e-06
2.36000000000000e+00 2.55835909652060e+00 2.55836407535858e+00 4.97883798011856e-06
2.36500000000000e+00 2.59899797274159e+00 2.59900139115685e+00 3.41841525974829e-06
2.37000000000000e+00 2.63879761849655e+00 2.63880007775179e+00 2.45925523723045e-06
2.37500000000000e+00 2.67752448936775e+00 2.67752667638138e+00 2.18701363241536e-06
2.38000000000000e+00 2.71495102152975e+00 2.71495363083914e+00 2.60930939255388e-06
2.38500000000000e+00 2.75085703349789e+00 2.75086068766886e+00 3.65417096892529e-06
2.39000000000000e+00 2.78503107450437e+00 2.78503625151058e+00 5.17700621083250e-06
2.39500000000000e+00 2.81727171166515e+00 2.81727868724248e+00 6.97557733042586e-06
2.40000000000000e+00 2.84738874931768e+00 2.84739756089084e+00 8.81157315735237e-06
2.40500000000000e+00 2.87520437506391e+00 2.87521481165829e+00 1.04365943820461e-05
2.41000000000000e+00 2.90055422804716e+00 2.90056584784471e+00 1.16197975557064e-05
2.41500000000000e+00 2.92328838574668e+00 2.92330055990463e+00 1.21741579590662e-05
2.42000000000000e+00 2.94327226603763e+00 2.94328424439572e+00 1.19783580951882e-05
2.42500000000000e+00 2.96038744142174e+00 2.96039843312221e+00 1.09917004622595e-05
2.43000000000000e+00 2.97453236220972e+00 2.97454162236171e+00 9.26015199054220e-06
2.43500000000000e+00 2.98562298509369e+00 2.98562989767982e+00 6.91258613683132e-06
2.44000000000000e+00 2.99359330308410e+00 2.99359745048043e+00 4.14739633081140e-06
2.44500000000000e+00 2.99839577231982e+00 2.99839698310739e+00 1.21078757597815e-06
2.45000000000000e+00 3.00000163092156e+00 3.00000000000000e+00 1.63092156313382e-06
2.45500000000000e+00 2.99840110497118e+00 2.99839698310739e+00 4.12186378229151e-06
2.46000000000000e+00 2.99360349696232e+00 2.99359745048044e+00 6.04648188540224e-06
2.46500000000000e+00 2.98563715275082e+00 2.98562989767982e+00 7.25507099819112e-06
2.47000000000000e+00 2.97454930415450e+00 2.97454162236171e+00 7.68179278631820e-06
2.47500000000000e+00 2.96040578588412e+00 2.96039843312221e+00 7.35276191532463e-06
2.48000000000000e+00 2.94329062734755e+00 2.94328424439572e+00 6.38295182220361e-06
2.48500000000000e+00 2.92330552192937e+00 2.92330055990464e+00 4.96202473021512e-06
2.49000000000000e+00 2.90056917844672e+00 2.90056584784471e+00 3.33060201107571e-06
2.49500000000000e+00 2.87521656143486e+00 2.87521481165830e+00 1.74977656497433e-06
2.50000000000000e+00 2.84739802854451e+00 2.84739756089084e+00 4.67653662017398e-07
2.50500000000000e+00 2.81727837448157e+00 2.81727868724248e+00 3.12760907394960e-07
2.51000000000000e+00 2.78503579148032e+00 2.78503625151058e+00 4.60030256110855e-07
2.51500000000000e+00 2.75086075623522e+00 2.75086068766886e+00 6.85663632538080e-08
2.52000000000000e+00 2.71495485256454e+00 2.71495363083915e+00 1.22172539507304e-06
2.52500000000000e+00 2.67752953796749e+00 2.67752667638138e+00 2.86158610007803e-06
2.53000000000000e+00 2.63880486086601e+00 2.63880007775179e+00 4.78311421669986e-06
2.53500000000000e+00 2.59900813394803e+00 2.59900139115685e+00 6.74279117429677e-06
2.54000000000000e+00 2.55837256792038e+00 2.55836407535859e+00 8.49256179069613e-06
2.54500000000000e+00 2.51713586938400e+00 2.51712605526309e+00 9.81412091238809e-06
2.55000000000000e+00 2.47553880663302e+00 2.47552825814758e+00 1.05484854446836e-05
2.55500000000000e+00 2.43382374801518e+00 2.43381313154985e+00 1.06164653290719e-05
2.56000000000000e+00 2.39223317900022e+00 2.39222315195700e+00 1.00270432206173e-05
2.56500000000000e+00 2.35100820607657e+00 2.35099933348698e+00 8.87258958970349e-06
2.57000000000000e+00 2.31038705771798e+00 2.31037974575666e+00 7.31196132663925e-06
2.57500000000000e+00 2.27060359455970e+00 2.27059805007310e+00 5.54448660583517e-06
2.58000000000000e+00 2.23188584224224e+00 2.23188206297222e+00 3.77927001871114e-06
2.58500000000000e+00 2.19445456085234e+00 2.19445235595975e+00 2.20489259383783e-06
2.59000000000000e+00 2.15852186439928e+00 2.15852090008678e+00 9.64312504070364e-07
2.59500000000000e+00 2.12428990236966e+00 2.12428976371522e+00 1.38654447034980e-07
2.60000000000000e+00 2.09194961334083e+00 2.09194987150091e+00 2.58160079980030e-07
2.60500000000000e+00 2.06167955825487e+00 2.06167983224433e+00 2.73989461785362e-07
2.61000000000000e+00 2.03364483866548e+00 2.03364484283446e+00 4.16898204846916e-09
2.61500000000000e+00 2.00799610342484e+00 2.00799567504205e+00 4.28382793238313e-07
2.62000000000000e+00 1.98486864611824e+00 1.98486775140779e+00 8.94710453502867e-07
2.62500000000000e+00 1.96438159515193e+00 1.96438031592140e+00 1.27923052795076e-06
2.63000000000000e+00 1.94663719865881e+00 1.94663570460343e+00 1.49405537985814e-06
2.63500000000000e+00 1.93172020707185e+00 1.93171872048530e+00 1.48658655274581e-06
2.64000000000000e+00 1.91969735702236e+00 1.91969611683971e+00 1.24018264990866e-06
2.64500000000000e+00 1.91061696084724e+00 1.91061619184595e+00 7.69001296863081e-07
2.65000000000000e+00 1.90450860620242e+00 1.90450849718747e+00 1.09014941962471e-07
2.65500000000000e+00 1.90138296995849e+00 1.90138366237698e+00 6.92418494319114e-07
2.66000000000000e+00 1.90123174970120e+00 1.90123333589028e+00 1.58618907830643e-06
2.66500000000000e+00 1.90402771488196e+00 1.90403024347033e+00 2.52858836202741e-06
2.67000000000000e+00 1.90972487814072e+00 1.90972836324032e+00 3.48509959313681e-06
2.67500000000000e+00 1.91825878575386e+00 1.91826321654437e+00 4.43079051271056e-06
2.68000000000000e+00 1.92954692472298e+00 1.92955227272105e+00 5.34799806484187e-06
2.68500000000000e+00 1.94348924284363e+00 1.94349546531226e+00 6.22246863235532e-06
2.69000000000000e+00 1.95996877723566e+00 1.95997581652323e+00 7.03928757195271e-06
2.69500000000000e+00 1.97885238627302e+00 1.97886016608158e+00 7.77980855470872e-06
2.70000000000000e+00 1.99999157956027e+00 2.00000000000000e+00 8.42043972548723e-06
2.70500000000000e+00 2.02322344047427e+00 2.02323237413106e+00 8.93365679033309e-06
2.71000000000000e+00 2.04837163571946e+00 2.04838092681811e+00 9.29109864600264e-06
2.71500000000000e+00 2.07524750624202e+00 2.07525697439691e+00 9.46815489522024e-06
2.72000000000000e+00 2.10365123364384e+00 2.10366068279205e+00 9.44914821587872e-06
2.72500000000000e+00 2.13337307589511e+00 2.13338230798255e+00 9.23208743630610e-06
2.73000000000000e+00 2.16419466566255e+00 2.16420349768687e+00 8.83202431456453e-06
2.73500000000000e+00 2.19589036397391e+00 2.19589864623990e+00 8.28226598503790e-06
2.74000000000000e+00 2.22822866127717e+00 2.22823629430637e+00 7.63302919892794e-06
2.74500000000000e+00 2.26097361728332e+00 2.26098056479902e+00 6.94751570051722e-06
2.75000000000000e+00 2.29388633036727e+00 2.29389262614624e+00 6.29577897059974e-06
2.75500000000000e+00 2.32672642679778e+00 2.32673217388556e+00 5.74708777767441e-06
2.76000000000000e+00 2.35925355971917e+00 2.35925892144618e+00 5.36172701171012e-06
2.76500000000000e+00 2.39122890764150e+00 2.39123409092702e+00 5.18328551413205e-06
2.77000000000000e+00 2.42241666222458e+00 2.42242189467697e+00 5.23245239003600e-06
2.77500000000000e+00 2.45258549535523e+00 2.45259099854052e+00 5.50318528969029e-06
2.78000000000000e+00 2.48150999589812e+00 2.48151595774496e+00 5.96184683887557e-06
2.78500000000000e+00 2.50897206701272e+00 2.50897861657418e+00 6.54956145673680e-06
2.79000000000000e+00 2.53476227553276e+00 2.53476946319709e+00 7.18766433571716e-06
2.79500000000000e+00 2.55868114555478e+00 2.55868893129538e+00 7.78574059356885e-06
2.80000000000000e+00 2.58054038903596e+00 2.58054864046305e+00 8.25142709137694e-06
2.80500000000000e+00 2.60016406681712e+00 2.60017256772797e+00 8.50091085702331e-06
2.81000000000000e+00 2.61738967403704e+00 2.61739814297001e+00 8.46893296779783e-06
2.81500000000000e+00 2.63206914436478e+00 2.63207726147960e+00 8.11711481629729e-06
2.82000000000000e+00 2.64406976784489e+00 2.64407720741157e+00 7.43956667781376e-06
2.82500000000000e+00 2.65327501743085e+00 2.65328148243819e+00 6.46500733836319e-06
2.83000000000000e+00 2.65958527949700e+00 2.65959053448992e+00 5.25499291370579e-06
2.83500000000000e+00 2.66291848380211e+00 2.66292238208847e+00 3.89828635372069e-06
2.84000000000000e+00 2.66321062856966e+00 2.66321313042021e+00 2.50185055739038e-06
2.84500000000000e+00 2.66041619659980e+00 2.66041737596564e+00 1.17936583921008e-06
2.85000000000000e+00 2.65450845868011e+00 2.65450849718747e+00 3.85073635200683e-08
2.85500000000000e+00 2.64547966105812e+00 2.64547882948272e+00 8.31575407200802e-07
2.86000000000000e+00 2.63334109440534e+00 2.63333972331719e+00 1.37108815811970e-06
2.86500000000000e+00 2.61812304255113e+00 2.61812148518152e+00 1.55736960971709e-06
2.87000000000000e+00 2.59987461028599e+00 2.59987320173000e+00 1.40855598163014e-06
2.87500000000000e+00 2.57866343069697e+00 2.57866244818360e+00 9.82513374214733e-07
2.88000000000000e+00 2.55457525375318e+00 2.55457488279246e+00 3.70960722140268e-07
2.88500000000000e+00 2.52771341914029e+00 2.52771372985530e+00 3.10715015938712e-07
2.89000000000000e+00 2.49819821757684e+00 2.49819915448034e+00 9.36903494785923e-07
2.89500000000000e+00 2.46616614595652e+00 2.46616753293972e+00 1.38698320473196e-06
2.90000000000000e+00 2.43176906258522e+00 2.43177062311339e+00 1.56052817468222e-06
2.90500000000000e+00 2.39517324947244e+00 2.39517464013388e+00 1.39066144333455e-06
2.91000000000000e+00 2.35655838907055e+00 2.35655924292839e+00 8.53857843985395e-07
2.91500000000000e+00 2.31611646303836e+00 2.31611643790350e+00 2.51348617474889e-08
2.92000000000000e+00 2.27405058057260e+00 2.27404940652904e+00 1.17404356858586e-06
2.92500000000000e+00 2.23057374365926e+00 2.23057126404647e+00 2.47961279642439e-06
2.93000000000000e+00 2.18590755632424e+00 2.18590375695213e+00 3.79937211247849e-06
2.93500000000000e+00 2.14028088469066e+00 2.14027590728278e+00 4.97740788629741e-06
2.94000000000000e+00 2.09392847445868e+00 2.09392261205918e+00 5.86239949429412e-06
2.94500000000000e+00 2.04708953237614e+00 2.04708320651984e+00 6.32585630144789e-06
2.95000000000000e+00 2.00000627840659e+00 2.00000000000000e+00 6.27840658617984e-06
2.95500000000000e+00 1.95292247563675e+00 1.95291679348017e+00 5.68215658347526e-06
2.96000000000000e+00 1.90608194548149e+00 1.90607738794082e+00 4.55754066552849e-06
2.96500000000000e+00 1.85972707639476e+00 1.85972409271723e+00 2.98367752815665e-06
2.97000000000000e+00 1.81409733501353e+00 1.81409624304787e+00 1.09196565745151e-06
2.97500000000000e+00 1.76942778936758e+00 1.76942873595354e+00 9.46585959171742e-07
2.98000000000000e+00 1.72594765439748e+00 1.72595059347097e+00 2.93907349191436e-06
2.98500000000000e+00 1.68387887045742e+00 1.68388356209651e+00 4.69163908323189e-06
2.99000000000000e+00 1.64343472567248e+00 1.64344075707161e+00 6.03139913324391e-06
2.99500000000000e+00 1.60481853292735e+00 1.60482535986612e+00 6.82693877118723e-06
3.00000000000000e+00 1.56822237186226e+00 1.56822937688661e+00 7.00502435435624e-06
3.00500000000000e+00 1.53382590554637e+00 1.53383246706028e+00 6.56151391353887e-06
3.01000000000000e+00 1.50179528051826e+00 1.50180084551966e+00 5.56500140258542e-06
3.01500000000000e+00 1.47228211767940e+00 1.47228627014470e+00 4.15246529628099e-06
3.02000000000000e+00 1.44542260017132e+00 1.44542511720755e+00 2.51703623033173e-06
3.02500000000000e+00 1.42133666294686e+00 1.42133755181641e+00 8.88869543747006e-07
3.03000000000000e+00 1.40012728735273e+00 1.40012679827000e+00 4.89082729870916e-07
3.03500000000000e+00 1.38187990276781e+00 1.38187851481848e+00 1.38794933368658e-06
3.04000000000000e+00 1.36666189627292e+00 1.36666027668282e+00 1.61959010380741e-06
3.04500000000000e+00 1.35452223052677e+00 1.35452117051728e+00 1.06000948996154e-06
3.05000000000000e+00 1.34549116953059e+00 1.34549150281253e+00 3.33281934272733e-07
3.05500000000000e+00 1.33958011178384e+00 1.33958262403436e+00 2.51225052294579e-06
3.06000000000000e+00 1.33678153043679e+00 1.33678686957979e+00 5.33914300038241e-06
3.06500000000000e+00 1.33706902036354e+00 1.33707761791153e+00 8.59754799287238e-06
3.07000000000000e+00 1.34039745251361e+00 1.34040946551008e+00 1.20129964702453e-05
3.07500000000000e+00 1.34670323632788e+00 1.34671851756181e+00 1.52812339364594e-05
3.08000000000000e+00 1.35590469129475e+00 1.35592279258843e+00 1.81012936757430e-05
3.08500000000000e+00 1.36790252874788e+00 1.36792273852040e+00 2.02097725197081e-05
3.09000000000000e+00 1.38258044466425e+00 1.38260185702999e+00 2.14123657436005e-05
3.09500000000000e+00 1.39980582344667e+00 1.39982743227203e+00 2.16088253521818e-05
3.10000000000000e+00 1.41943055145323e+00 1.41945135953695e+00 2.08080837202917e-05
3.10500000000000e+00 1.44129193741183e+00 1.44131106870462e+00 1.91312927899645e-05
3.11000000000000e+00 1.46521373493291e+00 1.46523053680290e+00 1.68018699893135e-05
3.11500000000000e+00 1.49100726025789e+00 1.49102138342582e+00 1.41231679260390e-05
3.12000000000000e+00 1.51847259634063e+00 1.51848404225504e+00 1.14459144062717e-05
3.12500000000000e+00 1.54739987255144e+00 1.54740900145948e+00 9.12890803661526e-06
3.13000000000000e+00 1.57757060790173e+00 1.57757810532302e+00 7.49742129402264e-06
3.13500000000000e+00 1.60875910485779e+00 1.60876590907298e+00 6.80421519372310e-06
3.14000000000000e+00 1.64073388062931e+00 1.64074107855382e+00 7.19792450620815e-06
3.14500000000000e+00 1.67325912329027e+00 1.67326782611444e+00 8.70282416309820e-06
3.15000000000000e+00 1.70609616114462e+00 1.70610737385376e+00 1.12127091411729e-05
3.15500000000000e+00 1.73900493524051e+00 1.73901943520098e+00 1.44999604716478e-05
3.16000000000000e+00 1.77174546665945e+00 1.77176370569363e+00 1.82390341723071e-05
3.16500000000000e+00 1.80407931192767e+00 1.80410135376010e+00 2.20418324283767e-05
3.17000000000000e+00 1.83577100138226e+00 1.83579650231313e+00 2.55009308662846e-05
3.17500000000000e+00 1.86658945637871e+00 1.86661769201745e+00 2.82356387428795e-05
3.18000000000000e+00 1.89630938171328e+00 1.89633931720795e+00 2.99354946695640e-05
3.18500000000000e+00 1.92471262950539e+00 1.92474302560309e+00 3.03960976939521e-05
3.19000000000000e+00 1.95158953007998e+00 1.95161907318189e+00 2.95431019099457e-05
3.19500000000000e+00 1.97674018423347e+00 1.97676762586893e+00 2.74416354641982e-05
3.20000000000000e+00 1.99997570984835e+00 2.00000000000000e+00 2.42901516480654e-05
3.20500000000000e+00 2.02111943436677e+00 2.02113983391842e+00 2.03995516501188e-05
3.21000000000000e+00 2.04000802337256e+00 2.04002418347677e+00 1.61601042090176e-05
3.21500000000000e+00 2.05649253466512e+00 2.05650453468774e+00 1.20000226244699e-05
3.22000000000000e+00 2.07043938688273e+00 2.07044772727895e+00 8.34039622832350e-06
3.22500000000000e+00 2.08173123202175e+00 2.08173678345563e+00 5.55143387437340e-06
3.23000000000000e+00 2.09026772209789e+00 2.09027163675968e+00 3.91466178717437e-06
3.23500000000000e+00 2.09596616163170e+00 2.09596975652967e+00 3.59489797130408e-06
3.24000000000000e+00 2.09876203948246e+00 2.09876666410972e+00 4.62462726469326e-06
3.24500000000000e+00 2.09860943563652e+00 2.09861633762302e+00 6.90198650010743e-06
3.25000000000000e+00 2.09548130070190e+00 2.09549150281253e+00 1.02021106260786e-05
3.25500000000000e+00 2.08936960790453e+00 2.08938380815405e+00 1.42002495202576e-05
3.26000000000000e+00 2.08028537918581e+00 2.08030388316029e+00 1.85039744735604e-05
3.26500000000000e+00 2.06825858846968e+00 2.06828127951470e+00 2.26910450287221e-05
3.27000000000000e+00 2.05333794624957e+00 2.05336429539657e+00 2.63491470042787e-05
3.27500000000000e+00 2.03559057033598e+00 2.03561968407860e+00 2.91137426149390e-05
3.28000000000000e+00 2.01510154793727e+00 2.01513224859221e+00 3.07006549395972e-05
3.28500000000000e+00 1.99197339428459e+00 1.99200432495795e+00 3.09306733556891e-05
3.29000000000000e+00 1.96632541283874e+00 1.96635515716554e+00 2.97443268069131e-05
3.29500000000000e+00 1.93829296182381e+00 1.93832016775567e+00 2.72059318644491e-05
3.30000000000000e+00 1.90802663151005e+00 1.90805012849909e+00 2.34969890358094e-05
3.30500000000000e+00 1.87569133639423e+00 1.87571023628479e+00 1.88998905574778e-05
3.31000000000000e+00 1.84146532626445e+00 1.84147909991323e+00 1.37736487755280e-05
3.31500000000000e+00 1.80553912013177e+00 1.80554764404025e+00 8.52390848882223e-06
3.32000000000000e+00 1.76811436718470e+00 1.76811793702778e+00 3.56984308447217e-06
3.32500000000000e+00 1.72940263928066e+00 1.72940194992690e+00 6.89353761407219e-07
3.33000000000000e+00 1.68962416001359e+00 1.68962025424335e+00 3.90577023634542e-06
3.33500000000000e+00 1.64900647606341e+00 1.64900066651302e+00 5.80955039164444e-06
3.34000000000000e+00 1.60778307730040e+00 1.60777684804301e+00 6.22925739635072e-06
3.34500000000000e+00 1.56619197294105e+00 1.56618686845015e+00 5.10449089974330e-06
3.35000000000000e+00 1.52447423188553e+00 1.52447174185243e+00 2.49003310548446e-06
3.35500000000000e+00 1.48287249616193e+00 1.48287394473692e+00 1.44857498263207e-06
3.36000000000000e+00 1.44162947711803e+00 1.44163592464142e+00 6.44752338674337e-06
3.36500000000000e+00 1.40098644459916e+00 1.40099860884315e+00 1.21642439829817e-05
3.37000000000000e+00 1.36118171980093e+00 1.36119992224821e+00 1.82024472870079e-05
3.37500000000000e+00 1.32244918276584e+00 1.32247332361862e+00 2.41408527776876e-05
3.38000000000000e+00 1.28501680558896e+00 1.28504636916086e+00 2.95635718963183e-05
3.38500000000000e+00 1.24910522230248e+00 1.24913931233114e+00 3.40900286592838e-05
3.39000000000000e+00 1.21492634612506e+00 1.21496374848942e+00 3.74023643587851e-05
3.39500000000000e+00 1.18268204429606e+00 1.18272131275752e+00 3.92684614600736e-05
3.40000000000000e+00 1.15256288008383e+00 1.15260243910916e+00 3.95590253308153e-05
3.40500000000000e+00 1.12474693078067e+00 1.12478518834171e+00 3.82575610389235e-05
3.41000000000000e+00 1.09939868960278e+00 1.09943415215529e+00 3.54625525136321e-05
3.41500000000000e+00 1.07666805843036e+00 1.07669944009537e+00 3.13816650046039e-05
3.42000000000000e+00 1.05668943728561e+00 1.05671575560428e+00 2.63183186719473e-05
3.42500000000000e+00 1.03958091538845e+00 1.03960156687779e+00 2.06514893372756e-05
3.43000000000000e+00 1.02544356758743e+00 1.02545837763829e+00 1.48100508583493e-05
3.43500000000000e+00 1.01436085896794e+00 1.01437010232018e+00 9.24335223473349e-06
3.44000000000000e+00 1.00639815952244e+00 1.00640254951957e+00 4.38999712737420e-06
3.44500000000000e+00 1.00160236994972e+00 1.00160301689261e+00 6.46942883930635e-07
3.45000000000000e+00 1.00000165895147e+00 1.00000000000000e+00 1.65895147130612e-06
3.45500000000000e+00 1.00160531182086e+00 1.00160301689261e+00 2.29492825543076e-06
3.46000000000000e+00 1.00640368967123e+00 1.00640254951956e+00 1.14015166041703e-06
3.46500000000000e+00 1.01436829832266e+00 1.01437010232018e+00 1.80399751337212e-06
3.47000000000000e+00 1.02545196563298e+00 1.02545837763829e+00 6.41200530804298e-06
3.47500000000000e+00 1.03958912590150e+00 1.03960156687779e+00 1.24409762933819e-05
3.48000000000000e+00 1.05669620985757e+00 1.05671575560427e+00 1.95457467040416e-05
3.48500000000000e+00 1.07667213863548e+00 1.07669944009536e+00 2.73014598775045e-05
3.49000000000000e+00 1.09939891999631e+00 1.09943415215529e+00 3.52321589718319e-05
3.49500000000000e+00 1.12474234485009e+00 1.12478518834171e+00 4.28434916153186e-05
3.50000000000000e+00 1.15255278182682e+00 1.15260243910915e+00 4.96572823325270e-05
3.50500000000000e+00 1.18266606721807e+00 1.18272131275752e+00 5.52455394513540e-05
3.51000000000000e+00 1.21490448704663e+00 1.21496374848942e+00 5.92614427907812e-05
3.51500000000000e+00 1.24907784731648e+00 1.24913931233114e+00 6.14650146617546e-05
3.52000000000000e+00 1.28498462765598e+00 1.28504636916085e+00 6.17415048727032e-05
3.52500000000000e+00 1.32241321261584e+00 1.32247332361861e+00 6.01110027760310e-05
3.53000000000000e+00 1.36114319385136e+00 1.36119992224821e+00 5.67283968473387e-05
3.53500000000000e+00 1.40094673534972e+00 1.40099860884315e+00 5.18734934240594e-05
3.54000000000000e+00 1.44158999280751e+00 1.44163592464141e+00 4.59318338954517e-05
3.54500000000000e+00 1.48283457727842e+00 1.48287394473691e+00 3.93674584875381e-05
3.55000000000000e+00 1.52443905235053e+00 1.52447174185242e+00 3.26895018880613e-05
3.55500000000000e+00 1.56616045343152e+00 1.56618686845015e+00 2.64150186262135e-05
3.56000000000000e+00 1.60775581726256e+00 1.60777684804300e+00 2.10307804366927e-05
3.56500000000000e+00 1.64898370958162e+00 1.64900066651302e+00 1.69569313948070e-05
3.57000000000000e+00 1.68960573893331e+00 1.68962025424335e+00 1.45153100419293e-05
3.57500000000000e+00 1.72938804497739e+00 1.72940194992690e+00 1.39049495042620e-05
3.58000000000000e+00 1.76810275026485e+00 1.76811793702778e+00 1.51867629287761e-05
3.58500000000000e+00 1.80552936529626e+00 1.80554764404025e+00 1.82787439888532e-05
3.59000000000000e+00 1.84145613770289e+00 1.84147909991322e+00 2.29622103322669e-05
3.59500000000000e+00 1.87568133753448e+00 1.87571023628478e+00 2.88987503036520e-05
3.60000000000000e+00 1.90801447182976e+00 1.90805012849909e+00 3.56566693275884e-05
3.60500000000000e+00 1.93827742281403e+00 1.93832016775567e+00 4.27449416413594e-05
3.61000000000000e+00 1.96630550514289e+00 1.96635515716554e+00 4.96520226558328e-05
3.61500000000000e+00 1.99194843853113e+00 1.99200432495795e+00 5.58864268214165e-05
3.62000000000000e+00 2.01507123282284e+00 2.01513224859221e+00 6.10157693654578e-05
3.62500000000000e+00 2.03555498304530e+00 2.03561968407860e+00 6.47010332990305e-05
3.63000000000000e+00 2.05329757223387e+00 2.05336429539657e+00 6.67231627020648e-05
3.63500000000000e+00 2.06821427983663e+00 2.06828127951470e+00 6.69996780748860e-05
3.64000000000000e+00 2.08023829333902e+00 2.08030388316029e+00 6.55898212640338e-05
3.64500000000000e+00 2.08932112045198e+00 2.08938380815405e+00 6.26877020724059e-05
3.65000000000000e+00 2.09543289885409e+00 2.09549150281253e+00 5.86039584402620e-05
3.65500000000000e+00 2.09856260015615e+00 2.09861633762302e+00 5.37374668687640e-05
3.66000000000000e+00 2.09871812455332e+00 2.09876666410972e+00 4.85395564040481e-05
3.66500000000000e+00 2.09592628263098e+00 2.09596975652967e+00 4.34738986903049e-05
3.67000000000000e+00 2.09023266106679e+00 2.09027163675968e+00 3.89756928935725e-05
3.67500000000000e+00 2.08170136957170e+00 2.08173678345563e+00 3.54138839244733e-05
3.68000000000000e+00 2.07041466736038e+00 2.07044772727895e+00 3.30599185791591e-05
3.68500000000000e+00 2.05647246872140e+00 2.05650453468774e+00 3.20659663426426e-05
3.69000000000000e+00 2.03999172882554e+00 2.04002418347677e+00 3.24546512304735e-05
3.69500000000000e+00 2.02110571268253e+00 2.02113983391842e+00 3.41212358878629e-05
3.70000000000000e+00 1.99996315202597e+00 2.00000000000000e+00 3.68479740313621e-05
3.70500000000000e+00 1.97672729674471e+00 1.97676762586894e+00 4.03291242279114e-05
3.71000000000000e+00 1.95157486915268e+00 1.95161907318189e+00 4.42040292150114e-05
3.71500000000000e+00 1.92469493077420e+00 1.92474302560309e+00 4.80948288887895e-05
3.72000000000000e+00 1.89628767231497e+00 1.89633931720795e+00 5.16448929774871e-05
3.72500000000000e+00 1.86656313802564e+00 1.86661769201745e+00 5.45539918102023e-05
3.73000000000000e+00 1.83573989572378e+00 1.83579650231313e+00 5.66065893490286e-05
3.73500000000000e+00 1.80404366335363e+00 1.80410135376010e+00 5.76904064681916e-05
3.74000000000000e+00 1.77170590220868e+00 1.77176370569363e+00 5.78034849445519e-05
3.74500000000000e+00 1.73896238593999e+00 1.73901943520098e+00 5.70492609903717e-05
3.75000000000000e+00 1.70605175336993e+00 1.70610737385376e+00 5.56204838377816e-05
3.75500000000000e+00 1.67321405207911e+00 1.67326782611444e+00 5.37740353343530e-05
3.76000000000000e+00 1.64068927887780e+00 1.64074107855382e+00 5.17996760203143e-05
3.76500000000000e+00 1.60871592272332e+00 1.60876590907298e+00 4.99863496659092e-05
3.77000000000000e+00 1.57752951546846e+00 1.57757810532303e+00 4.85898545736774e-05
3.77500000000000e+00 1.54736119603719e+00 1.54740900145948e+00 4.78054222936564e-05
3.78000000000000e+00 1.51843629417850e+00 1.51848404225504e+00 4.77480765430638e-05
3.78500000000000e+00 1.49097294075892e+00 1.49102138342582e+00 4.84426669045135e-05
3.79000000000000e+00 1.46518071249153e+00 1.46523053680291e+00 4.98243113815633e-05
3.79500000000000e+00 1.44125931992088e+00 1.44131106870462e+00 5.17487837419228e-05
3.80000000000000e+00 1.41939734824809e+00 1.41945135953695e+00 5.40112888667288e-05
3.80500000000000e+00 1.39977106106632e+00 1.39982743227203e+00 5.63712057062293e-05
3.81000000000000e+00 1.38254327719855e+00 1.38260185702999e+00 5.85798314371999e-05
3.81500000000000e+00 1.36786233054427e+00 1.36792273852040e+00 6.04079761321596e-05
3.82000000000000e+00 1.35586112215368e+00 1.35592279258843e+00 6.16704347502495e-05
3.82500000000000e+00 1.34665627270579e+00 1.34671851756181e+00 6.22448560223532e-05
3.83000000000000e+00 1.34034738224885e+00 1.34040946551008e+00 6.20832612319155e-05
3.83500000000000e+00 1.33701640257341e+00 1.33707761791153e+00 6.12153381263081e-05
3.84000000000000e+00 1.33672712603677e+00 1.33678686957979e+00 5.97435430118587e-05
3.84500000000000e+00 1.33952479314920e+00 1.33958262403436e+00 5.78308851646447e-05
3.85000000000000e+00 1.34543581985245e+00 1.34549150281253e+00 5.56829600777409e-05
3.85500000000000e+00 1.35446764423537e+00 1.35452117051728e+00 5.35262819152393e-05
3.86000000000000e+00 1.36660869147220e+00 1.36666027668282e+00 5.15852106124370e-05
3.86500000000000e+00 1.38182845504649e+00 1.38187851481848e+00 5.00597719885754e-05
3.87000000000000e+00 1.40007769181728e+00 1.40012679826999e+00 4.91064527086138e-05
3.87500000000000e+00 1.42128872815904e+00 1.42133755181640e+00 4.88236573672474e-05
3.88000000000000e+00 1.44537587421169e+00 1.44542511720754e+00 4.92429958487417e-05
3.88500000000000e+00 1.47223594315916e+00 1.47228627014469e+00 5.03269855363087e-05
3.89000000000000e+00 1.50174887235789e+00 1.50180084551966e+00 5.19731617709684e-05
3.89500000000000e+00 1.53377844301811e+00 1.53383246706028e+00 5.40240421735838e-05
3.90000000000000e+00 1.56817309496059e+00 1.56822937688661e+00 5.62819260208069e-05
3.90500000000000e+00 1.60476683271144e+00 1.60482535986612e+00 5.85271546766908e-05
3.91000000000000e+00 1.64338021884361e+00 1.64344075707161e+00 6.05382279976752e-05
3.91500000000000e+00 1.68382145003082e+00 1.68388356209650e+00 6.21120656825180e-05
3.92000000000000e+00 1.72588751075560e+00 1.72595059347097e+00 6.30827153706992e-05
3.92500000000000e+00 1.76936539902573e+00 1.76942873595353e+00 6.33369278029150e-05
3.93000000000000e+00 1.81403341781820e+00 1.81409624304787e+00 6.28252296690501e-05
3.93500000000000e+00 1.85966252530542e+00 1.85972409271722e+00 6.15674118091825e-05
3.94000000000000e+00 1.90601773623601e+00 1.90607738794081e+00 5.96517048054857e-05
3.94500000000000e+00 1.95285956615193e+00 1.95291679348016e+00 5.72273282297697e-05
3.95000000000000e+00 1.99994550942944e+00 2.00000000000000e+00 5.44905705623933e-05
3.95500000000000e+00 2.04703154143574e+00 2.04708320651983e+00 5.16650840918231e-05
3.96000000000000e+00 2.09387363439978e+00 2.09392261205918e+00 4.89776593992630e-05
3.96500000000000e+00 2.14022927591031e+00 2.14027590728278e+00 4.66313724705181e-05
3.97000000000000e+00 2.18585897829139e+00 2.18590375695213e+00 4.47786607384870e-05
3.97500000000000e+00 2.23052776648596e+00 2.23057126404647e+00 4.34975605072552e-05
3.98000000000000e+00 2.27400663153560e+00 2.27404940652903e+00 4.27749934290844e-05
3.98500000000000e+00 2.31607393631968e+00 2.31611643790350e+00 4.25015838185772e-05
3.99000000000000e+00 2.35651675995979e+00 2.35655924292839e+00 4.24829685914396e-05
3.99500000000000e+00 2.39513216725699e+00 2.39517464013388e+00 4.24728768941840e-05
4.00000000000000e+00 2.43172838976154e+00 2.43177062311338e+00 4.22333518459439e-05
