variables = x, value-predict, value-true, error
0.00000000000000e+00 2.41962464087984e+00 2.43177062311339e+00 1.21459822335526e-02
5.00000000000000e-03 2.45445506441682e+00 2.46616753293972e+00 1.17124685229015e-02
1.00000000000000e-02 2.48691347024519e+00 2.49819915448034e+00 1.12856842351441e-02
1.50000000000000e-02 2.51685432386598e+00 2.52771372985530e+00 1.08594059893257e-02
2.00000000000000e-02 2.54414826571446e+00 2.55457488279246e+00 1.04266170779979e-02
2.50000000000000e-02 2.56868155746814e+00 2.57866244818360e+00 9.98089071545838e-03
3.00000000000000e-02 2.59035573522989e+00 2.59987320173000e+00 9.51746650011298e-03
3.50000000000000e-02 2.60908754478336e+00 2.61812148518152e+00 9.03394039816297e-03
4.00000000000000e-02 2.62480917636672e+00 2.63333972331718e+00 8.53054695046795e-03
4.50000000000000e-02 2.63746876629624e+00 2.64547882948272e+00 8.01006318647834e-03
5.00000000000000e-02 2.64703109465956e+00 2.65450849718747e+00 7.47740252791029e-03
5.50000000000000e-02 2.65347838424387e+00 2.66041737596564e+00 6.93899172176637e-03
6.00000000000000e-02 2.65681109599188e+00 2.66321313042021e+00 6.40203442833620e-03
6.50000000000000e-02 2.65704861926772e+00 2.66292238208847e+00 5.87376282075081e-03
7.00000000000000e-02 2.65422976877025e+00 2.65959053448992e+00 5.36076571966726e-03
7.50000000000000e-02 2.64841302117327e+00 2.65328148243819e+00 4.86846126491702e-03
8.00000000000000e-02 2.63967645035024e+00 2.64407720741157e+00 4.40075706132959e-03
8.50000000000000e-02 2.62811734719745e+00 2.63207726147960e+00 3.95991428215048e-03
9.00000000000000e-02 2.61385153567638e+00 2.61739814297001e+00 3.54660729362877e-03
9.50000000000000e-02 2.59701241828482e+00 2.60017256772797e+00 3.16014944315146e-03
1.00000000000000e-01 2.57774979992710e+00 2.58054864046305e+00 2.79884053595181e-03
1.05000000000000e-01 2.55622854808800e+00 2.55868893129538e+00 2.46038320738196e-03
1.10000000000000e-01 2.53262714918955e+00 2.53476946319709e+00 2.14231400754894e-03
1.15000000000000e-01 2.50713621671151e+00 2.50897861657418e+00 1.84239986267043e-03
1.20000000000000e-01 2.47995699742873e+00 2.48151595774496e+00 1.55896031622715e-03
1.25000000000000e-01 2.45129990972084e+00 2.45259099854052e+00 1.29108881968421e-03
1.30000000000000e-01 2.42138313423579e+00 2.42242189467697e+00 1.03876044118190e-03
1.35000000000000e-01 2.39043126400342e+00 2.39123409092702e+00 8.02826923602673e-04
1.40000000000000e-01 2.35867400982073e+00 2.35925892144618e+00 5.84911625455042e-04
1.45000000000000e-01 2.32634494832979e+00 2.32673217388556e+00 3.87225555767312e-04
1.50000000000000e-01 2.29368029514263e+00 2.29389262614624e+00 2.12331003608401e-04
1.55000000000000e-01 2.26091768364273e+00 2.26098056479902e+00 6.28811562903842e-05
1.60000000000000e-01 2.22829493135348e+00 2.22823629430637e+00 5.86370471080677e-05
1.65000000000000e-01 2.19604877941002e+00 2.19589864623990e+00 1.50133170121247e-04
1.70000000000000e-01 2.16441359597783e+00 2.16420349768687e+00 2.10098290960747e-04
1.75000000000000e-01 2.13362004067732e+00 2.13338230798255e+00 2.37732694771786e-04
1.80000000000000e-01 2.10389369349742e+00 2.10366068279205e+00 2.33010705369185e-04
1.85000000000000e-01 2.07545365770862e+00 2.07525697439691e+00 1.96683311705304e-04
1.90000000000000e-01 2.04851115143616e+00 2.04838092681811e+00 1.30224618048125e-04
1.95000000000000e-01 2.02326810647942e+00 2.02323237413107e+00 3.57323483566319e-05
2.00000000000000e-01 1.99991579545064e+00 2.00000000000000e+00 8.42045493603116e-05
2.05000000000000e-01 1.97863350927028e+00 1.97886016608158e+00 2.26656811296078e-04
2.10000000000000e-01 1.95958730653867e+00 1.95997581652323e+00 3.88509984566854e-04
2.15000000000000e-01 1.94292885445640e+00 1.94349546531226e+00 5.66610855857297e-04
2.20000000000000e-01 1.92879437804692e+00 1.92955227272105e+00 7.57894674122461e-04
2.25000000000000e-01 1.91730373077760e+00 1.91826321654437e+00 9.59485766774515e-04
2.30000000000000e-01 1.90855959566981e+00 1.90972836324032e+00 1.16876757050299e-03
2.35000000000000e-01 1.90264682203209e+00 1.90403024347033e+00 1.38342143823489e-03
2.40000000000000e-01 1.89963189941107e+00 1.90123333589028e+00 1.60143647920963e-03
2.45000000000000e-01 1.89956256752096e+00 1.90138366237698e+00 1.82109485601734e-03
2.50000000000000e-01 1.90246755895283e+00 1.90450849718747e+00 2.04093823464646e-03
2.55000000000000e-01 1.90835647040714e+00 1.91061619184595e+00 2.25972143881226e-03
2.60000000000000e-01 1.91721975792040e+00 1.91969611683971e+00 2.47635891931552e-03
2.65000000000000e-01 1.92902885183007e+00 1.93171872048530e+00 2.68986865522702e-03
2.70000000000000e-01 1.94373638773255e+00 1.94663570460343e+00 2.89931687088463e-03
2.75000000000000e-01 1.96127655011775e+00 1.96438031592140e+00 3.10376580365057e-03
2.80000000000000e-01 1.98156552545192e+00 1.98486775140779e+00 3.30222595587126e-03
2.85000000000000e-01 2.00450206108263e+00 2.00799567504205e+00 3.49361395941905e-03
2.90000000000000e-01 2.02996812546104e+00 2.03364484283446e+00 3.67671737341579e-03
2.95000000000000e-01 2.05782966396184e+00 2.06167983224433e+00 3.85016828249363e-03
3.00000000000000e-01 2.08793744329226e+00 2.09194987150091e+00 4.01242820864800e-03
3.05000000000000e-01 2.12012797642500e+00 2.12428976371522e+00 4.16178729021821e-03
3.10000000000000e-01 2.15422451945269e+00 2.15852090008677e+00 4.29638063407989e-03
3.15000000000000e-01 2.19003813193696e+00 2.19445235595975e+00 4.41422402278446e-03
3.20000000000000e-01 2.22736879326458e+00 2.23188206297222e+00 4.51326970763688e-03
3.25000000000000e-01 2.26600656911609e+00 2.27059805007310e+00 4.59148095700934e-03
3.30000000000000e-01 2.30573282413939e+00 2.31037974575665e+00 4.64692161726088e-03
3.35000000000000e-01 2.34632147893782e+00 2.35099933348698e+00 4.67785454915903e-03
3.40000000000000e-01 2.38754031112543e+00 2.39222315195700e+00 4.68284083156689e-03
3.45000000000000e-01 2.42915230109876e+00 2.43381313154985e+00 4.66083045108645e-03
3.50000000000000e-01 2.47091702305441e+00 2.47552825814758e+00 4.61123509316774e-03
3.55000000000000e-01 2.51259208052187e+00 2.51712605526309e+00 4.53397474121964e-03
3.60000000000000e-01 2.55393458333902e+00 2.55836407535859e+00 4.42949201956733e-03
3.65000000000000e-01 2.59470265979900e+00 2.59900139115685e+00 4.29873135784753e-03
3.70000000000000e-01 2.63465699401424e+00 2.63880007775179e+00 4.14308373755246e-03
3.75000000000000e-01 2.67356237483514e+00 2.67752667638138e+00 3.96430154624028e-03
3.80000000000000e-01 2.71118923941235e+00 2.71495363083915e+00 3.76439142679752e-03
3.85000000000000e-01 2.74731519213858e+00 2.75086068766886e+00 3.54549553027939e-03
3.90000000000000e-01 2.78172647858174e+00 2.78503625151058e+00 3.30977292883805e-03
3.95000000000000e-01 2.81421939429976e+00 2.81727868724248e+00 3.05929294272067e-03
4.00000000000000e-01 2.84460161011256e+00 2.84739756089084e+00 2.79595077828354e-03
4.05000000000000e-01 2.87269339832614e+00 2.87521481165829e+00 2.52141333215716e-03
4.10000000000000e-01 2.89832874824084e+00 2.90056584784471e+00 2.23709960387408e-03
4.15000000000000e-01 2.92135636361393e+00 2.92330055990464e+00 1.94419629070453e-03
4.20000000000000e-01 2.94164053912546e+00 2.94328424439572e+00 1.64370527026048e-03
4.25000000000000e-01 2.95906191687147e+00 2.96039843312221e+00 1.33651625073528e-03
4.30000000000000e-01 2.97351812710505e+00 2.97454162236171e+00 1.02349525666146e-03
4.35000000000000e-01 2.98492431959697e+00 2.98562989767982e+00 7.05578082849545e-04
4.40000000000000e-01 2.99321359296098e+00 2.99359745048043e+00 3.83857519449915e-04
4.45000000000000e-01 2.99833732909015e+00 2.99839698310739e+00 5.96540172392857e-05
4.50000000000000e-01 3.00026543861420e+00 3.00000000000000e+00 2.65438614202029e-04
4.55000000000000e-01 2.99898652125169e+00 2.99839698310739e+00 5.89538144299961e-04
4.60000000000000e-01 2.99450794240493e+00 2.99359745048043e+00 9.10491924499102e-04
4.65000000000000e-01 2.98685582467154e+00 2.98562989767982e+00 1.22592699171475e-03
4.70000000000000e-01 2.97607495046446e+00 2.97454162236171e+00 1.53332810274476e-03
4.75000000000000e-01 2.96222856994185e+00 2.96039843312221e+00 1.83013681963917e-03
4.80000000000000e-01 2.94539810718712e+00 2.94328424439572e+00 2.11386279139569e-03
4.85000000000000e-01 2.92568275719989e+00 2.92330055990464e+00 2.38219729525868e-03
4.90000000000000e-01 2.90319896682226e+00 2.90056584784471e+00 2.63311897754726e-03
4.95000000000000e-01 2.87807979419974e+00 2.87521481165829e+00 2.86498254144307e-03
5.00000000000000e-01 2.85047414364711e+00 2.84739756089084e+00 3.07658275626244e-03
5.05000000000000e-01 2.82054587567196e+00 2.81727868724248e+00 3.26718842948548e-03
5.10000000000000e-01 2.78847279517150e+00 2.78503625151058e+00 3.43654366091695e-03
5.15000000000000e-01 2.75444552420290e+00 2.75086068766886e+00 3.58483653403985e-03
5.20000000000000e-01 2.71866626897850e+00 2.71495363083915e+00 3.71263813935707e-03
5.25000000000000e-01 2.68134749361644e+00 2.67752667638138e+00 3.82081723505712e-03
5.30000000000000e-01 2.64271051549148e+00 2.63880007775179e+00 3.91043773969013e-03
5.35000000000000e-01 2.60298403863999e+00 2.59900139115685e+00 3.98264748313926e-03
5.40000000000000e-01 2.56240264250067e+00 2.55836407535859e+00 4.03856714208306e-03
5.45000000000000e-01 2.52120524331007e+00 2.51712605526309e+00 4.07918804698326e-03
5.50000000000000e-01 2.47963354477211e+00 2.47552825814758e+00 4.10528662453213e-03
5.55000000000000e-01 2.43793049329044e+00 2.43381313154985e+00 4.11736174059074e-03
5.60000000000000e-01 2.39633875123990e+00 2.39222315195700e+00 4.11559928290695e-03
5.65000000000000e-01 2.35509919963204e+00 2.35099933348698e+00 4.09986614506286e-03
5.70000000000000e-01 2.31444947928130e+00 2.31037974575665e+00 4.06973352465023e-03
5.75000000000000e-01 2.27462257737961e+00 2.27059805007310e+00 4.02452730651737e-03
5.80000000000000e-01 2.23584546439102e+00 2.23188206297222e+00 3.96340141880547e-03
5.85000000000000e-01 2.19833778450871e+00 2.19445235595975e+00 3.88542854895846e-03
5.90000000000000e-01 2.16231060165876e+00 2.15852090008677e+00 3.78970157199143e-03
5.95000000000000e-01 2.12796520223126e+00 2.12428976371522e+00 3.67543851604601e-03
6.00000000000000e-01 2.09549195537415e+00 2.09194987150091e+00 3.54208387324251e-03
6.05000000000000e-01 2.06506923176495e+00 2.06167983224433e+00 3.38939952062089e-03
6.10000000000000e-01 2.03686238221881e+00 2.03364484283446e+00 3.21753938435210e-03
6.15000000000000e-01 2.01102277821501e+00 2.00799567504205e+00 3.02710317296473e-03
6.20000000000000e-01 1.98768691733365e+00 1.98486775140779e+00 2.81916592586695e-03
6.25000000000000e-01 1.96697559758958e+00 1.96438031592140e+00 2.59528166818068e-03
6.30000000000000e-01 1.94899316563847e+00 1.94663570460343e+00 2.35746103504342e-03
6.35000000000000e-01 1.93382684472217e+00 1.93171872048530e+00 2.10812423687390e-03
6.40000000000000e-01 1.92154614894599e+00 1.91969611683971e+00 1.85003210627732e-03
6.45000000000000e-01 1.91220239098179e+00 1.91061619184595e+00 1.58619913583768e-03
6.50000000000000e-01 1.90582829052565e+00 1.90450849718747e+00 1.31979333817256e-03
6.55000000000000e-01 1.90243769078163e+00 1.90138366237698e+00 1.05402840464386e-03
6.60000000000000e-01 1.90202538988030e+00 1.90123333589028e+00 7.92053990028130e-04
6.65000000000000e-01 1.90456709347029e+00 1.90403024347033e+00 5.36849999962064e-04
6.70000000000000e-01 1.91001949375167e+00 1.90972836324032e+00 2.91130511347992e-04
6.75000000000000e-01 1.91832047896861e+00 1.91826321654437e+00 5.72624242340947e-05
6.80000000000000e-01 1.92938947587012e+00 1.92955227272105e+00 1.62796850922797e-04
6.85000000000000e-01 1.94312792591774e+00 1.94349546531226e+00 3.67539394521499e-04
6.90000000000000e-01 1.95941989411118e+00 1.95997581652323e+00 5.55922412055265e-04
6.95000000000000e-01 1.97813280727337e+00 1.97886016608158e+00 7.27358808207512e-04
7.00000000000000e-01 1.99911831655120e+00 2.00000000000000e+00 8.81683448800352e-04
7.05000000000000e-01 2.02221327682530e+00 2.02323237413106e+00 1.01909730576777e-03
7.10000000000000e-01 2.04724083376742e+00 2.04838092681811e+00 1.14009305068974e-03
7.15000000000000e-01 2.07401160752691e+00 2.07525697439691e+00 1.24536687000232e-03
7.20000000000000e-01 2.10232496055948e+00 2.10366068279205e+00 1.33572223257561e-03
7.25000000000000e-01 2.13197033601224e+00 2.13338230798255e+00 1.41197197030962e-03
7.30000000000000e-01 2.16272865241671e+00 2.16420349768687e+00 1.47484527016051e-03
7.35000000000000e-01 2.19437374025881e+00 2.19589864623990e+00 1.52490598109445e-03
7.40000000000000e-01 2.22667380630775e+00 2.22823629430637e+00 1.56248799862135e-03
7.45000000000000e-01 2.25939291237515e+00 2.26098056479902e+00 1.58765242386805e-03
7.50000000000000e-01 2.29229245638793e+00 2.29389262614624e+00 1.60016975831123e-03
7.55000000000000e-01 2.32513264520787e+00 2.32673217388556e+00 1.59952867768887e-03
7.60000000000000e-01 2.35767395040039e+00 2.35925892144618e+00 1.58497104578803e-03
7.65000000000000e-01 2.38967854000994e+00 2.39123409092702e+00 1.55555091707882e-03
7.70000000000000e-01 2.42091168119324e+00 2.42242189467697e+00 1.51021348373614e-03
7.75000000000000e-01 2.45114311015022e+00 2.45259099854052e+00 1.44788839029930e-03
7.80000000000000e-01 2.48014836704696e+00 2.48151595774496e+00 1.36759069800130e-03
7.85000000000000e-01 2.50771009444318e+00 2.50897861657418e+00 1.26852213100159e-03
7.90000000000000e-01 2.53361929805466e+00 2.53476946319709e+00 1.15016514243482e-03
7.95000000000000e-01 2.55767656847745e+00 2.55868893129538e+00 1.01236281793016e-03
8.00000000000000e-01 2.57969326180492e+00 2.58054864046305e+00 8.55378658129347e-04
8.05000000000000e-01 2.59949263595482e+00 2.60017256772797e+00 6.79931773150511e-04
8.10000000000000e-01 2.61691093810786e+00 2.61739814297001e+00 4.87204862153590e-04
8.15000000000000e-01 2.63179843708885e+00 2.63207726147960e+00 2.78824390754995e-04
8.20000000000000e-01 2.64402039296184e+00 2.64407720741157e+00 5.68144497390399e-05
8.25000000000000e-01 2.65345795472802e+00 2.65328148243819e+00 1.76472289828755e-04
8.30000000000000e-01 2.66000897596549e+00 2.65959053448992e+00 4.18441475576792e-04
8.35000000000000e-01 2.66358873765775e+00 2.66292238208847e+00 6.66355569282739e-04
8.40000000000000e-01 2.66413056741136e+00 2.66321313042021e+00 9.17436991143106e-04
8.45000000000000e-01 2.66158634480172e+00 2.66041737596564e+00 1.16896883608186e-03
8.50000000000000e-01 2.65592688369999e+00 2.65450849718747e+00 1.41838651251192e-03
8.55000000000000e-01 2.64714218406702e+00 2.64547882948272e+00 1.66335458430877e-03
8.60000000000000e-01 2.63524154775362e+00 2.63333972331718e+00 1.90182443643439e-03
8.65000000000000e-01 2.62025355519197e+00 2.61812148518153e+00 2.13207001044280e-03
8.70000000000000e-01 2.60222590235505e+00 2.59987320173000e+00 2.35270062505100e-03
8.75000000000000e-01 2.58122509984564e+00 2.57866244818360e+00 2.56265166204717e-03
8.80000000000000e-01 2.55733603831143e+00 2.55457488279246e+00 2.76115551897727e-03
8.85000000000000e-01 2.53066142644148e+00 2.52771372985530e+00 2.94769658617655e-03
8.90000000000000e-01 2.50132110948246e+00 2.49819915448034e+00 3.12195500212198e-03
8.95000000000000e-01 2.46945127745688e+00 2.46616753293972e+00 3.28374451715474e-03
9.00000000000000e-01 2.43520357303928e+00 2.43177062311339e+00 3.43294992589405e-03
9.05000000000000e-01 2.39874410935754e+00 2.39517464013388e+00 3.56946922365342e-03
9.10000000000000e-01 2.36025240787530e+00 2.35655924292839e+00 3.69316494691452e-03
9.15000000000000e-01 2.31992026604706e+00 2.31611643790350e+00 3.80382814356439e-03
9.20000000000000e-01 2.27795056371027e+00 2.27404940652903e+00 3.90115718124306e-03
9.25000000000000e-01 2.23455601629577e+00 2.23057126404647e+00 3.98475224930150e-03
9.30000000000000e-01 2.18995788200681e+00 2.18590375695213e+00 4.05412505467950e-03
9.35000000000000e-01 2.14438462924821e+00 2.14027590728277e+00 4.10872196543899e-03
9.40000000000000e-01 2.09807056987343e+00 2.09392261205918e+00 4.14795781425203e-03
9.45000000000000e-01 2.05125446333570e+00 2.04708320651983e+00 4.17125681586628e-03
9.50000000000000e-01 2.00417809663028e+00 2.00000000000000e+00 4.17809663027802e-03
9.55000000000000e-01 1.95708484501942e+00 1.95291679348017e+00 4.16805153925681e-03
9.60000000000000e-01 1.91021821893119e+00 1.90607738794082e+00 4.14083099037077e-03
9.65000000000000e-01 1.86382040308028e+00 1.85972409271723e+00 4.09631036304736e-03
9.70000000000000e-01 1.81813079470832e+00 1.81409624304787e+00 4.03455166044742e-03
9.75000000000000e-01 1.77338454880088e+00 1.76942873595353e+00 3.95581284734248e-03
9.80000000000000e-01 1.72981113911164e+00 1.72595059347097e+00 3.86054564067062e-03
9.85000000000000e-01 1.68763294471252e+00 1.68388356209650e+00 3.74938261601665e-03
9.90000000000000e-01 1.64706387249761e+00 1.64344075707161e+00 3.62311542599603e-03
9.95000000000000e-01 1.60830802651887e+00 1.60482535986612e+00 3.48266665275454e-03
1.00000000000000e+00 1.57155843516313e+00 1.56822937688661e+00 3.32905827652397e-03
1.00500000000000e+00 1.53699584695988e+00 1.53383246706028e+00 3.16337989960513e-03
1.01000000000000e+00 1.50478760523300e+00 1.50180084551966e+00 2.98675971333551e-03
1.01500000000000e+00 1.47508661090112e+00 1.47228627014470e+00 2.80034075642011e-03
1.02000000000000e+00 1.44803038154133e+00 1.44542511720755e+00 2.60526433378683e-03
1.02500000000000e+00 1.42374021343109e+00 1.42133755181640e+00 2.40266161468328e-03
1.03000000000000e+00 1.40232045176151e+00 1.40012679827000e+00 2.19365349151057e-03
1.03500000000000e+00 1.38385787266482e+00 1.38187851481848e+00 1.97935784634828e-03
1.04000000000000e+00 1.36842117921388e+00 1.36666027668282e+00 1.76090253106453e-03
1.04500000000000e+00 1.35606061221670e+00 1.35452117051728e+00 1.53944169941655e-03
1.05000000000000e+00 1.34680767551245e+00 1.34549150281253e+00 1.31617269992823e-03
1.05500000000000e+00 1.34067497462480e+00 1.33958262403436e+00 1.09235059044321e-03
1.06000000000000e+00 1.33765616706600e+00 1.33678686957979e+00 8.69297486215670e-04
1.06500000000000e+00 1.33772602230667e+00 1.33707761791153e+00 6.48404395134694e-04
1.07000000000000e+00 1.34084058940068e+00 1.34040946551008e+00 4.31123890595408e-04
1.07500000000000e+00 1.34693747042812e+00 1.34671851756181e+00 2.18952866313238e-04
1.08000000000000e+00 1.35593619821838e+00 1.35592279258843e+00 1.34056299572194e-05
1.08500000000000e+00 1.36773871715408e+00 1.36792273852040e+00 1.84021366318454e-04
1.09000000000000e+00 1.38222996614128e+00 1.38260185702999e+00 3.71890888710924e-04
1.09500000000000e+00 1.39927856297268e+00 1.39982743227203e+00 5.48869299349164e-04
1.10000000000000e+00 1.41873758922714e+00 1.41945135953695e+00 7.13770309816342e-04
1.10500000000000e+00 1.44044547447796e+00 1.44131106870462e+00 8.65594226656663e-04
1.11000000000000e+00 1.46422697788638e+00 1.46523053680291e+00 1.00355891652426e-03
1.11500000000000e+00 1.48989426422595e+00 1.49102138342582e+00 1.12711919986697e-03
1.12000000000000e+00 1.51724807004428e+00 1.51848404225504e+00 1.23597221076355e-03
1.12500000000000e+00 1.54607895407659e+00 1.54740900145948e+00 1.33004738289100e-03
1.13000000000000e+00 1.57616862427202e+00 1.57757810532303e+00 1.40948105100369e-03
1.13500000000000e+00 1.60729133199049e+00 1.60876590907298e+00 1.47457708249488e-03
1.14000000000000e+00 1.63921532220840e+00 1.64074107855382e+00 1.52575634542318e-03
1.14500000000000e+00 1.67170432707137e+00 1.67326782611444e+00 1.56349904307151e-03
1.15000000000000e+00 1.70451908898241e+00 1.70610737385376e+00 1.58828487135310e-03
1.15500000000000e+00 1.73741889872673e+00 1.73901943520098e+00 1.60053647424618e-03
1.16000000000000e+00 1.77016313398826e+00 1.77176370569363e+00 1.60057170536887e-03
1.16500000000000e+00 1.80251278404671e+00 1.80410135376010e+00 1.58856971338528e-03
1.17000000000000e+00 1.83423194744757e+00 1.83579650231313e+00 1.56455486555629e-03
1.17500000000000e+00 1.86508929094860e+00 1.86661769201745e+00 1.52840106885566e-03
1.18000000000000e+00 1.89485945995753e+00 1.89633931720795e+00 1.47985725041422e-03
1.18500000000000e+00 1.92332443283439e+00 1.92474302560309e+00 1.41859276870115e-03
1.19000000000000e+00 1.95027481365953e+00 1.95161907318189e+00 1.34425952235739e-03
1.19500000000000e+00 1.97551106017159e+00 1.97676762586894e+00 1.25656569734511e-03
1.20000000000000e+00 1.99884464536647e+00 2.00000000000000e+00 1.15535463353300e-03
1.20500000000000e+00 2.02009915255394e+00 2.02113983391842e+00 1.04068136447877e-03
1.21000000000000e+00 2.03911130436152e+00 2.04002418347677e+00 9.12879115247733e-04
1.21500000000000e+00 2.05573192618359e+00 2.05650453468774e+00 7.72608504150174e-04
1.22000000000000e+00 2.06982684388889e+00 2.07044772727895e+00 6.20883390066496e-04
1.22500000000000e+00 2.08127771428279e+00 2.08173678345563e+00 4.59069172842774e-04
1.23000000000000e+00 2.08998278500681e+00 2.09027163675968e+00 2.88851752875185e-04
1.23500000000000e+00 2.09585757844109e+00 2.09596975652967e+00 1.12178088587100e-04
1.24000000000000e+00 2.09883549200132e+00 2.09876666410972e+00 6.88278915950136e-05
1.24500000000000e+00 2.09886830526296e+00 2.09861633762302e+00 2.51967639942841e-04
1.25000000000000e+00 2.09592658287658e+00 2.09549150281253e+00 4.35080064053128e-04
1.25500000000000e+00 2.08999996150928e+00 2.08938380815405e+00 6.16153355228022e-04
1.26000000000000e+00 2.08109730925135e+00 2.08030388316029e+00 7.93426091058258e-04
1.26500000000000e+00 2.06924674717627e+00 2.06828127951470e+00 9.65467661569352e-04
1.27000000000000e+00 2.05449552504638e+00 2.05336429539657e+00 1.13122964981560e-03
1.27500000000000e+00 2.03690974641106e+00 2.03561968407860e+00 1.29006233246409e-03
1.28000000000000e+00 2.01657394233441e+00 2.01513224859221e+00 1.44169374220127e-03
1.28500000000000e+00 1.99359049740030e+00 1.99200432495795e+00 1.58617244235071e-03
1.29000000000000e+00 1.96807893609158e+00 1.96635515716554e+00 1.72377892603603e-03
1.29500000000000e+00 1.94017508171314e+00 1.93832016775567e+00 1.85491395746951e-03
1.30000000000000e+00 1.91003010332911e+00 1.90805012849909e+00 1.97997483002443e-03
1.30500000000000e+00 1.87780946838189e+00 1.87571023628478e+00 2.09923209710738e-03
1.31000000000000e+00 1.84369181953543e+00 1.84147909991323e+00 2.21271962220659e-03
1.31500000000000e+00 1.80786779376021e+00 1.80554764404025e+00 2.32014971995786e-03
1.32000000000000e+00 1.77053879983359e+00 1.76811793702778e+00 2.42086280581044e-03
1.32500000000000e+00 1.73191576750314e+00 1.72940194992690e+00 2.51381757624003e-03
1.33000000000000e+00 1.69221787791181e+00 1.68962025424335e+00 2.59762366846106e-03
1.33500000000000e+00 1.65167128095860e+00 1.64900066651302e+00 2.67061444558059e-03
1.34000000000000e+00 1.61050780153712e+00 1.60777684804300e+00 2.73095349411778e-03
1.34500000000000e+00 1.56896363349691e+00 1.56618686845015e+00 2.77676504676183e-03
1.35000000000000e+00 1.52727801806245e+00 1.52447174185242e+00 2.80627621002472e-03
1.35500000000000e+00 1.48569190254825e+00 1.48287394473691e+00 2.81795781133787e-03
1.36000000000000e+00 1.44444657560367e+00 1.44163592464141e+00 2.81065096225475e-03
1.36500000000000e+00 1.40378227683105e+00 1.40099860884315e+00 2.78366798790119e-03
1.37000000000000e+00 1.36393678123736e+00 1.36119992224821e+00 2.73685898915188e-03
1.37500000000000e+00 1.32514396228781e+00 1.32247332361862e+00 2.67063866919059e-03
1.38000000000000e+00 1.28763234095815e+00 1.28504636916085e+00 2.58597179729847e-03
1.38500000000000e+00 1.25162363174309e+00 1.24913931233114e+00 2.48431941194305e-03
1.39000000000000e+00 1.21733129971276e+00 1.21496374848942e+00 2.36755122334187e-03
1.39500000000000e+00 1.18495914512611e+00 1.18272131275752e+00 2.23783236858899e-03
1.40000000000000e+00 1.15469993360384e+00 1.15260243910916e+00 2.09749449467811e-03
1.40500000000000e+00 1.12673409033435e+00 1.12478518834171e+00 1.94890199264686e-03
1.41000000000000e+00 1.10122847623178e+00 1.09943415215529e+00 1.79432407649283e-03
1.41500000000000e+00 1.07833526247598e+00 1.07669944009536e+00 1.63582238061366e-03
1.42000000000000e+00 1.05819091760190e+00 1.05671575560428e+00 1.47516199762654e-03
1.42500000000000e+00 1.04091531847919e+00 1.03960156687779e+00 1.31375160140124e-03
1.43000000000000e+00 1.02661099336536e+00 1.02545837763829e+00 1.15261572707670e-03
1.43500000000000e+00 1.01536250196083e+00 1.01437010232018e+00 9.92399640652231e-04
1.44000000000000e+00 1.00723595425467e+00 1.00640254951957e+00 8.33404735107068e-04
1.44500000000000e+00 1.00227866710449e+00 1.00160301689261e+00 6.75650211879875e-04
1.45000000000000e+00 1.00051895507814e+00 1.00000000000000e+00 5.18955078136374e-04
1.45500000000000e+00 1.00196605018619e+00 1.00160301689261e+00 3.63033293580450e-04
1.46000000000000e+00 1.00661014379271e+00 1.00640254951957e+00 2.07594273148315e-04
1.46500000000000e+00 1.01442254320862e+00 1.01437010232018e+00 5.24408884463590e-05
1.47000000000000e+00 1.02535593521024e+00 1.02545837763829e+00 1.02442428044913e-04
1.47500000000000e+00 1.03934474892562e+00 1.03960156687779e+00 2.56817952177801e-04
1.48000000000000e+00 1.05630561111241e+00 1.05671575560428e+00 4.10144491863829e-04
1.48500000000000e+00 1.07613788772534e+00 1.07669944009536e+00 5.61552370027751e-04
1.49000000000000e+00 1.09872430674186e+00 1.09943415215529e+00 7.09845413428667e-04
1.49500000000000e+00 1.12393165838870e+00 1.12478518834171e+00 8.53529953008580e-04
1.50000000000000e+00 1.15161157009254e+00 1.15260243910916e+00 9.90869016617379e-04
1.50500000000000e+00 1.18160135457658e+00 1.18272131275752e+00 1.11995818094490e-03
1.51000000000000e+00 1.21372493045045e+00 1.21496374848942e+00 1.23881803897219e-03
1.51500000000000e+00 1.24779381531253e+00 1.24913931233114e+00 1.34549701861753e-03
1.52000000000000e+00 1.28360819172186e+00 1.28504636916085e+00 1.43817743898889e-03
1.52500000000000e+00 1.32095804633707e+00 1.32247332361862e+00 1.51527728154810e-03
1.53000000000000e+00 1.35962438200885e+00 1.36119992224821e+00 1.57554023935647e-03
1.53500000000000e+00 1.39938050162646e+00 1.40099860884315e+00 1.61810721668831e-03
1.54000000000000e+00 1.43999336105648e+00 1.44163592464141e+00 1.64256358493553e-03
1.54500000000000e+00 1.48122498662006e+00 1.48287394473691e+00 1.64895811684773e-03
1.55000000000000e+00 1.52283395031173e+00 1.52447174185242e+00 1.63779154069665e-03
1.55500000000000e+00 1.56457689349965e+00 1.56618686845015e+00 1.60997495049542e-03
1.56000000000000e+00 1.60621008732722e+00 1.60777684804300e+00 1.56676071578654e-03
1.56500000000000e+00 1.64749101565330e+00 1.64900066651302e+00 1.50965085971522e-03
1.57000000000000e+00 1.68817996433192e+00 1.68962025424335e+00 1.44028991142764e-03
1.57500000000000e+00 1.72804159913956e+00 1.72940194992690e+00 1.36035078734542e-03
1.58000000000000e+00 1.76684651388260e+00 1.76811793702778e+00 1.27142314518158e-03
1.58500000000000e+00 1.80437273028079e+00 1.80554764404025e+00 1.17491375946033e-03
1.59000000000000e+00 1.84040713218040e+00 1.84147909991323e+00 1.07196773282991e-03
1.59500000000000e+00 1.87474681848353e+00 1.87571023628478e+00 9.63417801252753e-04
1.60000000000000e+00 1.90720036178680e+00 1.90805012849909e+00 8.49766712292421e-04
1.60500000000000e+00 1.93758896292930e+00 1.93832016775567e+00 7.31204826373233e-04
1.61000000000000e+00 1.96574749522419e+00 1.96635515716554e+00 6.07661941353310e-04
1.61500000000000e+00 1.99152543581455e+00 1.99200432495795e+00 4.78889143397554e-04
1.62000000000000e+00 2.01478768506455e+00 2.01513224859221e+00 3.44563527664654e-04
1.62500000000000e+00 2.03541527788937e+00 2.03561968407860e+00 2.04406189224127e-04
1.63000000000000e+00 2.05330599319445e+00 2.05336429539657e+00 5.83022021238833e-05
1.63500000000000e+00 2.06837486894213e+00 2.06828127951470e+00 9.35894274234350e-05
1.64000000000000e+00 2.08055463066900e+00 2.08030388316029e+00 2.50747508715676e-04
1.64500000000000e+00 2.08979604049884e+00 2.08938380815405e+00 4.12232344785046e-04
1.65000000000000e+00 2.09606817188345e+00 2.09549150281253e+00 5.76669070922797e-04
1.65500000000000e+00 2.09935861259895e+00 2.09861633762302e+00 7.42274975935597e-04
1.66000000000000e+00 2.09967359515807e+00 2.09876666410972e+00 9.06931048343385e-04
1.66500000000000e+00 2.09703805008492e+00 2.09596975652967e+00 1.06829355525084e-03
1.67000000000000e+00 2.09149557381921e+00 2.09027163675968e+00 1.22393705952861e-03
1.67500000000000e+00 2.08310829980178e+00 2.08173678345563e+00 1.37151634615718e-03
1.68000000000000e+00 2.07195665899235e+00 2.07044772727895e+00 1.50893171339295e-03
1.68500000000000e+00 2.05813901510767e+00 2.05650453468774e+00 1.63448041993375e-03
1.69000000000000e+00 2.04177116060097e+00 2.04002418347677e+00 1.74697712419780e-03
1.69500000000000e+00 2.02298566205477e+00 2.02113983391842e+00 1.84582813635137e-03
1.70000000000000e+00 2.00193104827106e+00 2.00000000000000e+00 1.93104827106350e-03
1.70500000000000e+00 1.97877084070995e+00 1.97676762586893e+00 2.00321484101451e-03
1.71000000000000e+00 1.95368243358378e+00 1.95161907318189e+00 2.06336040189026e-03
1.71500000000000e+00 1.92685583911526e+00 1.92474302560309e+00 2.11281351217196e-03
1.72000000000000e+00 1.89849232126222e+00 1.89633931720795e+00 2.15300405427432e-03
1.72500000000000e+00 1.86880294752793e+00 1.86661769201745e+00 2.18525551047932e-03
1.73000000000000e+00 1.83800709228487e+00 1.83579650231313e+00 2.21058997174595e-03
1.73500000000000e+00 1.80633092553634e+00 1.80410135376010e+00 2.22957177623595e-03
1.74000000000000e+00 1.77400591782320e+00 1.77176370569363e+00 2.24221212956754e-03
1.74500000000000e+00 1.74126738520013e+00 1.73901943520098e+00 2.24794999915412e-03
1.75000000000000e+00 1.70835308860757e+00 1.70610737385376e+00 2.24571475380309e-03
1.75500000000000e+00 1.67550189085679e+00 1.67326782611444e+00 2.23406474235288e-03
1.76000000000000e+00 1.64295246350972e+00 1.64074107855382e+00 2.21138495590334e-03
1.76500000000000e+00 1.61094202696136e+00 1.60876590907298e+00 2.17611788838235e-03
1.77000000000000e+00 1.57970510159335e+00 1.57757810532303e+00 2.12699627032276e-03
1.77500000000000e+00 1.54947224699874e+00 1.54740900145948e+00 2.06324553926307e-03
1.78000000000000e+00 1.52046877025364e+00 1.51848404225504e+00 1.98472799860361e-03
1.78500000000000e+00 1.49291339245044e+00 1.49102138342582e+00 1.89200902461928e-03
1.79000000000000e+00 1.46701687385921e+00 1.46523053680291e+00 1.78633705630915e-03
1.79500000000000e+00 1.44298061027102e+00 1.44131106870462e+00 1.66954156639632e-03
1.80000000000000e+00 1.42099522425538e+00 1.41945135953695e+00 1.54386471842649e-03
1.80500000000000e+00 1.40123918341198e+00 1.39982743227203e+00 1.41175113994962e-03
1.81000000000000e+00 1.38387748195089e+00 1.38260185702999e+00 1.27562492089561e-03
1.81500000000000e+00 1.36906042159945e+00 1.36792273852040e+00 1.13768307904794e-03
1.82000000000000e+00 1.35692252321322e+00 1.35592279258843e+00 9.99730624795081e-04
1.82500000000000e+00 1.34758159254889e+00 1.34671851756181e+00 8.63074987082380e-04
1.83000000000000e+00 1.34113795385458e+00 1.34040946551008e+00 7.28488344492240e-04
1.83500000000000e+00 1.33767385479829e+00 1.33707761791153e+00 5.96236886758028e-04
1.84000000000000e+00 1.33725303719004e+00 1.33678686957979e+00 4.66167610249757e-04
1.84500000000000e+00 1.33992046100197e+00 1.33958262403436e+00 3.37836967608141e-04
1.85000000000000e+00 1.34570216493467e+00 1.34549150281253e+00 2.10662122140493e-04
1.85500000000000e+00 1.35460524532254e+00 1.35452117051728e+00 8.40748052510776e-05
1.86000000000000e+00 1.36661793622511e+00 1.36666027668282e+00 4.23404577101216e-05
1.86500000000000e+00 1.38170977653959e+00 1.38187851481848e+00 1.68738278883307e-04
1.87000000000000e+00 1.39983185417466e+00 1.40012679827000e+00 2.94944095340588e-04
1.87500000000000e+00 1.42091712200464e+00 1.42133755181640e+00 4.20429811767153e-04
1.88000000000000e+00 1.44488078481156e+00 1.44542511720755e+00 5.44332395985059e-04
1.88500000000000e+00 1.47162076018966e+00 1.47228627014470e+00 6.65509955034782e-04
1.89000000000000e+00 1.50101821907483e+00 1.50180084551967e+00 7.82626444837842e-04
1.89500000000000e+00 1.53293821297983e+00 1.53383246706028e+00 8.94254080450629e-04
1.90000000000000e+00 1.56723039513629e+00 1.56822937688661e+00 9.98981750318650e-04
1.90500000000000e+00 1.60372984166495e+00 1.60482535986612e+00 1.09551820116427e-03
1.91000000000000e+00 1.64225797681566e+00 1.64344075707161e+00 1.18278025595586e-03
1.91500000000000e+00 1.68262360350003e+00 1.68388356209650e+00 1.25995859647676e-03
1.92000000000000e+00 1.72462403707818e+00 1.72595059347097e+00 1.32655639278556e-03
1.92500000000000e+00 1.76804633695679e+00 1.76942873595353e+00 1.38239899674120e-03
1.93000000000000e+00 1.81266862728950e+00 1.81409624304787e+00 1.42761575836792e-03
1.93500000000000e+00 1.85826149518653e+00 1.85972409271723e+00 1.46259753069899e-03
1.94000000000000e+00 1.90458945252953e+00 1.90607738794082e+00 1.48793541129044e-03
1.94500000000000e+00 1.95141244588168e+00 1.95291679348017e+00 1.50434759848639e-03
1.95000000000000e+00 1.99848739814782e+00 2.00000000000000e+00 1.51260185218360e-03
1.95500000000000e+00 2.04556976557605e+00 2.04708320651983e+00 1.51344094377892e-03
1.96000000000000e+00 2.09241509434070e+00 2.09392261205918e+00 1.50751771847979e-03
1.96500000000000e+00 2.13878056219415e+00 2.14027590728277e+00 1.49534508861882e-03
1.97000000000000e+00 2.18442649237041e+00 2.18590375695213e+00 1.47726458171737e-03
1.97500000000000e+00 2.22911782888659e+00 2.23057126404646e+00 1.45343515987495e-03
1.98000000000000e+00 2.27262556443502e+00 2.27404940652903e+00 1.42384209400337e-03
1.98500000000000e+00 2.31472811400931e+00 2.31611643790350e+00 1.38832389418964e-03
1.99000000000000e+00 2.35521262910922e+00 2.35655924292839e+00 1.34661381917178e-03
1.99500000000000e+00 2.39387624870660e+00 2.39517464013388e+00 1.29839142728638e-03
2.00000000000000e+00 2.43052728405781e+00 2.43177062311339e+00 1.24333905557794e-03
2.00500000000000e+00 2.46498633489976e+00 2.46616753293972e+00 1.18119803996164e-03
2.01000000000000e+00 2.49708733459578e+00 2.49819915448034e+00 1.11181988455256e-03
2.01500000000000e+00 2.52667852147817e+00 2.52771372985530e+00 1.03520837713456e-03
2.02000000000000e+00 2.55362333306875e+00 2.55457488279245e+00 9.51549723700040e-04
2.02500000000000e+00 2.57780121917063e+00 2.57866244818359e+00 8.61229012959264e-04
2.03000000000000e+00 2.59910836913773e+00 2.59987320173000e+00 7.64832592270004e-04
2.03500000000000e+00 2.61745834806167e+00 2.61812148518152e+00 6.63137119853996e-04
2.04000000000000e+00 2.63278263626154e+00 2.63333972331718e+00 5.57087055644168e-04
2.04500000000000e+00 2.64503106638990e+00 2.64547882948272e+00 4.47763092820352e-04
2.05000000000000e+00 2.65417215271053e+00 2.65450849718747e+00 3.36344476945527e-04
2.05500000000000e+00 2.66019330766402e+00 2.66041737596564e+00 2.24068301620139e-04
2.06000000000000e+00 2.66310094168618e+00 2.66321313042021e+00 1.12188734036955e-04
2.06500000000000e+00 2.66292044333317e+00 2.66292238208847e+00 1.93875529275189e-06
2.07000000000000e+00 2.65969603802668e+00 2.65959053448992e+00 1.05503536760310e-04
2.07500000000000e+00 2.65349052508823e+00 2.65328148243819e+00 2.09042650038960e-04
2.08000000000000e+00 2.64438489410814e+00 2.64407720741157e+00 3.07686696561227e-04
2.08500000000000e+00 2.63247782302106e+00 2.63207726147960e+00 4.00561541459954e-04
2.09000000000000e+00 2.61788506148011e+00 2.61739814297001e+00 4.86918510096412e-04
2.09500000000000e+00 2.60073870419198e+00 2.60017256772797e+00 5.66136464003275e-04
2.10000000000000e+00 2.58118635977212e+00 2.58054864046305e+00 6.37719309072970e-04
2.10500000000000e+00 2.55939022139376e+00 2.55868893129538e+00 7.01290098379825e-04
2.11000000000000e+00 2.53552604604767e+00 2.53476946319710e+00 7.56582850573562e-04
2.11500000000000e+00 2.50978204962306e+00 2.50897861657418e+00 8.03433048883750e-04
2.12000000000000e+00 2.48235772529712e+00 2.48151595774496e+00 8.41767552163475e-04
2.12500000000000e+00 2.45346259291983e+00 2.45259099854052e+00 8.71594379309393e-04
2.13000000000000e+00 2.42331488724174e+00 2.42242189467697e+00 8.92992564763606e-04
2.13500000000000e+00 2.39214019299003e+00 2.39123409092702e+00 9.06102063010117e-04
2.14000000000000e+00 2.36017003498144e+00 2.35925892144618e+00 9.11113535261965e-04
2.14500000000000e+00 2.32764043168499e+00 2.32673217388556e+00 9.08257799430157e-04
2.15000000000000e+00 2.29479042091752e+00 2.29389262614624e+00 8.97794771283600e-04
2.15500000000000e+00 2.26186056666028e+00 2.26098056479902e+00 8.80001861258251e-04
2.16000000000000e+00 2.22909145630357e+00 2.22823629430637e+00 8.55161997194376e-04
2.16500000000000e+00 2.19672219792584e+00 2.19589864623990e+00 8.23551685937840e-04
2.17000000000000e+00 2.16498892745670e+00 2.16420349768687e+00 7.85429769828649e-04
2.17500000000000e+00 2.13412333571881e+00 2.13338230798255e+00 7.41027736266275e-04
2.18000000000000e+00 2.10435122535608e+00 2.10366068279205e+00 6.90542564031560e-04
2.18500000000000e+00 2.07589110750504e+00 2.07525697439691e+00 6.34133108124768e-04
2.19000000000000e+00 2.04895284773552e+00 2.04838092681811e+00 5.71920917415536e-04
2.19500000000000e+00 2.02373637027168e+00 2.02323237413107e+00 5.03996140617247e-04
2.20000000000000e+00 2.00043042881670e+00 2.00000000000000e+00 4.30428816697415e-04
2.20500000000000e+00 1.97921145147085e+00 1.97886016608158e+00 3.51285389267320e-04
2.21000000000000e+00 1.96024246629271e+00 1.95997581652323e+00 2.66649769477656e-04
2.21500000000000e+00 1.94367211305754e+00 1.94349546531226e+00 1.76647745280256e-04
2.22000000000000e+00 1.92963374577172e+00 1.92955227272105e+00 8.14730506737416e-05
2.22500000000000e+00 1.91824462956512e+00 1.91826321654437e+00 1.85869792521665e-05
2.23000000000000e+00 1.90960523475746e+00 1.90972836324032e+00 1.23128482859558e-04
2.23500000000000e+00 1.90379863022401e+00 1.90403024347033e+00 2.31613246316931e-04
2.24000000000000e+00 1.90088997769954e+00 1.90123333589028e+00 3.43358190735277e-04
2.24500000000000e+00 1.90092612836777e+00 1.90138366237698e+00 4.57534009208338e-04
2.25000000000000e+00 1.90393532297763e+00 1.90450849718747e+00 5.73174209846261e-04
2.25500000000000e+00 1.90992699677638e+00 1.91061619184595e+00 6.89195069563997e-04
2.26000000000000e+00 1.91889169070359e+00 1.91969611683971e+00 8.04426136121528e-04
2.26500000000000e+00 1.93080107048321e+00 1.93171872048530e+00 9.17650002084658e-04
2.27000000000000e+00 1.94560805540961e+00 1.94663570460343e+00 1.02764919381482e-03
2.27500000000000e+00 1.96324705866774e+00 1.96438031592140e+00 1.13325725365709e-03
2.28000000000000e+00 1.98363434088620e+00 1.98486775140779e+00 1.23341052158765e-03
2.28500000000000e+00 2.00666847823405e+00 2.00799567504205e+00 1.32719680800397e-03
2.29000000000000e+00 2.03223094569732e+00 2.03364484283446e+00 1.41389713714046e-03
2.29500000000000e+00 2.06018681519448e+00 2.06167983224433e+00 1.49301704985305e-03
2.30000000000000e+00 2.09038556692444e+00 2.09194987150091e+00 1.56430457646817e-03
2.30500000000000e+00 2.12266201082712e+00 2.12428976371522e+00 1.62775288809858e-03
2.31000000000000e+00 2.15683731334324e+00 2.15852090008677e+00 1.68358674353586e-03
2.31500000000000e+00 2.19272012287417e+00 2.19445235595975e+00 1.73223308557047e-03
2.32000000000000e+00 2.23010778556709e+00 2.23188206297221e+00 1.77427740512615e-03
2.32500000000000e+00 2.26878764139118e+00 2.27059805007310e+00 1.81040868191751e-03
2.33000000000000e+00 2.30853838903093e+00 2.31037974575665e+00 1.84135672571983e-03
2.33500000000000e+00 2.34913150699125e+00 2.35099933348698e+00 1.86782649572281e-03
2.34000000000000e+00 2.39033271755690e+00 2.39222315195699e+00 1.89043440009007e-03
2.34500000000000e+00 2.43190347992008e+00 2.43381313154985e+00 1.90965162976875e-03
2.35000000000000e+00 2.47360249890064e+00 2.47552825814758e+00 1.92575924693683e-03
2.35500000000000e+00 2.51518723622164e+00 2.51712605526309e+00 1.93881904144089e-03
2.36000000000000e+00 2.55641541222824e+00 2.55836407535858e+00 1.94866313034403e-03
2.36500000000000e+00 2.59704648718715e+00 2.59900139115685e+00 1.95490396970044e-03
2.37000000000000e+00 2.63684311279421e+00 2.63880007775179e+00 1.95696495758213e-03
2.37500000000000e+00 2.67557254615070e+00 2.67752667638138e+00 1.95413023068314e-03
2.38000000000000e+00 2.71300802014015e+00 2.71495363083914e+00 1.94561069899546e-03
2.38500000000000e+00 2.74893006573559e+00 2.75086068766886e+00 1.93062193326821e-03
2.39000000000000e+00 2.78312778318618e+00 2.78503625151058e+00 1.90846832440128e-03
2.39500000000000e+00 2.81540006016997e+00 2.81727868724248e+00 1.87862707251218e-03
2.40000000000000e+00 2.84555673576921e+00 2.84739756089084e+00 1.84082512163508e-03
2.40500000000000e+00 2.87341970945599e+00 2.87521481165829e+00 1.79510220230528e-03
2.41000000000000e+00 2.89882399412346e+00 2.90056584784471e+00 1.74185372125502e-03
2.41500000000000e+00 2.92161871154656e+00 2.92330055990463e+00 1.68184835807805e-03
2.42000000000000e+00 2.94166802752825e+00 2.94328424439572e+00 1.61621686747360e-03
2.42500000000000e+00 2.95885202244629e+00 2.96039843312221e+00 1.54641067591399e-03
2.43000000000000e+00 2.97306749107225e+00 2.97454162236171e+00 1.47413128945795e-03
2.43500000000000e+00 2.98422866354494e+00 2.98562989767982e+00 1.40123413487903e-03
2.44000000000000e+00 2.99226783744468e+00 2.99359745048043e+00 1.32961303575740e-03
2.44500000000000e+00 2.99713590926530e+00 2.99839698310739e+00 1.26107384208929e-03
2.45000000000000e+00 2.99880279246846e+00 3.00000000000000e+00 1.19720753153585e-03
2.45500000000000e+00 2.99725770897226e+00 2.99839698310739e+00 1.13927413513037e-03
2.46000000000000e+00 2.99250934158453e+00 2.99359745048044e+00 1.08810889590760e-03
2.46500000000000e+00 2.98458583667813e+00 2.98562989767982e+00 1.04406100169774e-03
2.47000000000000e+00 2.97353464936381e+00 2.97454162236171e+00 1.00697299790387e-03
2.47500000000000e+00 2.95942222745538e+00 2.96039843312221e+00 9.76205666832541e-04
2.48000000000000e+00 2.94233353541294e+00 2.94328424439572e+00 9.50708982786708e-04
2.48500000000000e+00 2.92237142482103e+00 2.92330055990464e+00 9.29135083607147e-04
2.49000000000000e+00 2.89965586332418e+00 2.90056584784471e+00 9.09984520529594e-04
2.49500000000000e+00 2.87432303874864e+00 2.87521481165830e+00 8.91772909653810e-04
2.50000000000000e+00 2.84652435883244e+00 2.84739756089084e+00 8.73202058402356e-04
2.50500000000000e+00 2.81642536909051e+00 2.81727868724248e+00 8.53318151974758e-04
2.51000000000000e+00 2.78420461153857e+00 2.78503625151058e+00 8.31639972012965e-04
2.51500000000000e+00 2.75005244519067e+00 2.75086068766886e+00 8.08242478184340e-04
2.52000000000000e+00 2.71416984558486e+00 2.71495363083915e+00 7.83785254292013e-04
2.52500000000000e+00 2.67676719549023e+00 2.67752667638138e+00 7.59480891150854e-04
2.53000000000000e+00 2.63806307302130e+00 2.63880007775179e+00 7.37004730494206e-04
2.53500000000000e+00 2.59828303737992e+00 2.59900139115685e+00 7.18353776934855e-04
2.54000000000000e+00 2.55765840713416e+00 2.55836407535859e+00 7.05668224429079e-04
2.54500000000000e+00 2.51642502201497e+00 2.51712605526309e+00 7.01033248120098e-04
2.55000000000000e+00 2.47482197717656e+00 2.47552825814758e+00 7.06280971012774e-04
2.55500000000000e+00 2.43309031898076e+00 2.43381313154985e+00 7.22812569086795e-04
2.56000000000000e+00 2.39147169360960e+00 2.39222315195700e+00 7.51458347396650e-04
2.56500000000000e+00 2.35020694389294e+00 2.35099933348698e+00 7.92389594043375e-04
2.57000000000000e+00 2.30953465515147e+00 2.31037974575666e+00 8.45090605188670e-04
2.57500000000000e+00 2.26968965695021e+00 2.27059805007310e+00 9.08393122883933e-04
2.58000000000000e+00 2.23090149373440e+00 2.23188206297222e+00 9.80569237820195e-04
2.58500000000000e+00 2.19339288271635e+00 2.19445235595975e+00 1.05947324340150e-03
2.59000000000000e+00 2.15737818155411e+00 2.15852090008678e+00 1.14271853266246e-03
2.59500000000000e+00 2.12306189093025e+00 2.12428976371522e+00 1.22787278496217e-03
2.60000000000000e+00 2.09063721792068e+00 2.09194987150091e+00 1.31265358023525e-03
2.60500000000000e+00 2.06028472504977e+00 2.06167983224433e+00 1.39510719456437e-03
2.61000000000000e+00 2.03217108734454e+00 2.03364484283446e+00 1.47375548991624e-03
2.61500000000000e+00 2.00644797584450e+00 2.00799567504205e+00 1.54769919754560e-03
2.62000000000000e+00 1.98325108130057e+00 1.98486775140779e+00 1.61667010722111e-03
2.62500000000000e+00 1.96269928664487e+00 1.96438031592140e+00 1.68102927653457e-03
2.63000000000000e+00 1.94489399166249e+00 1.94663570460343e+00 1.74171294094583e-03
2.63500000000000e+00 1.92991858852791e+00 1.93171872048530e+00 1.80013195738349e-03
2.64000000000000e+00 1.91783808278765e+00 1.91969611683971e+00 1.85803405206597e-03
2.64500000000000e+00 1.90869885119238e+00 1.91061619184595e+00 1.91734065356908e-03
2.65000000000000e+00 1.90252852562520e+00 1.90450849718747e+00 1.97997156227170e-03
2.65500000000000e+00 1.89933599126766e+00 1.90138366237698e+00 2.04767110931892e-03
2.66000000000000e+00 1.89911148704022e+00 1.90123333589028e+00 2.12184885005340e-03
2.66500000000000e+00 1.90182679713471e+00 1.90403024347033e+00 2.20344633561798e-03
2.67000000000000e+00 1.90743552396073e+00 1.90972836324032e+00 2.29283927958890e-03
2.67500000000000e+00 1.91587343486449e+00 1.91826321654437e+00 2.38978167988191e-03
2.68000000000000e+00 1.92705887734075e+00 1.92955227272105e+00 2.49339538029791e-03
2.68500000000000e+00 1.94089325994072e+00 1.94349546531226e+00 2.60220537154354e-03
2.69000000000000e+00 1.95726159848430e+00 1.95997581652323e+00 2.71421803892657e-03
2.69500000000000e+00 1.97603312933675e+00 1.97886016608158e+00 2.82703674482510e-03
2.70000000000000e+00 1.99706199325628e+00 2.00000000000000e+00 2.93800674371436e-03
2.70500000000000e+00 2.02018799453779e+00 2.02323237413106e+00 3.04437959327775e-03
2.71000000000000e+00 2.04523744077956e+00 2.04838092681811e+00 3.14348603854375e-03
2.71500000000000e+00 2.07202406853228e+00 2.07525697439691e+00 3.23290586463587e-03
2.72000000000000e+00 2.10035005933484e+00 2.10366068279205e+00 3.31062345721289e-03
2.72500000000000e+00 2.13000714922443e+00 2.13338230798255e+00 3.37515875811123e-03
2.73000000000000e+00 2.16077783278589e+00 2.16420349768687e+00 3.42566490097296e-03
2.73500000000000e+00 2.19243666027800e+00 2.19589864623990e+00 3.46198596190073e-03
2.74000000000000e+00 2.22475162347027e+00 2.22823629430637e+00 3.48467083610648e-03
2.74500000000000e+00 2.25748562270355e+00 2.26098056479902e+00 3.49494209546863e-03
2.75000000000000e+00 2.29039800452999e+00 2.29389262614624e+00 3.49462161624547e-03
2.75500000000000e+00 2.32324615628311e+00 2.32673217388556e+00 3.48601760244804e-03
2.76000000000000e+00 2.35578714126543e+00 2.35925892144618e+00 3.47178018074645e-03
2.76500000000000e+00 2.38777935609233e+00 2.39123409092702e+00 3.45473483468428e-03
2.77000000000000e+00 2.41898419024387e+00 2.42242189467697e+00 3.43770443309976e-03
2.77500000000000e+00 2.44916766715598e+00 2.45259099854052e+00 3.42333138454043e-03
2.78000000000000e+00 2.47810204628701e+00 2.48151595774496e+00 3.41391145794567e-03
2.78500000000000e+00 2.50556736652722e+00 2.50897861657418e+00 3.41125004696297e-03
2.79000000000000e+00 2.53135291302343e+00 2.53476946319709e+00 3.41655017366715e-03
2.79500000000000e+00 2.55525859186521e+00 2.55868893129538e+00 3.43033943017090e-03
2.80000000000000e+00 2.57709619997081e+00 2.58054864046305e+00 3.45244049223492e-03
2.80500000000000e+00 2.59669058074104e+00 2.60017256772797e+00 3.48198698693336e-03
2.81000000000000e+00 2.61388065941686e+00 2.61739814297001e+00 3.51748355315173e-03
2.81500000000000e+00 2.62852035538028e+00 2.63207726147960e+00 3.55690609931703e-03
2.82000000000000e+00 2.64047937168740e+00 2.64407720741157e+00 3.59783572416861e-03
2.82500000000000e+00 2.64964386475430e+00 2.65328148243819e+00 3.63761768388304e-03
2.83000000000000e+00 2.65591699920061e+00 2.65959053448992e+00 3.67353528930359e-03
2.83500000000000e+00 2.65921939430712e+00 2.66292238208847e+00 3.70298778134304e-03
2.84000000000000e+00 2.65948946932179e+00 2.66321313042021e+00 3.72366109842792e-03
2.84500000000000e+00 2.65668369495860e+00 2.66041737596564e+00 3.73368100703386e-03
2.85000000000000e+00 2.65077675792508e+00 2.65450849718747e+00 3.73173926239012e-03
2.85500000000000e+00 2.64176164426988e+00 2.64547882948272e+00 3.71718521283437e-03
2.86000000000000e+00 2.62964964587962e+00 2.63333972331719e+00 3.69007743757077e-03
2.86500000000000e+00 2.61447029270689e+00 2.61812148518152e+00 3.65119247463186e-03
2.87000000000000e+00 2.59627121143028e+00 2.59987320173000e+00 3.60199029972419e-03
2.87500000000000e+00 2.57511790938114e+00 2.57866244818360e+00 3.54453880245753e-03
2.88000000000000e+00 2.55109348086979e+00 2.55457488279246e+00 3.48140192266921e-03
2.88500000000000e+00 2.52429823163582e+00 2.52771372985530e+00 3.41549821948606e-03
2.89000000000000e+00 2.49484921614783e+00 2.49819915448034e+00 3.34993833250863e-03
2.89500000000000e+00 2.46287968197256e+00 2.46616753293972e+00 3.28785096716233e-03
2.90000000000000e+00 2.42853841547829e+00 2.43177062311339e+00 3.23220763510124e-03
2.90500000000000e+00 2.39198898375449e+00 2.39517464013388e+00 3.18565637939283e-03
2.91000000000000e+00 2.35340886880811e+00 2.35655924292839e+00 3.15037412028074e-03
2.91500000000000e+00 2.31298849179033e+00 2.31611643790350e+00 3.12794611317324e-03
2.92000000000000e+00 2.27093012714103e+00 2.27404940652904e+00 3.11927938800372e-03
2.92500000000000e+00 2.22744670900977e+00 2.23057126404647e+00 3.12455503669939e-03
2.93000000000000e+00 2.18276053499956e+00 2.18590375695213e+00 3.14322195256800e-03
2.93500000000000e+00 2.13710187505034e+00 2.14027590728278e+00 3.17403223243851e-03
2.94000000000000e+00 2.09070749599103e+00 2.09392261205918e+00 3.21511606814751e-03
2.94500000000000e+00 2.04381911480992e+00 2.04708320651984e+00 3.26409170991582e-03
2.95000000000000e+00 1.99668179589271e+00 2.00000000000000e+00 3.31820410729122e-03
2.95500000000000e+00 1.94954230925108e+00 1.95291679348017e+00 3.37448422908881e-03
2.96000000000000e+00 1.90264746802100e+00 1.90607738794082e+00 3.42991991982355e-03
2.96500000000000e+00 1.85624246419176e+00 1.85972409271723e+00 3.48162852546863e-03
2.97000000000000e+00 1.81056922159898e+00 1.81409624304787e+00 3.52702144889072e-03
2.97500000000000e+00 1.76586478467588e+00 1.76942873595354e+00 3.56395127765641e-03
2.98000000000000e+00 1.72235976033421e+00 1.72595059347097e+00 3.59083313676156e-03
2.98500000000000e+00 1.68027682869448e+00 1.68388356209651e+00 3.60673340202933e-03
2.99000000000000e+00 1.63982933628670e+00 1.64344075707161e+00 3.61142078490584e-03
2.99500000000000e+00 1.60121998290198e+00 1.60482535986612e+00 3.60537696413377e-03
3.00000000000000e+00 1.56463961061495e+00 1.56822937688661e+00 3.58976627165841e-03
3.00500000000000e+00 1.53026610075122e+00 1.53383246706028e+00 3.56636630906282e-03
3.01000000000000e+00 1.49826338188257e+00 1.50180084551966e+00 3.53746363709906e-03
3.01500000000000e+00 1.46878054943330e+00 1.47228627014470e+00 3.50572071140109e-03
3.02000000000000e+00 1.44195109529931e+00 1.44542511720755e+00 3.47402190823276e-03
3.02500000000000e+00 1.41789224412588e+00 1.42133755181641e+00 3.44530769052542e-03
3.03000000000000e+00 1.39670439164122e+00 1.40012679827000e+00 3.42240662877558e-03
3.03500000000000e+00 1.37847063975100e+00 1.38187851481848e+00 3.40787506747708e-03
3.04000000000000e+00 1.36325642297664e+00 1.36666027668282e+00 3.40385370617513e-03
3.04500000000000e+00 1.35110922124258e+00 1.35452117051728e+00 3.41194927470090e-03
3.05000000000000e+00 1.34205835492230e+00 1.34549150281253e+00 3.43314789022497e-03
3.05500000000000e+00 1.33611485934369e+00 1.33958262403436e+00 3.46776469066734e-03
3.06000000000000e+00 1.33327143750605e+00 1.33678686957979e+00 3.51543207373162e-03
3.06500000000000e+00 1.33350249142957e+00 1.33707761791153e+00 3.57512648196545e-03
3.07000000000000e+00 1.33676423418900e+00 1.34040946551008e+00 3.64523132108263e-03
3.07500000000000e+00 1.34299488612275e+00 1.34671851756181e+00 3.72363143906429e-03
3.08000000000000e+00 1.35211495981613e+00 1.35592279258843e+00 3.80783277229524e-03
3.08500000000000e+00 1.36402763911768e+00 1.36792273852040e+00 3.89509940271271e-03
3.09000000000000e+00 1.37861925757616e+00 1.38260185702999e+00 3.98259945382695e-03
3.09500000000000e+00 1.39575988124394e+00 1.39982743227203e+00 4.06755102808631e-03
3.10000000000000e+00 1.41530399978345e+00 1.41945135953695e+00 4.14735975350067e-03
3.10500000000000e+00 1.43709132828923e+00 1.44131106870462e+00 4.21974041539031e-03
3.11000000000000e+00 1.46094772029027e+00 1.46523053680290e+00 4.28281651263629e-03
3.11500000000000e+00 1.48668619015408e+00 1.49102138342582e+00 4.33519327174459e-03
3.12000000000000e+00 1.51410804072155e+00 1.51848404225504e+00 4.37600153349171e-03
3.12500000000000e+00 1.54300408961718e+00 1.54740900145948e+00 4.40491184230152e-03
3.13000000000000e+00 1.57315598545007e+00 1.57757810532302e+00 4.42211987295504e-03
3.13500000000000e+00 1.60433760317447e+00 1.60876590907298e+00 4.42830589850973e-03
3.14000000000000e+00 1.63631650630743e+00 1.64074107855382e+00 4.42457224639003e-03
3.14500000000000e+00 1.66885546256165e+00 1.67326782611444e+00 4.41236355278396e-03
3.15000000000000e+00 1.70171399875580e+00 1.70610737385376e+00 4.39337509795901e-03
3.15500000000000e+00 1.73464998058994e+00 1.73901943520098e+00 4.36945461104066e-03
3.16000000000000e+00 1.76742120296643e+00 1.77176370569363e+00 4.34250272719661e-03
3.16500000000000e+00 1.79978697692523e+00 1.80410135376010e+00 4.31437683486546e-03
3.17000000000000e+00 1.83150969986898e+00 1.83579650231313e+00 4.28680244414403e-03
3.17500000000000e+00 1.86235639650386e+00 1.86661769201745e+00 4.26129551359344e-03
3.18000000000000e+00 1.89210021875822e+00 1.89633931720795e+00 4.23909844972892e-03
3.18500000000000e+00 1.92052189382004e+00 1.92474302560309e+00 4.22113178304473e-03
3.19000000000000e+00 1.94741111033592e+00 1.95161907318189e+00 4.20796284597391e-03
3.19500000000000e+00 1.97256783373335e+00 1.97676762586893e+00 4.19979213558608e-03
3.20000000000000e+00 1.99580354257234e+00 2.00000000000000e+00 4.19645742765629e-03
3.20500000000000e+00 2.01694237881167e+00 2.02113983391842e+00 4.19745510675140e-03
3.21000000000000e+00 2.03582220590022e+00 2.04002418347677e+00 4.20197757654783e-03
3.21500000000000e+00 2.05229556967380e+00 2.05650453468774e+00 4.20896501394452e-03
3.22000000000000e+00 2.06623055814063e+00 2.07044772727895e+00 4.21716913832215e-03
3.22500000000000e+00 2.07751155735102e+00 2.08173678345563e+00 4.22522610460252e-03
3.23000000000000e+00 2.08603990162989e+00 2.09027163675968e+00 4.23173512978670e-03
3.23500000000000e+00 2.09173441746206e+00 2.09596975652967e+00 4.23533906761442e-03
3.24000000000000e+00 2.09453186121099e+00 2.09876666410972e+00 4.23480289873401e-03
3.24500000000000e+00 2.09438725158001e+00 2.09861633762302e+00 4.22908604300476e-03
3.25000000000000e+00 2.09127409825393e+00 2.09549150281253e+00 4.21740455859387e-03
3.25500000000000e+00 2.08518452847072e+00 2.08938380815405e+00 4.19927968333189e-03
3.26000000000000e+00 2.07612931336151e+00 2.08030388316029e+00 4.17456979877784e-03
3.26500000000000e+00 2.06413779578054e+00 2.06828127951470e+00 4.14348373416606e-03
3.27000000000000e+00 2.04925772105797e+00 2.05336429539657e+00 4.10657433860173e-03
3.27500000000000e+00 2.03155497170010e+00 2.03561968407860e+00 4.06471237849848e-03
3.28000000000000e+00 2.01111320659696e+00 2.01513224859221e+00 4.01904199525438e-03
3.28500000000000e+00 1.98803340485044e+00 1.99200432495795e+00 3.97092010750666e-03
3.29000000000000e+00 1.96243331398149e+00 1.96635515716554e+00 3.92184318405020e-03
3.29500000000000e+00 1.93444680208613e+00 1.93832016775567e+00 3.87336566954355e-03
3.30000000000000e+00 1.90422311354888e+00 1.90805012849909e+00 3.82701495021021e-03
3.30500000000000e+00 1.87192602823889e+00 1.87571023628479e+00 3.78420804589630e-03
3.31000000000000e+00 1.83773292473515e+00 1.84147909991323e+00 3.74617517808362e-03
3.31500000000000e+00 1.80183374906165e+00 1.80554764404025e+00 3.71389497860353e-03
3.32000000000000e+00 1.76442989164055e+00 1.76811793702778e+00 3.68804538723455e-03
3.32500000000000e+00 1.72573297664821e+00 1.72940194992690e+00 3.66897327869520e-03
3.33000000000000e+00 1.68596356961944e+00 1.68962025424335e+00 3.65668462391255e-03
3.33500000000000e+00 1.64534981090227e+00 1.64900066651302e+00 3.65085561075107e-03
3.34000000000000e+00 1.60412598431899e+00 1.60777684804301e+00 3.65086372401846e-03
3.34500000000000e+00 1.56253103203254e+00 1.56618686845015e+00 3.65583641761447e-03
3.35000000000000e+00 1.52080702804379e+00 1.52447174185243e+00 3.66471380863986e-03
3.35500000000000e+00 1.47919762385917e+00 1.48287394473692e+00 3.67632087774883e-03
3.36000000000000e+00 1.43794648059062e+00 1.44163592464142e+00 3.68944405079974e-03
3.36500000000000e+00 1.39729570202859e+00 1.40099860884315e+00 3.70290681455487e-03
3.37000000000000e+00 1.35748428304047e+00 1.36119992224821e+00 3.71563920774531e-03
3.37500000000000e+00 1.31874658700361e+00 1.32247332361862e+00 3.72673661500333e-03
3.38000000000000e+00 1.28131086492987e+00 1.28504636916086e+00 3.73550423098123e-03
3.38500000000000e+00 1.24539782755338e+00 1.24913931233114e+00 3.74148477776659e-03
3.39000000000000e+00 1.21121928004012e+00 1.21496374848942e+00 3.74446844929488e-03
3.39500000000000e+00 1.17897682725652e+00 1.18272131275752e+00 3.74448550099937e-03
3.40000000000000e+00 1.14886065583403e+00 1.15260243910916e+00 3.74178327513008e-03
3.40500000000000e+00 1.12104839771339e+00 1.12478518834171e+00 3.73679062831100e-03
3.41000000000000e+00 1.09570407855548e+00 1.09943415215529e+00 3.73007359980404e-03
3.41500000000000e+00 1.07297715344977e+00 1.07669944009537e+00 3.72228664559549e-03
3.42000000000000e+00 1.05300163178690e+00 1.05671575560428e+00 3.71412381737746e-03
3.42500000000000e+00 1.03589529299495e+00 1.03960156687779e+00 3.70627388283862e-03
3.43000000000000e+00 1.02175899503468e+00 1.02545837763829e+00 3.69938260360891e-03
3.43500000000000e+00 1.01067607802700e+00 1.01437010232018e+00 3.69402429317178e-03
3.44000000000000e+00 1.00271186602895e+00 1.00640254951957e+00 3.69068349061696e-03
3.44500000000000e+00 9.97913270637095e-01 1.00160301689261e+00 3.68974625551122e-03
3.45000000000000e+00 9.96308500622245e-01 1.00000000000000e+00 3.69149937775493e-03
3.45500000000000e+00 9.97906882030495e-01 1.00160301689261e+00 3.69613486211051e-03
3.46000000000000e+00 1.00269879299485e+00 1.00640254951956e+00 3.70375652471577e-03
3.46500000000000e+00 1.01065571679901e+00 1.01437010232018e+00 3.71438552116410e-03
3.47000000000000e+00 1.02173041549481e+00 1.02545837763829e+00 3.72796214347293e-03
3.47500000000000e+00 1.03585722464076e+00 1.03960156687779e+00 3.74434223703157e-03
3.48000000000000e+00 1.05295246762136e+00 1.05671575560427e+00 3.76328798291459e-03
3.48500000000000e+00 1.07291498571548e+00 1.07669944009536e+00 3.78445437988373e-03
3.49000000000000e+00 1.09562677784870e+00 1.09943415215529e+00 3.80737430658717e-03
3.49500000000000e+00 1.12095374205639e+00 1.12478518834171e+00 3.83144628531973e-03
3.50000000000000e+00 1.14874650935530e+00 1.15260243910915e+00 3.85592975385651e-03
3.50500000000000e+00 1.17884136017403e+00 1.18272131275752e+00 3.87995258348939e-03
3.51000000000000e+00 1.21106121383610e+00 1.21496374848942e+00 3.90253465332346e-03
3.51500000000000e+00 1.24521668281084e+00 1.24913931233114e+00 3.92262952029832e-03
3.52000000000000e+00 1.28110718539595e+00 1.28504636916085e+00 3.93918376489721e-03
3.52500000000000e+00 1.31852211288432e+00 1.32247332361861e+00 3.95121073429494e-03
3.53000000000000e+00 1.35724204970869e+00 1.36119992224821e+00 3.95787253951863e-03
3.53500000000000e+00 1.39704004710000e+00 1.40099860884315e+00 3.95856174314702e-03
3.54000000000000e+00 1.43768295200307e+00 1.44163592464141e+00 3.95297263833827e-03
3.54500000000000e+00 1.47893279301047e+00 1.48287394473691e+00 3.94115172643583e-03
3.55000000000000e+00 1.52054822369521e+00 1.52447174185242e+00 3.92351815721659e-03
3.55500000000000e+00 1.56228602094086e+00 1.56618686845015e+00 3.90084750928699e-03
3.56000000000000e+00 1.60390263189844e+00 1.60777684804300e+00 3.87421614456196e-03
3.56500000000000e+00 1.64515575846547e+00 1.64900066651302e+00 3.84490804754467e-03
3.57000000000000e+00 1.68580596326660e+00 1.68962025424335e+00 3.81429097675268e-03
3.57500000000000e+00 1.72561827667533e+00 1.72940194992690e+00 3.78367325156903e-03
3.58000000000000e+00 1.76436378110010e+00 1.76811793702778e+00 3.75415592768480e-03
3.58500000000000e+00 1.80182114709338e+00 1.80554764404025e+00 3.72649694686600e-03
3.59000000000000e+00 1.83777809617037e+00 1.84147909991322e+00 3.70100374284932e-03
3.59500000000000e+00 1.87203276762993e+00 1.87571023628478e+00 3.67746865484997e-03
3.60000000000000e+00 1.90439497098422e+00 1.90805012849909e+00 3.65515751487089e-03
3.60500000000000e+00 1.93468731140893e+00 1.93832016775567e+00 3.63285634673871e-03
3.61000000000000e+00 1.96274618232413e+00 1.96635515716554e+00 3.60897484140921e-03
3.61500000000000e+00 1.98842262610110e+00 1.99200432495795e+00 3.58169885684934e-03
3.62000000000000e+00 2.01158307023443e+00 2.01513224859221e+00 3.54917835778146e-03
3.62500000000000e+00 2.03210995145936e+00 2.03561968407860e+00 3.50973261923260e-03
3.63000000000000e+00 2.04990224369966e+00 2.05336429539657e+00 3.46205169690261e-03
3.63500000000000e+00 2.06487590705422e+00 2.06828127951470e+00 3.40537246048633e-03
3.64000000000000e+00 2.07696427413097e+00 2.08030388316029e+00 3.33960902931407e-03
3.64500000000000e+00 2.08611838699302e+00 2.08938380815405e+00 3.26542116103123e-03
3.65000000000000e+00 2.09230729307436e+00 2.09549150281253e+00 3.18420973816780e-03
3.65500000000000e+00 2.09551830211606e+00 2.09861633762302e+00 3.09803550695831e-03
3.66000000000000e+00 2.09575719907682e+00 2.09876666410972e+00 3.00946503290156e-03
3.66500000000000e+00 2.09304840080200e+00 2.09596975652967e+00 2.92135572767549e-03
3.67000000000000e+00 2.08743503776832e+00 2.09027163675968e+00 2.83659899136346e-03
3.67500000000000e+00 2.07897893723451e+00 2.08173678345563e+00 2.75784622111486e-03
3.68000000000000e+00 2.06776048133629e+00 2.07044772727895e+00 2.68724594266745e-03
3.68500000000000e+00 2.05387831364376e+00 2.05650453468774e+00 2.62622104398202e-03
3.69000000000000e+00 2.03744887080989e+00 2.04002418347677e+00 2.57531266687794e-03
3.69500000000000e+00 2.01860572223933e+00 2.02113983391842e+00 2.53411167909556e-03
3.70000000000000e+00 1.99749870989467e+00 2.00000000000000e+00 2.50129010532762e-03
3.70500000000000e+00 1.97429289172766e+00 1.97676762586894e+00 2.47473414127586e-03
3.71000000000000e+00 1.94916730468372e+00 1.95161907318189e+00 2.45176849817375e-03
3.71500000000000e+00 1.92231357537497e+00 1.92474302560309e+00 2.42945022811591e-03
3.72000000000000e+00 1.89393441678131e+00 1.89633931720795e+00 2.40490042663888e-03
3.72500000000000e+00 1.86424205620408e+00 1.86661769201745e+00 2.37563581337397e-03
3.73000000000000e+00 1.83345664194747e+00 1.83579650231313e+00 2.33986036566192e-03
3.73500000000000e+00 1.80180467318640e+00 1.80410135376010e+00 2.29668057370236e-03
3.74000000000000e+00 1.76951748929204e+00 1.77176370569363e+00 2.24621640158951e-03
3.74500000000000e+00 1.73682984246130e+00 1.73901943520098e+00 2.18959273968311e-03
3.75000000000000e+00 1.70397856252480e+00 1.70610737385376e+00 2.12881132896081e-03
3.75500000000000e+00 1.67120130749939e+00 1.67326782611444e+00 2.06651861505014e-03
3.76000000000000e+00 1.63873538016078e+00 1.64074107855382e+00 2.00569839303766e-03
3.76500000000000e+00 1.60681658170298e+00 1.60876590907298e+00 1.94932737000486e-03
3.77000000000000e+00 1.57567806979459e+00 1.57757810532303e+00 1.90003552844442e-03
3.77500000000000e+00 1.54554919045037e+00 1.54740900145948e+00 1.85981100911170e-03
3.78000000000000e+00 1.51665426049400e+00 1.51848404225504e+00 1.82978176104442e-03
3.78500000000000e+00 1.48921128850780e+00 1.49102138342582e+00 1.81009491802486e-03
3.79000000000000e+00 1.46343063502119e+00 1.46523053680291e+00 1.79990178172074e-03
3.79500000000000e+00 1.43951362514613e+00 1.44131106870462e+00 1.79744355848799e-03
3.80000000000000e+00 1.41765113710384e+00 1.41945135953695e+00 1.80022243310884e-03
3.80500000000000e+00 1.39802219690518e+00 1.39982743227203e+00 1.80523536685162e-03
3.81000000000000e+00 1.38079261242416e+00 1.38260185702999e+00 1.80924460583287e-03
3.81500000000000e+00 1.36611367955440e+00 1.36792273852040e+00 1.80905896599581e-03
3.82000000000000e+00 1.35412098992576e+00 1.35592279258843e+00 1.80180266266539e-03
3.82500000000000e+00 1.34493336492449e+00 1.34671851756181e+00 1.78515263732404e-03
3.83000000000000e+00 1.33865193562554e+00 1.34040946551008e+00 1.75752988454492e-03
3.83500000000000e+00 1.33535938356699e+00 1.33707761791153e+00 1.71823434453788e-03
3.84000000000000e+00 1.33511935350789e+00 1.33678686957979e+00 1.66751607189841e-03
3.84500000000000e+00 1.33797604638154e+00 1.33958262403436e+00 1.60657765282357e-03
3.85000000000000e+00 1.34395399814985e+00 1.34549150281253e+00 1.53750466267644e-03
3.85500000000000e+00 1.35305804749490e+00 1.35452117051728e+00 1.46312302238694e-03
3.86000000000000e+00 1.36527349152041e+00 1.36666027668282e+00 1.38678516240387e-03
3.86500000000000e+00 1.38056642332721e+00 1.38187851481848e+00 1.31209149126299e-03
3.87000000000000e+00 1.39888423830584e+00 1.40012679826999e+00 1.24255996415568e-03
3.87500000000000e+00 1.42015628760988e+00 1.42133755181640e+00 1.18126420652009e-03
3.88000000000000e+00 1.44429464845139e+00 1.44542511720754e+00 1.13046875614908e-03
3.88500000000000e+00 1.47119497299688e+00 1.47228627014469e+00 1.09129714781875e-03
3.89000000000000e+00 1.50073737242501e+00 1.50180084551966e+00 1.06347309465171e-03
3.89500000000000e+00 1.53278729180194e+00 1.53383246706028e+00 1.04517525834447e-03
3.90000000000000e+00 1.56719633612432e+00 1.56822937688661e+00 1.03304076228872e-03
3.90500000000000e+00 1.60380301873722e+00 1.60482535986612e+00 1.02234112889987e-03
3.91000000000000e+00 1.64243341993084e+00 1.64344075707161e+00 1.00733714077483e-03
3.91500000000000e+00 1.68290176435744e+00 1.68388356209650e+00 9.81797739062706e-04
3.92000000000000e+00 1.72501094851549e+00 1.72595059347097e+00 9.39644955480379e-04
3.92500000000000e+00 1.76855307079516e+00 1.76942873595353e+00 8.75665158376338e-04
3.93000000000000e+00 1.81331003316040e+00 1.81409624304787e+00 7.86209887462030e-04
3.93500000000000e+00 1.85905429252830e+00 1.85972409271722e+00 6.69800188922043e-04
3.94000000000000e+00 1.90554983926380e+00 1.90607738794081e+00 5.27548677014211e-04
3.94500000000000e+00 1.95255346919793e+00 1.95291679348016e+00 3.63324282233402e-04
3.95000000000000e+00 1.99981639492266e+00 2.00000000000000e+00 1.83605077342719e-04
3.95500000000000e+00 2.04708621392939e+00 2.04708320651983e+00 3.00740955161416e-06
3.96000000000000e+00 2.09410921863653e+00 2.09392261205918e+00 1.86606577353920e-04
3.96500000000000e+00 2.14063300028269e+00 2.14027590728278e+00 3.57092999908826e-04
3.97000000000000e+00 2.18640926886747e+00 2.18590375695213e+00 5.05511915337209e-04
3.97500000000000e+00 2.23119678810428e+00 2.23057126404647e+00 6.25524057809024e-04
3.98000000000000e+00 2.27476431006306e+00 2.27404940652903e+00 7.14903534034583e-04
3.98500000000000e+00 2.31689338997267e+00 2.31611643790350e+00 7.76952069168502e-04
3.99000000000000e+00 2.35738096741258e+00 2.35655924292839e+00 8.21724484191044e-04
3.99500000000000e+00 2.39604161461888e+00 2.39517464013388e+00 8.66974484994287e-04
4.00000000000000e+00 2.43270937379103e+00 2.43177062311338e+00 9.38750677649924e-04
