variables = x, value-predict, value-true, error
0.00000000000000e+00 2.36002213726725e+00 2.43177062311339e+00 7.17484858461392e-02
5.00000000000000e-03 2.39435418153971e+00 2.46616753293972e+00 7.18133514000101e-02
1.00000000000000e-02 2.42637320270205e+00 2.49819915448034e+00 7.18259517782847e-02
1.50000000000000e-02 2.45586424261037e+00 2.52771372985530e+00 7.18494872449287e-02
2.00000000000000e-02 2.48263797090141e+00 2.55457488279246e+00 7.19369118910484e-02
2.50000000000000e-02 2.50653257561062e+00 2.57866244818360e+00 7.21298725729769e-02
3.00000000000000e-02 2.52741501180810e+00 2.59987320173000e+00 7.24581899219028e-02
3.50000000000000e-02 2.54518162632040e+00 2.61812148518152e+00 7.29398588611261e-02
4.00000000000000e-02 2.55975819929105e+00 2.63333972331718e+00 7.35815240261308e-02
4.50000000000000e-02 2.57109946145029e+00 2.64547882948272e+00 7.43793680324289e-02
5.00000000000000e-02 2.57918815898284e+00 2.65450849718747e+00 7.53203382046297e-02
5.50000000000000e-02 2.58403374571333e+00 2.66041737596564e+00 7.63836302523124e-02
6.00000000000000e-02 2.58567078527062e+00 2.66321313042021e+00 7.75423451495931e-02
6.50000000000000e-02 2.58415714452971e+00 2.66292238208847e+00 7.87652375587560e-02
7.00000000000000e-02 2.57957205474085e+00 2.65959053448992e+00 8.00184797490662e-02
7.50000000000000e-02 2.57201410921002e+00 2.65328148243819e+00 8.12673732281728e-02
8.00000000000000e-02 2.56159925706262e+00 2.64407720741157e+00 8.24779503489506e-02
8.50000000000000e-02 2.54845884231877e+00 2.63207726147960e+00 8.36184191608353e-02
9.00000000000000e-02 2.53273772693370e+00 2.61739814297001e+00 8.46604160363071e-02
9.50000000000000e-02 2.51459252617776e+00 2.60017256772797e+00 8.55800415502093e-02
1.00000000000000e-01 2.49418997517922e+00 2.58054864046305e+00 8.63586652838233e-02
1.05000000000000e-01 2.47170543690981e+00 2.55868893129538e+00 8.69834943855645e-02
1.10000000000000e-01 2.44732155453434e+00 2.53476946319709e+00 8.74479086627544e-02
1.15000000000000e-01 2.42122704493057e+00 2.50897861657418e+00 8.77515716436044e-02
1.20000000000000e-01 2.39361562530578e+00 2.48151595774496e+00 8.79003324391756e-02
1.25000000000000e-01 2.36468506111906e+00 2.45259099854052e+00 8.79059374214588e-02
1.30000000000000e-01 2.33463632085916e+00 2.42242189467697e+00 8.77855738178117e-02
1.35000000000000e-01 2.30367282149645e+00 2.39123409092702e+00 8.75612694305712e-02
1.40000000000000e-01 2.27199974749457e+00 2.35925892144618e+00 8.72591739516060e-02
1.45000000000000e-01 2.23982342599588e+00 2.32673217388556e+00 8.69087478896828e-02
1.50000000000000e-01 2.20735074106650e+00 2.29389262614624e+00 8.65418850797317e-02
1.55000000000000e-01 2.17478857059565e+00 2.26098056479902e+00 8.61919942033684e-02
1.60000000000000e-01 2.14234323048869e+00 2.22823629430637e+00 8.58930638176822e-02
1.65000000000000e-01 2.11021991210806e+00 2.19589864623990e+00 8.56787341318364e-02
1.70000000000000e-01 2.07862210043140e+00 2.16420349768687e+00 8.55813972554689e-02
1.75000000000000e-01 2.04775096206517e+00 2.13338230798255e+00 8.56313459173816e-02
1.80000000000000e-01 2.01780469404035e+00 2.10366068279205e+00 8.58559887517032e-02
1.85000000000000e-01 1.98897782619339e+00 2.07525697439691e+00 8.62791482035221e-02
1.90000000000000e-01 1.96146047188147e+00 2.04838092681811e+00 8.69204549366427e-02
1.95000000000000e-01 1.93543752377869e+00 2.02323237413107e+00 8.77948503523780e-02
2.00000000000000e-01 1.91108779353799e+00 2.00000000000000e+00 8.89122064620134e-02
2.05000000000000e-01 1.88858309616486e+00 1.97886016608158e+00 9.02770699167148e-02
2.10000000000000e-01 1.86808728202629e+00 1.95997581652323e+00 9.18885344969380e-02
2.15000000000000e-01 1.84975522148889e+00 1.94349546531226e+00 9.37402438233683e-02
2.20000000000000e-01 1.83373174923226e+00 1.92955227272105e+00 9.58205234887899e-02
2.25000000000000e-01 1.82015057728994e+00 1.91826321654437e+00 9.81126392544363e-02
2.30000000000000e-01 1.80913318780637e+00 1.90972836324032e+00 1.00595175433952e-01
2.35000000000000e-01 1.80078771833362e+00 1.90403024347033e+00 1.03242525136704e-01
2.40000000000000e-01 1.79520785419133e+00 1.90123333589028e+00 1.06025481698945e-01
2.45000000000000e-01 1.79247174393757e+00 1.90138366237698e+00 1.08911918439414e-01
2.50000000000000e-01 1.79264095530931e+00 1.90450849718747e+00 1.11867541878165e-01
2.55000000000000e-01 1.79575949004199e+00 1.91061619184595e+00 1.14856701803961e-01
2.60000000000000e-01 1.80185287673170e+00 1.91969611683971e+00 1.17843240108012e-01
2.65000000000000e-01 1.81092736131110e+00 1.93171872048530e+00 1.20791359174196e-01
2.70000000000000e-01 1.82296921474264e+00 1.94663570460343e+00 1.23666489860790e-01
2.75000000000000e-01 1.83794417714853e+00 1.96438031592140e+00 1.26436138772875e-01
2.80000000000000e-01 1.85579705677647e+00 1.98486775140779e+00 1.29070694631322e-01
2.85000000000000e-01 1.87645150092307e+00 2.00799567504205e+00 1.31544174118983e-01
2.90000000000000e-01 1.89980995419789e+00 2.03364484283446e+00 1.33834888636567e-01
2.95000000000000e-01 1.92575381731886e+00 2.06167983224433e+00 1.35926014925468e-01
3.00000000000000e-01 1.95414381699832e+00 2.09194987150091e+00 1.37806054502586e-01
3.05000000000000e-01 1.98482059445136e+00 2.12428976371522e+00 1.39469169263853e-01
3.10000000000000e-01 2.01760551667320e+00 2.15852090008677e+00 1.40915383413574e-01
3.15000000000000e-01 2.05230171096171e+00 2.19445235595975e+00 1.42150644998035e-01
3.20000000000000e-01 2.08869531927300e+00 2.23188206297222e+00 1.43186743699217e-01
3.25000000000000e-01 2.12655696498837e+00 2.27059805007310e+00 1.44041085084732e-01
3.30000000000000e-01 2.16564342062647e+00 2.31037974575665e+00 1.44736325130186e-01
3.35000000000000e-01 2.20569946106711e+00 2.35099933348698e+00 1.45299872419869e-01
3.40000000000000e-01 2.24645988306275e+00 2.39222315195700e+00 1.45763268894243e-01
3.45000000000000e-01 2.28765166830861e+00 2.43381313154985e+00 1.46161463241239e-01
3.50000000000000e-01 2.32899626422073e+00 2.47552825814758e+00 1.46531993926843e-01
3.55000000000000e-01 2.37021195392849e+00 2.51712605526309e+00 1.46914101334599e-01
3.60000000000000e-01 2.41101628489967e+00 2.55836407535859e+00 1.47347790458914e-01
3.65000000000000e-01 2.45112852415472e+00 2.59900139115685e+00 1.47872867002127e-01
3.70000000000000e-01 2.49027210722758e+00 2.63880007775179e+00 1.48527970524207e-01
3.75000000000000e-01 2.52817704793551e+00 2.67752667638138e+00 1.49349628445869e-01
3.80000000000000e-01 2.56458227661923e+00 2.71495363083915e+00 1.50371354219914e-01
3.85000000000000e-01 2.59923787580661e+00 2.75086068766886e+00 1.51622811862250e-01
3.90000000000000e-01 2.63190718418845e+00 2.78503625151058e+00 1.53129067322132e-01
3.95000000000000e-01 2.66236874232925e+00 2.81727868724248e+00 1.54909944913230e-01
4.00000000000000e-01 2.69041805658352e+00 2.84739756089084e+00 1.56979504307319e-01
4.05000000000000e-01 2.71586916117418e+00 2.87521481165829e+00 1.59345650484112e-01
4.10000000000000e-01 2.73855596220359e+00 2.90056584784471e+00 1.62009885641122e-01
4.15000000000000e-01 2.75833335141235e+00 2.92330055990464e+00 1.64967208492290e-01
4.20000000000000e-01 2.77507808166293e+00 2.94328424439572e+00 1.68206162732799e-01
4.25000000000000e-01 2.78868940029868e+00 2.96039843312221e+00 1.71709032823529e-01
4.30000000000000e-01 2.79908944060831e+00 2.97454162236171e+00 1.75452181753401e-01
4.35000000000000e-01 2.80622337551668e+00 2.98562989767982e+00 1.79406522163144e-01
4.40000000000000e-01 2.81005934124219e+00 2.99359745048043e+00 1.83538109238241e-01
4.45000000000000e-01 2.81058814193051e+00 2.99839698310739e+00 1.87808841176886e-01
4.50000000000000e-01 2.80782274914330e+00 3.00000000000000e+00 1.92177250856703e-01
4.55000000000000e-01 2.80179761250200e+00 2.99839698310739e+00 1.96599370605395e-01
4.60000000000000e-01 2.79256779973528e+00 2.99359745048043e+00 2.01029650745155e-01
4.65000000000000e-01 2.78020798584067e+00 2.98562989767982e+00 2.05421911839148e-01
4.70000000000000e-01 2.76481131205484e+00 2.97454162236171e+00 2.09730310306868e-01
4.75000000000000e-01 2.74648813583600e+00 2.96039843312221e+00 2.13910297286205e-01
4.80000000000000e-01 2.72536469313998e+00 2.94328424439572e+00 2.17919551255745e-01
4.85000000000000e-01 2.70158169393507e+00 2.92330055990464e+00 2.21718865969569e-01
4.90000000000000e-01 2.67529287121057e+00 2.90056584784471e+00 2.25272976634141e-01
4.95000000000000e-01 2.64666350272385e+00 2.87521481165829e+00 2.28551308934441e-01
5.00000000000000e-01 2.61586892346158e+00 2.84739756089084e+00 2.31528637429267e-01
5.05000000000000e-01 2.58309304531043e+00 2.81727868724248e+00 2.34185641932045e-01
5.10000000000000e-01 2.54852689879307e+00 2.78503625151058e+00 2.36509352717511e-01
5.15000000000000e-01 2.51236720997873e+00 2.75086068766886e+00 2.38493477690124e-01
5.20000000000000e-01 2.47481502386859e+00 2.71495363083915e+00 2.40138606970561e-01
5.25000000000000e-01 2.43607438372969e+00 2.67752667638138e+00 2.41452292651695e-01
5.30000000000000e-01 2.39635107404345e+00 2.63880007775179e+00 2.42449003708338e-01
5.35000000000000e-01 2.35585143297949e+00 2.59900139115685e+00 2.43149958177360e-01
5.40000000000000e-01 2.31478123863249e+00 2.55836407535859e+00 2.43582836726096e-01
5.45000000000000e-01 2.27334467168691e+00 2.51712605526309e+00 2.43781383576174e-01
5.50000000000000e-01 2.23174335572420e+00 2.47552825814758e+00 2.43784902423372e-01
5.55000000000000e-01 2.19017547506885e+00 2.43381313154985e+00 2.43637656480995e-01
5.60000000000000e-01 2.14883496889189e+00 2.39222315195700e+00 2.43388183065107e-01
5.65000000000000e-01 2.10791079925903e+00 2.35099933348698e+00 2.43088534227950e-01
5.70000000000000e-01 2.06758628992571e+00 2.31037974575665e+00 2.42793455830939e-01
5.75000000000000e-01 2.02803853193923e+00 2.27059805007310e+00 2.42559518133867e-01
5.80000000000000e-01 1.98943785150908e+00 2.23188206297222e+00 2.42444211463138e-01
5.85000000000000e-01 1.95194733513990e+00 2.19445235595975e+00 2.42505020819844e-01
5.90000000000000e-01 1.91572240668282e+00 2.15852090008677e+00 2.42798493403956e-01
5.95000000000000e-01 1.88091045074360e+00 2.12428976371522e+00 2.43379312971618e-01
6.00000000000000e-01 1.84765047677590e+00 2.09194987150091e+00 2.44299394725014e-01
6.05000000000000e-01 1.81607281818600e+00 2.06167983224433e+00 2.45607014058331e-01
6.10000000000000e-01 1.78629886086271e+00 2.03364484283446e+00 2.47345981971744e-01
6.15000000000000e-01 1.75844079572442e+00 2.00799567504205e+00 2.49554879317625e-01
6.20000000000000e-01 1.73260139013135e+00 1.98486775140779e+00 2.52266361276438e-01
6.25000000000000e-01 1.70887377334093e+00 1.96438031592140e+00 2.55506542580477e-01
6.30000000000000e-01 1.68734123158165e+00 1.94663570460343e+00 2.59294473021777e-01
6.35000000000000e-01 1.66807700878191e+00 1.93171872048530e+00 2.63641711703390e-01
6.40000000000000e-01 1.65114410950947e+00 1.91969611683971e+00 2.68552007330239e-01
6.45000000000000e-01 1.63659510125298e+00 1.91061619184595e+00 2.74021090592969e-01
6.50000000000000e-01 1.62447191380441e+00 1.90450849718747e+00 2.80036583383061e-01
6.55000000000000e-01 1.61480563418172e+00 1.90138366237698e+00 2.86578028195261e-01
6.60000000000000e-01 1.60761629625755e+00 1.90123333589028e+00 2.93617039632731e-01
6.65000000000000e-01 1.60291266503546e+00 1.90403024347033e+00 3.01117578434866e-01
6.70000000000000e-01 1.60069201633401e+00 1.90972836324032e+00 3.09036346906310e-01
6.75000000000000e-01 1.60093991350068e+00 1.91826321654437e+00 3.17323303043692e-01
6.80000000000000e-01 1.60362998367708e+00 1.92955227272105e+00 3.25922289043966e-01
6.85000000000000e-01 1.60872369707090e+00 1.94349546531226e+00 3.34771768241360e-01
6.90000000000000e-01 1.61617015364966e+00 1.95997581652323e+00 3.43805662873571e-01
6.95000000000000e-01 1.62590588265378e+00 1.97886016608158e+00 3.52954283427798e-01
7.00000000000000e-01 1.63785466131182e+00 2.00000000000000e+00 3.62145338688181e-01
7.05000000000000e-01 1.65192736012820e+00 2.02323237413106e+00 3.71305014002868e-01
7.10000000000000e-01 1.66802182307518e+00 2.04838092681811e+00 3.80359103742929e-01
7.15000000000000e-01 1.68602279194485e+00 2.07525697439691e+00 3.89234182452063e-01
7.20000000000000e-01 1.70580188497672e+00 2.10366068279205e+00 3.97858797815331e-01
7.25000000000000e-01 1.72721764064640e+00 2.13338230798255e+00 4.06164667336146e-01
7.30000000000000e-01 1.75011563815158e+00 2.16420349768687e+00 4.14087859535288e-01
7.35000000000000e-01 1.77432870662581e+00 2.19589864623990e+00 4.21569939614092e-01
7.40000000000000e-01 1.79967723541713e+00 2.22823629430637e+00 4.28559058889238e-01
7.45000000000000e-01 1.82596959784257e+00 2.26098056479902e+00 4.35010966956448e-01
7.50000000000000e-01 1.85300270063323e+00 2.29389262614624e+00 4.40889925513011e-01
7.55000000000000e-01 1.88056267077624e+00 2.32673217388556e+00 4.46169503109320e-01
7.60000000000000e-01 1.90842569059717e+00 2.35925892144618e+00 4.50833230849012e-01
7.65000000000000e-01 1.93635899067479e+00 2.39123409092702e+00 4.54875100252229e-01
7.70000000000000e-01 1.96412200850275e+00 2.42242189467697e+00 4.58299886174217e-01
7.75000000000000e-01 1.99146771868999e+00 2.45259099854052e+00 4.61123279850530e-01
7.80000000000000e-01 2.01814413790042e+00 2.48151595774496e+00 4.63371819844539e-01
7.85000000000000e-01 2.04389600467792e+00 2.50897861657418e+00 4.65082611896261e-01
7.90000000000000e-01 2.06846663079050e+00 2.53476946319709e+00 4.66302832406599e-01
7.95000000000000e-01 2.09159991679148e+00 2.55868893129538e+00 4.67089014503899e-01
8.00000000000000e-01 2.11304252018735e+00 2.58054864046305e+00 4.67506120275699e-01
8.05000000000000e-01 2.13254615998915e+00 2.60017256772797e+00 4.67626407738827e-01
8.10000000000000e-01 2.14987003661031e+00 2.61739814297001e+00 4.67528106359702e-01
8.15000000000000e-01 2.16478334117045e+00 2.63207726147960e+00 4.67293920309153e-01
8.20000000000000e-01 2.17706782341681e+00 2.64407720741157e+00 4.67009383994769e-01
8.25000000000000e-01 2.18652038284559e+00 2.65328148243819e+00 4.66761099592603e-01
8.30000000000000e-01 2.19295564336373e+00 2.65959053448992e+00 4.66634891126185e-01
8.35000000000000e-01 2.19620846817477e+00 2.66292238208847e+00 4.66713913913694e-01
8.40000000000000e-01 2.19613636868169e+00 2.66321313042021e+00 4.67076761738523e-01
8.45000000000000e-01 2.19262175926713e+00 2.66041737596564e+00 4.67795616698513e-01
8.50000000000000e-01 2.18557400900485e+00 2.65450849718747e+00 4.68934488182622e-01
8.55000000000000e-01 2.17493124182542e+00 2.64547882948272e+00 4.70547587657297e-01
8.60000000000000e-01 2.16066183851581e+00 2.63333972331718e+00 4.72677884801378e-01
8.65000000000000e-01 2.14276559724705e+00 2.61812148518153e+00 4.75355887934477e-01
8.70000000000000e-01 2.12127451411459e+00 2.59987320173000e+00 4.78598687615416e-01
8.75000000000000e-01 2.09625315139847e+00 2.57866244818360e+00 4.82409296785126e-01
8.80000000000000e-01 2.06779856880571e+00 2.55457488279246e+00 4.86776313986743e-01
8.85000000000000e-01 2.03603980167551e+00 2.52771372985530e+00 4.91673928179789e-01
8.90000000000000e-01 2.00113687978212e+00 2.49819915448034e+00 4.97062274698213e-01
8.95000000000000e-01 1.96327939068038e+00 2.46616753293972e+00 5.02888142259337e-01
9.00000000000000e-01 1.92268460217777e+00 2.43177062311339e+00 5.09086020935622e-01
9.05000000000000e-01 1.87959516912942e+00 2.39517464013388e+00 5.15579471004467e-01
9.10000000000000e-01 1.83427645996633e+00 2.35655924292839e+00 5.22282782962057e-01
9.15000000000000e-01 1.78701354781161e+00 2.31611643790350e+00 5.29102890091886e-01
9.20000000000000e-01 1.73810791936968e+00 2.27404940652903e+00 5.35941487159348e-01
9.25000000000000e-01 1.68787396167514e+00 2.23057126404647e+00 5.42697302371331e-01
9.30000000000000e-01 1.63663529200956e+00 2.18590375695213e+00 5.49268464942573e-01
9.35000000000000e-01 1.58472099964064e+00 2.14027590728277e+00 5.55554907642136e-01
9.40000000000000e-01 1.53246186941071e+00 2.09392261205918e+00 5.61460742648470e-01
9.45000000000000e-01 1.48018665655459e+00 2.04708320651983e+00 5.66896549965239e-01
9.50000000000000e-01 1.42821847953354e+00 2.00000000000000e+00 5.71781520466460e-01
9.55000000000000e-01 1.37687139324848e+00 1.95291679348017e+00 5.76045400231689e-01
9.60000000000000e-01 1.32644719896056e+00 1.90607738794082e+00 5.79630188980257e-01
9.65000000000000e-01 1.27723253985033e+00 1.85972409271723e+00 5.82491552866898e-01
9.70000000000000e-01 1.22949632270402e+00 1.81409624304787e+00 5.84599920343847e-01
9.75000000000000e-01 1.18348749705149e+00 1.76942873595353e+00 5.85941238902047e-01
9.80000000000000e-01 1.13943321354617e+00 1.72595059347097e+00 5.86517379924801e-01
9.85000000000000e-01 1.09753737380078e+00 1.68388356209650e+00 5.86346188295729e-01
9.90000000000000e-01 1.05797957459818e+00 1.64344075707161e+00 5.85461182473435e-01
9.95000000000000e-01 1.02091444065623e+00 1.60482535986612e+00 5.83910919209892e-01
1.00000000000000e+00 9.86471332184848e-01 1.56822937688661e+00 5.81758044701763e-01
1.00500000000000e+00 9.54754406512648e-01 1.53383246706028e+00 5.79078060547631e-01
1.01000000000000e+00 9.25843007213373e-01 1.50180084551966e+00 5.75957838306292e-01
1.01500000000000e+00 8.99792349512153e-01 1.47228627014470e+00 5.72493920632544e-01
1.02000000000000e+00 8.76634467317017e-01 1.44542511720755e+00 5.68790649890528e-01
1.02500000000000e+00 8.56379384987547e-01 1.42133755181640e+00 5.64958166828857e-01
1.03000000000000e+00 8.39016475856794e-01 1.40012679827000e+00 5.61110322413202e-01
1.03500000000000e+00 8.24515969470894e-01 1.38187851481848e+00 5.57362545347582e-01
1.04000000000000e+00 8.12830570382800e-01 1.36666027668282e+00 5.53829706300017e-01
1.04500000000000e+00 8.03897152999212e-01 1.35452117051728e+00 5.50624017518073e-01
1.05000000000000e+00 7.97638499286676e-01 1.34549150281253e+00 5.47853003525851e-01
1.05500000000000e+00 7.93965048946304e-01 1.33958262403436e+00 5.45617575088057e-01
1.06000000000000e+00 7.92776634828129e-01 1.33678686957979e+00 5.44010234751657e-01
1.06500000000000e+00 7.93964179734814e-01 1.33707761791153e+00 5.43113438176720e-01
1.07000000000000e+00 7.97411334248550e-01 1.34040946551008e+00 5.42998131261534e-01
1.07500000000000e+00 8.02996038688092e-01 1.34671851756181e+00 5.43722478873720e-01
1.08000000000000e+00 8.10591995683835e-01 1.35592279258843e+00 5.45330796904590e-01
1.08500000000000e+00 8.20070043068823e-01 1.36792273852040e+00 5.47852695451575e-01
1.09000000000000e+00 8.31299419769691e-01 1.38260185702999e+00 5.51302437260298e-01
1.09500000000000e+00 8.44148920102255e-01 1.39982743227203e+00 5.55678512169771e-01
1.10000000000000e+00 8.58487934305798e-01 1.41945135953695e+00 5.60963425231155e-01
1.10500000000000e+00 8.74187375274885e-01 1.44131106870462e+00 5.67123693429736e-01
1.11000000000000e+00 8.91120493264906e-01 1.46523053680291e+00 5.74110043538000e-01
1.11500000000000e+00 9.09163581865100e-01 1.49102138342582e+00 5.81857801560721e-01
1.12000000000000e+00 9.28196579762171e-01 1.51848404225504e+00 5.90287462492870e-01
1.12500000000000e+00 9.48103573779377e-01 1.54740900145948e+00 5.99305427680104e-01
1.13000000000000e+00 9.68773209393361e-01 1.57757810532303e+00 6.08804895929667e-01
1.13500000000000e+00 9.90099015424263e-01 1.60876590907298e+00 6.18666893648719e-01
1.14000000000000e+00 1.01197964989924e+00 1.64074107855382e+00 6.28761428654576e-01
1.14500000000000e+00 1.03431907421884e+00 1.67326782611444e+00 6.38948751895597e-01
1.15000000000000e+00 1.05702666274956e+00 1.70610737385376e+00 6.49080711104201e-01
1.15500000000000e+00 1.08001725483658e+00 1.73901943520098e+00 6.59002180364405e-01
1.16000000000000e+00 1.10321115600735e+00 1.77176370569363e+00 6.68552549686280e-01
1.16500000000000e+00 1.12653409484024e+00 1.80410135376010e+00 6.77567258919863e-01
1.17000000000000e+00 1.14991714161786e+00 1.83579650231313e+00 6.85879360695267e-01
1.17500000000000e+00 1.17329659449066e+00 1.86661769201745e+00 6.93321097526789e-01
1.18000000000000e+00 1.19661383845818e+00 1.89633931720795e+00 6.99725478749771e-01
1.18500000000000e+00 1.21981518204235e+00 1.92474302560309e+00 7.04927843560736e-01
1.19000000000000e+00 1.24285167609121e+00 1.95161907318189e+00 7.08767397090687e-01
1.19500000000000e+00 1.26567891872082e+00 1.97676762586894e+00 7.11088707148113e-01
1.20000000000000e+00 1.28825684998399e+00 2.00000000000000e+00 7.11743150016006e-01
1.20500000000000e+00 1.31054953945065e+00 2.02113983391842e+00 7.10590294467774e-01
1.21000000000000e+00 1.33252496950408e+00 2.04002418347677e+00 7.07499213972690e-01
1.21500000000000e+00 1.35415481679709e+00 2.05650453468774e+00 7.02349717890650e-01
1.22000000000000e+00 1.37541423397801e+00 2.07044772727895e+00 6.95033493300949e-01
1.22500000000000e+00 1.39628163348932e+00 2.08173678345563e+00 6.85455149966306e-01
1.23000000000000e+00 1.41673847495799e+00 2.09027163675968e+00 6.73533161801688e-01
1.23500000000000e+00 1.43676905744174e+00 2.09596975652967e+00 6.59200699087938e-01
1.24000000000000e+00 1.45636031756369e+00 2.09876666410972e+00 6.42406346546032e-01
1.24500000000000e+00 1.47550163436105e+00 2.09861633762302e+00 6.23114703261967e-01
1.25000000000000e+00 1.49418464149033e+00 2.09549150281253e+00 6.01306861322192e-01
1.25500000000000e+00 1.51240304726836e+00 2.08938380815405e+00 5.76980760885689e-01
1.26000000000000e+00 1.53015246288760e+00 2.08030388316029e+00 5.50151420272689e-01
1.26500000000000e+00 1.54743023902007e+00 2.06828127951470e+00 5.20851040494630e-01
1.27000000000000e+00 1.56423531091777e+00 2.05336429539657e+00 4.89128984478804e-01
1.27500000000000e+00 1.58056805202739e+00 2.03561968407860e+00 4.55051632051210e-01
1.28000000000000e+00 1.59643013605998e+00 2.01513224859221e+00 4.18702112532234e-01
1.28500000000000e+00 1.61182440739169e+00 1.99200432495795e+00 3.80179917566258e-01
1.29000000000000e+00 1.62675475961987e+00 1.96635515716554e+00 3.39600397545671e-01
1.29500000000000e+00 1.64122602205531e+00 1.93832016775567e+00 2.97094145700363e-01
1.30000000000000e+00 1.65524385389709e+00 1.90805012849909e+00 2.52806274602000e-01
1.30500000000000e+00 1.66881464581169e+00 1.87571023628478e+00 2.06895590473092e-01
1.31000000000000e+00 1.68194542861690e+00 1.84147909991323e+00 1.59533671296328e-01
1.31500000000000e+00 1.69464378875791e+00 1.80554764404025e+00 1.10903855282339e-01
1.32000000000000e+00 1.70691779025550e+00 1.76811793702778e+00 6.12001467722803e-02
1.32500000000000e+00 1.71877590279983e+00 1.72940194992690e+00 1.06260471270687e-02
1.33000000000000e+00 1.73022693566438e+00 1.68962025424335e+00 4.06066814210277e-02
1.33500000000000e+00 1.74127997711560e+00 1.64900066651302e+00 9.22793106025757e-02
1.34000000000000e+00 1.75194433899993e+00 1.60777684804300e+00 1.44167490956930e-01
1.34500000000000e+00 1.76222950619474e+00 1.56618686845015e+00 1.96042637744591e-01
1.35000000000000e+00 1.77214509062021e+00 1.52447174185242e+00 2.47673348767790e-01
1.35500000000000e+00 1.78170078951773e+00 1.48287394473691e+00 2.98826844780815e-01
1.36000000000000e+00 1.79090634771127e+00 1.44163592464141e+00 3.49270423069858e-01
1.36500000000000e+00 1.79977152357965e+00 1.40099860884315e+00 3.98772914736501e-01
1.37000000000000e+00 1.80830605847971e+00 1.36119992224821e+00 4.47106136231504e-01
1.37500000000000e+00 1.81651964937266e+00 1.32247332361862e+00 4.94046325754047e-01
1.38000000000000e+00 1.82442192441724e+00 1.28504636916085e+00 5.39375555256384e-01
1.38500000000000e+00 1.83202242130768e+00 1.24913931233114e+00 5.82883108976541e-01
1.39000000000000e+00 1.83933056814430e+00 1.21496374848942e+00 6.24366819654886e-01
1.39500000000000e+00 1.84635566663871e+00 1.18272131275752e+00 6.63634353881193e-01
1.40000000000000e+00 1.85310687746570e+00 1.15260243910916e+00 7.00504438356548e-01
1.40500000000000e+00 1.85959320758656e+00 1.12478518834171e+00 7.34808019244850e-01
1.41000000000000e+00 1.86582349937896e+00 1.09943415215529e+00 7.66389347223674e-01
1.41500000000000e+00 1.87180642141949e+00 1.07669944009536e+00 7.95106981324128e-01
1.42000000000000e+00 1.87755046077423e+00 1.05671575560428e+00 8.20834705169953e-01
1.42500000000000e+00 1.88306391666448e+00 1.03960156687779e+00 8.43462349786690e-01
1.43000000000000e+00 1.88835489538179e+00 1.02545837763829e+00 8.62896517743506e-01
1.43500000000000e+00 1.89343130633668e+00 1.01437010232018e+00 8.79061204016503e-01
1.44000000000000e+00 1.89830085913324e+00 1.00640254951957e+00 8.91898309613677e-01
1.44500000000000e+00 1.90297106157021e+00 1.00160301689261e+00 9.01368044677606e-01
1.45000000000000e+00 1.90744921847545e+00 1.00000000000000e+00 9.07449218475448e-01
1.45500000000000e+00 1.91174243128961e+00 1.00160301689261e+00 9.10139414397004e-01
1.46000000000000e+00 1.91585759831925e+00 1.00640254951957e+00 9.09455048799683e-01
1.46500000000000e+00 1.91980141558720e+00 1.01437010232018e+00 9.05431313267024e-01
1.47000000000000e+00 1.92358037821411e+00 1.02545837763829e+00 8.98122000575824e-01
1.47500000000000e+00 1.92720078226860e+00 1.03960156687779e+00 8.87599215390805e-01
1.48000000000000e+00 1.93066872703069e+00 1.05671575560428e+00 8.73952971426415e-01
1.48500000000000e+00 1.93399011761666e+00 1.07669944009536e+00 8.57290677521294e-01
1.49000000000000e+00 1.93717066791795e+00 1.09943415215529e+00 8.37736515762666e-01
1.49500000000000e+00 1.94021590381121e+00 1.12478518834171e+00 8.15430715469500e-01
1.50000000000000e+00 1.94313116660011e+00 1.15260243910916e+00 7.90528727490952e-01
1.50500000000000e+00 1.94592161665298e+00 1.18272131275752e+00 7.63200303895458e-01
1.51000000000000e+00 1.94859223720387e+00 1.21496374848942e+00 7.33628488714449e-01
1.51500000000000e+00 1.95114783828725e+00 1.24913931233114e+00 7.02008525956111e-01
1.52000000000000e+00 1.95359306077982e+00 1.28504636916085e+00 6.68546691618970e-01
1.52500000000000e+00 1.95593238052521e+00 1.32247332361862e+00 6.33459056906593e-01
1.53000000000000e+00 1.95817011251931e+00 1.36119992224821e+00 5.96970190271100e-01
1.53500000000000e+00 1.96031041513723e+00 1.40099860884315e+00 5.59311806294079e-01
1.54000000000000e+00 1.96235729438375e+00 1.44163592464141e+00 5.20721369742336e-01
1.54500000000000e+00 1.96431460815160e+00 1.48287394473691e+00 4.81440663414684e-01
1.55000000000000e+00 1.96618607047394e+00 1.52447174185242e+00 4.41714328621515e-01
1.55500000000000e+00 1.96797525575747e+00 1.56618686845015e+00 4.01788387307315e-01
1.56000000000000e+00 1.96968560298625e+00 1.60777684804300e+00 3.61908754943242e-01
1.56500000000000e+00 1.97132041988577e+00 1.64900066651302e+00 3.22319753372752e-01
1.57000000000000e+00 1.97288288703864e+00 1.68962025424335e+00 2.83262632795287e-01
1.57500000000000e+00 1.97437606194482e+00 1.72940194992690e+00 2.44974112017922e-01
1.58000000000000e+00 1.97580288301965e+00 1.76811793702778e+00 2.07684945991869e-01
1.58500000000000e+00 1.97716617352391e+00 1.80554764404025e+00 1.71618529483659e-01
1.59000000000000e+00 1.97846864542168e+00 1.84147909991323e+00 1.36989545508457e-01
1.59500000000000e+00 1.97971290316137e+00 1.87571023628478e+00 1.04002666876586e-01
1.60000000000000e+00 1.98090144737704e+00 1.90805012849909e+00 7.28513188779454e-02
1.60500000000000e+00 1.98203667850721e+00 1.93832016775567e+00 4.37165107515447e-02
1.61000000000000e+00 1.98312090032883e+00 1.96635515716554e+00 1.67657431632842e-02
1.61500000000000e+00 1.98415632340497e+00 1.99200432495795e+00 7.84800155297716e-03
1.62000000000000e+00 1.98514506844486e+00 2.01513224859221e+00 2.99871801473484e-02
1.62500000000000e+00 1.98608916957593e+00 2.03561968407860e+00 4.95305145026643e-02
1.63000000000000e+00 1.98699057752650e+00 2.05336429539657e+00 6.63737178700723e-02
1.63500000000000e+00 1.98785116272030e+00 2.06828127951470e+00 8.04301167943997e-02
1.64000000000000e+00 1.98867271828185e+00 2.08030388316029e+00 9.16311648784420e-02
1.64500000000000e+00 1.98945696295389e+00 2.08938380815405e+00 9.99268452001583e-02
1.65000000000000e+00 1.99020554392715e+00 2.09549150281253e+00 1.05285958885381e-01
1.65500000000000e+00 1.99092003958373e+00 2.09861633762302e+00 1.07696298039293e-01
1.66000000000000e+00 1.99160196215453e+00 2.09876666410972e+00 1.07164701955192e-01
1.66500000000000e+00 1.99225276029286e+00 2.09596975652967e+00 1.03716996236817e-01
1.67000000000000e+00 1.99287382156467e+00 2.09027163675968e+00 9.73978151950119e-02
1.67500000000000e+00 1.99346647485727e+00 2.08173678345563e+00 8.82703085983572e-02
1.68000000000000e+00 1.99403199270826e+00 2.07044772727895e+00 7.64157345706962e-02
1.68500000000000e+00 1.99457159355600e+00 2.05650453468774e+00 6.19329411317389e-02
1.69000000000000e+00 1.99508644391368e+00 2.04002418347677e+00 4.49377395630908e-02
1.69500000000000e+00 1.99557766046806e+00 2.02113983391842e+00 2.55621734503642e-02
1.70000000000000e+00 1.99604631210580e+00 2.00000000000000e+00 3.95368789419726e-03
1.70500000000000e+00 1.99649342186809e+00 1.97676762586893e+00 1.97257959991606e-02
1.71000000000000e+00 1.99691996883638e+00 1.95161907318189e+00 4.53008956544863e-02
1.71500000000000e+00 1.99732688995022e+00 1.92474302560309e+00 7.25838643471279e-02
1.72000000000000e+00 1.99771508176010e+00 1.89633931720795e+00 1.01375764552156e-01
1.72500000000000e+00 1.99808540211610e+00 1.86661769201745e+00 1.31467710098650e-01
1.73000000000000e+00 1.99843867179535e+00 1.83579650231313e+00 1.62642169482226e-01
1.73500000000000e+00 1.99877567606927e+00 1.80410135376010e+00 1.94674322309171e-01
1.74000000000000e+00 1.99909716621292e+00 1.77176370569363e+00 2.27333460519291e-01
1.74500000000000e+00 1.99940386095820e+00 1.73901943520098e+00 2.60384425757215e-01
1.75000000000000e+00 1.99969644789320e+00 1.70610737385376e+00 2.93589074039435e-01
1.75500000000000e+00 1.99997558480832e+00 1.67326782611444e+00 3.26707758693888e-01
1.76000000000000e+00 2.00024190099233e+00 1.64074107855382e+00 3.59500822438515e-01
1.76500000000000e+00 2.00049599847949e+00 1.60876590907298e+00 3.91730089406512e-01
1.77000000000000e+00 2.00073845324901e+00 1.57757810532303e+00 4.23160347925985e-01
1.77500000000000e+00 2.00096981637978e+00 1.54740900145948e+00 4.53560814920298e-01
1.78000000000000e+00 2.00119061516062e+00 1.51848404225504e+00 4.82706572905582e-01
1.78500000000000e+00 2.00140135415880e+00 1.49102138342582e+00 5.10379970732979e-01
1.79000000000000e+00 2.00160251624773e+00 1.46523053680291e+00 5.36371979444823e-01
1.79500000000000e+00 2.00179456359609e+00 1.44131106870462e+00 5.60483494891470e-01
1.80000000000000e+00 2.00197793861876e+00 1.41945135953695e+00 5.82526579081811e-01
1.80500000000000e+00 2.00215306489261e+00 1.39982743227203e+00 6.02325632620582e-01
1.81000000000000e+00 2.00232034803723e+00 1.38260185702999e+00 6.19718491007240e-01
1.81500000000000e+00 2.00248017656288e+00 1.36792273852040e+00 6.34557438042483e-01
1.82000000000000e+00 2.00263292268670e+00 1.35592279258843e+00 6.46710130098274e-01
1.82500000000000e+00 2.00277894311841e+00 1.34671851756181e+00 6.56060425556601e-01
1.83000000000000e+00 2.00291857981766e+00 1.34040946551008e+00 6.62509114307574e-01
1.83500000000000e+00 2.00305216072269e+00 1.33707761791153e+00 6.65974542811155e-01
1.84000000000000e+00 2.00318000045365e+00 1.33678686957979e+00 6.66393130873867e-01
1.84500000000000e+00 2.00330240099018e+00 1.33958262403436e+00 6.63719776955818e-01
1.85000000000000e+00 2.00341965232486e+00 1.34549150281253e+00 6.57928149512337e-01
1.85500000000000e+00 2.00353203309443e+00 1.35452117051728e+00 6.49010862577145e-01
1.86000000000000e+00 2.00363981118887e+00 1.36666027668282e+00 6.36979534506057e-01
1.86500000000000e+00 2.00374324434014e+00 1.38187851481848e+00 6.21864729521666e-01
1.87000000000000e+00 2.00384258069168e+00 1.40012679827000e+00 6.03715782421685e-01
1.87500000000000e+00 2.00393805934921e+00 1.42133755181640e+00 5.82600507532806e-01
1.88000000000000e+00 2.00402991091437e+00 1.44542511720755e+00 5.58604793706822e-01
1.88500000000000e+00 2.00411835800246e+00 1.47228627014470e+00 5.31832087857759e-01
1.89000000000000e+00 2.00420361574402e+00 1.50180084551967e+00 5.02402770224351e-01
1.89500000000000e+00 2.00428589227327e+00 1.53383246706028e+00 4.70453425212991e-01
1.90000000000000e+00 2.00436538920203e+00 1.56822937688661e+00 4.36136012315424e-01
1.90500000000000e+00 2.00444230208249e+00 1.60482535986612e+00 3.99616942216378e-01
1.91000000000000e+00 2.00451682085736e+00 1.64344075707161e+00 3.61076063785748e-01
1.91500000000000e+00 2.00458913030063e+00 1.68388356209650e+00 3.20705568204126e-01
1.92000000000000e+00 2.00465941044773e+00 1.72595059347097e+00 2.78708816976760e-01
1.92500000000000e+00 2.00472783701772e+00 1.76942873595353e+00 2.35299101064190e-01
1.93000000000000e+00 2.00479458182730e+00 1.81409624304787e+00 1.90698338779427e-01
1.93500000000000e+00 2.00485981319785e+00 1.85972409271723e+00 1.45135720480628e-01
1.94000000000000e+00 2.00492369635667e+00 1.90607738794082e+00 9.88463084158506e-02
1.94500000000000e+00 2.00498639383268e+00 1.95291679348017e+00 5.20696003525123e-02
1.95000000000000e+00 2.00504806584789e+00 2.00000000000000e+00 5.04806584788731e-03
1.95500000000000e+00 2.00510887070555e+00 2.04708320651983e+00 4.19743358142761e-02
1.96000000000000e+00 2.00516896517531e+00 2.09392261205918e+00 8.87536468838626e-02
1.96500000000000e+00 2.00522850487684e+00 2.14027590728277e+00 1.35047402405934e-01
1.97000000000000e+00 2.00528764466240e+00 2.18590375695213e+00 1.80616112289727e-01
1.97500000000000e+00 2.00534653899940e+00 2.23057126404646e+00 2.25224725047061e-01
1.98000000000000e+00 2.00540534235355e+00 2.27404940652903e+00 2.68644064175473e-01
1.98500000000000e+00 2.00546420957406e+00 2.31611643790350e+00 3.10652228329442e-01
1.99000000000000e+00 2.00552329628073e+00 2.35655924292839e+00 3.51035946647662e-01
1.99500000000000e+00 2.00558275925508e+00 2.39517464013388e+00 3.89591880878807e-01
2.00000000000000e+00 2.00564275683541e+00 2.43177062311339e+00 4.26127866277975e-01
2.00500000000000e+00 2.00570344931718e+00 2.46616753293972e+00 4.60464083622538e-01
2.01000000000000e+00 2.00576499935938e+00 2.49819915448034e+00 4.92434155120951e-01
2.01500000000000e+00 2.00582757239825e+00 2.52771372985530e+00 5.21886157457056e-01
2.02000000000000e+00 2.00589133706875e+00 2.55457488279245e+00 5.48683545723708e-01
2.02500000000000e+00 2.00595646563501e+00 2.57866244818359e+00 5.72705982548586e-01
2.03000000000000e+00 2.00602313443107e+00 2.59987320173000e+00 5.93850067298929e-01
2.03500000000000e+00 2.00609152431228e+00 2.61812148518152e+00 6.12029960869242e-01
2.04000000000000e+00 2.00616182111895e+00 2.63333972331718e+00 6.27177902198232e-01
2.04500000000000e+00 2.00623421615300e+00 2.64547882948272e+00 6.39244613329713e-01
2.05000000000000e+00 2.00630890666888e+00 2.65450849718747e+00 6.48199590518597e-01
2.05500000000000e+00 2.00638609637983e+00 2.66041737596564e+00 6.54031279585812e-01
2.06000000000000e+00 2.00646599598065e+00 2.66321313042021e+00 6.56747134439568e-01
2.06500000000000e+00 2.00654882368796e+00 2.66292238208847e+00 6.56373558400504e-01
2.07000000000000e+00 2.00663480579982e+00 2.65959053448992e+00 6.52955728690098e-01
2.07500000000000e+00 2.00672417727493e+00 2.65328148243819e+00 6.46557305163256e-01
2.08000000000000e+00 2.00681718233399e+00 2.64407720741157e+00 6.37260025077586e-01
2.08500000000000e+00 2.00691407508323e+00 2.63207726147960e+00 6.25163186396372e-01
2.09000000000000e+00 2.00701512016270e+00 2.61739814297001e+00 6.10383022807306e-01
2.09500000000000e+00 2.00712059342014e+00 2.60017256772797e+00 5.93051974307834e-01
2.10000000000000e+00 2.00723078261146e+00 2.58054864046305e+00 5.73317857851591e-01
2.10500000000000e+00 2.00734598813081e+00 2.55868893129538e+00 5.51342943164573e-01
2.11000000000000e+00 2.00746652377042e+00 2.53476946319710e+00 5.27302939426679e-01
2.11500000000000e+00 2.00759271751228e+00 2.50897861657418e+00 5.01385899061899e-01
2.12000000000000e+00 2.00772491235365e+00 2.48151595774496e+00 4.73791045391309e-01
2.12500000000000e+00 2.00786346716818e+00 2.45259099854052e+00 4.44727531372343e-01
2.13000000000000e+00 2.00800875760373e+00 2.42242189467697e+00 4.14413137073242e-01
2.13500000000000e+00 2.00816117701983e+00 2.39123409092702e+00 3.83072913907190e-01
2.14000000000000e+00 2.00832113746578e+00 2.35925892144618e+00 3.50937783980397e-01
2.14500000000000e+00 2.00848907070215e+00 2.32673217388556e+00 3.18243103183411e-01
2.15000000000000e+00 2.00866542926703e+00 2.29389262614624e+00 2.85227196879214e-01
2.15500000000000e+00 2.00885068759020e+00 2.26098056479902e+00 2.52129877208824e-01
2.16000000000000e+00 2.00904534315619e+00 2.22823629430637e+00 2.19190951150186e-01
2.16500000000000e+00 2.00924991771963e+00 2.19589864623990e+00 1.86648728520273e-01
2.17000000000000e+00 2.00946495857453e+00 2.16420349768687e+00 1.54738539112347e-01
2.17500000000000e+00 2.00969103988049e+00 2.13338230798255e+00 1.23691268102054e-01
2.18000000000000e+00 2.00992876404790e+00 2.10366068279205e+00 9.37319187441541e-02
2.18500000000000e+00 2.01017876318484e+00 2.07525697439691e+00 6.50782112120751e-02
2.19000000000000e+00 2.01044170060896e+00 2.04838092681811e+00 3.79392262091454e-02
2.19500000000000e+00 2.01071827242590e+00 2.02323237413107e+00 1.25141017051633e-02
2.20000000000000e+00 2.01100920917837e+00 2.00000000000000e+00 1.10092091783671e-02
2.20500000000000e+00 2.01131527756782e+00 1.97886016608158e+00 3.24551114862370e-02
2.21000000000000e+00 2.01163728225251e+00 1.95997581652323e+00 5.16614657292735e-02
2.21500000000000e+00 2.01197606772423e+00 1.94349546531226e+00 6.84806024119731e-02
2.22000000000000e+00 2.01233252026749e+00 1.92955227272105e+00 8.27802475464445e-02
2.22500000000000e+00 2.01270757000400e+00 1.91826321654437e+00 9.44443534596231e-02
2.23000000000000e+00 2.01310219302591e+00 1.90972836324032e+00 1.03373829785596e-01
2.23500000000000e+00 2.01351741362120e+00 1.90403024347033e+00 1.09487170150874e-01
2.24000000000000e+00 2.01395430659404e+00 1.90123333589028e+00 1.12720970703767e-01
2.24500000000000e+00 2.01441399968480e+00 1.90138366237698e+00 1.13030337307823e-01
2.25000000000000e+00 2.01489767609188e+00 1.90450849718747e+00 1.10389178904402e-01
2.25500000000000e+00 2.01540657709943e+00 1.91061619184595e+00 1.04790385253478e-01
2.26000000000000e+00 2.01594200481521e+00 1.91969611683971e+00 9.62458879755030e-02
2.26500000000000e+00 2.01650532502080e+00 1.93171872048530e+00 8.47866045355050e-02
2.27000000000000e+00 2.01709797013888e+00 1.94663570460343e+00 7.04622655354472e-02
2.27500000000000e+00 2.01772144232069e+00 1.96438031592140e+00 5.33411263992905e-02
2.28000000000000e+00 2.01837731665732e+00 1.98486775140779e+00 3.35095652495325e-02
2.28500000000000e+00 2.01906724451805e+00 2.00799567504205e+00 1.10715694760048e-02
2.29000000000000e+00 2.01979295702006e+00 2.03364484283446e+00 1.38518858143994e-02
2.29500000000000e+00 2.02055626863148e+00 2.06167983224433e+00 4.11235636128500e-02
2.30000000000000e+00 2.02135908091239e+00 2.09194987150091e+00 7.05907905885210e-02
2.30500000000000e+00 2.02220338639591e+00 2.12428976371522e+00 1.02086377319301e-01
2.31000000000000e+00 2.02309127261309e+00 2.15852090008677e+00 1.35429627473686e-01
2.31500000000000e+00 2.02402492626321e+00 2.19445235595975e+00 1.70427429696537e-01
2.32000000000000e+00 2.02500663753352e+00 2.23188206297221e+00 2.06875425438692e-01
2.32500000000000e+00 2.02603880456878e+00 2.27059805007310e+00 2.44559245504313e-01
2.33000000000000e+00 2.02712393809412e+00 2.31037974575665e+00 2.83255807662529e-01
2.33500000000000e+00 2.02826466619113e+00 2.35099933348698e+00 3.22734667295844e-01
2.34000000000000e+00 2.02946373922953e+00 2.39222315195699e+00 3.62759412727469e-01
2.34500000000000e+00 2.03072403495348e+00 2.43381313154985e+00 4.03089096596372e-01
2.35000000000000e+00 2.03204856372328e+00 2.47552825814758e+00 4.43479694424298e-01
2.35500000000000e+00 2.03344047391148e+00 2.51712605526309e+00 4.83685581351603e-01
2.36000000000000e+00 2.03490305745083e+00 2.55836407535858e+00 5.23461017907751e-01
2.36500000000000e+00 2.03643975553307e+00 2.59900139115685e+00 5.62561635623785e-01
2.37000000000000e+00 2.03805416445327e+00 2.63880007775179e+00 6.00745913298517e-01
2.37500000000000e+00 2.03975004159660e+00 2.67752667638138e+00 6.37776634784777e-01
2.38000000000000e+00 2.04153131156042e+00 2.71495363083914e+00 6.73422319278726e-01
2.38500000000000e+00 2.04340207240519e+00 2.75086068766886e+00 7.07458615263671e-01
2.39000000000000e+00 2.04536660202474e+00 2.78503625151058e+00 7.39669649485838e-01
2.39500000000000e+00 2.04742936462590e+00 2.81727868724248e+00 7.69849322616580e-01
2.40000000000000e+00 2.04959501730434e+00 2.84739756089084e+00 7.97802543586501e-01
2.40500000000000e+00 2.05186841670240e+00 2.87521481165829e+00 8.23346394955890e-01
2.41000000000000e+00 2.05425462573193e+00 2.90056584784471e+00 8.46311222112784e-01
2.41500000000000e+00 2.05675892034209e+00 2.92330055990463e+00 8.66541639562545e-01
2.42000000000000e+00 2.05938679631016e+00 2.94328424439572e+00 8.83897448085559e-01
2.42500000000000e+00 2.06214397602933e+00 2.96039843312221e+00 8.98254457092875e-01
2.43000000000000e+00 2.06503641526461e+00 2.97454162236171e+00 9.09505207097098e-01
2.43500000000000e+00 2.06807030984379e+00 2.98562989767982e+00 9.17559587836033e-01
2.44000000000000e+00 2.07125210224605e+00 2.99359745048043e+00 9.22345348234386e-01
2.44500000000000e+00 2.07458848804688e+00 2.99839698310739e+00 9.23808495060510e-01
2.45000000000000e+00 2.07808642217243e+00 3.00000000000000e+00 9.21913577827568e-01
2.45500000000000e+00 2.08175312491062e+00 2.99839698310739e+00 9.16643858196776e-01
2.46000000000000e+00 2.08559608762094e+00 2.99359745048044e+00 9.08001362859494e-01
2.46500000000000e+00 2.08962307807840e+00 2.98562989767982e+00 8.96006819601421e-01
2.47000000000000e+00 2.09384214537894e+00 2.97454162236171e+00 8.80699476982771e-01
2.47500000000000e+00 2.09826162432711e+00 2.96039843312221e+00 8.62136808795101e-01
2.48000000000000e+00 2.10289013921762e+00 2.94328424439572e+00 8.40394105178105e-01
2.48500000000000e+00 2.10773660691339e+00 2.92330055990464e+00 8.15563952991247e-01
2.49000000000000e+00 2.11281023911327e+00 2.90056584784471e+00 7.87755608731441e-01
2.49500000000000e+00 2.11812054369126e+00 2.87521481165830e+00 7.57094267967034e-01
2.50000000000000e+00 2.12367732497807e+00 2.84739756089084e+00 7.23720235912770e-01
2.50500000000000e+00 2.12949068284345e+00 2.81727868724248e+00 6.87788004399029e-01
2.51000000000000e+00 2.13557101042429e+00 2.78503625151058e+00 6.49465241086295e-01
2.51500000000000e+00 2.14192899032898e+00 2.75086068766886e+00 6.08931697339881e-01
2.52000000000000e+00 2.14857558913438e+00 2.71495363083915e+00 5.66378041704768e-01
2.52500000000000e+00 2.15552204997394e+00 2.67752667638138e+00 5.22004626407447e-01
2.53000000000000e+00 2.16277988299959e+00 2.63880007775179e+00 4.76020194752203e-01
2.53500000000000e+00 2.17036085348107e+00 2.59900139115685e+00 4.28640537675783e-01
2.54000000000000e+00 2.17827696728746e+00 2.55836407535859e+00 3.80087108071130e-01
2.54500000000000e+00 2.18654045347436e+00 2.51712605526309e+00 3.30585601788727e-01
2.55000000000000e+00 2.19516374368032e+00 2.47552825814758e+00 2.80364514467253e-01
2.55500000000000e+00 2.20415944801257e+00 2.43381313154985e+00 2.29653683537277e-01
2.56000000000000e+00 2.21354032707957e+00 2.39222315195700e+00 1.78682824877430e-01
2.56500000000000e+00 2.22331925980435e+00 2.35099933348698e+00 1.27680073682630e-01
2.57000000000000e+00 2.23350920662715e+00 2.31037974575666e+00 7.68705391295099e-02
2.57500000000000e+00 2.24412316768232e+00 2.27059805007310e+00 2.64748823907812e-02
2.58000000000000e+00 2.25517413550912e+00 2.23188206297222e+00 2.32920725369032e-02
2.58500000000000e+00 2.26667504183058e+00 2.19445235595975e+00 7.22226858708299e-02
2.59000000000000e+00 2.27863869791143e+00 2.15852090008678e+00 1.20117797824656e-01
2.59500000000000e+00 2.29107772798262e+00 2.12428976371522e+00 1.66787964267407e-01
2.60000000000000e+00 2.30400449519732e+00 2.09194987150091e+00 2.12054623696406e-01
2.60500000000000e+00 2.31743101956577e+00 2.06167983224433e+00 2.55751187321440e-01
2.61000000000000e+00 2.33136888729723e+00 2.03364484283446e+00 2.97724044462769e-01
2.61500000000000e+00 2.34582915096674e+00 2.00799567504205e+00 3.37833475924685e-01
2.62000000000000e+00 2.36082221991505e+00 1.98486775140779e+00 3.75954468507260e-01
2.62500000000000e+00 2.37635774028801e+00 1.96438031592140e+00 4.11977424366609e-01
2.63000000000000e+00 2.39244446412793e+00 1.94663570460343e+00 4.45808759524500e-01
2.63500000000000e+00 2.40909010694204e+00 1.93171872048530e+00 4.77371386456748e-01
2.64000000000000e+00 2.42630119319902e+00 1.91969611683971e+00 5.06605076359310e-01
2.64500000000000e+00 2.44408288924028e+00 1.91061619184595e+00 5.33466697394329e-01
2.65000000000000e+00 2.46243882314508e+00 1.90450849718747e+00 5.57930325957603e-01
2.65500000000000e+00 2.48137089115620e+00 1.90138366237698e+00 5.79987228779220e-01
2.66000000000000e+00 2.50087905036102e+00 1.90123333589028e+00 5.99645714470744e-01
2.66500000000000e+00 2.52096109743232e+00 1.90403024347033e+00 6.16930853961993e-01
2.67000000000000e+00 2.54161243336871e+00 1.90972836324032e+00 6.31884070128394e-01
2.67500000000000e+00 2.56282581433726e+00 1.91826321654437e+00 6.44562597792886e-01
2.68000000000000e+00 2.58459108891654e+00 1.92955227272105e+00 6.55038816195494e-01
2.68500000000000e+00 2.60689492226729e+00 1.94349546531226e+00 6.63399456955027e-01
2.69000000000000e+00 2.62972050802634e+00 1.95997581652323e+00 6.69744691503106e-01
2.69500000000000e+00 2.65304726902967e+00 1.97886016608158e+00 6.74187102948093e-01
2.70000000000000e+00 2.67685054832300e+00 2.00000000000000e+00 6.76850548323004e-01
2.70500000000000e+00 2.70110129232212e+00 2.02323237413106e+00 6.77868918191056e-01
2.71000000000000e+00 2.72576572843438e+00 2.04838092681811e+00 6.77384801616276e-01
2.71500000000000e+00 2.75080503995619e+00 2.07525697439691e+00 6.75548065559279e-01
2.72000000000000e+00 2.77617504161412e+00 2.10366068279205e+00 6.72514358822070e-01
2.72500000000000e+00 2.80182585972254e+00 2.13338230798255e+00 6.68443551739995e-01
2.73000000000000e+00 2.82770162158150e+00 2.16420349768687e+00 6.63498123894628e-01
2.73500000000000e+00 2.85374015943718e+00 2.19589864623990e+00 6.57841513197281e-01
2.74000000000000e+00 2.87987273505814e+00 2.22823629430637e+00 6.51636440751770e-01
2.74500000000000e+00 2.90602379174268e+00 2.26098056479902e+00 6.45043226943665e-01
2.75000000000000e+00 2.93211074134795e+00 2.29389262614624e+00 6.38218115201719e-01
2.75500000000000e+00 2.95804379470400e+00 2.32673217388556e+00 6.31311620818437e-01
2.76000000000000e+00 2.98372584452798e+00 2.35925892144618e+00 6.24466923081801e-01
2.76500000000000e+00 3.00905241065703e+00 2.39123409092702e+00 6.17818319730014e-01
2.77000000000000e+00 3.03391165804508e+00 2.42242189467697e+00 6.11489763368113e-01
2.77500000000000e+00 3.05818449848623e+00 2.45259099854052e+00 6.05593499945710e-01
2.78000000000000e+00 3.08174478739107e+00 2.48151595774496e+00 6.00228829646115e-01
2.78500000000000e+00 3.10445962711734e+00 2.50897861657418e+00 5.95481010543157e-01
2.79000000000000e+00 3.12618978828664e+00 2.53476946319709e+00 5.91420325089552e-01
2.79500000000000e+00 3.14679026016319e+00 2.55868893129538e+00 5.88101328867814e-01
2.80000000000000e+00 3.16611094046917e+00 2.58054864046305e+00 5.85562300006125e-01
2.80500000000000e+00 3.18399747392245e+00 2.60017256772797e+00 5.83824906194473e-01
2.81000000000000e+00 3.20029224724892e+00 2.61739814297001e+00 5.82894104278909e-01
2.81500000000000e+00 3.21483554640962e+00 2.63207726147960e+00 5.82758284930016e-01
2.82000000000000e+00 3.22746687925078e+00 2.64407720741157e+00 5.83389671839203e-01
2.82500000000000e+00 3.23802646371985e+00 2.65328148243819e+00 5.84744981281667e-01
2.83000000000000e+00 3.24635687817915e+00 2.65959053448992e+00 5.86766343689232e-01
2.83500000000000e+00 3.25230486621611e+00 2.66292238208847e+00 5.89382484127647e-01
2.84000000000000e+00 3.25572328372859e+00 2.66321313042021e+00 5.92510153308377e-01
2.84500000000000e+00 3.25647317102986e+00 2.66041737596564e+00 5.96055795064221e-01
2.85000000000000e+00 3.25442592736762e+00 2.65450849718747e+00 5.99917430180145e-01
2.85500000000000e+00 3.24946555971950e+00 2.64547882948272e+00 6.03986730236786e-01
2.86000000000000e+00 3.24149097218210e+00 2.63333972331719e+00 6.08151248864912e-01
2.86500000000000e+00 3.23041825690627e+00 2.61812148518152e+00 6.12296771724743e-01
2.87000000000000e+00 3.21618294257820e+00 2.59987320173000e+00 6.16309740848195e-01
2.87500000000000e+00 3.19874215214818e+00 2.57866244818360e+00 6.20079703964581e-01
2.88000000000000e+00 3.17807661812834e+00 2.55457488279246e+00 6.23501735335879e-01
2.88500000000000e+00 3.15419250157638e+00 2.52771372985530e+00 6.26478771721079e-01
2.89000000000000e+00 3.12712296010206e+00 2.49819915448034e+00 6.28923805621719e-01
2.89500000000000e+00 3.09692941109382e+00 2.46616753293972e+00 6.30761878154102e-01
2.90000000000000e+00 3.06370243904157e+00 2.43177062311339e+00 6.31931815928177e-01
2.90500000000000e+00 3.02756230043374e+00 2.39517464013388e+00 6.32387660299851e-01
2.91000000000000e+00 2.98865898627382e+00 2.35655924292839e+00 6.32099743345427e-01
2.91500000000000e+00 2.94717181073475e+00 2.31611643790350e+00 6.31055372831250e-01
2.92000000000000e+00 2.90330850470297e+00 2.27404940652904e+00 6.29259098173934e-01
2.92500000000000e+00 2.85730380470193e+00 2.23057126404647e+00 6.26732540655461e-01
2.93000000000000e+00 2.80941754058958e+00 2.18590375695213e+00 6.23513783637454e-01
2.93500000000000e+00 2.75993223905201e+00 2.14027590728278e+00 6.19656331769237e-01
2.94000000000000e+00 2.70915027377450e+00 2.09392261205918e+00 6.15227661715322e-01
2.94500000000000e+00 2.65739060670769e+00 2.04708320651984e+00 6.10307400187856e-01
2.95000000000000e+00 2.60498517749395e+00 2.00000000000000e+00 6.04985177493949e-01
2.95500000000000e+00 2.55227500932633e+00 1.95291679348017e+00 5.99358215846159e-01
2.96000000000000e+00 2.49960610876913e+00 1.90607738794082e+00 5.93528720828304e-01
2.96500000000000e+00 2.44732524394106e+00 1.85972409271723e+00 5.87601151223834e-01
2.97000000000000e+00 2.39577568962615e+00 1.81409624304787e+00 5.81679446578276e-01
2.97500000000000e+00 2.34529302912188e+00 1.76942873595354e+00 5.75864293168343e-01
2.98000000000000e+00 2.29620110089738e+00 1.72595059347097e+00 5.70250507426410e-01
2.98500000000000e+00 2.24880817349586e+00 1.68388356209651e+00 5.64924611399348e-01
2.99000000000000e+00 2.20340342478051e+00 1.64344075707161e+00 5.59962667708899e-01
2.99500000000000e+00 2.16025379194252e+00 1.60482535986612e+00 5.55428432076401e-01
3.00000000000000e+00 2.11960124709739e+00 1.56822937688661e+00 5.51371870210776e-01
3.00500000000000e+00 2.08166054031085e+00 1.53383246706028e+00 5.47828073250563e-01
3.01000000000000e+00 2.04661743808513e+00 1.50180084551966e+00 5.44816592565470e-01
3.01500000000000e+00 2.01462747126379e+00 1.47228627014470e+00 5.42341201119094e-01
3.02000000000000e+00 1.98581519253993e+00 1.44542511720755e+00 5.40390075332381e-01
3.02500000000000e+00 1.96027393078226e+00 1.42133755181641e+00 5.38936378965857e-01
3.03000000000000e+00 1.93806601765297e+00 1.40012679827000e+00 5.37939219382970e-01
3.03500000000000e+00 1.91922345183495e+00 1.38187851481848e+00 5.37344937016475e-01
3.04000000000000e+00 1.90374895785462e+00 1.36666027668282e+00 5.37088681171805e-01
3.04500000000000e+00 1.89161739012391e+00 1.35452117051728e+00 5.37096219606629e-01
3.05000000000000e+00 1.88277742848392e+00 1.34549150281253e+00 5.37285925671396e-01
3.05500000000000e+00 1.87715350916220e+00 1.33958262403436e+00 5.37570885127834e-01
3.06000000000000e+00 1.87464793453652e+00 1.33678686957979e+00 5.37861064956731e-01
3.06500000000000e+00 1.87514310625263e+00 1.33707761791153e+00 5.38065488341098e-01
3.07000000000000e+00 1.87850382883211e+00 1.34040946551008e+00 5.38094363322030e-01
3.07500000000000e+00 1.88457963468470e+00 1.34671851756181e+00 5.37861117122890e-01
3.08000000000000e+00 1.89320708612938e+00 1.35592279258843e+00 5.37284293540952e-01
3.08500000000000e+00 1.90421201536807e+00 1.36792273852040e+00 5.36289276847674e-01
3.09000000000000e+00 1.91741166909017e+00 1.38260185702999e+00 5.34809812060178e-01
3.09500000000000e+00 1.93261673028778e+00 1.39982743227203e+00 5.32789298015750e-01
3.10000000000000e+00 1.94963319572488e+00 1.41945135953695e+00 5.30181836187927e-01
3.10500000000000e+00 1.96826409317143e+00 1.44131106870462e+00 5.26953024466813e-01
3.11000000000000e+00 1.98831102784236e+00 1.46523053680290e+00 5.23080491039453e-01
3.11500000000000e+00 2.00957555238424e+00 1.49102138342582e+00 5.18554168958421e-01
3.12000000000000e+00 2.03186035915937e+00 1.51848404225504e+00 5.13376316904329e-01
3.12500000000000e+00 2.05497029745251e+00 1.54740900145948e+00 5.07561295993028e-01
3.13000000000000e+00 2.07871322156310e+00 1.57757810532302e+00 5.01135116240073e-01
3.13500000000000e+00 2.10290067855220e+00 1.60876590907298e+00 4.94134769479225e-01
3.14000000000000e+00 2.12734844671927e+00 1.64074107855382e+00 4.86607368165453e-01
3.14500000000000e+00 2.15187693772701e+00 1.67326782611444e+00 4.78609111612573e-01
3.15000000000000e+00 2.17631147672127e+00 1.70610737385376e+00 4.70204102867506e-01
3.15500000000000e+00 2.20048247585802e+00 1.73901943520098e+00 4.61463040657038e-01
3.16000000000000e+00 2.22422551740592e+00 1.77176370569363e+00 4.52461811712299e-01
3.16500000000000e+00 2.24738136308700e+00 1.80410135376010e+00 4.43280009326906e-01
3.17000000000000e+00 2.26979590660228e+00 1.83579650231313e+00 4.33999404289151e-01
3.17500000000000e+00 2.29132008639766e+00 1.86661769201745e+00 4.24702394380206e-01
3.18000000000000e+00 2.31180977569425e+00 1.89633931720795e+00 4.15470458486307e-01
3.18500000000000e+00 2.33112566665865e+00 1.92474302560309e+00 4.06382641055563e-01
3.19000000000000e+00 2.34913316533315e+00 1.95161907318189e+00 3.97514092151256e-01
3.19500000000000e+00 2.36570231358874e+00 1.97676762586893e+00 3.88934687719809e-01
3.20000000000000e+00 2.38070775389208e+00 2.00000000000000e+00 3.80707753892078e-01
3.20500000000000e+00 2.39402875207180e+00 2.02113983391842e+00 3.72888918153377e-01
3.21000000000000e+00 2.40554929249787e+00 2.04002418347677e+00 3.65525109021101e-01
3.21500000000000e+00 2.41515825910509e+00 2.05650453468774e+00 3.58653724417346e-01
3.22000000000000e+00 2.42274971444894e+00 2.07044772727895e+00 3.52301987169981e-01
3.22500000000000e+00 2.42822328741789e+00 2.08173678345563e+00 3.46486503962264e-01
3.23000000000000e+00 2.43148467827863e+00 2.09027163675968e+00 3.41213041518951e-01
3.23500000000000e+00 2.43244628733655e+00 2.09596975652967e+00 3.36476530806876e-01
3.24000000000000e+00 2.43102797059520e+00 2.09876666410972e+00 3.32261306485475e-01
3.24500000000000e+00 2.42715792234879e+00 2.09861633762302e+00 3.28541584725774e-01
3.25000000000000e+00 2.42077368061406e+00 2.09549150281253e+00 3.25282177801530e-01
3.25500000000000e+00 2.41182324670240e+00 2.08938380815405e+00 3.22439438548351e-01
3.26000000000000e+00 2.40026630508660e+00 2.08030388316029e+00 3.19962421926308e-01
3.26500000000000e+00 2.38607552411091e+00 2.06828127951470e+00 3.17794244596202e-01
3.27000000000000e+00 2.36923791216420e+00 2.05336429539657e+00 3.15873616767628e-01
3.27500000000000e+00 2.34975619787749e+00 2.03561968407860e+00 3.14136513798893e-01
3.28000000000000e+00 2.32765019697526e+00 2.01513224859221e+00 3.12517948383052e-01
3.28500000000000e+00 2.30295812291814e+00 1.99200432495795e+00 3.10953797960187e-01
3.29000000000000e+00 2.27573779378944e+00 1.96635515716554e+00 3.09382636623897e-01
3.29500000000000e+00 2.24606768439544e+00 1.93832016775567e+00 3.07747516639771e-01
3.30000000000000e+00 2.21404777068318e+00 1.90805012849909e+00 3.05997642184090e-01
3.30500000000000e+00 2.17980011371774e+00 1.87571023628479e+00 3.04089877432954e-01
3.31000000000000e+00 2.14346913294124e+00 1.84147909991323e+00 3.01990033028015e-01
3.31500000000000e+00 2.10522152349581e+00 1.80554764404025e+00 2.99673879455560e-01
3.32000000000000e+00 2.06524578014028e+00 1.76811793702778e+00 2.97127843112492e-01
3.32500000000000e+00 2.02375130066149e+00 1.72940194992690e+00 2.94349350734582e-01
3.33000000000000e+00 1.98096705442093e+00 1.68962025424335e+00 2.91346800177575e-01
3.33500000000000e+00 1.93713981632985e+00 1.64900066651302e+00 2.88139149816831e-01
3.34000000000000e+00 1.89253198246328e+00 1.60777684804301e+00 2.84755134420277e-01
3.34500000000000e+00 1.84741899989756e+00 1.56618686845015e+00 2.81232131447406e-01
3.35000000000000e+00 1.80208645926849e+00 1.52447174185243e+00 2.77614717416064e-01
3.35500000000000e+00 1.75682691303812e+00 1.48287394473692e+00 2.73952968301204e-01
3.36000000000000e+00 1.71193649460429e+00 1.44163592464142e+00 2.70300569962869e-01
3.36500000000000e+00 1.66771142238397e+00 1.40099860884315e+00 2.66712813540825e-01
3.37000000000000e+00 1.62444447823485e+00 1.36119992224821e+00 2.63244555986636e-01
3.37500000000000e+00 1.58242155069018e+00 1.32247332361862e+00 2.59948227071560e-01
3.38000000000000e+00 1.54191833039440e+00 1.28504636916086e+00 2.56871961233539e-01
3.38500000000000e+00 1.50319723806008e+00 1.24913931233114e+00 2.54057925728933e-01
3.39000000000000e+00 1.46650465471393e+00 1.21496374848942e+00 2.51540906224506e-01
3.39500000000000e+00 1.43206851067570e+00 1.18272131275752e+00 2.49347197918176e-01
3.40000000000000e+00 1.40009627449560e+00 1.15260243910916e+00 2.47493835386439e-01
3.40500000000000e+00 1.37077336691173e+00 1.12478518834171e+00 2.45988178570022e-01
3.41000000000000e+00 1.34426200873218e+00 1.09943415215529e+00 2.44827856576894e-01
3.41500000000000e+00 1.32070049626595e+00 1.07669944009537e+00 2.44001056170584e-01
3.42000000000000e+00 1.30020288425849e+00 1.05671575560428e+00 2.43487128654213e-01
3.42500000000000e+00 1.28285904478613e+00 1.03960156687779e+00 2.43257477908343e-01
3.43000000000000e+00 1.26873506158841e+00 1.02545837763829e+00 2.43276683950120e-01
3.43500000000000e+00 1.25787391302127e+00 1.01437010232018e+00 2.43503810701097e-01
3.44000000000000e+00 1.25029639317896e+00 1.00640254951957e+00 2.43893843659392e-01
3.44500000000000e+00 1.24600221957360e+00 1.00160301689261e+00 2.44399202680998e-01
3.45000000000000e+00 1.24497127679157e+00 1.00000000000000e+00 2.44971276791570e-01
3.45500000000000e+00 1.24716494839129e+00 1.00160301689261e+00 2.45561931498686e-01
3.46000000000000e+00 1.25252749356327e+00 1.00640254951956e+00 2.46124944043709e-01
3.46500000000000e+00 1.26098743032769e+00 1.01437010232018e+00 2.46617328007515e-01
3.47000000000000e+00 1.27245889291115e+00 1.02545837763829e+00 2.47000515272862e-01
3.47500000000000e+00 1.28684293707489e+00 1.03960156687779e+00 2.47241370197101e-01
3.48000000000000e+00 1.30402877327359e+00 1.05671575560427e+00 2.47313017669311e-01
3.48500000000000e+00 1.32389491337331e+00 1.07669944009536e+00 2.47195473277946e-01
3.49000000000000e+00 1.34631022208064e+00 1.09943415215529e+00 2.46876069925350e-01
3.49500000000000e+00 1.37113486911621e+00 1.12478518834171e+00 2.46349680774503e-01
3.50000000000000e+00 1.39822118243957e+00 1.15260243910915e+00 2.45618743330413e-01
3.50500000000000e+00 1.42741440647132e+00 1.18272131275752e+00 2.44693093713802e-01
3.51000000000000e+00 1.45855337227054e+00 1.21496374848942e+00 2.43589623781123e-01
3.51500000000000e+00 1.49147108903870e+00 1.24913931233114e+00 2.42331776707560e-01
3.52000000000000e+00 1.52599526817871e+00 1.28504636916085e+00 2.40948899017859e-01
3.52500000000000e+00 1.56194879249383e+00 1.32247332361861e+00 2.39475468875216e-01
3.53000000000000e+00 1.59915014401992e+00 1.36119992224821e+00 2.37950221771708e-01
3.53500000000000e+00 1.63741380450085e+00 1.40099860884315e+00 2.36415195657699e-01
3.54000000000000e+00 1.67655064269203e+00 1.44163592464141e+00 2.34914718050622e-01
3.54500000000000e+00 1.71636830255275e+00 1.48287394473691e+00 2.33494357815845e-01
3.55000000000000e+00 1.75667160600522e+00 1.52447174185242e+00 2.32199864152794e-01
3.55500000000000e+00 1.79726298332356e+00 1.56618686845015e+00 2.31076114873411e-01
3.56000000000000e+00 1.83794294339331e+00 1.60777684804300e+00 2.30166095350315e-01
3.56500000000000e+00 1.87851059506795e+00 1.64900066651302e+00 2.29509928554936e-01
3.57000000000000e+00 1.91876422965464e+00 1.68962025424335e+00 2.29143975411289e-01
3.57500000000000e+00 1.95850197319197e+00 1.72940194992690e+00 2.29100023265075e-01
3.58000000000000e+00 1.99752251564470e+00 1.76811793702778e+00 2.29404578616914e-01
3.58500000000000e+00 2.03562592243478e+00 1.80554764404025e+00 2.30078278394534e-01
3.59000000000000e+00 2.07261453185994e+00 1.84147909991322e+00 2.31135431946712e-01
3.59500000000000e+00 2.10829393992495e+00 1.87571023628478e+00 2.32583703640168e-01
3.60000000000000e+00 2.14247407193360e+00 1.90805012849909e+00 2.34423943434515e-01
3.60500000000000e+00 2.17497033788067e+00 1.93832016775567e+00 2.36650170125002e-01
3.61000000000000e+00 2.20560486625172e+00 1.96635515716554e+00 2.39249709086180e-01
3.61500000000000e+00 2.23420780832374e+00 1.99200432495795e+00 2.42203483365786e-01
3.62000000000000e+00 2.26061870248395e+00 2.01513224859221e+00 2.45486453891738e-01
3.62500000000000e+00 2.28468788549857e+00 2.03561968407860e+00 2.49068201419969e-01
3.63000000000000e+00 2.30627793511036e+00 2.05336429539657e+00 2.52913639713790e-01
3.63500000000000e+00 2.32526512589309e+00 2.06828127951470e+00 2.56983846378383e-01
3.64000000000000e+00 2.34154087799430e+00 2.08030388316029e+00 2.61236994834016e-01
3.64500000000000e+00 2.35501317633907e+00 2.08938380815405e+00 2.65629368185023e-01
3.65000000000000e+00 2.36560793611307e+00 2.09549150281253e+00 2.70116433300549e-01
3.65500000000000e+00 2.37327028897659e+00 2.09861633762302e+00 2.74653951353569e-01
3.66000000000000e+00 2.37796576355219e+00 2.09876666410972e+00 2.79199099442468e-01
3.66500000000000e+00 2.37968133335351e+00 2.09596975652967e+00 2.83711576823835e-01
3.67000000000000e+00 2.37842630554184e+00 2.09027163675968e+00 2.88154668782160e-01
3.67500000000000e+00 2.37423302476461e+00 2.08173678345563e+00 2.92496241308981e-01
3.68000000000000e+00 2.36715736788054e+00 2.07044772727895e+00 2.96709640601589e-01
3.68500000000000e+00 2.35727900763052e+00 2.05650453468774e+00 3.00774472942781e-01
3.69000000000000e+00 2.34470142626730e+00 2.04002418347677e+00 3.04677242790529e-01
3.69500000000000e+00 2.32955166378554e+00 2.02113983391842e+00 3.08411829867115e-01
3.70000000000000e+00 2.31197978964158e+00 2.00000000000000e+00 3.11979789641581e-01
3.70500000000000e+00 2.29215809164948e+00 1.97676762586894e+00 3.15390465780540e-01
3.71000000000000e+00 2.27027998097467e+00 1.95161907318189e+00 3.18660907792775e-01
3.71500000000000e+00 2.24655861770418e+00 1.92474302560309e+00 3.21815592101091e-01
3.72000000000000e+00 2.22122526720395e+00 1.89633931720795e+00 3.24885949996000e-01
3.72500000000000e+00 2.19452740321930e+00 1.86661769201745e+00 3.27909711201841e-01
3.73000000000000e+00 2.16672657927017e+00 1.83579650231313e+00 3.30930076957042e-01
3.73500000000000e+00 2.13809609516603e+00 1.80410135376010e+00 3.33994741405924e-01
3.74000000000000e+00 2.10891849024524e+00 1.77176370569363e+00 3.37154784551609e-01
3.74500000000000e+00 2.07948289908185e+00 1.73901943520098e+00 3.40463463880862e-01
3.75000000000000e+00 2.05008230875147e+00 1.70610737385376e+00 3.43974934897705e-01
3.75500000000000e+00 2.02101075920324e+00 1.67326782611444e+00 3.47742933088801e-01
3.76000000000000e+00 1.99256052975133e+00 1.64074107855382e+00 3.51819451197509e-01
3.76500000000000e+00 1.96501935513437e+00 1.60876590907298e+00 3.56253446061391e-01
3.77000000000000e+00 1.93866771397184e+00 1.57757810532303e+00 3.61089608648808e-01
3.77500000000000e+00 1.91377623080017e+00 1.54740900145948e+00 3.66367229340689e-01
3.78000000000000e+00 1.89060323024704e+00 1.51848404225504e+00 3.72119187992001e-01
3.78500000000000e+00 1.86939247839436e+00 1.49102138342582e+00 3.78371094968537e-01
3.79000000000000e+00 1.85037114210791e+00 1.46523053680291e+00 3.85140605305002e-01
3.79500000000000e+00 1.83374799220932e+00 1.44131106870462e+00 3.92436923504695e-01
3.80000000000000e+00 1.81971187099902e+00 1.41945135953695e+00 4.00260511462069e-01
3.80500000000000e+00 1.80843043897512e+00 1.39982743227203e+00 4.08603006703094e-01
3.81000000000000e+00 1.80004920979866e+00 1.38260185702999e+00 4.17447352768673e-01
3.81500000000000e+00 1.79469087680538e+00 1.36792273852040e+00 4.26768138284982e-01
3.82000000000000e+00 1.79245492881287e+00 1.35592279258843e+00 4.36532136224447e-01
3.82500000000000e+00 1.79341754775976e+00 1.34671851756181e+00 4.46699030197947e-01
3.83000000000000e+00 1.79763177596480e+00 1.34040946551008e+00 4.57222310454718e-01
3.83500000000000e+00 1.80512793660831e+00 1.33707761791153e+00 4.68050318696782e-01
3.84000000000000e+00 1.81591428748469e+00 1.33678686957979e+00 4.79127417904908e-01
3.84500000000000e+00 1.82997788520608e+00 1.33958262403436e+00 4.90395261171721e-01
3.85000000000000e+00 1.84728563487220e+00 1.34549150281253e+00 5.01794132059673e-01
3.85500000000000e+00 1.86778549875781e+00 1.35452117051728e+00 5.13264328240528e-01
3.86000000000000e+00 1.89140783678910e+00 1.36666027668282e+00 5.24747560106283e-01
3.86500000000000e+00 1.91806685143383e+00 1.38187851481848e+00 5.36188336615359e-01
3.87000000000000e+00 1.94766211006772e+00 1.40012679826999e+00 5.47535311797731e-01
3.87500000000000e+00 1.98008011883121e+00 1.42133755181640e+00 5.58742567014806e-01
3.88000000000000e+00 2.01519592337843e+00 1.44542511720754e+00 5.69770806170887e-01
3.88500000000000e+00 2.05287471366711e+00 1.47228627014469e+00 5.80588443522413e-01
3.89000000000000e+00 2.09297341196326e+00 1.50180084551966e+00 5.91172566443593e-01
3.89500000000000e+00 2.13534222545718e+00 1.53383246706028e+00 6.01509758396898e-01
3.90000000000000e+00 2.17982614723226e+00 1.56822937688661e+00 6.11596770345654e-01
3.90500000000000e+00 2.22626639173234e+00 1.60482535986612e+00 6.21441031866222e-01
3.91000000000000e+00 2.27450175326722e+00 1.64344075707161e+00 6.31060996195604e-01
3.91500000000000e+00 2.32436987843134e+00 1.68388356209650e+00 6.40486316334841e-01
3.92000000000000e+00 2.37570844554558e+00 1.72595059347097e+00 6.49757852074615e-01
3.92500000000000e+00 2.42835624632397e+00 1.76942873595353e+00 6.58927510370438e-01
3.93000000000000e+00 2.48215416689612e+00 1.81409624304787e+00 6.68057923848256e-01
3.93500000000000e+00 2.53694606705861e+00 1.85972409271722e+00 6.77221974341383e-01
3.94000000000000e+00 2.59257955817661e+00 1.90607738794081e+00 6.86502170235795e-01
3.94500000000000e+00 2.64890668150245e+00 1.95291679348016e+00 6.95989888022289e-01
3.95000000000000e+00 2.70578448982249e+00 2.00000000000000e+00 7.05784489822492e-01
3.95500000000000e+00 2.76307553629472e+00 2.04708320651983e+00 7.15992329774886e-01
3.96000000000000e+00 2.82064827510311e+00 2.09392261205918e+00 7.26725663043934e-01
3.96500000000000e+00 2.87837737914307e+00 2.14027590728278e+00 7.38101471860294e-01
3.97000000000000e+00 2.93614398038348e+00 2.18590375695213e+00 7.50240223431345e-01
3.97500000000000e+00 2.99383583883365e+00 2.23057126404647e+00 7.63264574787175e-01
3.98000000000000e+00 3.05134744620062e+00 2.27404940652903e+00 7.77298039671593e-01
3.98500000000000e+00 3.10858007036413e+00 2.31611643790350e+00 7.92463632460628e-01
3.99000000000000e+00 3.16544174674558e+00 2.35655924292839e+00 8.08882503817199e-01
3.99500000000000e+00 3.22184722251218e+00 2.39517464013388e+00 8.26672582378298e-01
4.00000000000000e+00 3.27771785935773e+00 2.43177062311338e+00 8.45947236244347e-01
