variables = x, value-predict, value-true, error
0.00000000000000e+00 2.42827310614341e+00 2.43177062311339e+00 3.49751696998224e-03
5.00000000000000e-03 2.46256556177334e+00 2.46616753293972e+00 3.60197116637551e-03
1.00000000000000e-02 2.49445762572878e+00 2.49819915448034e+00 3.74152875155653e-03
1.50000000000000e-02 2.52383005647014e+00 2.52771372985530e+00 3.88367338516549e-03
2.00000000000000e-02 2.55057215728552e+00 2.55457488279246e+00 4.00272550693437e-03
2.50000000000000e-02 2.57458293537158e+00 2.57866244818360e+00 4.07951281201591e-03
3.00000000000000e-02 2.59577224968123e+00 2.59987320173000e+00 4.10095204877914e-03
3.50000000000000e-02 2.61406193574857e+00 2.61812148518152e+00 4.05954943295850e-03
4.00000000000000e-02 2.62938689448942e+00 2.63333972331718e+00 3.95282882776282e-03
4.50000000000000e-02 2.64169613077209e+00 2.64547882948272e+00 3.78269871062642e-03
5.00000000000000e-02 2.65095372643027e+00 2.65450849718747e+00 3.55477075720545e-03
5.50000000000000e-02 2.65713973143341e+00 2.66041737596564e+00 3.27764453222645e-03
6.00000000000000e-02 2.66025095623188e+00 2.66321313042021e+00 2.96217418833189e-03
6.50000000000000e-02 2.66030164795059e+00 2.66292238208847e+00 2.62073413787567e-03
7.00000000000000e-02 2.65732403320496e+00 2.65959053448992e+00 2.26650128495720e-03
7.50000000000000e-02 2.65136871093506e+00 2.65328148243819e+00 1.91277150312619e-03
8.00000000000000e-02 2.64250487985593e+00 2.64407720741157e+00 1.57232755564074e-03
8.50000000000000e-02 2.63082038693719e+00 2.63207726147960e+00 1.25687454241286e-03
9.00000000000000e-02 2.61642158575581e+00 2.61739814297001e+00 9.76557214203311e-04
9.50000000000000e-02 2.59943299658210e+00 2.60017256772797e+00 7.39571145875306e-04
1.00000000000000e-01 2.57999676359568e+00 2.58054864046305e+00 5.51876867370904e-04
1.05000000000000e-01 2.55827190859041e+00 2.55868893129538e+00 4.17022704970904e-04
1.10000000000000e-01 2.53443338478896e+00 2.53476946319709e+00 3.36078408131879e-04
1.15000000000000e-01 2.50867093880169e+00 2.50897861657418e+00 3.07677772483750e-04
1.20000000000000e-01 2.48118779316603e+00 2.48151595774496e+00 3.28164578928813e-04
1.25000000000000e-01 2.45219916611881e+00 2.45259099854052e+00 3.91832421708926e-04
1.30000000000000e-01 2.42193064911180e+00 2.42242189467697e+00 4.91245565167109e-04
1.35000000000000e-01 2.39061646591525e+00 2.39123409092702e+00 6.17625011770429e-04
1.40000000000000e-01 2.35849763981901e+00 2.35925892144618e+00 7.61281627165822e-04
1.45000000000000e-01 2.32582009731323e+00 2.32673217388556e+00 9.12076572335607e-04
1.50000000000000e-01 2.29283273762260e+00 2.29389262614624e+00 1.05988852363215e-03
1.55000000000000e-01 2.25978549753075e+00 2.26098056479902e+00 1.19506726827145e-03
1.60000000000000e-01 2.22692744005672e+00 2.22823629430637e+00 1.30885424965221e-03
1.65000000000000e-01 2.19450489377535e+00 2.19589864623990e+00 1.39375246455131e-03
1.70000000000000e-01 2.16275966698829e+00 2.16420349768687e+00 1.44383069857756e-03
1.75000000000000e-01 2.13192735767817e+00 2.13338230798255e+00 1.45495030437370e-03
1.80000000000000e-01 2.10223577637133e+00 2.10366068279205e+00 1.42490642071902e-03
1.85000000000000e-01 2.07390349487710e+00 2.07525697439691e+00 1.35347951980824e-03
1.90000000000000e-01 2.04713852955877e+00 2.04838092681811e+00 1.24239725933295e-03
1.95000000000000e-01 2.02213716352223e+00 2.02323237413107e+00 1.09521060883067e-03
2.00000000000000e-01 1.99908290806922e+00 2.00000000000000e+00 9.17091930779934e-04
2.05000000000000e-01 1.97814560012362e+00 1.97886016608158e+00 7.14565957959712e-04
2.10000000000000e-01 1.95948062923977e+00 1.95997581652323e+00 4.95187283461318e-04
2.15000000000000e-01 1.94322828534772e+00 1.94349546531226e+00 2.67179964543063e-04
2.20000000000000e-01 1.92951321664912e+00 1.92955227272105e+00 3.90560719252253e-05
2.25000000000000e-01 1.91844398607798e+00 1.91826321654437e+00 1.80769533609570e-04
2.30000000000000e-01 1.91011271447414e+00 1.90972836324032e+00 3.84351233817526e-04
2.35000000000000e-01 1.90459479904316e+00 1.90403024347033e+00 5.64555572837522e-04
2.40000000000000e-01 1.90194869672257e+00 1.90123333589028e+00 7.15360832296064e-04
2.45000000000000e-01 1.90221576364827e+00 1.90138366237698e+00 8.32101271285524e-04
2.50000000000000e-01 1.90542014390609e+00 1.90450849718747e+00 9.11646718617209e-04
2.55000000000000e-01 1.91156870303957e+00 1.91061619184595e+00 9.52511193625716e-04
2.60000000000000e-01 1.92065100423990e+00 1.91969611683971e+00 9.54887400188786e-04
2.65000000000000e-01 1.93263932764026e+00 1.93171872048530e+00 9.20607154960562e-04
2.70000000000000e-01 1.94748873555095e+00 1.94663570460343e+00 8.53030947523870e-04
2.75000000000000e-01 1.96513718868825e+00 1.96438031592140e+00 7.56872766850769e-04
2.80000000000000e-01 1.98550572036455e+00 1.98486775140779e+00 6.37968956765267e-04
2.85000000000000e-01 2.00849867712962e+00 2.00799567504205e+00 5.03002087570703e-04
2.90000000000000e-01 2.03400403540690e+00 2.03364484283446e+00 3.59192572437550e-04
2.95000000000000e-01 2.06189380419946e+00 2.06167983224433e+00 2.13971955127068e-04
3.00000000000000e-01 2.09202452390913e+00 2.09194987150091e+00 7.46524082244626e-05
3.05000000000000e-01 2.12423787070301e+00 2.12428976371522e+00 5.18930122073158e-05
3.10000000000000e-01 2.15836137467920e+00 2.15852090008677e+00 1.59525407568140e-04
3.15000000000000e-01 2.19420925835390e+00 2.19445235595975e+00 2.43097605846287e-04
3.20000000000000e-01 2.23158339976218e+00 2.23188206297222e+00 2.98663210038352e-04
3.25000000000000e-01 2.27027442180390e+00 2.27059805007310e+00 3.23628269198295e-04
3.30000000000000e-01 2.31006290646007e+00 2.31037974575665e+00 3.16839296580440e-04
3.35000000000000e-01 2.35072072925869e+00 2.35099933348698e+00 2.78604228287627e-04
3.40000000000000e-01 2.39201250600115e+00 2.39222315195700e+00 2.10645955849298e-04
3.45000000000000e-01 2.43369714040057e+00 2.43381313154985e+00 1.15991149275629e-04
3.50000000000000e-01 2.47552945806932e+00 2.47552825814758e+00 1.19992174241190e-06
3.55000000000000e-01 2.51726190936262e+00 2.51712605526309e+00 1.35854099532207e-04
3.60000000000000e-01 2.55864632107538e+00 2.55836407535859e+00 2.82245716797469e-04
3.65000000000000e-01 2.59943567502305e+00 2.59900139115685e+00 4.34283866193930e-04
3.70000000000000e-01 2.63938589022324e+00 2.63880007775179e+00 5.85812471446623e-04
3.75000000000000e-01 2.67825758481499e+00 2.67752667638138e+00 7.30908433603350e-04
3.80000000000000e-01 2.71581779405670e+00 2.71495363083915e+00 8.64163217552782e-04
3.85000000000000e-01 2.75184162174740e+00 2.75086068766886e+00 9.80934078546269e-04
3.90000000000000e-01 2.78611380418987e+00 2.78503625151058e+00 1.07755267928811e-03
3.95000000000000e-01 2.81843016829002e+00 2.81727868724248e+00 1.15148104754415e-03
4.00000000000000e-01 2.84859896845446e+00 2.84739756089084e+00 1.20140756362064e-03
4.05000000000000e-01 2.87644209046261e+00 2.87521481165829e+00 1.22727880431528e-03
4.10000000000000e-01 2.90179611427901e+00 2.90056584784471e+00 1.23026643429380e-03
4.15000000000000e-01 2.92451323164675e+00 2.92330055990464e+00 1.21267174210971e-03
4.20000000000000e-01 2.94446201807029e+00 2.94328424439572e+00 1.17777367457084e-03
4.25000000000000e-01 2.96152806227048e+00 2.96039843312221e+00 1.12962914827541e-03
4.30000000000000e-01 2.97561445920923e+00 2.97454162236171e+00 1.07283684751547e-03
4.35000000000000e-01 2.98664217520168e+00 2.98562989767982e+00 1.01227752186128e-03
4.40000000000000e-01 2.99455029536034e+00 2.99359745048043e+00 9.52844879903214e-04
4.45000000000000e-01 2.99929616459495e+00 2.99839698310739e+00 8.99181487552969e-04
4.50000000000000e-01 3.00085543361316e+00 3.00000000000000e+00 8.55433613159207e-04
4.55000000000000e-01 2.99922202086316e+00 2.99839698310739e+00 8.25037755761926e-04
4.60000000000000e-01 2.99440800020419e+00 2.99359745048043e+00 8.10549723752274e-04
4.65000000000000e-01 2.98644342239049e+00 2.98562989767982e+00 8.13524710669533e-04
4.70000000000000e-01 2.97537607634168e+00 2.97454162236171e+00 8.34453979963179e-04
4.75000000000000e-01 2.96127119379931e+00 2.96039843312221e+00 8.72760677097961e-04
4.80000000000000e-01 2.94421109849561e+00 2.94328424439572e+00 9.26854099883467e-04
4.85000000000000e-01 2.92429479854726e+00 2.92330055990464e+00 9.94238642627376e-04
4.90000000000000e-01 2.90163751858932e+00 2.90056584784471e+00 1.07167074460612e-03
4.95000000000000e-01 2.87637016632129e+00 2.87521481165829e+00 1.15535466299566e-03
5.00000000000000e-01 2.84863872676919e+00 2.84739756089084e+00 1.24116587834999e-03
5.05000000000000e-01 2.81860357676736e+00 2.81727868724248e+00 1.32488952487986e-03
5.10000000000000e-01 2.78643871199714e+00 2.78503625151058e+00 1.40246048656367e-03
5.15000000000000e-01 2.75233087942010e+00 2.75086068766886e+00 1.47019175124719e-03
5.20000000000000e-01 2.71647860911070e+00 2.71495363083915e+00 1.52497827155607e-03
5.25000000000000e-01 2.67909114129784e+00 2.67752667638138e+00 1.56446491645923e-03
5.30000000000000e-01 2.64038724680310e+00 2.63880007775179e+00 1.58716905131495e-03
5.35000000000000e-01 2.60059394192606e+00 2.59900139115685e+00 1.59255076921339e-03
5.40000000000000e-01 2.55994510205927e+00 2.55836407535859e+00 1.58102670068505e-03
5.45000000000000e-01 2.51867998177869e+00 2.51712605526309e+00 1.55392651560549e-03
5.50000000000000e-01 2.47704165269656e+00 2.47552825814758e+00 1.51339454898070e-03
5.55000000000000e-01 2.43527537381229e+00 2.43381313154985e+00 1.46224226244085e-03
5.60000000000000e-01 2.39362691227669e+00 2.39222315195700e+00 1.40376031969724e-03
5.65000000000000e-01 2.35234083521226e+00 2.35099933348698e+00 1.34150172528091e-03
5.70000000000000e-01 2.31165879533027e+00 2.31037974575665e+00 1.27904957362279e-03
5.75000000000000e-01 2.27181783438690e+00 2.27059805007310e+00 1.21978431380487e-03
5.80000000000000e-01 2.23304872888296e+00 2.23188206297222e+00 1.16666591073855e-03
5.85000000000000e-01 2.19557440173101e+00 2.19445235595975e+00 1.12204577126596e-03
5.90000000000000e-01 2.15960842183519e+00 2.15852090008677e+00 1.08752174842097e-03
5.95000000000000e-01 2.12535361066961e+00 2.12428976371522e+00 1.06384695439621e-03
6.00000000000000e-01 2.09300077109548e+00 2.09194987150091e+00 1.05089959456661e-03
6.05000000000000e-01 2.06272754900922e+00 2.06167983224433e+00 1.04771676488902e-03
6.10000000000000e-01 2.03469743323673e+00 2.03364484283446e+00 1.05259040227068e-03
6.15000000000000e-01 2.00905889373315e+00 2.00799567504205e+00 1.06321869110015e-03
6.20000000000000e-01 1.98594465302114e+00 1.98486775140779e+00 1.07690161335516e-03
6.25000000000000e-01 1.96547108133395e+00 1.96438031592140e+00 1.09076541254427e-03
6.30000000000000e-01 1.94773770253573e+00 1.94663570460343e+00 1.10199793230370e-03
6.35000000000000e-01 1.93282679591609e+00 1.93171872048530e+00 1.10807543079394e-03
6.40000000000000e-01 1.92080307863217e+00 1.91969611683971e+00 1.10696179245839e-03
6.45000000000000e-01 1.91171345498283e+00 1.91061619184595e+00 1.09726313687819e-03
6.50000000000000e-01 1.90558682174870e+00 1.90450849718747e+00 1.07832456122847e-03
6.55000000000000e-01 1.90243392324270e+00 1.90138366237698e+00 1.05026086571502e-03
6.60000000000000e-01 1.90224725504117e+00 1.90123333589028e+00 1.01391915089644e-03
6.65000000000000e-01 1.90500102103448e+00 1.90403024347033e+00 9.70777564152092e-04
6.70000000000000e-01 1.91065115380205e+00 1.90972836324032e+00 9.22790561733056e-04
6.75000000000000e-01 1.91913541274022e+00 1.91826321654437e+00 8.72196195851549e-04
6.80000000000000e-01 1.93037357728548e+00 1.92955227272105e+00 8.21304564438741e-04
6.85000000000000e-01 1.94426775356646e+00 1.94349546531226e+00 7.72288254202280e-04
6.90000000000000e-01 1.96070281167501e+00 1.95997581652323e+00 7.26995151777876e-04
6.95000000000000e-01 1.97954696749963e+00 1.97886016608158e+00 6.86801418051664e-04
7.00000000000000e-01 2.00065251798556e+00 2.00000000000000e+00 6.52517985559875e-04
7.05000000000000e-01 2.02385673226477e+00 2.02323237413106e+00 6.24358133703318e-04
7.10000000000000e-01 2.04898289398529e+00 2.04838092681811e+00 6.01967167183748e-04
7.15000000000000e-01 2.07584148309695e+00 2.07525697439691e+00 5.84508700037123e-04
7.20000000000000e-01 2.10423147904803e+00 2.10366068279205e+00 5.70796255980000e-04
7.25000000000000e-01 2.13394176244986e+00 2.13338230798255e+00 5.59454467311316e-04
7.30000000000000e-01 2.16475258923914e+00 2.16420349768687e+00 5.49091552267011e-04
7.35000000000000e-01 2.19643711045508e+00 2.19589864623990e+00 5.38464215181111e-04
7.40000000000000e-01 2.22876291194833e+00 2.22823629430637e+00 5.26617641955607e-04
7.45000000000000e-01 2.26149355141324e+00 2.26098056479902e+00 5.12986614217947e-04
7.50000000000000e-01 2.29439007464689e+00 2.29389262614624e+00 4.97448500652808e-04
7.55000000000000e-01 2.32721249831045e+00 2.32673217388556e+00 4.80324424884770e-04
7.60000000000000e-01 2.35972125205909e+00 2.35925892144618e+00 4.62330612903905e-04
7.65000000000000e-01 2.39167857808529e+00 2.39123409092702e+00 4.44487158267837e-04
7.70000000000000e-01 2.42284989033848e+00 2.42242189467697e+00 4.27995661510305e-04
7.75000000000000e-01 2.45300509853519e+00 2.45259099854052e+00 4.14099994670014e-04
7.80000000000000e-01 2.48191990332753e+00 2.48151595774496e+00 4.03945582568177e-04
7.85000000000000e-01 2.50937706861943e+00 2.50897861657418e+00 3.98452045248021e-04
7.90000000000000e-01 2.53516767515926e+00 2.53476946319709e+00 3.98211962163497e-04
7.95000000000000e-01 2.55909235650444e+00 2.55868893129538e+00 4.03425209063446e-04
8.00000000000000e-01 2.58096251467218e+00 2.58054864046305e+00 4.13874209132192e-04
8.05000000000000e-01 2.60060150874333e+00 2.60017256772797e+00 4.28941015357065e-04
8.10000000000000e-01 2.61784580585981e+00 2.61739814297001e+00 4.47662889803357e-04
8.15000000000000e-01 2.63254608087933e+00 2.63207726147960e+00 4.68819399729981e-04
8.20000000000000e-01 2.64456824875834e+00 2.64407720741157e+00 4.91041346763144e-04
8.25000000000000e-01 2.65379441272852e+00 2.65328148243819e+00 5.12930290333280e-04
8.30000000000000e-01 2.66012371157678e+00 2.65959053448992e+00 5.33177086861514e-04
8.35000000000000e-01 2.66347305076144e+00 2.66292238208847e+00 5.50668672974375e-04
8.40000000000000e-01 2.66377770451244e+00 2.66321313042021e+00 5.64574092229986e-04
8.45000000000000e-01 2.66099177920219e+00 2.66041737596564e+00 5.74403236548005e-04
8.50000000000000e-01 2.65508853182627e+00 2.65450849718747e+00 5.80034638795635e-04
8.55000000000000e-01 2.64606054108360e+00 2.64547882948272e+00 5.81711600884827e-04
8.60000000000000e-01 2.63391973200778e+00 2.63333972331718e+00 5.80008690597822e-04
8.65000000000000e-01 2.61869725814477e+00 2.61812148518153e+00 5.75772963247623e-04
8.70000000000000e-01 2.60044324773488e+00 2.59987320173000e+00 5.70046004874314e-04
8.75000000000000e-01 2.57922642215433e+00 2.57866244818360e+00 5.63973970738374e-04
8.80000000000000e-01 2.55513359598776e+00 2.55457488279246e+00 5.58713195300875e-04
8.85000000000000e-01 2.52826906858298e+00 2.52771372985530e+00 5.55338727673771e-04
8.90000000000000e-01 2.49875391687318e+00 2.49819915448034e+00 5.54762392841024e-04
8.95000000000000e-01 2.46672519875550e+00 2.46616753293972e+00 5.57665815777320e-04
9.00000000000000e-01 2.43233507551986e+00 2.43177062311339e+00 5.64452406472071e-04
9.05000000000000e-01 2.39574986085519e+00 2.39517464013388e+00 5.75220721306557e-04
9.10000000000000e-01 2.35714900293919e+00 2.35655924292839e+00 5.89760010796692e-04
9.15000000000000e-01 2.31672400514281e+00 2.31611643790350e+00 6.07567239311546e-04
9.20000000000000e-01 2.27467729003002e+00 2.27404940652903e+00 6.27883500992521e-04
9.25000000000000e-01 2.23122101066669e+00 2.23057126404647e+00 6.49746620226654e-04
9.30000000000000e-01 2.18657581280865e+00 2.18590375695213e+00 6.72055856515641e-04
9.35000000000000e-01 2.14096955134058e+00 2.14027590728277e+00 6.93644057802256e-04
9.40000000000000e-01 2.09463596439313e+00 2.09392261205918e+00 7.13352333946204e-04
9.45000000000000e-01 2.04781330887042e+00 2.04708320651983e+00 7.30102350587014e-04
9.50000000000000e-01 2.00074296165899e+00 2.00000000000000e+00 7.42961658987351e-04
9.55000000000000e-01 1.95366799153496e+00 1.95291679348017e+00 7.51198054795399e-04
9.60000000000000e-01 1.90683170770207e+00 1.90607738794082e+00 7.54319761251621e-04
9.65000000000000e-01 1.86047619193062e+00 1.85972409271723e+00 7.52099213390256e-04
9.70000000000000e-01 1.81484082236947e+00 1.81409624304787e+00 7.44579321598104e-04
9.75000000000000e-01 1.77016079820355e+00 1.76942873595353e+00 7.32062250014653e-04
9.80000000000000e-01 1.72666567535731e+00 1.72595059347097e+00 7.15081886344171e-04
9.85000000000000e-01 1.68457792432858e+00 1.68388356209650e+00 6.94362232074086e-04
9.90000000000000e-01 1.64411152190861e+00 1.64344075707161e+00 6.70764836998572e-04
9.95000000000000e-01 1.60547058894507e+00 1.60482535986612e+00 6.45229078951592e-04
1.00000000000000e+00 1.56884808638910e+00 1.56822937688661e+00 6.18709502486103e-04
1.00500000000000e+00 1.53442458161089e+00 1.53383246706028e+00 5.92114550611589e-04
1.01000000000000e+00 1.50236709636340e+00 1.50180084551966e+00 5.66250843733407e-04
1.01500000000000e+00 1.47282804683813e+00 1.47228627014470e+00 5.41776693429918e-04
1.02000000000000e+00 1.44594428502789e+00 1.44542511720755e+00 5.19167820348443e-04
1.02500000000000e+00 1.42183624914373e+00 1.42133755181640e+00 4.98697327324882e-04
1.03000000000000e+00 1.40060722919762e+00 1.40012679827000e+00 4.80430927625619e-04
1.03500000000000e+00 1.38234275213760e+00 1.38187851481848e+00 4.64237319119931e-04
1.04000000000000e+00 1.36711008919042e+00 1.36666027668282e+00 4.49812507604230e-04
1.04500000000000e+00 1.35495788641052e+00 1.35452117051728e+00 4.36715893235906e-04
1.05000000000000e+00 1.34591591792636e+00 1.34549150281253e+00 4.24415113830845e-04
1.05500000000000e+00 1.33999496008015e+00 1.33958262403436e+00 4.12336045793493e-04
1.06000000000000e+00 1.33718678362140e+00 1.33678686957979e+00 3.99914041614435e-04
1.06500000000000e+00 1.33746426036779e+00 1.33707761791153e+00 3.86642456261521e-04
1.07000000000000e+00 1.34078158029806e+00 1.34040946551008e+00 3.72114787972055e-04
1.07500000000000e+00 1.34707457487650e+00 1.34671851756181e+00 3.56057314683911e-04
1.08000000000000e+00 1.35626114249435e+00 1.35592279258843e+00 3.38349905921298e-04
1.08500000000000e+00 1.36824177219406e+00 1.36792273852040e+00 3.19033673664038e-04
1.09000000000000e+00 1.38290016224806e+00 1.38260185702999e+00 2.98305218072725e-04
1.09500000000000e+00 1.40010393061038e+00 1.39982743227203e+00 2.76498338355857e-04
1.10000000000000e+00 1.41970541465860e+00 1.41945135953695e+00 2.54055121646335e-04
1.10500000000000e+00 1.44154255790803e+00 1.44131106870462e+00 2.31489203405433e-04
1.11000000000000e+00 1.46543988143206e+00 1.46523053680291e+00 2.09344629149566e-04
1.11500000000000e+00 1.49120953750379e+00 1.49102138342582e+00 1.88154077966018e-04
1.12000000000000e+00 1.51865244245043e+00 1.51848404225504e+00 1.68400195392104e-04
1.12500000000000e+00 1.54755948488118e+00 1.54740900145948e+00 1.50483421703207e-04
1.13000000000000e+00 1.57771280434270e+00 1.57757810532303e+00 1.34699019673334e-04
1.13500000000000e+00 1.60888713413820e+00 1.60876590907298e+00 1.21225065217168e-04
1.14000000000000e+00 1.64085120060950e+00 1.64074107855382e+00 1.10122055680728e-04
1.14500000000000e+00 1.67336916973897e+00 1.67326782611444e+00 1.01343624529404e-04
1.15000000000000e+00 1.70620213060320e+00 1.70610737385376e+00 9.47567494384849e-05
1.15500000000000e+00 1.73910960411868e+00 1.73901943520098e+00 9.01689177030818e-05
1.16000000000000e+00 1.77185106476283e+00 1.77176370569363e+00 8.73590691996551e-05
1.16500000000000e+00 1.80418746259938e+00 1.80410135376010e+00 8.61088392771769e-05
1.17000000000000e+00 1.83588273301621e+00 1.83579650231313e+00 8.62307030851106e-05
1.17500000000000e+00 1.86670528208102e+00 1.86661769201745e+00 8.75900635648463e-05
1.18000000000000e+00 1.89642943628071e+00 1.89633931720795e+00 9.01190727611301e-05
1.18500000000000e+00 1.92483684654256e+00 1.92474302560309e+00 9.38209394694134e-05
1.19000000000000e+00 1.95171783772401e+00 1.95161907318189e+00 9.87645421162142e-05
1.19500000000000e+00 1.97687269608275e+00 1.97676762586894e+00 1.05070213817005e-04
1.20000000000000e+00 2.00011288848478e+00 2.00000000000000e+00 1.12888484784746e-04
1.20500000000000e+00 2.02126220818362e+00 2.02113983391842e+00 1.22374265195457e-04
1.21000000000000e+00 2.04015784284931e+00 2.04002418347677e+00 1.33659372544503e-04
1.21500000000000e+00 2.05665136111646e+00 2.05650453468774e+00 1.46826428721436e-04
1.22000000000000e+00 2.07060961426456e+00 2.07044772727895e+00 1.61886985608373e-04
1.22500000000000e+00 2.08191554977679e+00 2.08173678345563e+00 1.78766321162538e-04
1.23000000000000e+00 2.09046893349247e+00 2.09027163675968e+00 1.97296732783236e-04
1.23500000000000e+00 2.09618697692735e+00 2.09596975652967e+00 2.17220397678464e-04
1.24000000000000e+00 2.09900486613259e+00 2.09876666410972e+00 2.38202022867728e-04
1.24500000000000e+00 2.09887618823814e+00 2.09861633762302e+00 2.59850615123014e-04
1.25000000000000e+00 2.09577325161758e+00 2.09549150281253e+00 2.81748805055493e-04
1.25500000000000e+00 2.08968729545586e+00 2.08938380815405e+00 3.03487301809735e-04
1.26000000000000e+00 2.08062858445470e+00 2.08030388316029e+00 3.24701294410534e-04
1.26500000000000e+00 2.06862638454122e+00 2.06828127951470e+00 3.45105026517079e-04
1.27000000000000e+00 2.05372881584804e+00 2.05336429539657e+00 3.64520451472394e-04
1.27500000000000e+00 2.03600258000885e+00 2.03561968407860e+00 3.82895930255867e-04
1.28000000000000e+00 2.01553256005727e+00 2.01513224859221e+00 4.00311465059033e-04
1.28500000000000e+00 1.99242129298430e+00 1.99200432495795e+00 4.16968026349718e-04
1.29000000000000e+00 1.96678831729033e+00 1.96635515716554e+00 4.33160124789556e-04
1.29500000000000e+00 1.93876940055621e+00 1.93832016775567e+00 4.49232800541433e-04
1.30000000000000e+00 1.90851565494630e+00 1.90805012849909e+00 4.65526447206654e-04
1.30500000000000e+00 1.87619255134180e+00 1.87571023628478e+00 4.82315057015015e-04
1.31000000000000e+00 1.84197884512510e+00 1.84147909991323e+00 4.99745211868685e-04
1.31500000000000e+00 1.80606542813457e+00 1.80554764404025e+00 5.17784094320906e-04
1.32000000000000e+00 1.76865412169517e+00 1.76811793702778e+00 5.36184667385697e-04
1.32500000000000e+00 1.72995642475252e+00 1.72940194992690e+00 5.54474825620321e-04
1.33000000000000e+00 1.69019222904199e+00 1.68962025424335e+00 5.71974798645014e-04
1.33500000000000e+00 1.64958851016049e+00 1.64900066651302e+00 5.87843647474218e-04
1.34000000000000e+00 1.60837799982081e+00 1.60777684804300e+00 6.01151777809950e-04
1.34500000000000e+00 1.56679784102036e+00 1.56618686845015e+00 6.10972570211477e-04
1.35000000000000e+00 1.52508822494428e+00 1.52447174185242e+00 6.16483091856690e-04
1.35500000000000e+00 1.48349100666682e+00 1.48287394473691e+00 6.17061929906182e-04
1.36000000000000e+00 1.44224829646408e+00 1.44163592464141e+00 6.12371822666491e-04
1.36500000000000e+00 1.40160102491860e+00 1.40099860884315e+00 6.02416075452750e-04
1.37000000000000e+00 1.36178748283811e+00 1.36119992224821e+00 5.87560589896396e-04
1.37500000000000e+00 1.32304184094948e+00 1.32247332361862e+00 5.68517330858498e-04
1.38000000000000e+00 1.28559265881998e+00 1.28504636916085e+00 5.46289659127508e-04
1.38500000000000e+00 1.24966139687784e+00 1.24913931233114e+00 5.22084546694002e-04
1.39000000000000e+00 1.21546094915032e+00 1.21496374848942e+00 4.97200660897201e-04
1.39500000000000e+00 1.18319421691451e+00 1.18272131275752e+00 4.72904156989751e-04
1.40000000000000e+00 1.15305274453994e+00 1.15260243910916e+00 4.50305430778730e-04
1.40500000000000e+00 1.12521543827310e+00 1.12478518834171e+00 4.30249931393734e-04
1.41000000000000e+00 1.09984738665697e+00 1.09943415215529e+00 4.13234501678295e-04
1.41500000000000e+00 1.07709879795181e+00 1.07669944009536e+00 3.99357856449400e-04
1.42000000000000e+00 1.05710406571557e+00 1.05671575560428e+00 3.88310111288703e-04
1.42500000000000e+00 1.03998096906490e+00 1.03960156687779e+00 3.79402187106859e-04
1.43000000000000e+00 1.02583000953530e+00 1.02545837763829e+00 3.71631897016833e-04
1.43500000000000e+00 1.01473388230574e+00 1.01437010232018e+00 3.63779985566470e-04
1.44000000000000e+00 1.00675707618317e+00 1.00640254951957e+00 3.54526663607135e-04
1.44500000000000e+00 1.00194559437630e+00 1.00160301689261e+00 3.42577483695150e-04
1.45000000000000e+00 1.00032678682950e+00 1.00000000000000e+00 3.26786829500048e-04
1.45500000000000e+00 1.00190928472492e+00 1.00160301689261e+00 3.06267832312024e-04
1.46000000000000e+00 1.00668302858235e+00 1.00640254951957e+00 2.80479062786831e-04
1.46500000000000e+00 1.01461938300195e+00 1.01437010232018e+00 2.49280681771102e-04
1.47000000000000e+00 1.02567133326065e+00 1.02545837763829e+00 2.12955622360012e-04
1.47500000000000e+00 1.03977376141838e+00 1.03960156687779e+00 1.72194540584814e-04
1.48000000000000e+00 1.05684380203883e+00 1.05671575560428e+00 1.28046434553664e-04
1.48500000000000e+00 1.07678127982428e+00 1.07669944009536e+00 8.18397289175099e-05
1.49000000000000e+00 1.09946923318112e+00 1.09943415215529e+00 3.50810258318290e-05
1.49500000000000e+00 1.12477452879917e+00 1.12478518834171e+00 1.06595425339862e-05
1.50000000000000e+00 1.15254857262687e+00 1.15260243910916e+00 5.38664822840040e-05
1.50500000000000e+00 1.18262812210603e+00 1.18272131275752e+00 9.31906514964886e-05
1.51000000000000e+00 1.21483620320956e+00 1.21496374848942e+00 1.27545279861696e-04
1.51500000000000e+00 1.24898313378361e+00 1.24913931233114e+00 1.56178547528807e-04
1.52000000000000e+00 1.28486765206965e+00 1.28504636916085e+00 1.78717091202207e-04
1.52500000000000e+00 1.32227814625920e+00 1.32247332361862e+00 1.95177359416876e-04
1.53000000000000e+00 1.36099397773259e+00 1.36119992224821e+00 2.05944515618173e-04
1.53500000000000e+00 1.40078688749042e+00 1.40099860884315e+00 2.11721352726846e-04
1.54000000000000e+00 1.44142247243597e+00 1.44163592464141e+00 2.13452205444664e-04
1.54500000000000e+00 1.48266171582247e+00 1.48287394473691e+00 2.12228914441503e-04
1.55000000000000e+00 1.52426255451387e+00 1.52447174185242e+00 2.09187338551242e-04
1.55500000000000e+00 1.56598146484270e+00 1.56618686845015e+00 2.05403607450805e-04
1.56000000000000e+00 1.60757504883981e+00 1.60777684804300e+00 2.01799203189301e-04
1.56500000000000e+00 1.64880160344511e+00 1.64900066651302e+00 1.99063067904515e-04
1.57000000000000e+00 1.68942265690552e+00 1.68962025424335e+00 1.97597337831645e-04
1.57500000000000e+00 1.72920445878556e+00 1.72940194992690e+00 1.97491141344042e-04
1.58000000000000e+00 1.76791941266697e+00 1.76811793702778e+00 1.98524360814689e-04
1.58500000000000e+00 1.80534744347519e+00 1.80554764404025e+00 2.00200565064090e-04
1.59000000000000e+00 1.84127729420705e+00 1.84147909991323e+00 2.01805706175007e-04
1.59500000000000e+00 1.87550774941634e+00 1.87571023628478e+00 2.02486868442486e-04
1.60000000000000e+00 1.90784878493668e+00 1.90805012849909e+00 2.01343562411971e-04
1.60500000000000e+00 1.93812264482194e+00 1.93832016775567e+00 1.97522933725436e-04
1.61000000000000e+00 1.96616484725384e+00 1.96635515716554e+00 1.90309911700437e-04
1.61500000000000e+00 1.99182512116090e+00 1.99200432495795e+00 1.79203797047389e-04
1.62000000000000e+00 2.01496827453881e+00 2.01513224859221e+00 1.63974053398519e-04
1.62500000000000e+00 2.03547499405470e+00 2.03561968407860e+00 1.44690023895500e-04
1.63000000000000e+00 2.05324257361884e+00 2.05336429539657e+00 1.21721777728734e-04
1.63500000000000e+00 2.06818556743245e+00 2.06828127951470e+00 9.57120822482338e-05
1.64000000000000e+00 2.08023636082455e+00 2.08030388316029e+00 6.75223357387011e-05
1.64500000000000e+00 2.08934565024762e+00 2.08938380815405e+00 3.81579064359094e-05
1.65000000000000e+00 2.09548282237668e+00 2.09549150281253e+00 8.68043584789646e-06
1.65500000000000e+00 2.09863622158052e+00 2.09861633762302e+00 1.98839575031862e-05
1.66000000000000e+00 2.09881329527573e+00 2.09876666410972e+00 4.66311660076713e-05
1.66500000000000e+00 2.09604060791496e+00 2.09596975652967e+00 7.08513852853976e-05
1.67000000000000e+00 2.09036371657659e+00 2.09027163675968e+00 9.20798169086190e-05
1.67500000000000e+00 2.08184690417746e+00 2.08173678345563e+00 1.10120721833251e-04
1.68000000000000e+00 2.07057276998027e+00 2.07044772727895e+00 1.25042701319966e-04
1.68500000000000e+00 2.05664168098494e+00 2.05650453468774e+00 1.37146297200186e-04
1.69000000000000e+00 2.04017109159774e+00 2.04002418347677e+00 1.46908120977063e-04
1.69500000000000e+00 2.02129474227868e+00 2.02113983391842e+00 1.54908360257888e-04
1.70000000000000e+00 2.00016175033594e+00 2.00000000000000e+00 1.61750335942568e-04
1.70500000000000e+00 1.97693560742042e+00 1.97676762586893e+00 1.67981551482121e-04
1.71000000000000e+00 1.95179309846069e+00 1.95161907318189e+00 1.74025278797174e-04
1.71500000000000e+00 1.92492315581346e+00 1.92474302560309e+00 1.80130210375218e-04
1.72000000000000e+00 1.89652566048310e+00 1.89633931720795e+00 1.86343275151435e-04
1.72500000000000e+00 1.86681019971763e+00 1.86661769201745e+00 1.92507700182531e-04
1.73000000000000e+00 1.83599478752914e+00 1.83579650231313e+00 1.98285216009397e-04
1.73500000000000e+00 1.80430455215144e+00 1.80410135376010e+00 2.03198391341974e-04
1.74000000000000e+00 1.77197039252891e+00 1.77176370569363e+00 2.06686835278358e-04
1.74500000000000e+00 1.73922760491276e+00 1.73901943520098e+00 2.08169711782391e-04
1.75000000000000e+00 1.70631448066170e+00 1.70610737385376e+00 2.07106807938562e-04
1.75500000000000e+00 1.67347087736548e+00 1.67326782611444e+00 2.03051251042918e-04
1.76000000000000e+00 1.64093676723856e+00 1.64074107855382e+00 1.95688684741846e-04
1.76500000000000e+00 1.60895076904387e+00 1.60876590907298e+00 1.84859970889129e-04
1.77000000000000e+00 1.57774867221940e+00 1.57757810532303e+00 1.70566896372071e-04
1.77500000000000e+00 1.54756196400812e+00 1.54740900145948e+00 1.52962548637614e-04
1.78000000000000e+00 1.51861637192118e+00 1.51848404225504e+00 1.32329666142628e-04
1.78500000000000e+00 1.49113043460179e+00 1.49102138342582e+00 1.09051175965380e-04
1.79000000000000e+00 1.46531411405701e+00 1.46523053680291e+00 8.35772541016855e-05
1.79500000000000e+00 1.44136746138782e+00 1.44131106870462e+00 5.63926831997907e-05
1.80000000000000e+00 1.41947934678920e+00 1.41945135953695e+00 2.79872522499502e-05
1.80500000000000e+00 1.39982626299325e+00 1.39982743227203e+00 1.16927877802375e-06
1.81000000000000e+00 1.38257120977293e+00 1.38260185702999e+00 3.06472570577032e-05
1.81500000000000e+00 1.36786266584006e+00 1.36792273852040e+00 6.00726803368090e-05
1.82000000000000e+00 1.35583365358986e+00 1.35592279258843e+00 8.91389985631097e-05
1.82500000000000e+00 1.34660090167646e+00 1.34671851756181e+00 1.17615885353528e-04
1.83000000000000e+00 1.34026411024965e+00 1.34040946551008e+00 1.45355260437574e-04
1.83500000000000e+00 1.33690532366158e+00 1.33707761791153e+00 1.72294249956462e-04
1.84000000000000e+00 1.33658841534898e+00 1.33678686957979e+00 1.98454230805556e-04
1.84500000000000e+00 1.33935868921647e+00 1.33958262403436e+00 2.23934817892735e-04
1.85000000000000e+00 1.34524260106032e+00 1.34549150281253e+00 2.48901752210484e-04
1.85500000000000e+00 1.35424760234696e+00 1.35452117051728e+00 2.73568170329197e-04
1.86000000000000e+00 1.36636210706712e+00 1.36666027668282e+00 2.98169615702282e-04
1.86500000000000e+00 1.38155558058679e+00 1.38187851481848e+00 3.22934231684835e-04
1.87000000000000e+00 1.39977874762749e+00 1.40012679827000e+00 3.48050642500874e-04
1.87500000000000e+00 1.42096391496022e+00 1.42133755181640e+00 3.73636856181303e-04
1.88000000000000e+00 1.44502540328590e+00 1.44542511720755e+00 3.99713921649836e-04
1.88500000000000e+00 1.47186008222249e+00 1.47228627014470e+00 4.26187922202947e-04
1.89000000000000e+00 1.50134800235293e+00 1.50180084551967e+00 4.52843166734995e-04
1.89500000000000e+00 1.53335311883382e+00 1.53383246706028e+00 4.79348226457788e-04
1.90000000000000e+00 1.56772410196217e+00 1.56822937688661e+00 5.05274924442523e-04
1.90500000000000e+00 1.60429523112437e+00 1.60482535986612e+00 5.30128741747848e-04
1.91000000000000e+00 1.64288736946919e+00 1.64344075707161e+00 5.53387602421074e-04
1.91500000000000e+00 1.68330901723115e+00 1.68388356209650e+00 5.74544865355575e-04
1.92000000000000e+00 1.72535744171823e+00 1.72595059347097e+00 5.93151752740217e-04
1.92500000000000e+00 1.76881988148218e+00 1.76942873595353e+00 6.08854471356945e-04
1.93000000000000e+00 1.81347482111875e+00 1.81409624304787e+00 6.21421929118071e-04
1.93500000000000e+00 1.85909333159752e+00 1.85972409271723e+00 6.30761119702283e-04
1.94000000000000e+00 1.90544046916585e+00 1.90607738794082e+00 6.36918774967965e-04
1.94500000000000e+00 1.95227672392624e+00 1.95291679348017e+00 6.40069553928146e-04
1.95000000000000e+00 1.99935950737949e+00 2.00000000000000e+00 6.40492620514133e-04
1.95500000000000e+00 2.04644466676604e+00 2.04708320651983e+00 6.38539753791356e-04
1.96000000000000e+00 2.09328801308477e+00 2.09392261205918e+00 6.34598974405431e-04
1.96500000000000e+00 2.13964684931289e+00 2.14027590728277e+00 6.29057969880442e-04
1.97000000000000e+00 2.18528148560551e+00 2.18590375695213e+00 6.22271346614411e-04
1.97500000000000e+00 2.22995672905651e+00 2.23057126404646e+00 6.14534989957338e-04
1.98000000000000e+00 2.27344333682816e+00 2.27404940652903e+00 6.06069700866740e-04
1.98500000000000e+00 2.31551942293855e+00 2.31611643790350e+00 5.97014964947018e-04
1.99000000000000e+00 2.35597181054653e+00 2.35655924292839e+00 5.87432381858655e-04
1.99500000000000e+00 2.39459732301756e+00 2.39517464013388e+00 5.77317116321474e-04
2.00000000000000e+00 2.43120400824170e+00 2.43177062311339e+00 5.66614871688298e-04
2.00500000000000e+00 2.46561229150968e+00 2.46616753293972e+00 5.55241430035380e-04
2.01000000000000e+00 2.49765605269363e+00 2.49819915448034e+00 5.43101786702138e-04
2.01500000000000e+00 2.52718362354768e+00 2.52771372985530e+00 5.30106307622180e-04
2.02000000000000e+00 2.55405870071675e+00 2.55457488279245e+00 5.16182075706251e-04
2.02500000000000e+00 2.57816116963913e+00 2.57866244818359e+00 5.01278544458916e-04
2.03000000000000e+00 2.59938783409350e+00 2.59987320173000e+00 4.85367636498424e-04
2.03500000000000e+00 2.61765304582122e+00 2.61812148518152e+00 4.68439360304718e-04
2.04000000000000e+00 2.63288922857997e+00 2.63333972331718e+00 4.50494737216367e-04
2.04500000000000e+00 2.64504729124883e+00 2.64547882948272e+00 4.31538233889306e-04
2.05000000000000e+00 2.65409692525459e+00 2.65450849718747e+00 4.11571932885213e-04
2.05500000000000e+00 2.66002678261766e+00 2.66041737596564e+00 3.90593347983526e-04
2.06000000000000e+00 2.66284453226479e+00 2.66321313042021e+00 3.68598155420674e-04
2.06500000000000e+00 2.66257679382511e+00 2.66292238208847e+00 3.45588263360064e-04
2.07000000000000e+00 2.65926894978704e+00 2.65959053448992e+00 3.21584702880351e-04
2.07500000000000e+00 2.65298483850946e+00 2.65328148243819e+00 2.96643928725082e-04
2.08000000000000e+00 2.64380633201904e+00 2.64407720741157e+00 2.70875392538450e-04
2.08500000000000e+00 2.63183280368271e+00 2.63207726147960e+00 2.44457796894970e-04
2.09000000000000e+00 2.61718049164867e+00 2.61739814297001e+00 2.17651321340995e-04
2.09500000000000e+00 2.59998176437542e+00 2.60017256772797e+00 1.90803352558166e-04
2.10000000000000e+00 2.58038429463431e+00 2.58054864046305e+00 1.64345828733925e-04
2.10500000000000e+00 2.55855014813658e+00 2.55868893129538e+00 1.38783158798450e-04
2.11000000000000e+00 2.53465479249113e+00 2.53476946319710e+00 1.14670705969822e-04
2.11500000000000e+00 2.50888603165819e+00 2.50897861657418e+00 9.25849159898462e-05
2.12000000000000e+00 2.48144287054396e+00 2.48151595774496e+00 7.30872009966355e-05
2.12500000000000e+00 2.45253431399679e+00 2.45259099854052e+00 5.66845437259822e-05
2.13000000000000e+00 2.42237810431157e+00 2.42242189467697e+00 4.37903654044725e-05
2.13500000000000e+00 2.39119940149256e+00 2.39123409092702e+00 3.46894344636084e-05
2.14000000000000e+00 2.35922941099923e+00 2.35925892144618e+00 2.95104469554275e-05
2.14500000000000e+00 2.32670396449896e+00 2.32673217388556e+00 2.82093866004196e-05
2.15000000000000e+00 2.29386206023283e+00 2.29389262614624e+00 3.05659134092195e-05
2.15500000000000e+00 2.26094437088841e+00 2.26098056479902e+00 3.61939106099385e-05
2.16000000000000e+00 2.22819172826434e+00 2.22823629430637e+00 4.45660420331784e-05
2.16500000000000e+00 2.19584359538282e+00 2.19589864623990e+00 5.50508570844599e-05
2.17000000000000e+00 2.16413653793185e+00 2.16420349768687e+00 6.69597550202461e-05
2.17500000000000e+00 2.13330270787676e+00 2.13338230798255e+00 7.96001057845608e-05
2.18000000000000e+00 2.10356835266622e+00 2.10366068279205e+00 9.23301258359821e-05
2.18500000000000e+00 2.07515236359735e+00 2.07525697439691e+00 1.04610799559257e-04
2.19000000000000e+00 2.04826487655813e+00 2.04838092681811e+00 1.16050259975964e-04
2.19500000000000e+00 2.02310593753688e+00 2.02323237413107e+00 1.26436594189983e-04
2.20000000000000e+00 1.99986424402432e+00 2.00000000000000e+00 1.35755975680940e-04
2.20500000000000e+00 1.97871597181700e+00 1.97886016608158e+00 1.44194264575015e-04
2.21000000000000e+00 1.95982369487776e+00 1.95997581652323e+00 1.52121645476733e-04
2.21500000000000e+00 1.94333540395455e+00 1.94349546531226e+00 1.60061357705965e-04
2.22000000000000e+00 1.92938362774520e+00 1.92955227272105e+00 1.68644975847121e-04
2.22500000000000e+00 1.91808465865644e+00 1.91826321654437e+00 1.78557887928088e-04
2.23000000000000e+00 1.90953788375698e+00 1.90972836324032e+00 1.90479483340278e-04
2.23500000000000e+00 1.90382522044748e+00 1.90403024347033e+00 2.05023022846085e-04
2.24000000000000e+00 1.90101065571211e+00 1.90123333589028e+00 2.22680178162182e-04
2.24500000000000e+00 1.90113988757732e+00 1.90138366237698e+00 2.43774799659535e-04
2.25000000000000e+00 1.90424006754645e+00 1.90450849718747e+00 2.68429641024692e-04
2.25500000000000e+00 1.91031964322627e+00 1.91061619184595e+00 2.96548619678205e-04
2.26000000000000e+00 1.91936830100898e+00 1.91969611683971e+00 3.27815830726941e-04
2.26500000000000e+00 1.93135700939704e+00 1.93171872048530e+00 3.61711088255667e-04
2.27000000000000e+00 1.94623816422820e+00 1.94663570460343e+00 3.97540375227878e-04
2.27500000000000e+00 1.96394583755211e+00 1.96438031592140e+00 4.34478369294000e-04
2.28000000000000e+00 1.98439613212215e+00 1.98486775140779e+00 4.71619285636660e-04
2.28500000000000e+00 2.00748764332379e+00 2.00799567504205e+00 5.08031718263524e-04
2.29000000000000e+00 2.03310202982407e+00 2.03364484283446e+00 5.42813010388610e-04
2.29500000000000e+00 2.06110469330088e+00 2.06167983224433e+00 5.75138943447850e-04
2.30000000000000e+00 2.09134556633771e+00 2.09194987150091e+00 6.04305163201424e-04
2.30500000000000e+00 2.12366000603143e+00 2.12428976371522e+00 6.29757683788146e-04
2.31000000000000e+00 2.15786978916389e+00 2.15852090008677e+00 6.51110922882836e-04
2.31500000000000e+00 2.19378420305652e+00 2.19445235595975e+00 6.68152903221753e-04
2.32000000000000e+00 2.23120122458599e+00 2.23188206297221e+00 6.80838386221350e-04
2.32500000000000e+00 2.26990877840199e+00 2.27059805007310e+00 6.89271671110436e-04
2.33000000000000e+00 2.30968606424483e+00 2.31037974575665e+00 6.93681511822142e-04
2.33500000000000e+00 2.35030494246755e+00 2.35099933348698e+00 6.94391019431251e-04
2.34000000000000e+00 2.39153136644361e+00 2.39222315195699e+00 6.91785513382115e-04
2.34500000000000e+00 2.43312685046954e+00 2.43381313154985e+00 6.86281080311879e-04
2.35000000000000e+00 2.47484996199962e+00 2.47552825814758e+00 6.78296147953894e-04
2.35500000000000e+00 2.51645782750431e+00 2.51712605526309e+00 6.68227758772844e-04
2.36000000000000e+00 2.55770764183553e+00 2.55836407535858e+00 6.56433523053224e-04
2.36500000000000e+00 2.59835817162339e+00 2.59900139115685e+00 6.43219533464912e-04
2.37000000000000e+00 2.63817124384010e+00 2.63880007775179e+00 6.28833911685334e-04
2.37500000000000e+00 2.67691321118839e+00 2.67752667638138e+00 6.13465192987661e-04
2.38000000000000e+00 2.71435638636770e+00 2.71495363083914e+00 5.97244471448821e-04
2.38500000000000e+00 2.75028043753395e+00 2.75086068766886e+00 5.80250134907700e-04
2.39000000000000e+00 2.78447373741374e+00 2.78503625151058e+00 5.62514096837941e-04
2.39500000000000e+00 2.81673465859918e+00 2.81727868724248e+00 5.44028643298056e-04
2.40000000000000e+00 2.84687280758721e+00 2.84739756089084e+00 5.24753303627001e-04
2.40500000000000e+00 2.87471019019316e+00 2.87521481165829e+00 5.04621465138300e-04
2.41000000000000e+00 2.90008230111546e+00 2.90056584784471e+00 4.83546729254769e-04
2.41500000000000e+00 2.92283913070022e+00 2.92330055990463e+00 4.61429204419606e-04
2.42000000000000e+00 2.94284608237293e+00 2.94328424439572e+00 4.38162022790234e-04
2.42500000000000e+00 2.95998479477676e+00 2.96039843312221e+00 4.13638345445388e-04
2.43000000000000e+00 2.97415386336370e+00 2.97454162236171e+00 3.87758998015020e-04
2.43500000000000e+00 2.98526945699434e+00 2.98562989767982e+00 3.60440685478469e-04
2.44000000000000e+00 2.99326582596697e+00 2.99359745048043e+00 3.31624513462803e-04
2.44500000000000e+00 2.99809569876751e+00 2.99839698310739e+00 3.01284339882191e-04
2.45000000000000e+00 2.99973056566233e+00 3.00000000000000e+00 2.69434337666574e-04
2.45500000000000e+00 2.99816084800918e+00 2.99839698310739e+00 2.36135098211854e-04
2.46000000000000e+00 2.99339595281904e+00 2.99359745048044e+00 2.01497661394878e-04
2.46500000000000e+00 2.98546421266189e+00 2.98562989767982e+00 1.65685017936124e-04
2.47000000000000e+00 2.97441271148990e+00 2.97454162236171e+00 1.28910871810106e-04
2.47500000000000e+00 2.96030699738451e+00 2.96039843312221e+00 9.14357377013175e-05
2.48000000000000e+00 2.94323068365979e+00 2.94328424439572e+00 5.35607359304358e-05
2.48500000000000e+00 2.92328494021630e+00 2.92330055990464e+00 1.56196883374093e-05
2.49000000000000e+00 2.90058787757131e+00 2.90056584784471e+00 2.20297266020353e-05
2.49500000000000e+00 2.87527382661776e+00 2.87521481165830e+00 5.90149594663636e-05
2.50000000000000e+00 2.84749251788628e+00 2.84739756089084e+00 9.49569954378227e-05
2.50500000000000e+00 2.81740816489083e+00 2.81727868724248e+00 1.29477648345144e-04
2.51000000000000e+00 2.78519845699084e+00 2.78503625151058e+00 1.62205480259470e-04
2.51500000000000e+00 2.75105346805671e+00 2.75086068766886e+00 1.92780387847424e-04
2.52000000000000e+00 2.71517448802354e+00 2.71495363083915e+00 2.20857184392909e-04
2.52500000000000e+00 2.67777278510857e+00 2.67752667638138e+00 2.46108727183003e-04
2.53000000000000e+00 2.63906830700462e+00 2.63880007775179e+00 2.68229252827989e-04
2.53500000000000e+00 2.59928832972003e+00 2.59900139115685e+00 2.86938563172967e-04
2.54000000000000e+00 2.55866606290649e+00 2.55836407535859e+00 3.01987547905558e-04
2.54500000000000e+00 2.51743922051899e+00 2.51712605526309e+00 3.13165255904302e-04
2.55000000000000e+00 2.47584856552153e+00 2.47552825814758e+00 3.20307373951501e-04
2.55500000000000e+00 2.43413643714204e+00 2.43381313154985e+00 3.23305592191847e-04
2.56000000000000e+00 2.39254526894761e+00 2.39222315195700e+00 3.22116990605359e-04
2.56500000000000e+00 2.35131610581374e+00 2.35099933348698e+00 3.16772326758308e-04
2.57000000000000e+00 2.31068712774521e+00 2.31037974575666e+00 3.07381988552180e-04
2.57500000000000e+00 2.27089218849714e+00 2.27059805007310e+00 2.94138424045798e-04
2.58000000000000e+00 2.23215937705069e+00 2.23188206297222e+00 2.77314078473090e-04
2.58500000000000e+00 2.19470961019706e+00 2.19445235595975e+00 2.57254237307603e-04
2.59000000000000e+00 2.15875526474102e+00 2.15852090008678e+00 2.34364654247976e-04
2.59500000000000e+00 2.12449885809310e+00 2.12428976371522e+00 2.09094377881858e-04
2.60000000000000e+00 2.09213178621980e+00 2.09194987150091e+00 1.81914718886400e-04
2.60500000000000e+00 2.06183312800104e+00 2.06167983224433e+00 1.53295756707195e-04
2.61000000000000e+00 2.03376852495332e+00 2.03364484283446e+00 1.23682118855051e-04
2.61500000000000e+00 2.00808914497963e+00 2.00799567504205e+00 9.34699375818582e-05
2.62000000000000e+00 1.98493073828709e+00 1.98486775140779e+00 6.29868793029509e-05
2.62500000000000e+00 1.96441279287460e+00 1.96438031592140e+00 3.24769531969693e-05
2.63000000000000e+00 1.94663779606053e+00 1.94663570460343e+00 2.09145709750835e-06
2.63500000000000e+00 1.93169060743317e+00 1.93171872048530e+00 2.81130521249118e-05
2.64000000000000e+00 1.91963794741490e+00 1.91969611683971e+00 5.81694248165121e-05
2.64500000000000e+00 1.91052800438902e+00 1.91061619184595e+00 8.81874569294006e-05
2.65000000000000e+00 1.90439016210003e+00 1.90450849718747e+00 1.18335087448962e-04
2.65500000000000e+00 1.90123484784975e+00 1.90138366237698e+00 1.48814527235253e-04
2.66000000000000e+00 1.90105350091429e+00 1.90123333589028e+00 1.79834975989168e-04
2.66500000000000e+00 1.90381865962520e+00 1.90403024347033e+00 2.11583845128205e-04
2.67000000000000e+00 1.90948416471146e+00 1.90972836324032e+00 2.44198528853712e-04
2.67500000000000e+00 1.91798547579202e+00 1.91826321654437e+00 2.77740752357092e-04
2.68000000000000e+00 1.92924009733953e+00 1.92955227272105e+00 3.12175381515178e-04
2.68500000000000e+00 1.94314810999710e+00 1.94349546531226e+00 3.47355315156506e-04
2.69000000000000e+00 1.95959280280502e+00 1.95997581652323e+00 3.83013718208147e-04
2.69500000000000e+00 1.97844140166988e+00 1.97886016608158e+00 4.18764411699746e-04
2.70000000000000e+00 1.99954588926188e+00 2.00000000000000e+00 4.54110738120850e-04
2.70500000000000e+00 2.02274391143858e+00 2.02323237413106e+00 4.88462692483704e-04
2.71000000000000e+00 2.04785976524113e+00 2.04838092681811e+00 5.21161576980234e-04
2.71500000000000e+00 2.07470546346875e+00 2.07525697439691e+00 5.51510928159527e-04
2.72000000000000e+00 2.10308187078436e+00 2.10366068279205e+00 5.78812007694829e-04
2.72500000000000e+00 2.13277990621201e+00 2.13338230798255e+00 6.02401770532168e-04
2.73000000000000e+00 2.16358180673302e+00 2.16420349768687e+00 6.21690953844567e-04
2.73500000000000e+00 2.19526244644732e+00 2.19589864623990e+00 6.36199792580339e-04
2.74000000000000e+00 2.22759070542433e+00 2.22823629430637e+00 6.45588882041359e-04
2.74500000000000e+00 2.26033088191131e+00 2.26098056479902e+00 6.49682887709169e-04
2.75000000000000e+00 2.29324414099508e+00 2.29389262614624e+00 6.48485151153011e-04
2.75500000000000e+00 2.32608999213634e+00 2.32673217388556e+00 6.42181749217485e-04
2.76000000000000e+00 2.35862778723461e+00 2.35925892144618e+00 6.31134211566575e-04
2.76500000000000e+00 2.39061823007371e+00 2.39123409092702e+00 6.15860853308892e-04
2.77000000000000e+00 2.42182488718808e+00 2.42242189467697e+00 5.97007488886359e-04
2.77500000000000e+00 2.45201568943700e+00 2.45259099854052e+00 5.75309103517441e-04
2.78000000000000e+00 2.48096441293896e+00 2.48151595774496e+00 5.51544806000503e-04
2.78500000000000e+00 2.50845212756639e+00 2.50897861657418e+00 5.26489007787845e-04
2.79000000000000e+00 2.53426860098870e+00 2.53476946319709e+00 5.00862208392849e-04
2.79500000000000e+00 2.55821364632907e+00 2.55868893129538e+00 4.75284966308553e-04
2.80000000000000e+00 2.58009840189713e+00 2.58054864046305e+00 4.50238565919303e-04
2.80500000000000e+00 2.59974653218648e+00 2.60017256772797e+00 4.26035541491121e-04
2.81000000000000e+00 2.61699534036965e+00 2.61739814297001e+00 4.02802600353525e-04
2.81500000000000e+00 2.63169678384393e+00 2.63207726147960e+00 3.80477635673948e-04
2.82000000000000e+00 2.64371838591905e+00 2.64407720741157e+00 3.58821492517869e-04
2.82500000000000e+00 2.65294403841177e+00 2.65328148243819e+00 3.37444026419664e-04
2.83000000000000e+00 2.65927469162801e+00 2.65959053448992e+00 3.15842861902116e-04
2.83500000000000e+00 2.66262892987621e+00 2.66292238208847e+00 2.93452212257073e-04
2.84000000000000e+00 2.66294343216699e+00 2.66321313042021e+00 2.69698253222650e-04
2.84500000000000e+00 2.66017331903739e+00 2.66041737596564e+00 2.44056928244696e-04
2.85000000000000e+00 2.65429238742545e+00 2.65450849718747e+00 2.16109762024796e-04
2.85500000000000e+00 2.64529323618004e+00 2.64547882948272e+00 1.85593302681308e-04
2.86000000000000e+00 2.63318728511055e+00 2.63333972331719e+00 1.52438206639793e-04
2.86500000000000e+00 2.61800469048376e+00 2.61812148518152e+00 1.16794697766487e-04
2.87000000000000e+00 2.59979415960930e+00 2.59987320173000e+00 7.90421207041980e-05
2.87500000000000e+00 2.57862266669206e+00 2.57866244818360e+00 3.97814915351624e-05
2.88000000000000e+00 2.55457507155796e+00 2.55457488279246e+00 1.88765508113420e-07
2.88500000000000e+00 2.52775364227571e+00 2.52771372985530e+00 3.99124204117918e-05
2.89000000000000e+00 2.49827748219871e+00 2.49819915448034e+00 7.83277183744602e-05
2.89500000000000e+00 2.46628186162804e+00 2.46616753293972e+00 1.14328688319176e-04
2.90000000000000e+00 2.43191745422313e+00 2.43177062311339e+00 1.46831109741008e-04
2.90500000000000e+00 2.39534947851395e+00 2.39517464013388e+00 1.74838380069264e-04
2.91000000000000e+00 2.35675674542455e+00 2.35655924292839e+00 1.97502496154023e-04
2.91500000000000e+00 2.31633061360025e+00 2.31611643790350e+00 2.14175696752861e-04
2.92000000000000e+00 2.27427385551204e+00 2.27404940652904e+00 2.24448983009662e-04
2.92500000000000e+00 2.23079943873515e+00 2.23057126404647e+00 2.28174688682969e-04
2.93000000000000e+00 2.18612922839029e+00 2.18590375695213e+00 2.25471438161318e-04
2.93500000000000e+00 2.14049261840248e+00 2.14027590728278e+00 2.16711119709778e-04
2.94000000000000e+00 2.09412510087485e+00 2.09392261205918e+00 2.02488815669977e-04
2.94500000000000e+00 2.04726678439207e+00 2.04708320651984e+00 1.83577872237439e-04
2.95000000000000e+00 2.00016087336698e+00 2.00000000000000e+00 1.60873366979342e-04
2.95500000000000e+00 1.95305212154326e+00 1.95291679348017e+00 1.35328063092244e-04
2.96000000000000e+00 1.90618527340747e+00 1.90607738794082e+00 1.07885466649860e-04
2.96500000000000e+00 1.85980350750713e+00 1.85972409271723e+00 7.94147898970365e-05
2.97000000000000e+00 1.81414689550792e+00 1.81409624304787e+00 5.06524600440983e-05
2.97500000000000e+00 1.76945089026743e+00 1.76942873595354e+00 2.21543138927416e-05
2.98000000000000e+00 1.72594485529508e+00 1.72595059347097e+00 5.73817589288872e-06
2.98500000000000e+00 1.68385064677022e+00 1.68388356209651e+00 3.29153262894621e-05
2.99000000000000e+00 1.64338125787967e+00 1.64344075707161e+00 5.94991919415921e-05
2.99500000000000e+00 1.60473953370173e+00 1.60482535986612e+00 8.58261643825742e-05
3.00000000000000e+00 1.56811696329771e+00 1.56822937688661e+00 1.12413588907012e-04
3.00500000000000e+00 1.53369255416535e+00 1.53383246706028e+00 1.39912894935090e-04
3.01000000000000e+00 1.50163179284289e+00 1.50180084551966e+00 1.69052676774584e-04
3.01500000000000e+00 1.47208569429476e+00 1.47228627014470e+00 2.00575849941043e-04
3.02000000000000e+00 1.44518994181103e+00 1.44542511720755e+00 2.35175396519738e-04
3.02500000000000e+00 1.42106411853948e+00 1.42133755181641e+00 2.73433276925861e-04
3.03000000000000e+00 1.39981103144651e+00 1.40012679827000e+00 3.15766823488328e-04
3.03500000000000e+00 1.38151612845382e+00 1.38187851481848e+00 3.62386364658018e-04
3.04000000000000e+00 1.36624700968143e+00 1.36666027668282e+00 4.13267001392326e-04
3.04500000000000e+00 1.35405303408724e+00 1.35452117051728e+00 4.68136430046950e-04
3.05000000000000e+00 1.34496502325678e+00 1.34549150281253e+00 5.26479555740700e-04
3.05500000000000e+00 1.33899506458508e+00 1.33958262403436e+00 5.87559449282571e-04
3.06000000000000e+00 1.33613641652277e+00 1.33678686957979e+00 6.50453057013056e-04
3.06500000000000e+00 1.33636351885454e+00 1.33707761791153e+00 7.14099056993156e-04
3.07000000000000e+00 1.33963211107011e+00 1.34040946551008e+00 7.77354439973177e-04
3.07500000000000e+00 1.34587946172762e+00 1.34671851756181e+00 8.39055834195079e-04
3.08000000000000e+00 1.35502471126159e+00 1.35592279258843e+00 8.98081326831779e-04
3.08500000000000e+00 1.36696932994558e+00 1.36792273852040e+00 9.53408574818848e-04
3.09000000000000e+00 1.38159769169437e+00 1.38260185702999e+00 1.00416533561631e-03
3.09500000000000e+00 1.39877776311838e+00 1.39982743227203e+00 1.04966915364191e-03
3.10000000000000e+00 1.41836190577601e+00 1.41945135953695e+00 1.08945376094338e-03
3.10500000000000e+00 1.44018778797638e+00 1.44131106870462e+00 1.12328072824530e-03
3.11000000000000e+00 1.46407940084080e+00 1.46523053680290e+00 1.15113596209859e-03
3.11500000000000e+00 1.48984817171702e+00 1.49102138342582e+00 1.17321170880325e-03
3.12000000000000e+00 1.51729416653156e+00 1.51848404225504e+00 1.18987572348361e-03
3.12500000000000e+00 1.54620737133456e+00 1.54740900145948e+00 1.20163012491958e-03
3.13000000000000e+00 1.57636904219431e+00 1.57757810532302e+00 1.20906312871627e-03
3.13500000000000e+00 1.60755311178249e+00 1.60876590907298e+00 1.21279729049273e-03
3.14000000000000e+00 1.63952764048227e+00 1.64074107855382e+00 1.21343807154828e-03
3.14500000000000e+00 1.67205629966258e+00 1.67326782611444e+00 1.21152645185107e-03
3.15000000000000e+00 1.70489987488627e+00 1.70610737385376e+00 1.20749896748973e-03
3.15500000000000e+00 1.73781777723642e+00 1.73901943520098e+00 1.20165796455796e-03
3.16000000000000e+00 1.77056955161482e+00 1.77176370569363e+00 1.19415407880696e-03
3.16500000000000e+00 1.80291637173934e+00 1.80410135376010e+00 1.18498202075856e-03
3.17000000000000e+00 1.83462251257932e+00 1.83579650231313e+00 1.17398973381100e-03
3.17500000000000e+00 1.86545679204940e+00 1.86661769201745e+00 1.16089996804813e-03
3.18000000000000e+00 1.89519397485771e+00 1.89633931720795e+00 1.14534235023767e-03
3.18500000000000e+00 1.92361613239808e+00 1.92474302560309e+00 1.12689320501191e-03
3.19000000000000e+00 1.95051395342023e+00 1.95161907318189e+00 1.10511976166450e-03
3.19500000000000e+00 1.97568800084715e+00 1.97676762586893e+00 1.07962502178260e-03
3.20000000000000e+00 1.99894991049604e+00 2.00000000000000e+00 1.05008950396002e-03
3.20500000000000e+00 2.02012352757788e+00 2.02113983391842e+00 1.01630634053995e-03
3.21000000000000e+00 2.03904597670905e+00 2.04002418347677e+00 9.78206767713985e-04
3.21500000000000e+00 2.05556866079896e+00 2.05650453468774e+00 9.35873888780581e-04
3.22000000000000e+00 2.06955818364228e+00 2.07044772727895e+00 8.89543636671153e-04
3.22500000000000e+00 2.08089719042572e+00 2.08173678345563e+00 8.39593029909214e-04
3.23000000000000e+00 2.08948511975790e+00 2.09027163675968e+00 7.86517001778453e-04
3.23500000000000e+00 2.09523886035588e+00 2.09596975652967e+00 7.30896173791074e-04
3.24000000000000e+00 2.09809330527900e+00 2.09876666410972e+00 6.73358830724613e-04
3.24500000000000e+00 2.09800179668334e+00 2.09861633762302e+00 6.14540939678498e-04
3.25000000000000e+00 2.09493645454743e+00 2.09549150281253e+00 5.55048265097113e-04
3.25500000000000e+00 2.08888838372516e+00 2.08938380815405e+00 4.95424428895941e-04
3.26000000000000e+00 2.07986775501120e+00 2.08030388316029e+00 4.36128149088777e-04
3.26500000000000e+00 2.06790375760622e+00 2.06828127951470e+00 3.77521908482059e-04
3.27000000000000e+00 2.05304442235218e+00 2.05336429539657e+00 3.19873044391183e-04
3.27500000000000e+00 2.03535631724372e+00 2.03561968407860e+00 2.63366834875267e-04
3.28000000000000e+00 2.01492411885480e+00 2.01513224859221e+00 2.08129737409024e-04
3.28500000000000e+00 1.99185006528567e+00 1.99200432495795e+00 1.54259672275670e-04
3.29000000000000e+00 1.96625329787501e+00 1.96635515716554e+00 1.01859290533080e-04
3.29500000000000e+00 1.93826910010056e+00 1.93832016775567e+00 5.10676551115363e-05
3.30000000000000e+00 1.90804804271803e+00 1.90805012849909e+00 2.08578105964641e-06
3.30500000000000e+00 1.87575504422580e+00 1.87571023628479e+00 4.48079410120261e-05
3.31000000000000e+00 1.84156835522162e+00 1.84147909991323e+00 8.92553083886582e-05
3.31500000000000e+00 1.80567847423398e+00 1.80554764404025e+00 1.30830193722620e-04
3.32000000000000e+00 1.76828700132029e+00 1.76811793702778e+00 1.69064292510512e-04
3.32500000000000e+00 1.72960543433014e+00 1.72940194992690e+00 2.03484403234588e-04
3.33000000000000e+00 1.68985391145939e+00 1.68962025424335e+00 2.33657216040850e-04
3.33500000000000e+00 1.64925990279438e+00 1.64900066651302e+00 2.59236281360486e-04
3.34000000000000e+00 1.60805685315421e+00 1.60777684804301e+00 2.80005111203074e-04
3.34500000000000e+00 1.56648277881751e+00 1.56618686845015e+00 2.95910367354546e-04
3.35000000000000e+00 1.52477882171814e+00 1.52447174185243e+00 3.07079865709659e-04
3.35500000000000e+00 1.48318776637060e+00 1.48287394473692e+00 3.13821633689315e-04
3.36000000000000e+00 1.44195252700381e+00 1.44163592464142e+00 3.16602362388618e-04
3.36500000000000e+00 1.40131461491866e+00 1.40099860884315e+00 3.16006075512520e-04
3.37000000000000e+00 1.36151259865796e+00 1.36119992224821e+00 3.12676409749413e-04
3.37500000000000e+00 1.32278057187038e+00 1.32247332361862e+00 3.07248251764980e-04
3.38000000000000e+00 1.28534664545757e+00 1.28504636916086e+00 3.00276296716806e-04
3.38500000000000e+00 1.24943148145113e+00 1.24913931233114e+00 2.92169119982644e-04
3.39000000000000e+00 1.21524688589283e+00 1.21496374848942e+00 2.83137403409128e-04
3.39500000000000e+00 1.18299447671134e+00 1.18272131275752e+00 2.73163953811828e-04
3.40000000000000e+00 1.15286444024759e+00 1.15260243910916e+00 2.62001138427337e-04
3.40500000000000e+00 1.12503438684771e+00 1.12478518834171e+00 2.49198506004689e-04
3.41000000000000e+00 1.09966831209429e+00 1.09943415215529e+00 2.34159939000556e-04
3.41500000000000e+00 1.07691566614572e+00 1.07669944009537e+00 2.16226050352875e-04
3.42000000000000e+00 1.05691052970999e+00 1.05671575560428e+00 1.94774105714002e-04
3.42500000000000e+00 1.03977089180986e+00 1.03960156687779e+00 1.69324932071779e-04
3.43000000000000e+00 1.02559802208282e+00 1.02545837763829e+00 1.39644444527631e-04
3.43500000000000e+00 1.01447592920325e+00 1.01437010232018e+00 1.05826883078031e-04
3.44000000000000e+00 1.00647089730422e+00 1.00640254951957e+00 6.83477846556979e-05
3.44500000000000e+00 1.00163109405467e+00 1.00160301689261e+00 2.80771620622122e-05
3.45000000000000e+00 9.99986247197929e-01 1.00000000000000e+00 1.37528020713873e-05
3.45500000000000e+00 1.00154739058876e+00 1.00160301689261e+00 5.56263038489213e-05
3.46000000000000e+00 1.00630668563175e+00 1.00640254951956e+00 9.58638878136853e-05
3.46500000000000e+00 1.01423732893614e+00 1.01437010232018e+00 1.32773384039275e-04
3.47000000000000e+00 1.02529356128094e+00 1.02545837763829e+00 1.64816357345998e-04
3.47500000000000e+00 1.03941079591913e+00 1.03960156687779e+00 1.90770958666819e-04
3.48000000000000e+00 1.05650588517940e+00 1.05671575560427e+00 2.09870424874525e-04
3.48500000000000e+00 1.07647754274013e+00 1.07669944009536e+00 2.21897355231260e-04
3.49000000000000e+00 1.09920693459477e+00 1.09943415215529e+00 2.27217560516468e-04
3.49500000000000e+00 1.12455844469663e+00 1.12478518834171e+00 2.26743645071581e-04
3.50000000000000e+00 1.15238061207391e+00 1.15260243910915e+00 2.21827035248312e-04
3.50500000000000e+00 1.18250722578759e+00 1.18272131275752e+00 2.14086969926752e-04
3.51000000000000e+00 1.21475855378377e+00 1.21496374848942e+00 2.05194705648282e-04
3.51500000000000e+00 1.24894267301017e+00 1.24913931233114e+00 1.96639320966696e-04
3.52000000000000e+00 1.28485686266624e+00 1.28504636916085e+00 1.89506494611802e-04
3.52500000000000e+00 1.32228902137891e+00 1.32247332361861e+00 1.84302239698786e-04
3.53000000000000e+00 1.36101907309307e+00 1.36119992224821e+00 1.80849155135387e-04
3.53500000000000e+00 1.40082033535190e+00 1.40099860884315e+00 1.78273491248992e-04
3.54000000000000e+00 1.44146083629575e+00 1.44163592464141e+00 1.75088345662822e-04
3.54500000000000e+00 1.48270458115502e+00 1.48287394473691e+00 1.69363581892679e-04
3.55000000000000e+00 1.52431278272867e+00 1.52447174185242e+00 1.58959123749192e-04
3.55500000000000e+00 1.56604508072072e+00 1.56618686845015e+00 1.41787729426524e-04
3.56000000000000e+00 1.60766077972626e+00 1.60777684804300e+00 1.16068316738938e-04
3.56500000000000e+00 1.64892013396824e+00 1.64900066651302e+00 8.05325447807981e-05
3.57000000000000e+00 1.68958569873634e+00 1.68962025424335e+00 3.45555070075942e-05
3.57500000000000e+00 1.72942375534184e+00 1.72940194992690e+00 2.18054149401237e-05
3.58000000000000e+00 1.76820580079244e+00 1.76811793702778e+00 8.78637646539726e-05
3.58500000000000e+00 1.80571007832788e+00 1.80554764404025e+00 1.62434287636515e-04
3.59000000000000e+00 1.84172311331283e+00 1.84147909991322e+00 2.44013399602006e-04
3.59500000000000e+00 1.87604121287430e+00 1.87571023628478e+00 3.30976589521637e-04
3.60000000000000e+00 1.90847188804298e+00 1.90805012849909e+00 4.21759543891120e-04
3.60500000000000e+00 1.93883516365068e+00 1.93832016775567e+00 5.14995895011250e-04
3.61000000000000e+00 1.96696475233907e+00 1.96635515716554e+00 6.09595173524324e-04
3.61500000000000e+00 1.99270908245844e+00 1.99200432495795e+00 7.04757500491704e-04
3.62000000000000e+00 2.01593218280807e+00 2.01513224859221e+00 7.99934215858222e-04
3.62500000000000e+00 2.03651443772582e+00 2.03561968407860e+00 8.94753647227908e-04
3.63000000000000e+00 2.05435323221305e+00 2.05336429539657e+00 9.88936816486596e-04
3.63500000000000e+00 2.06936350767438e+00 2.06828127951470e+00 1.08222815967940e-03
3.64000000000000e+00 2.08147824450209e+00 2.08030388316029e+00 1.17436134180116e-03
3.64500000000000e+00 2.09064887908034e+00 2.08938380815405e+00 1.26507092629113e-03
3.65000000000000e+00 2.09684565150497e+00 2.09549150281253e+00 1.35414869244777e-03
3.65500000000000e+00 2.10005786859577e+00 2.09861633762302e+00 1.44153097274913e-03
3.66000000000000e+00 2.10029405701910e+00 2.09876666410972e+00 1.52739290937864e-03
3.66500000000000e+00 2.09758197582582e+00 2.09596975652967e+00 1.61221929614364e-03
3.67000000000000e+00 2.09196845825649e+00 2.09027163675968e+00 1.69682149680472e-03
3.67500000000000e+00 2.08351906025806e+00 2.08173678345563e+00 1.78227680242893e-03
3.68000000000000e+00 2.07231750761261e+00 2.07044772727895e+00 1.86978033365826e-03
3.68500000000000e+00 2.05846495332708e+00 2.05650453468774e+00 1.96041863933782e-03
3.69000000000000e+00 2.04207907894061e+00 2.04002418347677e+00 2.05489546384063e-03
3.69500000000000e+00 2.02329309339590e+00 2.02113983391842e+00 2.15325947747713e-03
3.70000000000000e+00 2.00225469611833e+00 2.00000000000000e+00 2.25469611832452e-03
3.70500000000000e+00 1.97912507220604e+00 1.97676762586894e+00 2.35744633710144e-03
3.71000000000000e+00 1.95407797386448e+00 1.95161907318189e+00 2.45890068258259e-03
3.71500000000000e+00 1.92729891292083e+00 1.92474302560309e+00 2.55588731773582e-03
3.72000000000000e+00 1.89898444782544e+00 1.89633931720795e+00 2.64513061749350e-03
3.72500000000000e+00 1.86934150269421e+00 1.86661769201745e+00 2.72381067675842e-03
3.73000000000000e+00 1.83858661693106e+00 1.83579650231313e+00 2.79011461792567e-03
3.73500000000000e+00 1.80694500441619e+00 1.80410135376010e+00 2.84365065608738e-03
3.74000000000000e+00 1.77464931161262e+00 1.77176370569363e+00 2.88560591898745e-03
3.74500000000000e+00 1.74193800845050e+00 1.73901943520098e+00 2.91857324951517e-03
3.75000000000000e+00 1.70905341919242e+00 1.70610737385376e+00 2.94604533865805e-03
3.75500000000000e+00 1.67623948699249e+00 1.67326782611444e+00 2.97166087804812e-03
3.76000000000000e+00 1.64373944228344e+00 1.64074107855382e+00 2.99836372962137e-03
3.76500000000000e+00 1.61179358701503e+00 1.60876590907298e+00 3.02767794204417e-03
3.77000000000000e+00 1.58063739678729e+00 1.57757810532303e+00 3.05929146425865e-03
3.77500000000000e+00 1.55050007802697e+00 1.54740900145948e+00 3.09107656748786e-03
3.78000000000000e+00 1.52160361164958e+00 1.51848404225504e+00 3.11956939453473e-03
3.78500000000000e+00 1.49416219619594e+00 1.49102138342582e+00 3.14081277012157e-03
3.79000000000000e+00 1.46838190567843e+00 1.46523053680291e+00 3.15136887552003e-03
3.79500000000000e+00 1.44446032832928e+00 1.44131106870462e+00 3.14925962465784e-03
3.80000000000000e+00 1.42258596570455e+00 1.41945135953695e+00 3.13460616759786e-03
3.80500000000000e+00 1.40293724250486e+00 1.39982743227203e+00 3.10981023283197e-03
3.81000000000000e+00 1.38568108550118e+00 1.38260185702999e+00 3.07922847119135e-03
3.81500000000000e+00 1.37097114590100e+00 1.36792273852040e+00 3.04840738059964e-03
3.82000000000000e+00 1.35894583452593e+00 1.35592279258843e+00 3.02304193750191e-03
3.82500000000000e+00 1.34972639256292e+00 1.34671851756181e+00 3.00787500110822e-03
3.83000000000000e+00 1.34341522403114e+00 1.34040946551008e+00 3.00575852105411e-03
3.83500000000000e+00 1.34009467369232e+00 1.33707761791153e+00 3.01705578078693e-03
3.84000000000000e+00 1.33982635967034e+00 1.33678686957979e+00 3.03949009055704e-03
3.84500000000000e+00 1.34265108202202e+00 1.33958262403436e+00 3.06845798765676e-03
3.85000000000000e+00 1.34858924526287e+00 1.34549150281253e+00 3.09774245033889e-03
3.85500000000000e+00 1.35764166883640e+00 1.35452117051728e+00 3.12049831911554e-03
3.86000000000000e+00 1.36979062318625e+00 1.36666027668282e+00 3.13034650343602e-03
3.86500000000000e+00 1.38500092257038e+00 1.38187851481848e+00 3.12240775190564e-03
3.87000000000000e+00 1.40322092577653e+00 1.40012679826999e+00 3.09412750653548e-03
3.87500000000000e+00 1.42438333549802e+00 1.42133755181640e+00 3.04578368161845e-03
3.88000000000000e+00 1.44840573758279e+00 1.44542511720754e+00 2.98062037524938e-03
3.88500000000000e+00 1.47519087391828e+00 1.47228627014469e+00 2.90460377358936e-03
3.89000000000000e+00 1.50462668988721e+00 1.50180084551966e+00 2.82584436754685e-03
3.89500000000000e+00 1.53658623372607e+00 1.53383246706028e+00 2.75376666579019e-03
3.90000000000000e+00 1.57092750772760e+00 1.56822937688661e+00 2.69813084098747e-03
3.90500000000000e+00 1.60749337931834e+00 1.60482535986612e+00 2.66801945222239e-03
3.91000000000000e+00 1.64611165478458e+00 1.64344075707161e+00 2.67089771297302e-03
3.91500000000000e+00 1.68659540234374e+00 1.68388356209650e+00 2.71184024723814e-03
3.92000000000000e+00 1.72874358766384e+00 1.72595059347097e+00 2.79299419287482e-03
3.92500000000000e+00 1.77234205734317e+00 1.76942873595353e+00 2.91332138963374e-03
3.93000000000000e+00 1.81716487756505e+00 1.81409624304787e+00 3.06863451718375e-03
3.93500000000000e+00 1.86297600888769e+00 1.85972409271722e+00 3.25191617046894e-03
3.94000000000000e+00 1.90953127593414e+00 1.90607738794081e+00 3.45388799333013e-03
3.94500000000000e+00 1.95658057386302e+00 1.95291679348016e+00 3.66378038286030e-03
3.95000000000000e+00 2.00387024244265e+00 2.00000000000000e+00 3.87024244265155e-03
3.95500000000000e+00 2.05114553323089e+00 2.04708320651983e+00 4.06232671105933e-03
3.96000000000000e+00 2.09815309522759e+00 2.09392261205918e+00 4.23048316841390e-03
3.96500000000000e+00 2.14464340856446e+00 2.14027590728278e+00 4.36750128167684e-03
3.97000000000000e+00 2.19037310332145e+00 2.18590375695213e+00 4.46934636932239e-03
3.97500000000000e+00 2.23510711036869e+00 2.23057126404647e+00 4.53584632221737e-03
3.98000000000000e+00 2.27862060224534e+00 2.27404940652903e+00 4.57119571630926e-03
3.98500000000000e+00 2.32070069363863e+00 2.31611643790350e+00 4.58425573512855e-03
3.99000000000000e+00 2.36114788230425e+00 2.35655924292839e+00 4.58863937586562e-03
3.99500000000000e+00 2.39977722172900e+00 2.39517464013388e+00 4.60258159512117e-03
4.00000000000000e+00 2.43641922609420e+00 2.43177062311338e+00 4.64860298081726e-03
