variables = x, value-predict, value-true, error
0.00000000000000e+00 2.43176111993171e+00 2.43177062311339e+00 9.50318167713959e-06
5.00000000000000e-03 2.46615087468952e+00 2.46616753293972e+00 1.66582502050261e-05
1.00000000000000e-02 2.49817742460243e+00 2.49819915448034e+00 2.17298779037201e-05
1.50000000000000e-02 2.52769036250044e+00 2.52771372985530e+00 2.33673548604152e-05
2.00000000000000e-02 2.55455333285797e+00 2.55457488279246e+00 2.15499344839998e-05
2.50000000000000e-02 2.57864537572881e+00 2.57866244818360e+00 1.70724547907675e-05
3.00000000000000e-02 2.59986207558642e+00 2.59987320173000e+00 1.11261435842280e-05
3.50000000000000e-02 2.61811650852129e+00 2.61812148518152e+00 4.97666023457910e-06
4.00000000000000e-02 2.63333998716591e+00 2.63333972331718e+00 2.63848721981930e-07
4.50000000000000e-02 2.64548260788007e+00 2.64547882948272e+00 3.77839735499208e-06
5.00000000000000e-02 2.65451360891704e+00 2.65450849718747e+00 5.11172956141337e-06
5.50000000000000e-02 2.66042155138069e+00 2.66041737596564e+00 4.17541505592922e-06
6.00000000000000e-02 2.66321433674339e+00 2.66321313042021e+00 1.20632317912595e-06
6.50000000000000e-02 2.66291907557569e+00 2.66292238208847e+00 3.30651277735683e-06
7.00000000000000e-02 2.65958182206671e+00 2.65959053448992e+00 8.71242321043297e-06
7.50000000000000e-02 2.65326718806084e+00 2.65328148243819e+00 1.42943773520088e-05
8.00000000000000e-02 2.64405784890876e+00 2.64407720741157e+00 1.93585028100962e-05
8.50000000000000e-02 2.63205395164384e+00 2.63207726147960e+00 2.33098357562689e-05
9.00000000000000e-02 2.61737243405815e+00 2.61739814297001e+00 2.57089118638198e-05
9.50000000000000e-02 2.60014626135322e+00 2.60017256772797e+00 2.63063747532044e-05
1.00000000000000e-01 2.58052358533557e+00 2.58054864046305e+00 2.50551274780797e-05
1.05000000000000e-01 2.55866682973493e+00 2.55868893129538e+00 2.21015604489061e-05
1.10000000000000e-01 2.53475170422379e+00 2.53476946319709e+00 1.77589733016958e-05
1.15000000000000e-01 2.50896614915030e+00 2.50897861657418e+00 1.24674238759503e-05
1.20000000000000e-01 2.48150921286836e+00 2.48151595774496e+00 6.74487659946266e-06
1.25000000000000e-01 2.45258986383350e+00 2.45259099854052e+00 1.13470702345353e-06
1.30000000000000e-01 2.42242574028001e+00 2.42242189467697e+00 3.84560303512416e-06
1.35000000000000e-01 2.39124184123546e+00 2.39123409092702e+00 7.75030844346603e-06
1.40000000000000e-01 2.35926916378154e+00 2.35925892144618e+00 1.02423353638414e-05
1.45000000000000e-01 2.32674329274712e+00 2.32673217388556e+00 1.11188615545821e-05
1.50000000000000e-01 2.29390295033220e+00 2.29389262614624e+00 1.03241859590320e-05
1.55000000000000e-01 2.26098851442467e+00 2.26098056479902e+00 7.94962564842905e-06
1.60000000000000e-01 2.22824051550865e+00 2.22823629430637e+00 4.22120227350220e-06
1.65000000000000e-01 2.19589812300921e+00 2.19589864623990e+00 5.23230690774312e-07
1.70000000000000e-01 2.16419763262230e+00 2.16420349768687e+00 5.86506457400660e-06
1.75000000000000e-01 2.13337096660599e+00 2.13338230798255e+00 1.13413765574499e-05
1.80000000000000e-01 2.10364419914345e+00 2.10366068279205e+00 1.64836486038489e-05
1.85000000000000e-01 2.07523611872753e+00 2.07525697439691e+00 2.08556693852557e-05
1.90000000000000e-01 2.04835683907891e+00 2.04838092681811e+00 2.40877391970429e-05
1.95000000000000e-01 2.02320646942265e+00 2.02323237413107e+00 2.59047084187891e-05
2.00000000000000e-01 1.99997385405423e+00 2.00000000000000e+00 2.61459457653324e-05
2.05000000000000e-01 1.97883539007520e+00 1.97886016608158e+00 2.47760063742941e-05
2.10000000000000e-01 1.95995393102406e+00 1.95997581652323e+00 2.18854991682615e-05
2.15000000000000e-01 1.94347778292698e+00 1.94349546531226e+00 1.76823852793273e-05
2.20000000000000e-01 1.92953979809726e+00 1.92955227272105e+00 1.24746237895046e-05
2.25000000000000e-01 1.91825657087070e+00 1.91826321654437e+00 6.64567367381075e-06
2.30000000000000e-01 1.90972773841558e+00 1.90972836324032e+00 6.24824735950824e-07
2.35000000000000e-01 1.90403538883047e+00 1.90403024347033e+00 5.14536014328826e-06
2.40000000000000e-01 1.90124357795887e+00 1.90123333589028e+00 1.02420685952342e-05
2.45000000000000e-01 1.90139795571428e+00 1.90138366237698e+00 1.42933373004084e-05
2.50000000000000e-01 1.90452550221713e+00 1.90450849718747e+00 1.70050296550706e-05
2.55000000000000e-01 1.91063437368336e+00 1.91061619184595e+00 1.81818374151987e-05
2.60000000000000e-01 1.91971385774879e+00 1.91969611683971e+00 1.77409090740266e-05
2.65000000000000e-01 1.93173443773480e+00 1.93171872048530e+00 1.57172495001134e-05
2.70000000000000e-01 1.94664796522628e+00 1.94663570460343e+00 1.22606228467603e-05
2.75000000000000e-01 1.96438794020509e+00 1.96438031592140e+00 7.62428368927814e-06
2.80000000000000e-01 1.98486989782862e+00 1.98486775140779e+00 2.14642083262717e-06
2.85000000000000e-01 2.00799190073043e+00 2.00799567504205e+00 3.77431162368325e-06
2.90000000000000e-01 2.03363513542271e+00 2.03364484283446e+00 9.70741175265744e-06
2.95000000000000e-01 2.06166461097832e+00 2.06167983224433e+00 1.52212660138318e-05
3.00000000000000e-01 2.09192995765253e+00 2.09194987150091e+00 1.99138483818473e-05
3.05000000000000e-01 2.12426632246836e+00 2.12428976371522e+00 2.34412468507195e-05
3.10000000000000e-01 2.15849535804211e+00 2.15852090008677e+00 2.55420446655386e-05
3.15000000000000e-01 2.19442630008146e+00 2.19445235595975e+00 2.60558782874121e-05
3.20000000000000e-01 2.23185712807334e+00 2.23188206297222e+00 2.49348988781151e-05
3.25000000000000e-01 2.27057580272032e+00 2.27059805007310e+00 2.22473527822231e-05
3.30000000000000e-01 2.31036157272037e+00 2.31037974575665e+00 1.81730362784904e-05
3.35000000000000e-01 2.35098634255197e+00 2.35099933348698e+00 1.29909350099489e-05
3.40000000000000e-01 2.39221609206434e+00 2.39222315195700e+00 7.05989265847862e-06
3.45000000000000e-01 2.43381233791863e+00 2.43381313154985e+00 7.93631222961722e-07
3.50000000000000e-01 2.47553362631226e+00 2.47552825814758e+00 5.36816467988643e-06
3.55000000000000e-01 2.51713704597431e+00 2.51712605526309e+00 1.09907112193497e-05
3.60000000000000e-01 2.55837975016313e+00 2.55836407535859e+00 1.56748045472277e-05
3.65000000000000e-01 2.59902047634064e+00 2.59900139115685e+00 1.90851837875705e-05
3.70000000000000e-01 2.63882105234071e+00 2.63880007775179e+00 2.09745889216961e-05
3.75000000000000e-01 2.67754787818566e+00 2.67752667638138e+00 2.12018042806683e-05
3.80000000000000e-01 2.71497337321522e+00 2.71495363083915e+00 1.97423760734949e-05
3.85000000000000e-01 2.75087737885262e+00 2.75086068766886e+00 1.66911837622408e-05
3.90000000000000e-01 2.78504850810943e+00 2.78503625151058e+00 1.22565988487366e-05
3.95000000000000e-01 2.81728543378693e+00 2.81727868724248e+00 6.74654444621225e-06
4.00000000000000e-01 2.84739810822773e+00 2.84739756089084e+00 5.47336886924654e-07
4.05000000000000e-01 2.87520890836649e+00 2.87521481165829e+00 5.90329180427673e-06
4.10000000000000e-01 2.90055370068462e+00 2.90056584784471e+00 1.21471600889045e-05
4.15000000000000e-01 2.92328282145776e+00 2.92330055990464e+00 1.77384468758035e-05
4.20000000000000e-01 2.94326196836798e+00 2.94328424439572e+00 2.22760277450718e-05
4.25000000000000e-01 2.96037300011796e+00 2.96039843312221e+00 2.54330042421813e-05
4.30000000000000e-01 2.97451464112051e+00 2.97454162236171e+00 2.69812412052595e-05
4.35000000000000e-01 2.98560308864625e+00 2.98562989767982e+00 2.68090335775462e-05
4.40000000000000e-01 2.99357252000630e+00 2.99359745048043e+00 2.49304741375411e-05
4.45000000000000e-01 2.99837549744667e+00 2.99839698310739e+00 2.14856607256841e-05
4.50000000000000e-01 2.99998326846931e+00 3.00000000000000e+00 1.67315306915938e-05
4.55000000000000e-01 2.99838595930877e+00 2.99839698310739e+00 1.10237986254980e-05
4.60000000000000e-01 2.99359265932776e+00 2.99359745048043e+00 4.79115266971419e-06
4.65000000000000e-01 2.98563139419517e+00 2.98562989767982e+00 1.49651534275819e-06
4.70000000000000e-01 2.97454898592126e+00 2.97454162236171e+00 7.36355954877865e-06
4.75000000000000e-01 2.96041079818739e+00 2.96039843312221e+00 1.23650651850937e-05
4.80000000000000e-01 2.94330036595195e+00 2.94328424439572e+00 1.61215562233252e-05
4.85000000000000e-01 2.92331890906148e+00 2.92330055990464e+00 1.83491568486183e-05
4.90000000000000e-01 2.90058473054955e+00 2.90056584784471e+00 1.88827048339668e-05
4.95000000000000e-01 2.87523250145314e+00 2.87521481165829e+00 1.76897948471755e-05
5.00000000000000e-01 2.84741243528787e+00 2.84739756089084e+00 1.48743970225240e-05
5.05000000000000e-01 2.81728935674823e+00 2.81727868724248e+00 1.06695057553452e-05
5.10000000000000e-01 2.78504167067687e+00 2.78503625151058e+00 5.41916628460370e-06
5.15000000000000e-01 2.75086023879831e+00 2.75086068766886e+00 4.48870551394975e-07
5.20000000000000e-01 2.71494717305988e+00 2.71495363083915e+00 6.45777926999713e-06
5.25000000000000e-01 2.67751455558097e+00 2.67752667638138e+00 1.21208004153495e-05
5.30000000000000e-01 2.63878309611125e+00 2.63880007775179e+00 1.69816405422019e-05
5.35000000000000e-01 2.59898073847918e+00 2.59900139115685e+00 2.06526776733718e-05
5.40000000000000e-01 2.55834122774031e+00 2.55836407535859e+00 2.28476182764226e-05
5.45000000000000e-01 2.51710264960149e+00 2.51712605526309e+00 2.34056616013056e-05
5.50000000000000e-01 2.47550595322599e+00 2.47552825814758e+00 2.23049215861693e-05
5.55000000000000e-01 2.43379346776671e+00 2.43381313154985e+00 1.96637831417767e-05
5.60000000000000e-01 2.39220742200986e+00 2.39222315195700e+00 1.57299471390537e-05
5.65000000000000e-01 2.35098847543893e+00 2.35099933348698e+00 1.08580480486786e-05
5.70000000000000e-01 2.31037426795624e+00 2.31037974575665e+00 5.47780041282309e-06
5.75000000000000e-01 2.27059799453625e+00 2.27059805007310e+00 5.55368484533858e-08
5.80000000000000e-01 2.23188701032638e+00 2.23188206297222e+00 4.94735416056713e-06
5.85000000000000e-01 2.19446147122792e+00 2.19445235595975e+00 9.11526817048980e-06
5.90000000000000e-01 2.15853301482278e+00 2.15852090008677e+00 1.21147360045981e-05
5.95000000000000e-01 2.12430348665994e+00 2.12428976371522e+00 1.37229447272347e-05
6.00000000000000e-01 2.09196371734313e+00 2.09194987150091e+00 1.38458422203058e-05
6.05000000000000e-01 2.06169235649246e+00 2.06167983224433e+00 1.25242481314736e-05
6.10000000000000e-01 2.03365477038951e+00 2.03364484283446e+00 9.92755504913845e-06
6.15000000000000e-01 2.00800201083729e+00 2.00799567504205e+00 6.33579524356165e-06
6.20000000000000e-01 1.98486986335723e+00 1.98486775140779e+00 2.11194944088611e-06
6.25000000000000e-01 1.96437798319272e+00 1.96438031592140e+00 2.33272868133128e-06
6.30000000000000e-01 1.94662912761134e+00 1.94663570460343e+00 6.57699209405394e-06
6.35000000000000e-01 1.93170849264014e+00 1.93171872048530e+00 1.02278451563631e-05
6.40000000000000e-01 1.91968316162104e+00 1.91969611683971e+00 1.29552186687310e-05
6.45000000000000e-01 1.91060167185917e+00 1.91061619184595e+00 1.45199867747081e-05
6.50000000000000e-01 1.90449370422085e+00 1.90450849718747e+00 1.47929666212132e-05
6.55000000000000e-01 1.90136989890692e+00 1.90138366237698e+00 1.37634700578815e-05
6.60000000000000e-01 1.90122179888891e+00 1.90123333589028e+00 1.15370013649141e-05
6.65000000000000e-01 1.90402192075994e+00 1.90403024347033e+00 8.32271038286869e-06
6.70000000000000e-01 1.90972395112346e+00 1.90972836324032e+00 4.41211686030840e-06
6.75000000000000e-01 1.91826306520591e+00 1.91826321654437e+00 1.51338461984452e-07
6.80000000000000e-01 1.92955636319614e+00 1.92955227272105e+00 4.09047509708493e-06
6.85000000000000e-01 1.94350341891515e+00 1.94349546531226e+00 7.95360289007618e-06
6.90000000000000e-01 1.95998693480861e+00 1.95997581652323e+00 1.11182853794745e-05
6.95000000000000e-01 1.97887349690609e+00 1.97886016608158e+00 1.33308245098274e-05
7.00000000000000e-01 2.00001442326052e+00 2.00000000000000e+00 1.44232605236994e-05
7.05000000000000e-01 2.02324669941152e+00 2.02323237413106e+00 1.43252804520877e-05
7.10000000000000e-01 2.04839399454082e+00 2.04838092681811e+00 1.30677227159204e-05
7.15000000000000e-01 2.07526775214726e+00 2.07525697439691e+00 1.07777503512985e-05
7.20000000000000e-01 2.10366834920604e+00 2.10366068279205e+00 7.66641398763923e-06
7.25000000000000e-01 2.13338631785251e+00 2.13338230798255e+00 4.00986995963137e-06
7.30000000000000e-01 2.16420362361604e+00 2.16420349768687e+00 1.25929169314531e-07
7.35000000000000e-01 2.19589499411270e+00 2.19589864623990e+00 3.65212720154773e-06
7.40000000000000e-01 2.22822929188704e+00 2.22823629430637e+00 7.00241933238033e-06
7.45000000000000e-01 2.26097092478389e+00 2.26098056479902e+00 9.64001512793189e-06
7.50000000000000e-01 2.29388128684789e+00 2.29389262614624e+00 1.13392983429605e-05
7.55000000000000e-01 2.32672022231285e+00 2.32673217388556e+00 1.19515727150521e-05
7.60000000000000e-01 2.35924750477644e+00 2.35925892144618e+00 1.14166697451346e-05
7.65000000000000e-01 2.39122432318025e+00 2.39123409092702e+00 9.76774676653136e-06
7.70000000000000e-01 2.42241476575120e+00 2.42242189467697e+00 7.12892577503510e-06
7.75000000000000e-01 2.45258729262919e+00 2.45259099854052e+00 3.70591132581310e-06
7.80000000000000e-01 2.48151618753038e+00 2.48151595774496e+00 2.29785422245499e-07
7.85000000000000e-01 2.50898297849898e+00 2.50897861657418e+00 4.36192480135489e-06
7.90000000000000e-01 2.53477781761234e+00 2.53476946319709e+00 8.35441524094094e-06
7.95000000000000e-01 2.55870080945195e+00 2.55868893129538e+00 1.18781565712212e-05
8.00000000000000e-01 2.58056327826719e+00 2.58054864046305e+00 1.46378041376849e-05
8.05000000000000e-01 2.60018896406391e+00 2.60017256772797e+00 1.63963359334218e-05
8.10000000000000e-01 2.61741513836449e+00 2.61739814297001e+00 1.69953944757495e-05
8.15000000000000e-01 2.63209363111466e+00 2.63207726147960e+00 1.63696350639064e-05
8.20000000000000e-01 2.64409176114610e+00 2.64407720741157e+00 1.45537345299651e-05
8.25000000000000e-01 2.65329316371424e+00 2.65328148243819e+00 1.16812760508900e-05
8.30000000000000e-01 2.65959850987504e+00 2.65959053448992e+00 7.97538512697926e-06
8.35000000000000e-01 2.66292611378300e+00 2.66292238208847e+00 3.73169452982935e-06
8.40000000000000e-01 2.66321242531864e+00 2.66321313042021e+00 7.05101579345779e-07
8.45000000000000e-01 2.66041240671713e+00 2.66041737596564e+00 4.96924850690306e-06
8.50000000000000e-01 2.65449979300493e+00 2.65450849718747e+00 8.70418254184102e-06
8.55000000000000e-01 2.64546723700564e+00 2.64547882948272e+00 1.15924770804909e-05
8.60000000000000e-01 2.63332634041496e+00 2.63333972331718e+00 1.33829022246346e-05
8.65000000000000e-01 2.61810757295485e+00 2.61812148518153e+00 1.39122266800129e-05
8.70000000000000e-01 2.59986008190914e+00 2.59987320173000e+00 1.31198208630501e-05
8.75000000000000e-01 2.57865139445136e+00 2.57866244818360e+00 1.10537322348669e-05
8.80000000000000e-01 2.55456701515023e+00 2.55457488279246e+00 7.86764222659997e-06
8.85000000000000e-01 2.52770992094530e+00 2.52771372985530e+00 3.80890999718275e-06
8.90000000000000e-01 2.49819995579310e+00 2.49819915448034e+00 8.01312764586726e-07
8.95000000000000e-01 2.46617312716097e+00 2.46616753293972e+00 5.59422125379072e-06
9.00000000000000e-01 2.43178080665138e+00 2.43177062311339e+00 1.01835379875403e-05
9.05000000000000e-01 2.39518883731527e+00 2.39517464013388e+00 1.41971813909514e-05
9.10000000000000e-01 2.35657655068601e+00 2.35655924292839e+00 1.73077576182123e-05
9.15000000000000e-01 2.31613569723555e+00 2.31611643790350e+00 1.92593320540446e-05
9.20000000000000e-01 2.27406929480589e+00 2.27404940652903e+00 1.98882768653874e-05
9.25000000000000e-01 2.23059040056121e+00 2.23057126404647e+00 1.91365147417244e-05
9.30000000000000e-01 2.18592081308845e+00 2.18590375695213e+00 1.70561363201926e-05
9.35000000000000e-01 2.14028971238199e+00 2.14027590728277e+00 1.38050992148919e-05
9.40000000000000e-01 2.09393224651502e+00 2.09392261205918e+00 9.63445584334366e-06
9.45000000000000e-01 2.04708807476128e+00 2.04708320651983e+00 4.86824145262688e-06
9.50000000000000e-01 1.99999987772794e+00 2.00000000000000e+00 1.22272061808815e-07
9.55000000000000e-01 1.95291184564878e+00 1.95291679348017e+00 4.94783138460519e-06
9.60000000000000e-01 1.90606815633591e+00 1.90607738794082e+00 9.23160491006492e-06
9.65000000000000e-01 1.85971145438535e+00 1.85972409271723e+00 1.26383318814760e-05
9.70000000000000e-01 1.81408134308050e+00 1.81409624304787e+00 1.48999673699191e-05
9.75000000000000e-01 1.76941290005792e+00 1.76942873595353e+00 1.58358956168225e-05
9.80000000000000e-01 1.72593522722385e+00 1.72595059347097e+00 1.53662471185090e-05
9.85000000000000e-01 1.68387004468104e+00 1.68388356209650e+00 1.35174154607398e-05
9.90000000000000e-01 1.64343033759009e+00 1.64344075707161e+00 1.04194815242487e-05
9.95000000000000e-01 1.60481906399877e+00 1.60482535986612e+00 6.29586734812726e-06
1.00000000000000e+00 1.56822793077325e+00 1.56822937688661e+00 1.44611336150291e-06
1.00500000000000e+00 1.53383624389884e+00 1.53383246706028e+00 3.77683856567224e-06
1.01000000000000e+00 1.50180983862019e+00 1.50180084551966e+00 8.99310052937530e-06
1.01500000000000e+00 1.47230009418477e+00 1.47228627014470e+00 1.38240400675560e-05
1.02000000000000e+00 1.44544303735529e+00 1.44542511720755e+00 1.79201477399360e-05
1.02500000000000e+00 1.42135853836870e+00 1.42133755181640e+00 2.09865522942110e-05
1.03000000000000e+00 1.40014960263654e+00 1.40012679827000e+00 2.28043665488897e-05
1.03500000000000e+00 1.38190176118945e+00 1.38187851481848e+00 2.32463709766151e-05
1.04000000000000e+00 1.36668256264508e+00 1.36666027668282e+00 2.22859622638349e-05
1.04500000000000e+00 1.35454116929846e+00 1.35452117051728e+00 1.99987811742020e-05
1.05000000000000e+00 1.34550805976578e+00 1.34549150281253e+00 1.65569532506460e-05
1.05500000000000e+00 1.33959484042750e+00 1.33958262403436e+00 1.22163931419728e-05
1.06000000000000e+00 1.33679416768430e+00 1.33678686957979e+00 7.29810451738366e-06
1.06500000000000e+00 1.33707978273299e+00 1.33707761791153e+00 2.16482145187769e-06
1.07000000000000e+00 1.34040666016797e+00 1.34040946551008e+00 2.80534211904993e-06
1.07500000000000e+00 1.34671127119994e+00 1.34671851756181e+00 7.24636187188210e-06
1.08000000000000e+00 1.35591196164952e+00 1.35592279258843e+00 1.08309389026395e-05
1.08500000000000e+00 1.36790944411788e+00 1.36792273852040e+00 1.32944025146298e-05
1.09000000000000e+00 1.38258740286631e+00 1.38260185702999e+00 1.44541636832862e-05
1.09500000000000e+00 1.39981320896803e+00 1.39982743227203e+00 1.42233039985840e-05
1.10000000000000e+00 1.41943874225058e+00 1.41945135953695e+00 1.26172863739171e-05
1.10500000000000e+00 1.44130131545527e+00 1.44131106870462e+00 9.75324934660016e-06
1.11000000000000e+00 1.46522469493717e+00 1.46523053680291e+00 5.84186573804324e-06
1.11500000000000e+00 1.49102021115047e+00 1.49102138342582e+00 1.17227535656461e-06
1.12000000000000e+00 1.51848795115191e+00 1.51848404225504e+00 3.90889687151841e-06
1.12500000000000e+00 1.54741802444395e+00 1.54740900145948e+00 9.02298447202909e-06
1.13000000000000e+00 1.57759189270708e+00 1.57757810532303e+00 1.37873840544422e-05
1.13500000000000e+00 1.60878375336480e+00 1.60876590907298e+00 1.78442918217225e-05
1.14000000000000e+00 1.64076196650695e+00 1.64074107855382e+00 2.08879531322648e-05
1.14500000000000e+00 1.67329051448065e+00 1.67326782611444e+00 2.26883662159949e-05
1.15000000000000e+00 1.70613048344540e+00 1.70610737385376e+00 2.31095916385371e-05
1.15500000000000e+00 1.73904155637116e+00 1.73901943520098e+00 2.21211701831869e-05
1.16000000000000e+00 1.77178350731843e+00 1.77176370569363e+00 1.98016248029731e-05
1.16500000000000e+00 1.80411768734745e+00 1.80410135376010e+00 1.63335873493153e-05
1.17000000000000e+00 1.83580849302525e+00 1.83579650231313e+00 1.19907121205465e-05
1.17500000000000e+00 1.86662480918995e+00 1.86661769201745e+00 7.11717249712862e-06
1.18000000000000e+00 1.89634141834651e+00 1.89633931720795e+00 2.10113855803051e-06
1.18500000000000e+00 1.92474036975896e+00 1.92474302560309e+00 2.65584412550979e-06
1.19000000000000e+00 1.95161230192729e+00 1.95161907318189e+00 6.77125459991323e-06
1.19500000000000e+00 1.97675771265141e+00 1.97676762586894e+00 9.91321752530361e-06
1.20000000000000e+00 1.99998817126260e+00 2.00000000000000e+00 1.18287374009096e-05
1.20500000000000e+00 2.02112746782230e+00 2.02113983391842e+00 1.23660961253158e-05
1.21000000000000e+00 2.04001269414737e+00 2.04002418347677e+00 1.14893294007601e-05
1.21500000000000e+00 2.05649525142980e+00 2.05650453468774e+00 9.28325794546936e-06
1.22000000000000e+00 2.07044177900551e+00 2.07044772727895e+00 5.94827344313487e-06
1.22500000000000e+00 2.08173499853669e+00 2.08173678345563e+00 1.78491893354504e-06
1.23000000000000e+00 2.09027446756253e+00 2.09027163675968e+00 2.83080284280146e-06
1.23500000000000e+00 2.09597723611591e+00 2.09596975652967e+00 7.47958623570355e-06
1.24000000000000e+00 2.09877839997389e+00 2.09876666410972e+00 1.17358641702481e-05
1.24500000000000e+00 2.09863154418376e+00 2.09861633762302e+00 1.52065607430529e-05
1.25000000000000e+00 2.09550907085328e+00 2.09549150281253e+00 1.75680407537016e-05
1.25500000000000e+00 2.08940240586380e+00 2.08938380815405e+00 1.85977097526546e-05
1.26000000000000e+00 2.08032208018736e+00 2.08030388316029e+00 1.81970270696219e-05
1.26500000000000e+00 2.06829768285893e+00 2.06828127951470e+00 1.64033442255906e-05
1.27000000000000e+00 2.05337768433464e+00 2.05336429539657e+00 1.33889380755647e-05
1.27500000000000e+00 2.03562913087818e+00 2.03561968407860e+00 9.44679957992633e-06
1.28000000000000e+00 2.01513721265177e+00 2.01513224859221e+00 4.96405955408008e-06
1.28500000000000e+00 1.99200471020874e+00 1.99200432495795e+00 3.85250787715563e-07
1.29000000000000e+00 1.96635132594131e+00 1.96635515716554e+00 3.83122423275317e-06
1.29500000000000e+00 1.93831290858423e+00 1.93832016775567e+00 7.25917143951094e-06
1.30000000000000e+00 1.90804057998540e+00 1.90805012849909e+00 9.54851369194820e-06
1.30500000000000e+00 1.87569977394156e+00 1.87571023628478e+00 1.04623432248818e-05
1.31000000000000e+00 1.84146919692738e+00 1.84147909991323e+00 9.90298585135108e-06
1.31500000000000e+00 1.80553972004774e+00 1.80554764404025e+00 7.92399251148268e-06
1.32000000000000e+00 1.76811321060977e+00 1.76811793702778e+00 4.72641801674278e-06
1.32500000000000e+00 1.72940131049082e+00 1.72940194992690e+00 6.39436084970413e-07
1.33000000000000e+00 1.68962416716143e+00 1.68962025424335e+00 3.91291808710115e-06
1.33500000000000e+00 1.64900912201216e+00 1.64900066651302e+00 8.45549913819355e-06
1.34000000000000e+00 1.60778935972573e+00 1.60777684804300e+00 1.25116827258687e-05
1.34500000000000e+00 1.56620252198795e+00 1.56618686845015e+00 1.56535378001976e-05
1.35000000000000e+00 1.52448928893723e+00 1.52447174185242e+00 1.75470848049475e-05
1.35500000000000e+00 1.48289193243616e+00 1.48287394473691e+00 1.79876992472128e-05
1.36000000000000e+00 1.44165284644890e+00 1.44163592464141e+00 1.69218074836941e-05
1.36500000000000e+00 1.40101306139480e+00 1.40099860884315e+00 1.44525516510008e-05
1.37000000000000e+00 1.36121075113617e+00 1.36119992224821e+00 1.08288879574481e-05
1.37500000000000e+00 1.32247974303025e+00 1.32247332361862e+00 6.41941162848880e-06
1.38000000000000e+00 1.28504804301698e+00 1.28504636916085e+00 1.67385612348525e-06
1.38500000000000e+00 1.24913638883626e+00 1.24913931233114e+00 2.92349487907018e-06
1.39000000000000e+00 1.21495684503332e+00 1.21496374848942e+00 6.90345609810628e-06
1.39500000000000e+00 1.18271145334696e+00 1.18272131275752e+00 9.85941055708928e-06
1.40000000000000e+00 1.15259095138326e+00 1.15260243910916e+00 1.14877258998725e-05
1.40500000000000e+00 1.12477357122303e+00 1.12478518834171e+00 1.16171186759217e-05
1.41000000000000e+00 1.09942392791931e+00 1.09943415215529e+00 1.02242359778515e-05
1.41500000000000e+00 1.07669200586895e+00 1.07669944009536e+00 7.43422641225067e-06
1.42000000000000e+00 1.05671224896657e+00 1.05671575560428e+00 3.50663770287696e-06
1.42500000000000e+00 1.03960275843910e+00 1.03960156687779e+00 1.19156130429232e-06
1.43000000000000e+00 1.02546460046270e+00 1.02545837763829e+00 6.22282441176125e-06
1.43500000000000e+00 1.01438122419210e+00 1.01437010232018e+00 1.11218719223150e-05
1.44000000000000e+00 1.00641798975221e+00 1.00640254951957e+00 1.54402326422165e-05
1.44500000000000e+00 1.00162180507549e+00 1.00160301689261e+00 1.87881828814795e-05
1.45000000000000e+00 1.00002087019223e+00 1.00000000000000e+00 2.08701922330690e-05
1.45500000000000e+00 1.00162452763705e+00 1.00160301689261e+00 2.15107444434537e-05
1.46000000000000e+00 1.00642321793625e+00 1.00640254951957e+00 2.06684166847992e-05
1.46500000000000e+00 1.01438853958469e+00 1.01437010232018e+00 1.84372645166686e-05
1.47000000000000e+00 1.02547341339749e+00 1.02545837763829e+00 1.50357592034744e-05
1.47500000000000e+00 1.03961235152752e+00 1.03960156687779e+00 1.07846497248154e-05
1.48000000000000e+00 1.05672183168130e+00 1.05671575560428e+00 6.07607702018953e-06
1.48500000000000e+00 1.07670077707242e+00 1.07669944009536e+00 1.33697705129165e-06
1.49000000000000e+00 1.09943114237613e+00 1.09943415215529e+00 3.00977915346223e-06
1.49500000000000e+00 1.12477860537213e+00 1.12478518834171e+00 6.58296958011562e-06
1.50000000000000e+00 1.15259336309365e+00 1.15260243910916e+00 9.07601550892423e-06
1.50500000000000e+00 1.18271103017617e+00 1.18272131275752e+00 1.02825813494967e-05
1.51000000000000e+00 1.21495363577524e+00 1.21496374848942e+00 1.01127141811652e-05
1.51500000000000e+00 1.24913071397797e+00 1.24913931233114e+00 8.59835316990853e-06
1.52000000000000e+00 1.28504048115156e+00 1.28504636916085e+00 5.88800929546274e-06
1.52500000000000e+00 1.32247109224621e+00 1.32247332361862e+00 2.23137240307203e-06
1.53000000000000e+00 1.36120196678465e+00 1.36119992224821e+00 2.04453644103708e-06
1.53500000000000e+00 1.40100517420055e+00 1.40099860884315e+00 6.56535740017894e-06
1.54000000000000e+00 1.44164686739197e+00 1.44163592464141e+00 1.09427505594617e-05
1.54500000000000e+00 1.48288875286783e+00 1.48287394473691e+00 1.48081309219172e-05
1.55000000000000e+00 1.52448958569811e+00 1.52447174185242e+00 1.78438456863717e-05
1.55500000000000e+00 1.56620667761891e+00 1.56618686845015e+00 1.98091687573232e-05
1.56000000000000e+00 1.60779740705715e+00 1.60777684804300e+00 2.05590141464373e-05
1.56500000000000e+00 1.64902072047330e+00 1.64900066651302e+00 2.00539602841499e-05
1.57000000000000e+00 1.68963861521006e+00 1.68962025424335e+00 1.83609667083751e-05
1.57500000000000e+00 1.72941759490736e+00 1.72940194992690e+00 1.56449804578074e-05
1.58000000000000e+00 1.76813008943021e+00 1.76811793702778e+00 1.21524024294661e-05
1.58500000000000e+00 1.80555583208920e+00 1.80554764404025e+00 8.18804894597847e-06
1.59000000000000e+00 1.84148318766303e+00 1.84147909991323e+00 4.08774979976378e-06
1.59500000000000e+00 1.87571042531895e+00 1.87571023628478e+00 1.89034161435231e-07
1.60000000000000e+00 1.90804693095029e+00 1.90805012849909e+00 3.19754880040435e-06
1.60500000000000e+00 1.93831435370797e+00 1.93832016775567e+00 5.81404769905980e-06
1.61000000000000e+00 1.96634768160830e+00 1.96635515716554e+00 7.47555723989990e-06
1.61500000000000e+00 1.99199624108169e+00 1.99200432495795e+00 8.08387626505258e-06
1.62000000000000e+00 2.01512461522588e+00 2.01513224859221e+00 7.63336633458067e-06
1.62500000000000e+00 2.03561347539219e+00 2.03561968407860e+00 6.20868640544003e-06
1.63000000000000e+00 2.05336032061635e+00 2.05336429539657e+00 3.97478021874065e-06
1.63500000000000e+00 2.06828011936118e+00 2.06828127951470e+00 1.16015352658039e-06
1.64000000000000e+00 2.08030584811622e+00 2.08030388316029e+00 1.96495592685864e-06
1.64500000000000e+00 2.08938892164301e+00 2.08938380815405e+00 5.11348895892993e-06
1.65000000000000e+00 2.09549951009679e+00 2.09549150281253e+00 8.00728426453290e-06
1.65500000000000e+00 2.09862673891394e+00 2.09861633762302e+00 1.04012909187823e-05
1.66000000000000e+00 2.09877876823294e+00 2.09876666410972e+00 1.21041232197250e-05
1.66500000000000e+00 2.09598274969783e+00 2.09596975652967e+00 1.29931681551732e-05
1.67000000000000e+00 2.09028465974354e+00 2.09027163675968e+00 1.30229838584128e-05
1.67500000000000e+00 2.08174900983063e+00 2.08173678345563e+00 1.22263749973150e-05
1.68000000000000e+00 2.07045843551662e+00 2.07044772727895e+00 1.07082376672452e-05
1.68500000000000e+00 2.05651316764919e+00 2.05650453468774e+00 8.63296144881787e-06
1.69000000000000e+00 2.04003039026625e+00 2.04002418347677e+00 6.20678948148878e-06
1.69500000000000e+00 2.02114349092049e+00 2.02113983391842e+00 3.65700206916841e-06
1.70000000000000e+00 2.00000121005601e+00 2.00000000000000e+00 1.21005601450008e-06
1.70500000000000e+00 1.97676669671823e+00 1.97676762586893e+00 9.29150702155823e-07
1.71000000000000e+00 1.95161647826959e+00 1.95161907318189e+00 2.59491230059083e-06
1.71500000000000e+00 1.92473935193204e+00 1.92474302560309e+00 3.67367104292526e-06
1.72000000000000e+00 1.89633520593116e+00 1.89633931720795e+00 4.11127679034173e-06
1.72500000000000e+00 1.86661377784107e+00 1.86661769201745e+00 3.91417638612168e-06
1.73000000000000e+00 1.83579335750153e+00 1.83579650231313e+00 3.14481160046398e-06
1.73500000000000e+00 1.80409944167332e+00 1.80410135376010e+00 1.91208677957633e-06
1.74000000000000e+00 1.77176334747996e+00 1.77176370569363e+00 3.58213669393592e-07
1.74500000000000e+00 1.73902079169447e+00 1.73901943520098e+00 1.35649349286560e-06
1.75000000000000e+00 1.70611044308658e+00 1.70610737385376e+00 3.06923281145899e-06
1.75500000000000e+00 1.67327245533501e+00 1.67326782611444e+00 4.62922057353765e-06
1.76000000000000e+00 1.64074698839806e+00 1.64074107855382e+00 5.90984424353458e-06
1.76500000000000e+00 1.60877272666771e+00 1.60876590907298e+00 6.81759472898058e-06
1.77000000000000e+00 1.57758540265185e+00 1.57757810532303e+00 7.29732882298606e-06
1.77500000000000e+00 1.54741633527630e+00 1.54740900145948e+00 7.33381681738976e-06
1.78000000000000e+00 1.51849099212917e+00 1.51848404225504e+00 6.94987413352166e-06
1.78500000000000e+00 1.49102758505612e+00 1.49102138342582e+00 6.20163030218279e-06
1.79000000000000e+00 1.46523570844598e+00 1.46523053680291e+00 5.17164307467510e-06
1.79500000000000e+00 1.44131502932956e+00 1.44131106870462e+00 3.96062493335236e-06
1.80000000000000e+00 1.41945403806898e+00 1.41945135953695e+00 2.67853203128610e-06
1.80500000000000e+00 1.39982886796706e+00 1.39982743227203e+00 1.43569502930596e-06
1.81000000000000e+00 1.38260219160073e+00 1.38260185702999e+00 3.34570740001539e-07
1.81500000000000e+00 1.36792220110327e+00 1.36792273852040e+00 5.37417131241114e-07
1.82000000000000e+00 1.35592167899896e+00 1.35592279258843e+00 1.11358946819351e-06
1.82500000000000e+00 1.34671716554195e+00 1.34671851756181e+00 1.35201985962397e-06
1.83000000000000e+00 1.34040822782803e+00 1.34040946551008e+00 1.23768205773089e-06
1.83500000000000e+00 1.33707683523494e+00 1.33707761791153e+00 7.82676596422505e-07
1.84000000000000e+00 1.33678684500336e+00 1.33678686957979e+00 2.45764226747269e-08
1.84500000000000e+00 1.33958360099873e+00 1.33958262403436e+00 9.76964372290112e-07
1.85000000000000e+00 1.34549364790223e+00 1.34549150281253e+00 2.14508970053373e-06
1.85500000000000e+00 1.35452456227695e+00 1.35452117051728e+00 3.39175966335148e-06
1.86000000000000e+00 1.36666490115869e+00 1.36666027668282e+00 4.62447586846437e-06
1.86500000000000e+00 1.38188426804294e+00 1.38187851481848e+00 5.75322446616511e-06
1.87000000000000e+00 1.40013349539670e+00 1.40012679827000e+00 6.69712670831046e-06
1.87500000000000e+00 1.42134494212337e+00 1.42133755181640e+00 7.39030697038956e-06
1.88000000000000e+00 1.44543290375800e+00 1.44542511720755e+00 7.78655045685639e-06
1.88500000000000e+00 1.47229413256677e+00 1.47228627014470e+00 7.86242207118093e-06
1.89000000000000e+00 1.50180846416433e+00 1.50180084551967e+00 7.61864466469753e-06
1.89500000000000e+00 1.53383954673535e+00 1.53383246706028e+00 7.07967506929918e-06
1.90000000000000e+00 1.56823566844312e+00 1.56822937688661e+00 6.29155651132862e-06
1.90500000000000e+00 1.60483067811775e+00 1.60482535986612e+00 5.31825163019306e-06
1.91000000000000e+00 1.64344499383249e+00 1.64344075707161e+00 4.23676087502045e-06
1.91500000000000e+00 1.68388669349675e+00 1.68388356209650e+00 3.13140024643666e-06
1.92000000000000e+00 1.72595268111871e+00 1.72595059347097e+00 2.08764774600745e-06
1.92500000000000e+00 1.76942992192615e+00 1.76942873595353e+00 1.18597261744569e-06
1.93000000000000e+00 1.81409673908895e+00 1.81409624304787e+00 4.96041079767195e-07
1.93500000000000e+00 1.85972416437094e+00 1.85972409271723e+00 7.16537187361865e-08
1.94000000000000e+00 1.90607733466183e+00 1.90607738794082e+00 5.32789914409193e-08
1.94500000000000e+00 1.95291692600856e+00 1.95291679348017e+00 1.32528388041564e-07
1.95000000000000e+00 2.00000061648394e+00 2.00000000000000e+00 6.16483943227664e-07
1.95500000000000e+00 2.04708456899813e+00 2.04708320651983e+00 1.36247829818359e-06
1.96000000000000e+00 2.09392492497405e+00 2.09392261205918e+00 2.31291486896268e-06
1.96500000000000e+00 2.14027929966693e+00 2.14027590728277e+00 3.39238415358878e-06
1.97000000000000e+00 2.18590826980750e+00 2.18590375695213e+00 4.51285536984258e-06
1.97500000000000e+00 2.23057684418989e+00 2.23057126404646e+00 5.58014342377788e-06
1.98000000000000e+00 2.27405590781165e+00 2.27404940652903e+00 6.50128261892036e-06
1.98500000000000e+00 2.31612363021697e+00 2.31611643790350e+00 7.19231346701932e-06
1.99000000000000e+00 2.35656682880820e+00 2.35655924292839e+00 7.58587981364300e-06
1.99500000000000e+00 2.39518227809449e+00 2.39517464013388e+00 7.63796060931909e-06
2.00000000000000e+00 2.43177795615642e+00 2.43177062311339e+00 7.33304303413007e-06
2.00500000000000e+00 2.46617422003691e+00 2.46616753293972e+00 6.68709719553462e-06
2.01000000000000e+00 2.49820490232652e+00 2.49819915448034e+00 5.74784618612156e-06
2.01500000000000e+00 2.52771832189324e+00 2.52771372985530e+00 4.59203793390373e-06
2.02000000000000e+00 2.55457820249572e+00 2.55457488279245e+00 3.31970327094311e-06
2.02500000000000e+00 2.57866449388741e+00 2.57866244818359e+00 2.04570381123759e-06
2.03000000000000e+00 2.59987409092959e+00 2.59987320173000e+00 8.89199586406875e-07
2.03500000000000e+00 2.61812144714040e+00 2.61812148518152e+00 3.80411249167878e-08
2.04000000000000e+00 2.63333907996914e+00 2.63333972331718e+00 6.43348037954183e-07
2.04500000000000e+00 2.64547796586250e+00 2.64547882948272e+00 8.63620219337946e-07
2.05000000000000e+00 2.65450782385012e+00 2.65450849718747e+00 6.73337352097292e-07
2.05500000000000e+00 2.66041728690820e+00 2.66041737596564e+00 8.90574383127785e-08
2.06000000000000e+00 2.66321396076218e+00 2.66321313042021e+00 8.30341963187209e-07
2.06500000000000e+00 2.66292437008541e+00 2.66292238208847e+00 1.98799694439700e-06
2.07000000000000e+00 2.65959379227515e+00 2.65959053448992e+00 3.25778523757592e-06
2.07500000000000e+00 2.65328597919078e+00 2.65328148243819e+00 4.49675259650562e-06
2.08000000000000e+00 2.64408276747816e+00 2.64407720741157e+00 5.56006658669617e-06
2.08500000000000e+00 2.63208357843393e+00 2.63207726147960e+00 6.31695433250812e-06
2.09000000000000e+00 2.61740480883418e+00 2.61739814297001e+00 6.66586417397141e-06
2.09500000000000e+00 2.60017911479580e+00 2.60017256772797e+00 6.54706782210468e-06
2.10000000000000e+00 2.58055459157106e+00 2.58054864046305e+00 5.95110801615562e-06
2.10500000000000e+00 2.55869385318373e+00 2.55868893129538e+00 4.92188834888552e-06
2.11000000000000e+00 2.53477301696220e+00 2.53476946319710e+00 3.55376510707828e-06
2.11500000000000e+00 2.50898059925167e+00 2.50897861657418e+00 1.98267749240699e-06
2.12000000000000e+00 2.48151632981215e+00 2.48151595774496e+00 3.72067189502445e-07
2.12500000000000e+00 2.45258989354529e+00 2.45259099854052e+00 1.10499523575669e-06
2.13000000000000e+00 2.42241960914818e+00 2.42242189467697e+00 2.28552879022459e-06
2.13500000000000e+00 2.39123105499056e+00 2.39123409092702e+00 3.03593646178157e-06
2.14000000000000e+00 2.35925565289568e+00 2.35925892144618e+00 3.26855050047925e-06
2.14500000000000e+00 2.32672922055135e+00 2.32673217388556e+00 2.95333421362898e-06
2.15000000000000e+00 2.29389050299699e+00 2.29389262614624e+00 2.12314925063239e-06
2.15500000000000e+00 2.26097969307600e+00 2.26098056479902e+00 8.71723021322879e-07
2.16000000000000e+00 2.22823694999108e+00 2.22823629430637e+00 6.55684704753412e-07
2.16500000000000e+00 2.19590092425948e+00 2.19589864623990e+00 2.27801958185836e-06
2.17000000000000e+00 2.16420729655004e+00 2.16420349768687e+00 3.79886317025679e-06
2.17500000000000e+00 2.13338733720242e+00 2.13338230798255e+00 5.02921987743932e-06
2.18000000000000e+00 2.10366649276874e+00 2.10366068279205e+00 5.80997668597760e-06
2.18500000000000e+00 2.07526300573014e+00 2.07525697439691e+00 6.03133322130134e-06
2.19000000000000e+00 2.04838657363693e+00 2.04838092681811e+00 5.64681882009310e-06
2.19500000000000e+00 2.02323705426405e+00 2.02323237413107e+00 4.68013298249303e-06
2.20000000000000e+00 2.00000322389068e+00 2.00000000000000e+00 3.22389068063700e-06
2.20500000000000e+00 1.97886159639851e+00 1.97886016608158e+00 1.43031693089490e-06
2.21000000000000e+00 1.95997531141831e+00 1.95997581652323e+00 5.05104925885291e-07
2.21500000000000e+00 1.94349310012259e+00 1.94349546531226e+00 2.36518967189348e-06
2.22000000000000e+00 1.92954833736254e+00 1.92955227272105e+00 3.93535850773397e-06
2.22500000000000e+00 1.91825818861310e+00 1.91826321654437e+00 5.02793127132861e-06
2.23000000000000e+00 1.90972285959092e+00 1.90972836324032e+00 5.50364939688741e-06
2.23500000000000e+00 1.90402495545935e+00 1.90403024347033e+00 5.28801097510190e-06
2.24000000000000e+00 1.90122895528417e+00 1.90123333589028e+00 4.38060610541413e-06
2.24500000000000e+00 1.90138080593604e+00 1.90138366237698e+00 2.85644094311088e-06
2.25000000000000e+00 1.90450763805327e+00 1.90450849718747e+00 8.59134202002565e-07
2.25500000000000e+00 1.91061760508960e+00 1.91061619184595e+00 1.41324365232620e-06
2.26000000000000e+00 1.91969984497936e+00 1.91969611683971e+00 3.72813965077157e-06
2.26500000000000e+00 1.93172456264230e+00 1.93171872048530e+00 5.84215699994672e-06
2.27000000000000e+00 1.94664323048167e+00 1.94663570460343e+00 7.52587824126572e-06
2.27500000000000e+00 1.96438890323497e+00 1.96438031592140e+00 8.58731357067377e-06
2.28000000000000e+00 1.98487664301427e+00 1.98486775140779e+00 8.89160648043230e-06
2.28500000000000e+00 2.00800405009893e+00 2.00799567504205e+00 8.37505687645290e-06
2.29000000000000e+00 2.03365189496467e+00 2.03364484283446e+00 7.05213021090501e-06
2.29500000000000e+00 2.06168484708758e+00 2.06167983224433e+00 5.01484325443613e-06
2.30000000000000e+00 2.09195229617525e+00 2.09194987150091e+00 2.42467434352633e-06
2.30500000000000e+00 2.12428926158023e+00 2.12428976371522e+00 5.02134986923863e-07
2.31000000000000e+00 2.15851738567873e+00 2.15852090008677e+00 3.51440804635672e-06
2.31500000000000e+00 2.19444600689992e+00 2.19445235595975e+00 6.34905982499490e-06
2.32000000000000e+00 2.23187330783670e+00 2.23188206297221e+00 8.75513551745755e-06
2.32500000000000e+00 2.27058753344418e+00 2.27059805007310e+00 1.05166289174896e-05
2.33000000000000e+00 2.31036827374527e+00 2.31037974575665e+00 1.14720113759681e-05
2.33500000000000e+00 2.35098780473894e+00 2.35099933348698e+00 1.15287480371151e-05
2.34000000000000e+00 2.39221248038738e+00 2.39222315195699e+00 1.06715696173154e-05
2.34500000000000e+00 2.43380416769493e+00 2.43381313154985e+00 8.96385491699903e-06
2.35000000000000e+00 2.47552171604155e+00 2.47552825814758e+00 6.54210602357708e-06
2.35500000000000e+00 2.51712245115533e+00 2.51712605526309e+00 3.60410775979148e-06
2.36000000000000e+00 2.55836368345615e+00 2.55836407535858e+00 3.91902434948577e-07
2.36500000000000e+00 2.59900422002047e+00 2.59900139115685e+00 2.82886361846479e-06
2.37000000000000e+00 2.63880586913864e+00 2.63880007775179e+00 5.79138685674607e-06
2.37500000000000e+00 2.67753492638087e+00 2.67752667638138e+00 8.24999948534355e-06
2.38000000000000e+00 2.71496363125710e+00 2.71495363083914e+00 1.00004179608426e-05
2.38500000000000e+00 2.75087158394149e+00 2.75086068766886e+00 1.08962726339534e-05
2.39000000000000e+00 2.78504711210592e+00 2.78503625151058e+00 1.08605953359486e-05
2.39500000000000e+00 2.81728857863747e+00 2.81727868724248e+00 9.89139499285585e-06
2.40000000000000e+00 2.84740562185581e+00 2.84739756089084e+00 8.06096497329989e-06
2.40500000000000e+00 2.87522032075438e+00 2.87521481165829e+00 5.50909608243444e-06
2.41000000000000e+00 2.90056827871618e+00 2.90056584784471e+00 2.43087146722942e-06
2.41500000000000e+00 2.92329962005785e+00 2.92330055990463e+00 9.39846782177511e-07
2.42000000000000e+00 2.94327989459839e+00 2.94328424439572e+00 4.34979733432428e-06
2.42500000000000e+00 2.96039088620350e+00 2.96039843312221e+00 7.54691871174273e-06
2.43000000000000e+00 2.97453132190626e+00 2.97454162236171e+00 1.03004554565800e-05
2.43500000000000e+00 2.98561747874338e+00 2.98562989767982e+00 1.24189364409943e-05
2.44000000000000e+00 2.99358368588015e+00 2.99359745048043e+00 1.37646002889014e-05
2.44500000000000e+00 2.99838271994146e+00 2.99839698310739e+00 1.42631659345582e-05
2.45000000000000e+00 2.99998609174606e+00 3.00000000000000e+00 1.39082539383217e-05
2.45500000000000e+00 2.99838422288667e+00 2.99839698310739e+00 1.27602207284916e-05
2.46000000000000e+00 2.99358651084502e+00 2.99359745048044e+00 1.09396354162072e-05
2.46500000000000e+00 2.98562128161192e+00 2.98562989767982e+00 8.61606790225622e-06
2.47000000000000e+00 2.97453562913091e+00 2.97454162236171e+00 5.99323080718861e-06
2.47500000000000e+00 2.96039514132579e+00 2.96039843312221e+00 3.29179641367361e-06
2.48000000000000e+00 2.94328351302555e+00 2.94328424439572e+00 7.31370175088841e-07
2.48500000000000e+00 2.92330204677185e+00 2.92330055990464e+00 1.48686721690439e-06
2.49000000000000e+00 2.90056904328226e+00 2.90056584784471e+00 3.19543754612184e-06
2.49500000000000e+00 2.87521908422919e+00 2.87521481165830e+00 4.27257089352651e-06
2.50000000000000e+00 2.84740221095684e+00 2.84739756089084e+00 4.65006599670303e-06
2.50500000000000e+00 2.81728300375950e+00 2.81727868724248e+00 4.31651702070823e-06
2.51000000000000e+00 2.78503956734564e+00 2.78503625151058e+00 3.31583506429922e-06
2.51500000000000e+00 2.75086242907004e+00 2.75086068766886e+00 1.74140117881194e-06
2.52000000000000e+00 2.71495335738916e+00 2.71495363083915e+00 2.73449984433682e-07
2.52500000000000e+00 2.67752410874863e+00 2.67752667638138e+00 2.56763275929828e-06
2.53000000000000e+00 2.63879511171704e+00 2.63880007775179e+00 4.96603475053092e-06
2.53500000000000e+00 2.59899409762372e+00 2.59900139115685e+00 7.29353313699832e-06
2.54000000000000e+00 2.55835468723330e+00 2.55836407535859e+00 9.38812529183153e-06
2.54500000000000e+00 2.51711494310858e+00 2.51712605526309e+00 1.11121545107729e-05
2.55000000000000e+00 2.47551589729274e+00 2.47552825814758e+00 1.23608548343590e-05
2.55500000000000e+00 2.43380006381214e+00 2.43381313154985e+00 1.30677377159216e-05
2.56000000000000e+00 2.39220994529341e+00 2.39222315195700e+00 1.32066635916139e-05
2.56500000000000e+00 2.35098654273827e+00 2.35099933348698e+00 1.27907487161849e-05
2.57000000000000e+00 2.31036787723489e+00 2.31037974575666e+00 1.18685217627146e-05
2.57500000000000e+00 2.27058753213224e+00 2.27059805007310e+00 1.05179408542710e-05
2.58000000000000e+00 2.23187322397555e+00 2.23188206297222e+00 8.83899667103449e-06
2.58500000000000e+00 2.19444541030446e+00 2.19445235595975e+00 6.94565528736035e-06
2.59000000000000e+00 2.15851594224327e+00 2.15852090008678e+00 4.95784350906803e-06
2.59500000000000e+00 2.12428676965228e+00 2.12428976371522e+00 2.99406293491344e-06
2.60000000000000e+00 2.09194870644182e+00 2.09194987150091e+00 1.16505909364406e-06
2.60500000000000e+00 2.06168026345167e+00 2.06167983224433e+00 4.31207341833328e-07
2.61000000000000e+00 2.03364655604946e+00 2.03364484283446e+00 1.71321499697896e-06
2.61500000000000e+00 2.00799829328023e+00 2.00799567504205e+00 2.61823817648832e-06
2.62000000000000e+00 1.98487085499708e+00 1.98486775140779e+00 3.10358928734544e-06
2.62500000000000e+00 1.96438346291058e+00 1.96438031592140e+00 3.14698917636136e-06
2.63000000000000e+00 1.94663845091830e+00 1.94663570460343e+00 2.74631486529842e-06
2.63500000000000e+00 1.93172063942245e+00 1.93171872048530e+00 1.91893715362212e-06
2.64000000000000e+00 1.91969681763058e+00 1.91969611683971e+00 7.00790868446433e-07
2.64500000000000e+00 1.91061533707969e+00 1.91061619184595e+00 8.54766253333139e-07
2.65000000000000e+00 1.90450581884923e+00 1.90450849718747e+00 2.67833823985875e-06
2.65500000000000e+00 1.90137897615324e+00 1.90138366237698e+00 4.68622373883676e-06
2.66000000000000e+00 1.90122655324356e+00 1.90123333589028e+00 6.78264671649664e-06
2.66500000000000e+00 1.90402138082734e+00 1.90403024347033e+00 8.86264298660677e-06
2.67000000000000e+00 1.90971754751075e+00 1.90972836324032e+00 1.08157295679590e-05
2.67500000000000e+00 1.91825068612948e+00 1.91826321654437e+00 1.25304148894667e-05
2.68000000000000e+00 1.92953837321165e+00 1.92955227272105e+00 1.38995093927896e-05
2.68500000000000e+00 1.94348063923400e+00 1.94349546531226e+00 1.48260782637522e-05
2.69000000000000e+00 1.95996058676748e+00 1.95997581652323e+00 1.52297557478587e-05
2.69500000000000e+00 1.97884511305295e+00 1.97886016608158e+00 1.50530286215922e-05
2.70000000000000e+00 1.99998573299033e+00 2.00000000000000e+00 1.42670096647812e-05
2.70500000000000e+00 2.02321949795790e+00 2.02323237413106e+00 1.28761731597038e-05
2.71000000000000e+00 2.04837000529550e+00 2.04838092681811e+00 1.09215226085091e-05
2.71500000000000e+00 2.07524849268554e+00 2.07525697439691e+00 8.48171137102227e-06
2.72000000000000e+00 2.10365501105271e+00 2.10366068279205e+00 5.67173934262755e-06
2.72500000000000e+00 2.13337966898297e+00 2.13338230798255e+00 2.63899957042568e-06
2.73000000000000e+00 2.16420394105010e+00 2.16420349768687e+00 4.43363236790617e-07
2.73500000000000e+00 2.19590203184626e+00 2.19589864623990e+00 3.38560636459206e-06
2.74000000000000e+00 2.22824228696321e+00 2.22823629430637e+00 5.99265684142480e-06
2.74500000000000e+00 2.26098864168084e+00 2.26098056479902e+00 8.07688181847510e-06
2.75000000000000e+00 2.29390209771068e+00 2.29389262614624e+00 9.47156444075503e-06
2.75500000000000e+00 2.32674221803307e+00 2.32673217388556e+00 1.00441475097135e-05
2.76000000000000e+00 2.35926862967280e+00 2.35925892144618e+00 9.70822661683357e-06
2.76500000000000e+00 2.39124252419349e+00 2.39123409092702e+00 8.43326647137488e-06
2.77000000000000e+00 2.42242814576275e+00 2.42242189467697e+00 6.25108578100608e-06
2.77500000000000e+00 2.45259425684983e+00 2.45259099854052e+00 3.25830931124926e-06
2.78000000000000e+00 2.48151557196304e+00 2.48151595774496e+00 3.85781912637384e-07
2.78500000000000e+00 2.50897415030350e+00 2.50897861657418e+00 4.46627067729466e-06
2.79000000000000e+00 2.53476073878849e+00 2.53476946319709e+00 8.72440860621992e-06
2.79500000000000e+00 2.55867605756001e+00 2.55868893129538e+00 1.28737353723984e-05
2.80000000000000e+00 2.58053202081168e+00 2.58054864046305e+00 1.66196513684547e-05
2.80500000000000e+00 2.60015288650989e+00 2.60017256772797e+00 1.96812180863759e-05
2.81000000000000e+00 2.61737632931635e+00 2.61739814297001e+00 2.18136536580538e-05
2.81500000000000e+00 2.63205443170546e+00 2.63207726147960e+00 2.28297741400318e-05
2.82000000000000e+00 2.64405458887687e+00 2.64407720741157e+00 2.26185346980934e-05
2.82500000000000e+00 2.65326032356574e+00 2.65328148243819e+00 2.11588724452483e-05
2.83000000000000e+00 2.65957200722949e+00 2.65959053448992e+00 1.85272604245057e-05
2.83500000000000e+00 2.66290748433436e+00 2.66292238208847e+00 1.48977541027939e-05
2.84000000000000e+00 2.66320259658338e+00 2.66321313042021e+00 1.05338368321384e-05
2.84500000000000e+00 2.66041160394225e+00 2.66041737596564e+00 5.77202338813976e-06
2.85000000000000e+00 2.65450749927007e+00 2.65450849718747e+00 9.97917404710336e-07
2.85500000000000e+00 2.64548221330202e+00 2.64547882948272e+00 3.38381930786724e-06
2.86000000000000e+00 2.63334670672782e+00 2.63333972331719e+00 6.98341063865016e-06
2.86500000000000e+00 2.61813094623646e+00 2.61812148518152e+00 9.46105493770943e-06
2.87000000000000e+00 2.59988376172817e+00 2.59987320173000e+00 1.05599981647941e-05
2.87500000000000e+00 2.57867258249247e+00 2.57866244818360e+00 1.01343088712014e-05
2.88000000000000e+00 2.55458305106180e+00 2.55457488279246e+00 8.16826933958126e-06
2.88500000000000e+00 2.52771851469082e+00 2.52771372985530e+00 4.78483551313857e-06
2.89000000000000e+00 2.49819939596174e+00 2.49819915448034e+00 2.41481404206212e-07
2.89500000000000e+00 2.46616244581792e+00 2.46616753293972e+00 5.08712179891901e-06
2.90000000000000e+00 2.43175988428084e+00 2.43177062311339e+00 1.07388325503166e-05
2.90500000000000e+00 2.39515843607731e+00 2.39517464013388e+00 1.62040565765409e-05
2.91000000000000e+00 2.35653827023876e+00 2.35655924292839e+00 2.09726896343021e-05
2.91500000000000e+00 2.31609185427315e+00 2.31611643790350e+00 2.45836303469638e-05
2.92000000000000e+00 2.27402273460679e+00 2.27404940652904e+00 2.66719222499212e-05
2.92500000000000e+00 2.23054425553941e+00 2.23057126404647e+00 2.70085070566140e-05
2.93000000000000e+00 2.18587822889646e+00 2.18590375695213e+00 2.55280556733517e-05
2.93500000000000e+00 2.14025356590866e+00 2.14027590728278e+00 2.23413741111678e-05
2.94000000000000e+00 2.09390488168489e+00 2.09392261205918e+00 1.77303742927570e-05
2.94500000000000e+00 2.04707108111729e+00 2.04708320651984e+00 1.21254025486905e-05
2.95000000000000e+00 1.99999393336529e+00 2.00000000000000e+00 6.06663471502955e-06
2.95500000000000e+00 1.95291664043223e+00 1.95291679348017e+00 1.53047938988848e-07
2.96000000000000e+00 1.90608240399238e+00 1.90607738794082e+00 5.01605155900364e-06
2.96500000000000e+00 1.85973299373538e+00 1.85972409271723e+00 8.90101815431699e-06
2.97000000000000e+00 1.81410732019343e+00 1.81409624304787e+00 1.10771455554826e-05
2.97500000000000e+00 1.76944001535397e+00 1.76942873595354e+00 1.12794004292205e-05
2.98000000000000e+00 1.72596002529724e+00 1.72595059347097e+00 9.43182626333972e-06
2.98500000000000e+00 1.68388922051688e+00 1.68388356209651e+00 5.65842037003605e-06
2.99000000000000e+00 1.64344103129852e+00 1.64344075707161e+00 2.74226913621334e-07
2.99500000000000e+00 1.60481911732251e+00 1.60482535986612e+00 6.24254360626075e-06
3.00000000000000e+00 1.56821608228881e+00 1.56822937688661e+00 1.32945978026378e-05
3.00500000000000e+00 1.53381224562086e+00 1.53383246706028e+00 2.02214394247058e-05
3.01000000000000e+00 1.50177448402076e+00 1.50180084551966e+00 2.63614988997851e-05
3.01500000000000e+00 1.47225515571748e+00 1.47228627014470e+00 3.11144272173713e-05
3.02000000000000e+00 1.44539111963992e+00 1.44542511720755e+00 3.39975676237891e-05
3.02500000000000e+00 1.42130286050064e+00 1.42133755181641e+00 3.46913157649453e-05
3.03000000000000e+00 1.40009372899465e+00 1.40012679827000e+00 3.30692753469641e-05
3.03500000000000e+00 1.38184930415541e+00 1.38187851481848e+00 2.92106630612743e-05
3.04000000000000e+00 1.36663688253914e+00 1.36666027668282e+00 2.33941436766916e-05
3.04500000000000e+00 1.35450509651513e+00 1.35452117051728e+00 1.60740021497574e-05
3.05000000000000e+00 1.34548366168891e+00 1.34549150281253e+00 7.84112361817968e-06
3.05500000000000e+00 1.33958325151841e+00 1.33958262403436e+00 6.27484043391746e-07
3.06000000000000e+00 1.33679549559906e+00 1.33678686957979e+00 8.62601927620332e-06
3.06500000000000e+00 1.33709309694885e+00 1.33707761791153e+00 1.54790373128044e-05
3.07000000000000e+00 1.34043006292873e+00 1.34040946551008e+00 2.05974186471281e-05
3.07500000000000e+00 1.34674204416063e+00 1.34671851756181e+00 2.35265988139943e-05
3.08000000000000e+00 1.35594677589116e+00 1.35592279258843e+00 2.39833027388947e-05
3.08500000000000e+00 1.36794461661221e+00 1.36792273852040e+00 2.18780918102013e-05
3.09000000000000e+00 1.38261917928815e+00 1.38260185702999e+00 1.73222581600907e-05
3.09500000000000e+00 1.39983805115518e+00 1.39982743227203e+00 1.06188831514586e-05
3.10000000000000e+00 1.41945359864851e+00 1.41945135953695e+00 2.23911155439183e-06
3.10500000000000e+00 1.44130385449590e+00 1.44131106870462e+00 7.21420871840905e-06
3.11000000000000e+00 1.46521348431805e+00 1.46523053680290e+00 1.70524848495113e-05
3.11500000000000e+00 1.49099483015004e+00 1.49102138342582e+00 2.65532757830478e-05
3.12000000000000e+00 1.51844902811594e+00 1.51848404225504e+00 3.50141390992320e-05
3.12500000000000e+00 1.54736719704495e+00 1.54740900145948e+00 4.18044145262808e-05
3.13000000000000e+00 1.57753169412942e+00 1.57757810532302e+00 4.64111935998268e-05
3.13500000000000e+00 1.60871743282608e+00 1.60876590907298e+00 4.84762468953015e-05
3.14000000000000e+00 1.64069325714328e+00 1.64074107855382e+00 4.78214105341657e-05
3.14500000000000e+00 1.67322336529868e+00 1.67326782611444e+00 4.44608157514903e-05
3.15000000000000e+00 1.70606877454290e+00 1.70610737385376e+00 3.85993108606986e-05
3.15500000000000e+00 1.73898881779400e+00 1.73901943520098e+00 3.06174069804044e-05
3.16000000000000e+00 1.77174266168432e+00 1.77176370569363e+00 2.10440093106889e-05
3.16500000000000e+00 1.80409083474557e+00 1.80410135376010e+00 1.05190145287537e-05
3.17000000000000e+00 1.83579675380147e+00 1.83579650231313e+00 2.51488339930717e-07
3.17500000000000e+00 1.86662823623894e+00 1.86661769201745e+00 1.05442214917151e-05
3.18000000000000e+00 1.89635898571229e+00 1.89633931720795e+00 1.96685043456490e-05
3.18500000000000e+00 1.92477003900764e+00 1.92474302560309e+00 2.70134045514681e-05
3.19000000000000e+00 1.95165116225159e+00 1.95161907318189e+00 3.20890697027565e-05
3.19500000000000e+00 1.97680218536429e+00 1.97676762586893e+00 3.45594953583550e-05
3.20000000000000e+00 2.00003426460033e+00 2.00000000000000e+00 3.42646003339553e-05
3.20500000000000e+00 2.02117106414384e+00 2.02113983391842e+00 3.12302254177332e-05
3.21000000000000e+00 2.04004984897458e+00 2.04002418347677e+00 2.56654978105786e-05
3.21500000000000e+00 2.05652248254247e+00 2.05650453468774e+00 1.79478547241985e-05
3.22000000000000e+00 2.07045632411974e+00 2.07044772727895e+00 8.59684078813316e-06
3.22500000000000e+00 2.08173502198741e+00 2.08173678345563e+00 1.76146821750933e-06
3.23000000000000e+00 2.09025919980522e+00 2.09027163675968e+00 1.24369544560743e-05
3.23500000000000e+00 2.09594703457038e+00 2.09596975652967e+00 2.27219592967565e-05
3.24000000000000e+00 2.09873472545846e+00 2.09876666410972e+00 3.19386512681596e-05
3.24500000000000e+00 2.09857685354206e+00 2.09861633762302e+00 3.94840809545549e-05
3.25000000000000e+00 2.09544663289351e+00 2.09549150281253e+00 4.48699190132018e-05
3.25500000000000e+00 2.08933605390566e+00 2.08938380815405e+00 4.77542483912075e-05
3.26000000000000e+00 2.08025591983141e+00 2.08030388316029e+00 4.79633288810177e-05
3.26500000000000e+00 2.06823577757907e+00 2.06828127951470e+00 4.55019356357944e-05
3.27000000000000e+00 2.05332374374983e+00 2.05336429539657e+00 4.05516467405498e-05
3.27500000000000e+00 2.03558622681131e+00 2.03561968407860e+00 3.34572672868738e-05
3.28000000000000e+00 2.01510754621819e+00 2.01513224859221e+00 2.47023740218566e-05
3.28500000000000e+00 1.99198944926525e+00 1.99200432495795e+00 1.48756927027538e-05
3.29000000000000e+00 1.96635052653448e+00 1.96635515716554e+00 4.63063106437289e-06
3.29500000000000e+00 1.93832552701307e+00 1.93832016775567e+00 5.35925739653109e-06
3.30000000000000e+00 1.90806457433856e+00 1.90805012849909e+00 1.44458394708558e-05
3.30500000000000e+00 1.87573228618553e+00 1.87571023628479e+00 2.20499007459463e-05
3.31000000000000e+00 1.84150679954466e+00 1.84147909991323e+00 2.76996314281241e-05
3.31500000000000e+00 1.80557870554563e+00 1.80554764404025e+00 3.10615053711327e-05
3.32000000000000e+00 1.76814989851373e+00 1.76811793702778e+00 3.19614859478623e-05
3.32500000000000e+00 1.72943234508634e+00 1.72940194992690e+00 3.03951594400331e-05
3.33000000000000e+00 1.68964678040237e+00 1.68962025424335e+00 2.65261590204346e-05
3.33500000000000e+00 1.64902133956103e+00 1.64900066651302e+00 2.06730480090123e-05
3.34000000000000e+00 1.60779013366792e+00 1.60777684804301e+00 1.32856249130953e-05
3.34500000000000e+00 1.56619178079150e+00 1.56618686845015e+00 4.91234134680774e-06
3.35000000000000e+00 1.52446790298906e+00 1.52447174185243e+00 3.83886336674522e-06
3.35500000000000e+00 1.48286160118490e+00 1.48287394473692e+00 1.23435520187343e-05
3.36000000000000e+00 1.44161592006134e+00 1.44163592464142e+00 2.00045800746729e-05
3.36500000000000e+00 1.40097231523603e+00 1.40099860884315e+00 2.62936071138142e-05
3.37000000000000e+00 1.36116913483966e+00 1.36119992224821e+00 3.07874085525572e-05
3.37500000000000e+00 1.32244012718764e+00 1.32247332361862e+00 3.31964309772115e-05
3.38000000000000e+00 1.28501298557919e+00 1.28504636916086e+00 3.33835816688222e-05
3.38500000000000e+00 1.24910794039571e+00 1.24913931233114e+00 3.13719354347874e-05
3.39000000000000e+00 1.21493640765426e+00 1.21496374848942e+00 2.73408351572080e-05
3.39500000000000e+00 1.18269970205715e+00 1.18272131275752e+00 2.16107003689903e-05
3.40000000000000e+00 1.15258782142656e+00 1.15260243910916e+00 1.46176825959188e-05
3.40500000000000e+00 1.12477830828382e+00 1.12478518834171e+00 6.88005788784807e-06
3.41000000000000e+00 1.09943519328625e+00 1.09943415215529e+00 1.04113095789060e-06
3.41500000000000e+00 1.07670802432036e+00 1.07669944009537e+00 8.58422499128153e-06
3.42000000000000e+00 1.05673098431002e+00 1.05671575560428e+00 1.52287057428868e-05
3.42500000000000e+00 1.03962210025766e+00 1.03960156687779e+00 2.05333798628526e-05
3.43000000000000e+00 1.02548254570513e+00 1.02545837763829e+00 2.41680668469080e-05
3.43500000000000e+00 1.01439603867133e+00 1.01437010232018e+00 2.59363511494470e-05
3.44000000000000e+00 1.00642833716711e+00 1.00640254951957e+00 2.57876475449059e-05
3.44500000000000e+00 1.00162683456299e+00 1.00160301689261e+00 2.38176703835080e-05
3.45000000000000e+00 1.00002025732972e+00 1.00000000000000e+00 2.02573297229947e-05
3.45500000000000e+00 1.00161846791900e+00 1.00160301689261e+00 1.54510263941088e-05
3.46000000000000e+00 1.00641237572401e+00 1.00640254951956e+00 9.82620444167637e-06
3.46500000000000e+00 1.01437395908402e+00 1.01437010232018e+00 3.85676384428990e-06
3.47000000000000e+00 1.02545640110754e+00 1.02545837763829e+00 1.97653074751614e-06
3.47500000000000e+00 1.03959434163288e+00 1.03960156687779e+00 7.22524490814891e-06
3.48000000000000e+00 1.05670424689561e+00 1.05671575560427e+00 1.15087086647314e-05
3.48500000000000e+00 1.07668489742515e+00 1.07669944009536e+00 1.45426702071738e-05
3.49000000000000e+00 1.09941799337722e+00 1.09943415215529e+00 1.61587780675987e-05
3.49500000000000e+00 1.12476887497972e+00 1.12478518834171e+00 1.63133619901501e-05
3.50000000000000e+00 1.15258735411321e+00 1.15260243910915e+00 1.50849959468236e-05
3.50500000000000e+00 1.18270865136342e+00 1.18272131275752e+00 1.26613941007214e-05
3.51000000000000e+00 1.21495443128777e+00 1.21496374848942e+00 9.31720165464611e-06
3.51500000000000e+00 1.24913392723950e+00 1.24913931233114e+00 5.38509164238477e-06
3.52000000000000e+00 1.28504514598893e+00 1.28504636916085e+00 1.22317192241539e-06
3.52500000000000e+00 1.32247614163950e+00 1.32247332361861e+00 2.81802088375471e-06
3.53000000000000e+00 1.36120634799129e+00 1.36119992224821e+00 6.42574308162835e-06
3.53500000000000e+00 1.40100795854735e+00 1.40099860884315e+00 9.34970419930181e-06
3.54000000000000e+00 1.44164734373906e+00 1.44163592464141e+00 1.14190976550077e-05
3.54500000000000e+00 1.48288649558162e+00 1.48287394473691e+00 1.25508447106348e-05
3.55000000000000e+00 1.52448449074758e+00 1.52447174185242e+00 1.27488951597865e-05
3.55500000000000e+00 1.56619896384649e+00 1.56618686845015e+00 1.20953963411718e-05
3.56000000000000e+00 1.60778758340480e+00 1.60777684804300e+00 1.07353617979644e-05
3.56500000000000e+00 1.64900952356096e+00 1.64900066651302e+00 8.85704794084674e-06
3.57000000000000e+00 1.68962692476579e+00 1.68962025424335e+00 6.67052244196498e-06
3.57500000000000e+00 1.72940633679083e+00 1.72940194992690e+00 4.38686393211540e-06
3.58000000000000e+00 1.76812013712400e+00 1.76811793702778e+00 2.20009621743067e-06
3.58500000000000e+00 1.80554791743593e+00 1.80554764404025e+00 2.73395686978262e-07
3.59000000000000e+00 1.84147783032345e+00 1.84147909991322e+00 1.26958977175740e-06
3.59500000000000e+00 1.87570788808278e+00 1.87571023628478e+00 2.34820200728514e-06
3.60000000000000e+00 1.90804720493390e+00 1.90805012849909e+00 2.92356518727388e-06
3.60500000000000e+00 1.93831717399212e+00 1.93832016775567e+00 2.99376354506720e-06
3.61000000000000e+00 1.96635257041489e+00 1.96635515716554e+00 2.58675065034630e-06
3.61500000000000e+00 1.99200257255956e+00 1.99200432495795e+00 1.75239838617891e-06
3.62000000000000e+00 2.01513169365146e+00 2.01513224859221e+00 5.54940753350053e-07
3.62500000000000e+00 2.03562061733189e+00 2.03561968407860e+00 9.33253292423331e-07
3.63000000000000e+00 2.05336693146307e+00 2.05336429539657e+00 2.63606650197090e-06
3.63500000000000e+00 2.06828575562928e+00 2.06828127951470e+00 4.47611458032071e-06
3.64000000000000e+00 2.08031025881607e+00 2.08030388316029e+00 6.37565578420762e-06
3.64500000000000e+00 2.08939206470684e+00 2.08938380815405e+00 8.25655279301785e-06
3.65000000000000e+00 2.09550154286802e+00 2.09549150281253e+00 1.00400554923219e-05
3.65500000000000e+00 2.09862798478272e+00 2.09861633762302e+00 1.16471597029211e-05
3.66000000000000e+00 2.09877966424796e+00 2.09876666410972e+00 1.30001382383504e-05
3.66500000000000e+00 2.09598378210044e+00 2.09596975652967e+00 1.40255707621328e-05
3.67000000000000e+00 2.09028629562619e+00 2.09027163675968e+00 1.46588665121961e-05
3.67500000000000e+00 2.08175163339030e+00 2.08173678345563e+00 1.48499346717124e-05
3.68000000000000e+00 2.07046229664287e+00 2.07044772727895e+00 1.45693639135303e-05
3.68500000000000e+00 2.05651834895849e+00 2.05650453468774e+00 1.38142707446498e-05
3.69000000000000e+00 2.04003679637176e+00 2.04002418347677e+00 1.26128949871074e-05
3.69500000000000e+00 2.02115086099121e+00 2.02113983391842e+00 1.10270727864403e-05
3.70000000000000e+00 2.00000915189700e+00 2.00000000000000e+00 9.15189699801644e-06
3.70500000000000e+00 1.97677473802796e+00 1.97676762586894e+00 7.11215902260420e-06
3.71000000000000e+00 1.95162412870209e+00 1.95161907318189e+00 5.05552019314237e-06
3.71500000000000e+00 1.92474616834475e+00 1.92474302560309e+00 3.14274165624795e-06
3.72000000000000e+00 1.89634085287094e+00 1.89633931720795e+00 1.53566299543328e-06
3.72500000000000e+00 1.86661807593803e+00 1.86661769201745e+00 3.83920570223850e-07
3.73000000000000e+00 1.83579631391310e+00 1.83579650231313e+00 1.88400030687319e-07
3.73500000000000e+00 1.80410125886108e+00 1.80410135376010e+00 9.48990266369520e-08
3.74000000000000e+00 1.77176440914010e+00 1.77176370569363e+00 7.03446472183344e-07
3.74500000000000e+00 1.73902162729371e+00 1.73901943520098e+00 2.19209272822596e-06
3.75000000000000e+00 1.70611167486720e+00 1.70610737385376e+00 4.30101343251721e-06
3.75500000000000e+00 1.67327473357563e+00 1.67326782611444e+00 6.90746118503505e-06
3.76000000000000e+00 1.64075092194673e+00 1.64074107855382e+00 9.84339290832636e-06
3.76500000000000e+00 1.60877881619155e+00 1.60876590907298e+00 1.29071185726026e-05
3.77000000000000e+00 1.57759398365916e+00 1.57757810532303e+00 1.58783361345893e-05
3.77500000000000e+00 1.54742753684503e+00 1.54740900145948e+00 1.85353855495229e-05
3.78000000000000e+00 1.51850471557643e+00 1.51848404225504e+00 2.06733213905519e-05
3.78500000000000e+00 1.49104350471447e+00 1.49102138342582e+00 2.21212886444278e-05
3.79000000000000e+00 1.46525329450313e+00 1.46523053680291e+00 2.27577002174240e-05
3.79500000000000e+00 1.44133359056256e+00 1.44131106870462e+00 2.25218579403830e-05
3.80000000000000e+00 1.41947278045731e+00 1.41945135953695e+00 2.14209203577287e-05
3.80500000000000e+00 1.39984696375220e+00 1.39982743227203e+00 1.95314801734181e-05
3.81000000000000e+00 1.38261885247332e+00 1.38260185702999e+00 1.69954433326680e-05
3.81500000000000e+00 1.36793674888709e+00 1.36792273852040e+00 1.40103666854685e-05
3.82000000000000e+00 1.35593360746358e+00 1.35592279258843e+00 1.08148751576387e-05
3.82500000000000e+00 1.34672618776708e+00 1.34671851756181e+00 7.67020526470930e-06
3.83000000000000e+00 1.34041430478533e+00 1.34040946551008e+00 4.83927524252969e-06
3.83500000000000e+00 1.33708018284540e+00 1.33707761791153e+00 2.56493386840972e-06
3.84000000000000e+00 1.33678791874703e+00 1.33678686957979e+00 1.04916724597004e-06
3.84500000000000e+00 1.33958305906657e+00 1.33958262403436e+00 4.35032203371932e-07
3.85000000000000e+00 1.34549229574504e+00 1.34549150281253e+00 7.92932515203404e-07
3.85500000000000e+00 1.35452328308294e+00 1.35452117051728e+00 2.11256565352258e-06
3.86000000000000e+00 1.36666457814285e+00 1.36666027668282e+00 4.30146002927678e-06
3.86500000000000e+00 1.38188570533929e+00 1.38187851481848e+00 7.19052080988547e-06
3.87000000000000e+00 1.40013734471004e+00 1.40012679826999e+00 1.05464400506072e-05
3.87500000000000e+00 1.42135164206023e+00 1.42133755181640e+00 1.40902438281465e-05
3.88000000000000e+00 1.44544263789657e+00 1.44542511720754e+00 1.75206890329349e-05
3.88500000000000e+00 1.47230681087483e+00 1.47228627014469e+00 2.05407301363536e-05
3.89000000000000e+00 1.50182373041547e+00 1.50180084551966e+00 2.28848958068184e-05
3.89500000000000e+00 1.53385681224453e+00 1.53383246706028e+00 2.43451842527609e-05
3.90000000000000e+00 1.56825416992346e+00 1.56822937688661e+00 2.47930368546534e-05
3.90500000000000e+00 1.60484955496710e+00 1.60482535986612e+00 2.41951009831709e-05
3.91000000000000e+00 1.64346337792440e+00 1.64344075707161e+00 2.26208527929206e-05
3.91500000000000e+00 1.68390380280632e+00 1.68388356209650e+00 2.02407098237600e-05
3.92000000000000e+00 1.72596790746873e+00 1.72595059347097e+00 1.73139977635017e-05
3.92500000000000e+00 1.76944290295795e+00 1.76942873595353e+00 1.41670044115916e-05
3.93000000000000e+00 1.81410740534930e+00 1.81409624304787e+00 1.11623014331652e-05
3.93500000000000e+00 1.85973275419183e+00 1.85972409271722e+00 8.66147460731881e-06
3.94000000000000e+00 1.90608437224149e+00 1.90607738794081e+00 6.98430067180844e-06
3.94500000000000e+00 1.95292316164806e+00 1.95291679348016e+00 6.36816789767458e-06
3.95000000000000e+00 2.00000693208643e+00 2.00000000000000e+00 6.93208642954524e-06
3.95500000000000e+00 2.04709185643092e+00 2.04708320651983e+00 8.64991109095214e-06
3.96000000000000e+00 2.09393394941905e+00 2.09392261205918e+00 1.13373598762401e-05
3.96500000000000e+00 2.14029056431531e+00 2.14027590728278e+00 1.46570325303408e-05
3.97000000000000e+00 2.18592190186807e+00 2.18590375695213e+00 1.81449159422087e-05
3.97500000000000e+00 2.23059252487989e+00 2.23057126404647e+00 2.12608334217990e-05
3.98000000000000e+00 2.27407287053221e+00 2.27404940652903e+00 2.34640031773203e-05
3.98500000000000e+00 2.31614075128791e+00 2.31611643790350e+00 2.43133844151089e-05
3.99000000000000e+00 2.35658283381929e+00 2.35655924292839e+00 2.35908909069771e-05
3.99500000000000e+00 2.39519608405972e+00 2.39517464013388e+00 2.14439258332533e-05
4.00000000000000e+00 2.43178916523746e+00 2.43177062311338e+00 1.85421240797012e-05
