variables = x, value-predict, value-true, error
0.00000000000000e+00 2.43082429698809e+00 2.43177062311339e+00 9.46326125303987e-04
5.00000000000000e-03 2.46517676771571e+00 2.46616753293972e+00 9.90765224009316e-04
1.00000000000000e-02 2.49715678019205e+00 2.49819915448034e+00 1.04237428828968e-03
1.50000000000000e-02 2.52662038894573e+00 2.52771372985530e+00 1.09334090957569e-03
2.00000000000000e-02 2.55343714465517e+00 2.55457488279246e+00 1.13773813728502e-03
2.50000000000000e-02 2.57749106059249e+00 2.57866244818360e+00 1.17138759111057e-03
3.00000000000000e-02 2.59868150733626e+00 2.59987320173000e+00 1.19169439374511e-03
3.50000000000000e-02 2.61692402493161e+00 2.61812148518152e+00 1.19746024991851e-03
4.00000000000000e-02 2.63215104216023e+00 2.63333972331718e+00 1.18868115695570e-03
4.50000000000000e-02 2.64431249324564e+00 2.64547882948272e+00 1.16633623707685e-03
5.00000000000000e-02 2.65337632316245e+00 2.65450849718747e+00 1.13217402502608e-03
5.50000000000000e-02 2.65932887372922e+00 2.66041737596564e+00 1.08850223641443e-03
6.00000000000000e-02 2.66217514383569e+00 2.66321313042021e+00 1.03798658451959e-03
6.50000000000000e-02 2.66193891846315e+00 2.66292238208847e+00 9.83463625313430e-04
7.00000000000000e-02 2.65866276258683e+00 2.65959053448992e+00 9.27771903087127e-04
7.50000000000000e-02 2.65240787756888e+00 2.65328148243819e+00 8.73604869308320e-04
8.00000000000000e-02 2.64325381923627e+00 2.64407720741157e+00 8.23388175306583e-04
8.50000000000000e-02 2.63129807845352e+00 2.63207726147960e+00 7.79183026076602e-04
9.00000000000000e-02 2.61665552661416e+00 2.61739814297001e+00 7.42616355853265e-04
9.50000000000000e-02 2.59945773005374e+00 2.60017256772797e+00 7.14837674228530e-04
1.00000000000000e-01 2.57985213889555e+00 2.58054864046305e+00 6.96501567497343e-04
1.05000000000000e-01 2.55800115724654e+00 2.55868893129538e+00 6.87774048834910e-04
1.10000000000000e-01 2.53408110293808e+00 2.53476946319709e+00 6.88360259016196e-04
1.15000000000000e-01 2.50828106612660e+00 2.50897861657418e+00 6.97550447580575e-04
1.20000000000000e-01 2.48080167701409e+00 2.48151595774496e+00 7.14280730868655e-04
1.25000000000000e-01 2.45185379370365e+00 2.45259099854052e+00 7.37204836871008e-04
1.30000000000000e-01 2.42165712176055e+00 2.42242189467697e+00 7.64772916423961e-04
1.35000000000000e-01 2.39043877740629e+00 2.39123409092702e+00 7.95313520728591e-04
1.40000000000000e-01 2.35843180643216e+00 2.35925892144618e+00 8.27115014022883e-04
1.45000000000000e-01 2.32587367089308e+00 2.32673217388556e+00 8.58502992478805e-04
1.50000000000000e-01 2.29300471544818e+00 2.29389262614624e+00 8.87910698059713e-04
1.55000000000000e-01 2.26006662487181e+00 2.26098056479902e+00 9.13939927211782e-04
1.60000000000000e-01 2.22730088378928e+00 2.22823629430637e+00 9.35410517096891e-04
1.65000000000000e-01 2.19494724912902e+00 2.19589864623990e+00 9.51397110877661e-04
1.70000000000000e-01 2.16324224514671e+00 2.16420349768687e+00 9.61252540165880e-04
1.75000000000000e-01 2.13241769020015e+00 2.13338230798255e+00 9.64617782400534e-04
1.80000000000000e-01 2.10269926376257e+00 2.10366068279205e+00 9.61419029480659e-04
1.85000000000000e-01 2.07430512147507e+00 2.07525697439691e+00 9.51852921843521e-04
1.90000000000000e-01 2.04744456538262e+00 2.04838092681811e+00 9.36361435484923e-04
1.95000000000000e-01 2.02231677588204e+00 2.02323237413107e+00 9.15598249025873e-04
2.00000000000000e-01 1.99910961135004e+00 2.00000000000000e+00 8.90388649960050e-04
2.05000000000000e-01 1.97799848091526e+00 1.97886016608158e+00 8.61685166321458e-04
2.10000000000000e-01 1.95914529539750e+00 1.95997581652323e+00 8.30521125732009e-04
2.15000000000000e-01 1.94269750104712e+00 1.94349546531226e+00 7.97964265142781e-04
2.20000000000000e-01 1.92878720037974e+00 1.92955227272105e+00 7.65072341301076e-04
2.25000000000000e-01 1.91753036409522e+00 1.91826321654437e+00 7.32852449156329e-04
2.30000000000000e-01 1.90902613778801e+00 1.90972836324032e+00 7.02225452309913e-04
2.35000000000000e-01 1.90335624688210e+00 1.90403024347033e+00 6.73996588223646e-04
2.40000000000000e-01 1.90058450293680e+00 1.90123333589028e+00 6.48832953472400e-04
2.45000000000000e-01 1.90075641416614e+00 1.90138366237698e+00 6.27248210845588e-04
2.50000000000000e-01 1.90389890266958e+00 1.90450849718747e+00 6.09594517897216e-04
2.55000000000000e-01 1.91002013048222e+00 1.91061619184595e+00 5.96061363729250e-04
2.60000000000000e-01 1.91910943610778e+00 1.91969611683971e+00 5.86680731935463e-04
2.65000000000000e-01 1.93113738269319e+00 1.93171872048530e+00 5.81337792106007e-04
2.70000000000000e-01 1.94605591843973e+00 1.94663570460343e+00 5.79786163705132e-04
2.75000000000000e-01 1.96379864922240e+00 1.96438031592140e+00 5.81666698997951e-04
2.80000000000000e-01 1.98428122271543e+00 1.98486775140779e+00 5.86528692361865e-04
2.85000000000000e-01 2.00740182260294e+00 2.00799567504205e+00 5.93852439111142e-04
2.90000000000000e-01 2.03304177070332e+00 2.03364484283446e+00 6.03072131137417e-04
2.95000000000000e-01 2.06106623406473e+00 2.06167983224433e+00 6.13598179602270e-04
3.00000000000000e-01 2.09132503331207e+00 2.09194987150091e+00 6.24838188839405e-04
3.05000000000000e-01 2.12365354775542e+00 2.12428976371522e+00 6.36215959793240e-04
3.10000000000000e-01 2.15787371202379e+00 2.15852090008677e+00 6.47188062979698e-04
3.15000000000000e-01 2.19379509827376e+00 2.19445235595975e+00 6.57257685991119e-04
3.20000000000000e-01 2.23121607735828e+00 2.23188206297222e+00 6.65985613931941e-04
3.25000000000000e-01 2.26992505173079e+00 2.27059805007310e+00 6.72998342307274e-04
3.30000000000000e-01 2.30970175231831e+00 2.31037974575665e+00 6.77993438344071e-04
3.35000000000000e-01 2.35031859112441e+00 2.35099933348698e+00 6.80742362569653e-04
3.40000000000000e-01 2.39154206092839e+00 2.39222315195700e+00 6.81091028603031e-04
3.45000000000000e-01 2.43313417312938e+00 2.43381313154985e+00 6.78958420472053e-04
3.50000000000000e-01 2.47485392454408e+00 2.47552825814758e+00 6.74333603496891e-04
3.55000000000000e-01 2.51645878380590e+00 2.51712605526309e+00 6.67271457188701e-04
3.60000000000000e-01 2.55770618792311e+00 2.55836407535859e+00 6.57887435475235e-04
3.65000000000000e-01 2.59835503953618e+00 2.59900139115685e+00 6.46351620669172e-04
3.70000000000000e-01 2.63816719546162e+00 2.63880007775179e+00 6.32882290165782e-04
3.75000000000000e-01 2.67690893721679e+00 2.67752667638138e+00 6.17739164595843e-04
3.80000000000000e-01 2.71435241438408e+00 2.71495363083915e+00 6.01216455062836e-04
3.85000000000000e-01 2.75027705188610e+00 2.75086068766886e+00 5.83635782755998e-04
3.90000000000000e-01 2.78447091250406e+00 2.78503625151058e+00 5.65339006525445e-04
3.95000000000000e-01 2.81673200627361e+00 2.81727868724248e+00 5.46680968871449e-04
4.00000000000000e-01 2.84686953873370e+00 2.84739756089084e+00 5.28022157146868e-04
4.05000000000000e-01 2.87470509038204e+00 2.87521481165829e+00 5.09721276253927e-04
4.10000000000000e-01 2.90007372010341e+00 2.90056584784471e+00 4.92127741298365e-04
4.15000000000000e-01 2.92282498578241e+00 2.92330055990464e+00 4.75574122223321e-04
4.20000000000000e-01 2.94282387579331e+00 2.94328424439572e+00 4.60368602413386e-04
4.25000000000000e-01 2.95995164556900e+00 2.96039843312221e+00 4.46787553205930e-04
4.30000000000000e-01 2.97410655399873e+00 2.97454162236171e+00 4.35068362985902e-04
4.35000000000000e-01 2.98520449497945e+00 2.98562989767982e+00 4.25402700374278e-04
4.40000000000000e-01 2.99317952005800e+00 2.99359745048043e+00 4.17930422432988e-04
4.45000000000000e-01 2.99798424874269e+00 2.99839698310739e+00 4.12734364708456e-04
4.50000000000000e-01 2.99959016373745e+00 3.00000000000000e+00 4.09836262553753e-04
4.55000000000000e-01 2.99798778905409e+00 2.99839698310739e+00 4.09194053300865e-04
4.60000000000000e-01 2.99318674968787e+00 2.99359745048043e+00 4.10700792569330e-04
4.65000000000000e-01 2.98521571229415e+00 2.98562989767982e+00 4.14185385670507e-04
4.70000000000000e-01 2.97412220707355e+00 2.97454162236171e+00 4.19415288167357e-04
4.75000000000000e-01 2.95997233185703e+00 2.96039843312221e+00 4.26101265179835e-04
4.80000000000000e-01 2.94285034016951e+00 2.94328424439572e+00 4.33904226217141e-04
4.85000000000000e-01 2.92285811583909e+00 2.92330055990464e+00 4.42444065541725e-04
4.90000000000000e-01 2.90011453749447e+00 2.90056584784471e+00 4.51310350245482e-04
4.95000000000000e-01 2.87475473705373e+00 2.87521481165829e+00 4.60074604566429e-04
5.00000000000000e-01 2.84692925703797e+00 2.84739756089084e+00 4.68303852875440e-04
5.05000000000000e-01 2.81680311223935e+00 2.81727868724248e+00 4.75575003133777e-04
5.10000000000000e-01 2.78455476192557e+00 2.78503625151058e+00 4.81489585010930e-04
5.15000000000000e-01 2.75037499936017e+00 2.75086068766886e+00 4.85688308691667e-04
5.20000000000000e-01 2.71446576596005e+00 2.71495363083915e+00 4.87864879095135e-04
5.25000000000000e-01 2.67703889788586e+00 2.67752667638138e+00 4.87778495521951e-04
5.30000000000000e-01 2.63831481326554e+00 2.63880007775179e+00 4.85264486245640e-04
5.35000000000000e-01 2.59852114858558e+00 2.59900139115685e+00 4.80242571270217e-04
5.40000000000000e-01 2.55789135304078e+00 2.55836407535859e+00 4.72722317802710e-04
5.45000000000000e-01 2.51666324981814e+00 2.51712605526309e+00 4.62805444949588e-04
5.50000000000000e-01 2.47507757339911e+00 2.47552825814758e+00 4.50684748467989e-04
5.55000000000000e-01 2.43337649200637e+00 2.43381313154985e+00 4.36639543482720e-04
5.60000000000000e-01 2.39180212429286e+00 2.39222315195700e+00 4.21027664136098e-04
5.65000000000000e-01 2.35059505928459e+00 2.35099933348698e+00 4.04274202386645e-04
5.70000000000000e-01 2.30999288844637e+00 2.31037974575665e+00 3.86857310285205e-04
5.75000000000000e-01 2.27022875854718e+00 2.27059805007310e+00 3.69291525915472e-04
5.80000000000000e-01 2.23152995377064e+00 2.23188206297222e+00 3.52109201574358e-04
5.85000000000000e-01 2.19411651524640e+00 2.19445235595975e+00 3.35840713348912e-04
5.90000000000000e-01 2.15819990588172e+00 2.15852090008677e+00 3.20994205049718e-04
5.95000000000000e-01 2.12398172805080e+00 2.12428976371522e+00 3.08035664415396e-04
6.00000000000000e-01 2.09165250136078e+00 2.09194987150091e+00 2.97370140126318e-04
6.05000000000000e-01 2.06139050735655e+00 2.06167983224433e+00 2.89324887783771e-04
6.10000000000000e-01 2.03336070766045e+00 2.03364484283446e+00 2.84135174012157e-04
6.15000000000000e-01 2.00771374166175e+00 2.00799567504205e+00 2.81933380301691e-04
6.20000000000000e-01 1.98458500947917e+00 1.98486775140779e+00 2.82741928620656e-04
6.25000000000000e-01 1.96409384551638e+00 1.96438031592140e+00 2.86470405018280e-04
6.30000000000000e-01 1.94634278750877e+00 1.94663570460343e+00 2.92917094661727e-04
6.35000000000000e-01 1.93141694552214e+00 1.93171872048530e+00 3.01774963158863e-04
6.40000000000000e-01 1.91938347490356e+00 1.91969611683971e+00 3.12641936148328e-04
6.45000000000000e-01 1.91029115669847e+00 1.91061619184595e+00 3.25035147482611e-04
6.50000000000000e-01 1.90417008853215e+00 1.90450849718747e+00 3.38408655327527e-04
6.55000000000000e-01 1.90103148840507e+00 1.90138366237698e+00 3.52173971913894e-04
6.60000000000000e-01 1.90086761326781e+00 1.90123333589028e+00 3.65722622466480e-04
6.65000000000000e-01 1.90365179361889e+00 1.90403024347033e+00 3.78449851434759e-04
6.70000000000000e-01 1.90933858471040e+00 1.90972836324032e+00 3.89778529912954e-04
6.75000000000000e-01 1.91786403424990e+00 1.91826321654437e+00 3.99182294473555e-04
6.80000000000000e-01 1.92914606575804e+00 1.92955227272105e+00 4.06206963009303e-04
6.85000000000000e-01 1.94308497598137e+00 1.94349546531226e+00 4.10489330891162e-04
6.90000000000000e-01 1.95956404397811e+00 1.95997581652323e+00 4.11772545126921e-04
6.95000000000000e-01 1.97845024869618e+00 1.97886016608158e+00 4.09917385403968e-04
7.00000000000000e-01 1.99959509105799e+00 2.00000000000000e+00 4.04908942011284e-04
7.05000000000000e-01 2.02283551576657e+00 2.02323237413106e+00 3.96858364498875e-04
7.10000000000000e-01 2.04799492726280e+00 2.04838092681811e+00 3.85999555311933e-04
7.15000000000000e-01 2.07488429350464e+00 2.07525697439691e+00 3.72680892270605e-04
7.20000000000000e-01 2.10330333052371e+00 2.10366068279205e+00 3.57352268345767e-04
7.25000000000000e-01 2.13304176004633e+00 2.13338230798255e+00 3.40547936218183e-04
7.30000000000000e-01 2.16388063186492e+00 2.16420349768687e+00 3.22865821948959e-04
7.35000000000000e-01 2.19559370211524e+00 2.19589864623990e+00 3.04944124660533e-04
7.40000000000000e-01 2.22794885816971e+00 2.22823629430637e+00 2.87436136662045e-04
7.45000000000000e-01 2.26070958049813e+00 2.26098056479902e+00 2.70984300891453e-04
7.50000000000000e-01 2.29363643158909e+00 2.29389262614624e+00 2.56194557143541e-04
7.55000000000000e-01 2.32648856185896e+00 2.32673217388556e+00 2.43612026598061e-04
7.60000000000000e-01 2.35902522241555e+00 2.35925892144618e+00 2.33699030634860e-04
7.65000000000000e-01 2.39100727457659e+00 2.39123409092702e+00 2.26816350429537e-04
7.70000000000000e-01 2.42219868617427e+00 2.42242189467697e+00 2.23208502700967e-04
7.75000000000000e-01 2.45236800489634e+00 2.45259099854052e+00 2.22993644179770e-04
7.80000000000000e-01 2.48128979921690e+00 2.48151595774496e+00 2.26158528055187e-04
7.85000000000000e-01 2.50874605784463e+00 2.50897861657418e+00 2.32558729543975e-04
7.90000000000000e-01 2.53452753905604e+00 2.53476946319709e+00 2.41924141052952e-04
7.95000000000000e-01 2.55843506177439e+00 2.55868893129538e+00 2.53869520991046e-04
8.00000000000000e-01 2.58028073078992e+00 2.58054864046305e+00 2.67909673131950e-04
8.05000000000000e-01 2.59988908908369e+00 2.60017256772797e+00 2.83478644286017e-04
8.10000000000000e-01 2.61709819080743e+00 2.61739814297001e+00 2.99952162581274e-04
8.15000000000000e-01 2.63176058907088e+00 2.63207726147960e+00 3.16672408719576e-04
8.20000000000000e-01 2.64374423329452e+00 2.64407720741157e+00 3.32974117053020e-04
8.25000000000000e-01 2.65293327148700e+00 2.65328148243819e+00 3.48210951184313e-04
8.30000000000000e-01 2.65922875339879e+00 2.65959053448992e+00 3.61781091121394e-04
8.35000000000000e-01 2.66254923108732e+00 2.66292238208847e+00 3.73151001142880e-04
8.40000000000000e-01 2.66283125399273e+00 2.66321313042021e+00 3.81876427481220e-04
8.45000000000000e-01 2.66002975617847e+00 2.66041737596564e+00 3.87619787171722e-04
8.50000000000000e-01 2.65411833392646e+00 2.65450849718747e+00 3.90163261013488e-04
8.55000000000000e-01 2.64508941240393e+00 2.64547882948272e+00 3.89417078787258e-04
8.60000000000000e-01 2.63295430063634e+00 2.63333972331718e+00 3.85422680845515e-04
8.65000000000000e-01 2.61774313453172e+00 2.61812148518153e+00 3.78350649803405e-04
8.70000000000000e-01 2.59950470821369e+00 2.59987320173000e+00 3.68493516312185e-04
8.75000000000000e-01 2.57830619443498e+00 2.57866244818360e+00 3.56253748611479e-04
8.80000000000000e-01 2.55423275536393e+00 2.55457488279246e+00 3.42127428528460e-04
8.85000000000000e-01 2.52738704556838e+00 2.52771372985530e+00 3.26684286918066e-04
8.90000000000000e-01 2.49788860956724e+00 2.49819915448034e+00 3.10544913090904e-04
8.95000000000000e-01 2.46587317687709e+00 2.46616753293972e+00 2.94356062631174e-04
9.00000000000000e-01 2.43149185805616e+00 2.43177062311339e+00 2.78765057229791e-04
9.05000000000000e-01 2.39491024583314e+00 2.39517464013388e+00 2.64394300742321e-04
9.10000000000000e-01 2.35630742600437e+00 2.35655924292839e+00 2.51816924023540e-04
9.15000000000000e-01 2.31587490338412e+00 2.31611643790350e+00 2.41534519378028e-04
9.20000000000000e-01 2.27381544869476e+00 2.27404940652903e+00 2.33957834272491e-04
9.25000000000000e-01 2.23034187287588e+00 2.23057126404647e+00 2.29391170584403e-04
9.30000000000000e-01 2.18567573587042e+00 2.18590375695213e+00 2.28021081705609e-04
9.35000000000000e-01 2.14004599749928e+00 2.14027590728277e+00 2.29909783489024e-04
9.40000000000000e-01 2.09368761855371e+00 2.09392261205918e+00 2.34993505474179e-04
9.45000000000000e-01 2.04684012071077e+00 2.04708320651983e+00 2.43085809063182e-04
9.50000000000000e-01 1.99974611429775e+00 2.00000000000000e+00 2.53885702253820e-04
9.55000000000000e-01 1.95264980328768e+00 1.95291679348017e+00 2.66990192485883e-04
9.60000000000000e-01 1.90579547719652e+00 1.90607738794082e+00 2.81910744304614e-04
9.65000000000000e-01 1.85942599975590e+00 1.85972409271723e+00 2.98092961332097e-04
9.70000000000000e-01 1.81378130435986e+00 1.81409624304787e+00 3.14938688013910e-04
9.75000000000000e-01 1.76909690631257e+00 1.76942873595353e+00 3.31829640958681e-04
9.80000000000000e-01 1.72560244184447e+00 1.72595059347097e+00 3.48151626502258e-04
9.85000000000000e-01 1.68352024370852e+00 1.68388356209650e+00 3.63318387980760e-04
9.90000000000000e-01 1.64306396292151e+00 1.64344075707161e+00 3.76794150104276e-04
9.95000000000000e-01 1.60443724587659e+00 1.60482535986612e+00 3.88113989527206e-04
1.00000000000000e+00 1.56783247563266e+00 1.56822937688661e+00 3.96901253947091e-04
1.00500000000000e+00 1.53342958568267e+00 1.53383246706028e+00 4.02881377610242e-04
1.01000000000000e+00 1.50139495393031e+00 1.50180084551966e+00 4.05891589355445e-04
1.01500000000000e+00 1.47188038397053e+00 1.47228627014470e+00 4.05886174170256e-04
1.02000000000000e+00 1.44502218007812e+00 1.44542511720755e+00 4.02937129425629e-04
1.02500000000000e+00 1.42094032157964e+00 1.42133755181640e+00 3.97230236759194e-04
1.03000000000000e+00 1.39973774151946e+00 1.40012679827000e+00 3.89056750530914e-04
1.03500000000000e+00 1.38149971374670e+00 1.38187851481848e+00 3.78801071778012e-04
1.04000000000000e+00 1.36629335175352e+00 1.36666027668282e+00 3.66924929291468e-04
1.04500000000000e+00 1.35416722179770e+00 1.35452117051728e+00 3.53948719583608e-04
1.05000000000000e+00 1.34515107205219e+00 1.34549150281253e+00 3.40430760335186e-04
1.05500000000000e+00 1.33925567874993e+00 1.33958262403436e+00 3.26945284432112e-04
1.06000000000000e+00 1.33647280953679e+00 1.33678686957979e+00 3.14060042994946e-04
1.06500000000000e+00 1.33677530352243e+00 1.33707761791153e+00 3.02314389106995e-04
1.07000000000000e+00 1.34011726682268e+00 1.34040946551008e+00 2.92198687405376e-04
1.07500000000000e+00 1.34643438172673e+00 1.34671851756181e+00 2.84135835079136e-04
1.08000000000000e+00 1.35564432700087e+00 1.35592279258843e+00 2.78465587551180e-04
1.08500000000000e+00 1.36764730625121e+00 1.36792273852040e+00 2.75432269184250e-04
1.09000000000000e+00 1.38232668071907e+00 1.38260185702999e+00 2.75176310918335e-04
1.09500000000000e+00 1.39954970236727e+00 1.39982743227203e+00 2.77729904756052e-04
1.10000000000000e+00 1.41916834263308e+00 1.41945135953695e+00 2.83016903878108e-04
1.10500000000000e+00 1.44102021177363e+00 1.44131106870462e+00 2.90856930994732e-04
1.11000000000000e+00 1.46492956330789e+00 1.46523053680291e+00 3.00973495018564e-04
1.11500000000000e+00 1.49070837766188e+00 1.49102138342582e+00 3.13005763946883e-04
1.12000000000000e+00 1.51815751875353e+00 1.51848404225504e+00 3.26523501511966e-04
1.12500000000000e+00 1.54706795690129e+00 1.54740900145948e+00 3.41044558185954e-04
1.13000000000000e+00 1.57722205111175e+00 1.57757810532303e+00 3.56054211276158e-04
1.13500000000000e+00 1.60839488348935e+00 1.60876590907298e+00 3.71025583628004e-04
1.14000000000000e+00 1.64035563822108e+00 1.64074107855382e+00 3.85440332742792e-04
1.14500000000000e+00 1.67286901731690e+00 1.67326782611444e+00 3.98808797543060e-04
1.15000000000000e+00 1.70569668503648e+00 1.70610737385376e+00 4.10688817287008e-04
1.15500000000000e+00 1.73859873270949e+00 1.73901943520098e+00 4.20702491487956e-04
1.16000000000000e+00 1.77133515545598e+00 1.77176370569363e+00 4.28550237645320e-04
1.16500000000000e+00 1.80366733214972e+00 1.80410135376010e+00 4.34021610376201e-04
1.17000000000000e+00 1.83535949983489e+00 1.83579650231313e+00 4.37002478238080e-04
1.17500000000000e+00 1.86618021371932e+00 1.86661769201745e+00 4.37478298130456e-04
1.18000000000000e+00 1.89590378382273e+00 1.89633931720795e+00 4.35533385216846e-04
1.18500000000000e+00 1.92431167936997e+00 1.92474302560309e+00 4.31346233118246e-04
1.19000000000000e+00 1.95119389208282e+00 1.95161907318189e+00 4.25181099073857e-04
1.19500000000000e+00 1.97635024965383e+00 1.97676762586894e+00 4.17376215103182e-04
1.20000000000000e+00 1.99959167087895e+00 2.00000000000000e+00 4.08329121051931e-04
1.20500000000000e+00 2.02074135418819e+00 2.02113983391842e+00 3.98479730235657e-04
1.21000000000000e+00 2.03963589164960e+00 2.04002418347677e+00 3.88291827164711e-04
1.21500000000000e+00 2.05612630092946e+00 2.05650453468774e+00 3.78233758282942e-04
1.22000000000000e+00 2.07007896816955e+00 2.07044772727895e+00 3.68759109400152e-04
1.22500000000000e+00 2.08137649529714e+00 2.08173678345563e+00 3.60288158483879e-04
1.23000000000000e+00 2.08991844589665e+00 2.09027163675968e+00 3.53190863033870e-04
1.23500000000000e+00 2.09562198445664e+00 2.09596975652967e+00 3.47772073029606e-04
1.24000000000000e+00 2.09842240454100e+00 2.09876666410972e+00 3.44259568727967e-04
1.24500000000000e+00 2.09827354221852e+00 2.09861633762302e+00 3.42795404497220e-04
1.25000000000000e+00 2.09514807191228e+00 2.09549150281253e+00 3.43430900247466e-04
1.25500000000000e+00 2.08903768268353e+00 2.08938380815405e+00 3.46125470521930e-04
1.26000000000000e+00 2.07995313384124e+00 2.08030388316029e+00 3.50749319045551e-04
1.26500000000000e+00 2.06792418964941e+00 2.06828127951470e+00 3.57089865288707e-04
1.27000000000000e+00 2.05299943378519e+00 2.05336429539657e+00 3.64861611383827e-04
1.27500000000000e+00 2.03524596506514e+00 2.03561968407860e+00 3.73719013458285e-04
1.28000000000000e+00 2.01474897679697e+00 2.01513224859221e+00 3.83271795240780e-04
1.28500000000000e+00 1.99161122291957e+00 1.99200432495795e+00 3.93102038383164e-04
1.29000000000000e+00 1.96595237485503e+00 1.96635515716554e+00 4.02782310509053e-04
1.29500000000000e+00 1.93790827370646e+00 1.93832016775567e+00 4.11894049204831e-04
1.30000000000000e+00 1.90763008308760e+00 1.90805012849909e+00 4.20045411491099e-04
1.30500000000000e+00 1.87528334846057e+00 1.87571023628478e+00 4.26887824212407e-04
1.31000000000000e+00 1.84104696938407e+00 1.84147909991323e+00 4.32130529152586e-04
1.31500000000000e+00 1.80511209153348e+00 1.80554764404025e+00 4.35552506768522e-04
1.32000000000000e+00 1.76768092574968e+00 1.76811793702778e+00 4.37011278101807e-04
1.32500000000000e+00 1.72896550170309e+00 1.72940194992690e+00 4.36448223807728e-04
1.33000000000000e+00 1.68918636403131e+00 1.68962025424335e+00 4.33890212041543e-04
1.33500000000000e+00 1.64857121902241e+00 1.64900066651302e+00 4.29447490606139e-04
1.34000000000000e+00 1.60735354008041e+00 1.60777684804300e+00 4.23307962593933e-04
1.34500000000000e+00 1.56577114032628e+00 1.56618686845015e+00 4.15728123871917e-04
1.35000000000000e+00 1.52406472076660e+00 1.52447174185242e+00 4.07021085822912e-04
1.35500000000000e+00 1.48247640250307e+00 1.48287394473691e+00 3.97542233846693e-04
1.36000000000000e+00 1.44124825146896e+00 1.44163592464141e+00 3.87673172447256e-04
1.36500000000000e+00 1.40062080416337e+00 1.40099860884315e+00 3.77804679779770e-04
1.37000000000000e+00 1.36083160281546e+00 1.36119992224821e+00 3.68319432747510e-04
1.37500000000000e+00 1.32211374835009e+00 1.32247332361862e+00 3.59575268522372e-04
1.38000000000000e+00 1.28469447944299e+00 1.28504636916085e+00 3.51889717859821e-04
1.38500000000000e+00 1.24879378584901e+00 1.24913931233114e+00 3.45526482128600e-04
1.39000000000000e+00 1.21462306405574e+00 1.21496374848942e+00 3.40684433675076e-04
1.39500000000000e+00 1.18238382315682e+00 1.18272131275752e+00 3.37489600704011e-04
1.40000000000000e+00 1.15226644864973e+00 1.15260243910916e+00 3.35990459426894e-04
1.40500000000000e+00 1.12444903163599e+00 1.12478518834171e+00 3.36156705718738e-04
1.41000000000000e+00 1.09909627063477e+00 1.09943415215529e+00 3.37881520519945e-04
1.41500000000000e+00 1.07635845290753e+00 1.07669944009536e+00 3.40987187830821e-04
1.42000000000000e+00 1.05637052182932e+00 1.05671575560428e+00 3.45233774959430e-04
1.42500000000000e+00 1.03925123642429e+00 1.03960156687779e+00 3.50330453503966e-04
1.43000000000000e+00 1.02510242871209e+00 1.02545837763829e+00 3.55948926197280e-04
1.43500000000000e+00 1.01400836398168e+00 1.01437010232018e+00 3.61738338497286e-04
1.44000000000000e+00 1.00603520852163e+00 1.00640254951957e+00 3.67340997930787e-04
1.44500000000000e+00 1.00123060869532e+00 1.00160301689261e+00 3.72408197286012e-04
1.45000000000000e+00 9.99623384555731e-01 1.00000000000000e+00 3.76615444268813e-04
1.45500000000000e+00 1.00122334045329e+00 1.00160301689261e+00 3.79676439313803e-04
1.46000000000000e+00 1.00602119431268e+00 1.00640254951957e+00 3.81355206883205e-04
1.46500000000000e+00 1.01398862644044e+00 1.01437010232018e+00 3.81475879734694e-04
1.47000000000000e+00 1.02507844789208e+00 1.02545837763829e+00 3.79929746211038e-04
1.47500000000000e+00 1.03922488758016e+00 1.03960156687779e+00 3.76679297636739e-04
1.48000000000000e+00 1.05634399645385e+00 1.05671575560428e+00 3.71759150421314e-04
1.48500000000000e+00 1.07633416624118e+00 1.07669944009536e+00 3.65273854187498e-04
1.49000000000000e+00 1.09907675942160e+00 1.09943415215529e+00 3.57392733690842e-04
1.49500000000000e+00 1.12443684630428e+00 1.12478518834171e+00 3.48342037428617e-04
1.50000000000000e+00 1.15226404433292e+00 1.15260243910916e+00 3.38394776240536e-04
1.50500000000000e+00 1.18239345403049e+00 1.18272131275752e+00 3.27858727029229e-04
1.51000000000000e+00 1.21464668534476e+00 1.21496374848942e+00 3.17063144659846e-04
1.51500000000000e+00 1.24883296756172e+00 1.24913931233114e+00 3.06344769419598e-04
1.52000000000000e+00 1.28475033542717e+00 1.28504636916085e+00 2.96033733677703e-04
1.52500000000000e+00 1.32218688365612e+00 1.32247332361862e+00 2.86439962501994e-04
1.53000000000000e+00 1.36092208161892e+00 1.36119992224821e+00 2.77840629290926e-04
1.53500000000000e+00 1.40072813967342e+00 1.40099860884315e+00 2.70469169730170e-04
1.54000000000000e+00 1.44137141836035e+00 1.44163592464141e+00 2.64506281067112e-04
1.54500000000000e+00 1.48261387149578e+00 1.48287394473691e+00 2.60073241135528e-04
1.55000000000000e+00 1.52421451407523e+00 1.52447174185242e+00 2.57227777191504e-04
1.55500000000000e+00 1.56593090584563e+00 1.56618686845015e+00 2.55962604523541e-04
1.56000000000000e+00 1.60752064140095e+00 1.60777684804300e+00 2.56206642057499e-04
1.56500000000000e+00 1.64874283771126e+00 1.64900066651302e+00 2.57828801760951e-04
1.57000000000000e+00 1.68935961009663e+00 1.68962025424335e+00 2.60644146713895e-04
1.57500000000000e+00 1.72913752780399e+00 1.72940194992690e+00 2.64422122912000e-04
1.58000000000000e+00 1.76784904053848e+00 1.76811793702778e+00 2.68896489302506e-04
1.58500000000000e+00 1.80527386752435e+00 1.80554764404025e+00 2.73776515897550e-04
1.59000000000000e+00 1.84120034093725e+00 1.84147909991323e+00 2.78758975974736e-04
1.59500000000000e+00 1.87542669584578e+00 1.87571023628478e+00 2.83540439006913e-04
1.60000000000000e+00 1.90776229912753e+00 1.90805012849909e+00 2.87829371559800e-04
1.60500000000000e+00 1.93802881018441e+00 1.93832016775567e+00 2.91357571258644e-04
1.61000000000000e+00 1.96606126666809e+00 1.96635515716554e+00 2.93890497454319e-04
1.61500000000000e+00 1.99170908884263e+00 1.99200432495795e+00 2.95236115321007e-04
1.62000000000000e+00 2.01483699665482e+00 2.01513224859221e+00 2.95251937394436e-04
1.62500000000000e+00 2.03532583405614e+00 2.03561968407860e+00 2.93850022458741e-04
1.63000000000000e+00 2.05307329561775e+00 2.05336429539657e+00 2.90999778819412e-04
1.63500000000000e+00 2.06799455101065e+00 2.06828127951470e+00 2.86728504053535e-04
1.64000000000000e+00 2.08002276347694e+00 2.08030388316029e+00 2.81119683345210e-04
1.64500000000000e+00 2.08910949900127e+00 2.08938380815405e+00 2.74309152777708e-04
1.65000000000000e+00 2.09522502350033e+00 2.09549150281253e+00 2.66479312200030e-04
1.65500000000000e+00 2.09835848598027e+00 2.09861633762302e+00 2.57851642752271e-04
1.66000000000000e+00 2.09851798626924e+00 2.09876666410972e+00 2.48677840484213e-04
1.66500000000000e+00 2.09573052660556e+00 2.09596975652967e+00 2.39229924112738e-04
1.67000000000000e+00 2.09004184705496e+00 2.09027163675968e+00 2.29789704720318e-04
1.67500000000000e+00 2.08151614543543e+00 2.08173678345563e+00 2.20638020194563e-04
1.68000000000000e+00 2.07023568314040e+00 2.07044772727895e+00 2.12044138550471e-04
1.68500000000000e+00 2.05630027896893e+00 2.05650453468774e+00 2.04255718811108e-04
1.69000000000000e+00 2.03982669378500e+00 2.04002418347677e+00 1.97489691765362e-04
1.69500000000000e+00 2.02094790953820e+00 2.02113983391842e+00 1.91924380216868e-04
1.70000000000000e+00 1.99981230686925e+00 2.00000000000000e+00 1.87693130748068e-04
1.70500000000000e+00 1.97658274620116e+00 1.97676762586893e+00 1.84879667773474e-04
1.71000000000000e+00 1.95143555786587e+00 1.95161907318189e+00 1.83515316021898e-04
1.71500000000000e+00 1.92455944743271e+00 1.92474302560309e+00 1.83578170373400e-04
1.72000000000000e+00 1.89615432298746e+00 1.89633931720795e+00 1.84994220491674e-04
1.72500000000000e+00 1.86643005164783e+00 1.86661769201745e+00 1.87640369623709e-04
1.73000000000000e+00 1.83560515309071e+00 1.83579650231313e+00 1.91349222413928e-04
1.73500000000000e+00 1.80390543830486e+00 1.80410135376010e+00 1.95915455244000e-04
1.74000000000000e+00 1.77156260216128e+00 1.77176370569363e+00 2.01103532348812e-04
1.74500000000000e+00 1.73881277871700e+00 1.73901943520098e+00 2.06656483982659e-04
1.75000000000000e+00 1.70589506842102e+00 1.70610737385376e+00 2.12305432745419e-04
1.75500000000000e+00 1.67305004658668e+00 1.67326782611444e+00 2.17779527759143e-04
1.76000000000000e+00 1.64051826261700e+00 1.64074107855382e+00 2.22815936815834e-04
1.76500000000000e+00 1.60853873952777e+00 1.60876590907298e+00 2.27169545214068e-04
1.77000000000000e+00 1.57734748330176e+00 1.57757810532303e+00 2.30622021266447e-04
1.77500000000000e+00 1.54717601152926e+00 1.54740900145948e+00 2.32989930216698e-04
1.78000000000000e+00 1.51824991064419e+00 1.51848404225504e+00 2.34131610846733e-04
1.78500000000000e+00 1.49078743085671e+00 1.49102138342582e+00 2.33952569115514e-04
1.79000000000000e+00 1.46499812760958e+00 1.46523053680291e+00 2.32409193322569e-04
1.79500000000000e+00 1.44108155805394e+00 1.44131106870462e+00 2.29510650680220e-04
1.80000000000000e+00 1.41922604065275e+00 1.41945135953695e+00 2.25318884204073e-04
1.80500000000000e+00 1.39960748557646e+00 1.39982743227203e+00 2.19946695566797e-04
1.81000000000000e+00 1.38238830306994e+00 1.38260185702999e+00 2.13553960047852e-04
1.81500000000000e+00 1.36771639643145e+00 1.36792273852040e+00 2.06342088945322e-04
1.82000000000000e+00 1.35572424567677e+00 1.35592279258843e+00 1.98546911657216e-04
1.82500000000000e+00 1.34652808735111e+00 1.34671851756181e+00 1.90430210701864e-04
1.83000000000000e+00 1.34022719531907e+00 1.34040946551008e+00 1.82270191018352e-04
1.83500000000000e+00 1.33690326670269e+00 1.33707761791153e+00 1.74351208841683e-04
1.84000000000000e+00 1.33661991646222e+00 1.33678686957979e+00 1.66953117566537e-04
1.84500000000000e+00 1.33942228342487e+00 1.33958262403436e+00 1.60340609494103e-04
1.85000000000000e+00 1.34533674987060e+00 1.34549150281253e+00 1.54752941929681e-04
1.85500000000000e+00 1.35437077608559e+00 1.35452117051728e+00 1.50394431696066e-04
1.86000000000000e+00 1.36651285059821e+00 1.36666027668282e+00 1.47426084608382e-04
1.86500000000000e+00 1.38173255612219e+00 1.38187851481848e+00 1.45958696284643e-04
1.87000000000000e+00 1.39998075055401e+00 1.40012679827000e+00 1.46047715980702e-04
1.87500000000000e+00 1.42118986170778e+00 1.42133755181640e+00 1.47690108625698e-04
1.88000000000000e+00 1.44527429382236e+00 1.44542511720755e+00 1.50823385183907e-04
1.88500000000000e+00 1.47213094325094e+00 1.47228627014470e+00 1.55326893758856e-04
1.89000000000000e+00 1.50163982013535e+00 1.50180084551967e+00 1.61025384320279e-04
1.89500000000000e+00 1.53366477228851e+00 1.53383246706028e+00 1.67694771766813e-04
1.90000000000000e+00 1.56805430694856e+00 1.56822937688661e+00 1.75069938046279e-04
1.90500000000000e+00 1.60464250553797e+00 1.60482535986612e+00 1.82854328145021e-04
1.91000000000000e+00 1.64325002605311e+00 1.64344075707161e+00 1.90731018505863e-04
1.91500000000000e+00 1.68368518723091e+00 1.68388356209650e+00 1.98374865588935e-04
1.92000000000000e+00 1.72574512818317e+00 1.72595059347097e+00 2.05465287797857e-04
1.92500000000000e+00 1.76921703676328e+00 1.76942873595353e+00 2.11699190257653e-04
1.93000000000000e+00 1.81387943952761e+00 1.81409624304787e+00 2.16803520258990e-04
1.93500000000000e+00 1.85950354578230e+00 1.85972409271723e+00 2.20546934929011e-04
1.94000000000000e+00 1.90585463786029e+00 1.90607738794082e+00 2.22750080527634e-04
1.94500000000000e+00 1.95269349946127e+00 1.95291679348017e+00 2.23294018895093e-04
1.95000000000000e+00 1.99977787360371e+00 2.00000000000000e+00 2.22126396290712e-04
1.95500000000000e+00 2.04686394149442e+00 2.04708320651983e+00 2.19265025412252e-04
1.96000000000000e+00 2.09370781341042e+00 2.09392261205918e+00 2.14798648754844e-04
1.96500000000000e+00 2.14006702252526e+00 2.14027590728277e+00 2.08884757511463e-04
1.97000000000000e+00 2.18570201249020e+00 2.18590375695213e+00 2.01744461925113e-04
1.97500000000000e+00 2.23037760951453e+00 2.23057126404646e+00 1.93654531930765e-04
1.98000000000000e+00 2.27386446967516e+00 2.27404940652903e+00 1.84936853862450e-04
1.98500000000000e+00 2.31594049223592e+00 2.31611643790350e+00 1.75945667581612e-04
1.99000000000000e+00 2.35639218986691e+00 2.35655924292839e+00 1.67053061476352e-04
1.99500000000000e+00 2.39501600684032e+00 2.39517464013388e+00 1.58633293558808e-04
2.00000000000000e+00 2.43161957652945e+00 2.43177062311339e+00 1.51046583936942e-04
2.00500000000000e+00 2.46602290987035e+00 2.46616753293972e+00 1.44623069364691e-04
2.01000000000000e+00 2.49805950684802e+00 2.49819915448034e+00 1.39647632318329e-04
2.01500000000000e+00 2.52757738355152e+00 2.52771372985530e+00 1.36346303782897e-04
2.02000000000000e+00 2.55444000789590e+00 2.55457488279245e+00 1.34874896556614e-04
2.02500000000000e+00 2.57852713773408e+00 2.57866244818359e+00 1.35310449510762e-04
2.03000000000000e+00 2.59973555577153e+00 2.59987320173000e+00 1.37645958468546e-04
2.03500000000000e+00 2.61797969644490e+00 2.61812148518152e+00 1.41788736625070e-04
2.04000000000000e+00 2.63319216072189e+00 2.63333972331718e+00 1.47562595295359e-04
2.04500000000000e+00 2.64532411561674e+00 2.64547882948272e+00 1.54713865978096e-04
2.05000000000000e+00 2.65434557607993e+00 2.65450849718747e+00 1.62921107547565e-04
2.05500000000000e+00 2.66024556779830e+00 2.66041737596564e+00 1.71808167336529e-04
2.06000000000000e+00 2.66303217032631e+00 2.66321313042021e+00 1.80960093900229e-04
2.06500000000000e+00 2.66273244083844e+00 2.66292238208847e+00 1.89941250024361e-04
2.07000000000000e+00 2.65939221964274e+00 2.65959053448992e+00 1.98314847172920e-04
2.07500000000000e+00 2.65307581940946e+00 2.65328148243819e+00 2.05663028727265e-04
2.08000000000000e+00 2.64386560083675e+00 2.64407720741157e+00 2.11606574829215e-04
2.08500000000000e+00 2.63186143819200e+00 2.63207726147960e+00 2.15823287600614e-04
2.09000000000000e+00 2.61718007882065e+00 2.61739814297001e+00 2.18064149363428e-04
2.09500000000000e+00 2.59995440130426e+00 2.60017256772797e+00 2.18166423713750e-04
2.10000000000000e+00 2.58033257747230e+00 2.58054864046305e+00 2.16062990748167e-04
2.10500000000000e+00 2.55847714392753e+00 2.55868893129538e+00 2.11787367849325e-04
2.11000000000000e+00 2.53456398913566e+00 2.53476946319710e+00 2.05474061441002e-04
2.11500000000000e+00 2.50878126246504e+00 2.50897861657418e+00 1.97354109143788e-04
2.12000000000000e+00 2.48132821183969e+00 2.48151595774496e+00 1.87745905269932e-04
2.12500000000000e+00 2.45241395690645e+00 2.45259099854052e+00 1.77041634069841e-04
2.13000000000000e+00 2.42225620481729e+00 2.42242189467697e+00 1.65689859682683e-04
2.13500000000000e+00 2.39107991590194e+00 2.39123409092702e+00 1.54175025081749e-04
2.14000000000000e+00 2.35911592666089e+00 2.35925892144618e+00 1.42994785293560e-04
2.14500000000000e+00 2.32659953765710e+00 2.32673217388556e+00 1.32636228468375e-04
2.15000000000000e+00 2.29376907402524e+00 2.29389262614624e+00 1.23552120996795e-04
2.15500000000000e+00 2.26086442646074e+00 2.26098056479902e+00 1.16138338277949e-04
2.16000000000000e+00 2.22812558069540e+00 2.22823629430637e+00 1.10713610973701e-04
2.16500000000000e+00 2.19579114361166e+00 2.19589864623990e+00 1.07502628239775e-04
2.17000000000000e+00 2.16409687429281e+00 2.16420349768687e+00 1.06623394066307e-04
2.17500000000000e+00 2.13327422843960e+00 2.13338230798255e+00 1.08079542948669e-04
2.18000000000000e+00 2.10354892470408e+00 2.10366068279205e+00 1.11758087975478e-04
2.18500000000000e+00 2.07513954158221e+00 2.07525697439691e+00 1.17432814705332e-04
2.19000000000000e+00 2.04825615355962e+00 2.04838092681811e+00 1.24773258494137e-04
2.19500000000000e+00 2.02309901520578e+00 2.02323237413107e+00 1.33358925290761e-04
2.20000000000000e+00 1.99985730185091e+00 2.00000000000000e+00 1.42698149085740e-04
2.20500000000000e+00 1.97870791533989e+00 1.97886016608158e+00 1.52250741688231e-04
2.21000000000000e+00 1.95981436313557e+00 1.95997581652323e+00 1.61453387660382e-04
2.21500000000000e+00 1.94332571872529e+00 1.94349546531226e+00 1.69746586969222e-04
2.22000000000000e+00 1.92937567086772e+00 1.92955227272105e+00 1.76601853325575e-04
2.22500000000000e+00 1.91808166869784e+00 1.91826321654437e+00 1.81547846535013e-04
2.23000000000000e+00 1.90954416909018e+00 1.90972836324032e+00 1.84194150137706e-04
2.23500000000000e+00 1.90384599196383e+00 1.90403024347033e+00 1.84251506499589e-04
2.24000000000000e+00 1.90105178841229e+00 1.90123333589028e+00 1.81547477990707e-04
2.24500000000000e+00 1.90120762566146e+00 1.90138366237698e+00 1.76036715519245e-04
2.25000000000000e+00 1.90434069192058e+00 1.90450849718747e+00 1.67805266898080e-04
2.25500000000000e+00 1.91045912320417e+00 1.91061619184595e+00 1.57068641780667e-04
2.26000000000000e+00 1.91955195319239e+00 1.91969611683971e+00 1.44163647322282e-04
2.26500000000000e+00 1.93158918617556e+00 1.93171872048530e+00 1.29534309736501e-04
2.27000000000000e+00 1.94652199211929e+00 1.94663570460343e+00 1.13712484140382e-04
2.27500000000000e+00 1.96428302190722e+00 1.96438031592140e+00 9.72940141847900e-05
2.28000000000000e+00 1.98478683988314e+00 1.98486775140779e+00 8.09115246476200e-05
2.28500000000000e+00 2.00793046994265e+00 2.00799567504205e+00 6.52050993994457e-05
2.29000000000000e+00 2.03359405062495e+00 2.03364484283446e+00 5.07922095023261e-05
2.29500000000000e+00 2.06164159394078e+00 2.06167983224433e+00 3.82383035506528e-05
2.30000000000000e+00 2.09192184204583e+00 2.09194987150091e+00 2.80294550796256e-05
2.30500000000000e+00 2.12426921533814e+00 2.12428976371522e+00 2.05483770705506e-05
2.31000000000000e+00 2.15850484511724e+00 2.15852090008677e+00 1.60549695342738e-05
2.31500000000000e+00 2.19443768359520e+00 2.19445235595975e+00 1.46723645491065e-05
2.32000000000000e+00 2.23186568378488e+00 2.23188206297221e+00 1.63791873375452e-05
2.32500000000000e+00 2.27057704160273e+00 2.27059805007310e+00 2.10084703713420e-05
2.33000000000000e+00 2.31035149240345e+00 2.31037974575665e+00 2.82533532018903e-05
2.33500000000000e+00 2.35096165409866e+00 2.35099933348698e+00 3.76793883161142e-05
2.34000000000000e+00 2.39217440899087e+00 2.39222315195699e+00 4.87429661202299e-05
2.34500000000000e+00 2.43375231646610e+00 2.43381313154985e+00 6.08150837462240e-05
2.35000000000000e+00 2.47545504872131e+00 2.47552825814758e+00 7.32094262687610e-05
2.35500000000000e+00 2.51704084174563e+00 2.51712605526309e+00 8.52135174560509e-05
2.36000000000000e+00 2.55826795382093e+00 2.55836407535858e+00 9.61215376578117e-05
2.36500000000000e+00 2.59889612384503e+00 2.59900139115685e+00 1.05267311820700e-04
2.37000000000000e+00 2.63868802181321e+00 2.63880007775179e+00 1.12055938574773e-04
2.37500000000000e+00 2.67741068380947e+00 2.67752667638138e+00 1.15992571909640e-04
2.38000000000000e+00 2.71483692386510e+00 2.71495363083914e+00 1.16706974048419e-04
2.38500000000000e+00 2.75074671503861e+00 2.75086068766886e+00 1.13972630249037e-04
2.39000000000000e+00 2.78492853206318e+00 2.78503625151058e+00 1.07719447396626e-04
2.39500000000000e+00 2.81718064790390e+00 2.81727868724248e+00 9.80393385736633e-05
2.40000000000000e+00 2.84731237657882e+00 2.84739756089084e+00 8.51843120175388e-05
2.40500000000000e+00 2.87514525463152e+00 2.87521481165829e+00 6.95570267756906e-05
2.41000000000000e+00 2.90051415371828e+00 2.90056584784471e+00 5.16941264319115e-05
2.41500000000000e+00 2.92326831689659e+00 2.92330055990463e+00 3.22430080421654e-05
2.42000000000000e+00 2.94327231139171e+00 2.94328424439572e+00 1.19330040155852e-05
2.42500000000000e+00 2.96040689088310e+00 2.96039843312221e+00 8.45776089697381e-06
2.43000000000000e+00 2.97456976070666e+00 2.97454162236171e+00 2.81383449451944e-05
2.43500000000000e+00 2.98567623981863e+00 2.98562989767982e+00 4.63421388023910e-05
2.44000000000000e+00 2.99365981391854e+00 2.99359745048043e+00 6.23634381073934e-05
2.44500000000000e+00 2.99847257478794e+00 2.99839698310739e+00 7.55916805421641e-05
2.45000000000000e+00 3.00008554166078e+00 3.00000000000000e+00 8.55416607787873e-05
2.45500000000000e+00 2.99848886130375e+00 2.99839698310739e+00 9.18781963541448e-05
2.46000000000000e+00 2.99369188443301e+00 2.99359745048044e+00 9.44339525754678e-05
2.46500000000000e+00 2.98572311712040e+00 2.98562989767982e+00 9.32194405738329e-05
2.47000000000000e+00 2.97463004692482e+00 2.97454162236171e+00 8.84245631063152e-05
2.47500000000000e+00 2.96047884460774e+00 2.96039843312221e+00 8.04114855359472e-05
2.48000000000000e+00 2.94335394342646e+00 2.94328424439572e+00 6.96990307331724e-05
2.48500000000000e+00 2.92335749912476e+00 2.92330055990464e+00 5.69392201263952e-05
2.49000000000000e+00 2.90060873482978e+00 2.90056584784471e+00 4.28869850699343e-05
2.49500000000000e+00 2.87524317608988e+00 2.87521481165830e+00 2.83644315888232e-05
2.50000000000000e+00 2.84741178223110e+00 2.84739756089084e+00 1.42213402511970e-05
2.50500000000000e+00 2.81727998104328e+00 2.81727868724248e+00 1.29380080071684e-06
2.51000000000000e+00 2.78502661451936e+00 2.78503625151058e+00 9.63699121836470e-06
2.51500000000000e+00 2.75084280394509e+00 2.75086068766886e+00 1.78837237672091e-05
2.52000000000000e+00 2.71493074306848e+00 2.71495363083915e+00 2.28877706667241e-05
2.52500000000000e+00 2.67750242836557e+00 2.67752667638138e+00 2.42480158156866e-05
2.53000000000000e+00 2.63877833556581e+00 2.63880007775179e+00 2.17421859809441e-05
2.53500000000000e+00 2.59898605161797e+00 2.59900139115685e+00 1.53395388853284e-05
2.54000000000000e+00 2.55835887118009e+00 2.55836407535859e+00 5.20417849925181e-06
2.54500000000000e+00 2.51713436652603e+00 2.51712605526309e+00 8.31126294098539e-06
2.55000000000000e+00 2.47555293949550e+00 2.47552825814758e+00 2.46813479183317e-05
2.55500000000000e+00 2.43385636380409e+00 2.43381313154985e+00 4.32322542374131e-05
2.56000000000000e+00 2.39228632569297e+00 2.39222315195700e+00 6.31737359708673e-05
2.56500000000000e+00 2.35108297056352e+00 2.35099933348698e+00 8.36370765324723e-05
2.57000000000000e+00 2.31048346292796e+00 2.31037974575666e+00 1.03717171300755e-04
2.57500000000000e+00 2.27072056673179e+00 2.27059805007310e+00 1.22516658687566e-04
2.58000000000000e+00 2.23202125287831e+00 2.23188206297222e+00 1.39189906089854e-04
2.58500000000000e+00 2.19460534061905e+00 2.19445235595975e+00 1.52984659303801e-04
2.59000000000000e+00 2.15868417936553e+00 2.15852090008678e+00 1.63279278757589e-04
2.59500000000000e+00 2.12445937742148e+00 2.12428976371522e+00 1.69613706262339e-04
2.60000000000000e+00 2.09212158412612e+00 2.09194987150091e+00 1.71712625211651e-04
2.60500000000000e+00 2.06184933191293e+00 2.06167983224433e+00 1.69499668600359e-04
2.61000000000000e+00 2.03380794481696e+00 2.03364484283446e+00 1.63101982495029e-04
2.61500000000000e+00 2.00814851997686e+00 2.00799567504205e+00 1.52844934806939e-04
2.62000000000000e+00 1.98500698865747e+00 1.98486775140779e+00 1.39237249684454e-04
2.62500000000000e+00 1.96450326324078e+00 1.96438031592140e+00 1.22947319373123e-04
2.63000000000000e+00 1.94674047647844e+00 1.94663570460343e+00 1.04771875005794e-04
2.63500000000000e+00 1.93180431904673e+00 1.93171872048530e+00 8.55985614347521e-05
2.64000000000000e+00 1.91976248108482e+00 1.91969611683971e+00 6.63642451093072e-05
2.64500000000000e+00 1.91066420291886e+00 1.91061619184595e+00 4.80110729099703e-05
2.65000000000000e+00 1.90453993957269e+00 1.90450849718747e+00 3.14423852190160e-05
2.65500000000000e+00 1.90140114294728e+00 1.90138366237698e+00 1.74805702981562e-05
2.66000000000000e+00 1.90124016471725e+00 1.90123333589028e+00 6.82882697766729e-06
2.66500000000000e+00 1.90403028206207e+00 1.90403024347033e+00 3.85917455769658e-08
2.67000000000000e+00 1.90972584733570e+00 1.90972836324032e+00 2.51590461641804e-06
2.67500000000000e+00 1.91826256170303e+00 1.91826321654437e+00 6.54841342928592e-07
2.68000000000000e+00 1.92955787165822e+00 1.92955227272105e+00 5.59893717899662e-06
2.68500000000000e+00 1.94351148621343e+00 1.94349546531226e+00 1.60209011708101e-05
2.69000000000000e+00 1.96000601143191e+00 1.95997581652323e+00 3.01949086805031e-05
2.69500000000000e+00 1.97890769790006e+00 1.97886016608158e+00 4.75318184856022e-05
2.70000000000000e+00 2.00006729571402e+00 2.00000000000000e+00 6.72957140244179e-05
2.70500000000000e+00 2.02332101061530e+00 2.02323237413106e+00 8.86364842398457e-05
2.71000000000000e+00 2.04849155406451e+00 2.04838092681811e+00 1.10627246408868e-04
2.71500000000000e+00 2.07538927930718e+00 2.07525697439691e+00 1.32304910272829e-04
2.72000000000000e+00 2.10381339486716e+00 2.10366068279205e+00 1.52712075109029e-04
2.72500000000000e+00 2.13355324640927e+00 2.13338230798255e+00 1.70938426728107e-04
2.73000000000000e+00 2.16438965754335e+00 2.16420349768687e+00 1.86159856482515e-04
2.73500000000000e+00 2.19609631989422e+00 2.19589864623990e+00 1.97673654321662e-04
2.74000000000000e+00 2.22844122263110e+00 2.22823629430637e+00 2.04928324722520e-04
2.74500000000000e+00 2.26118811162695e+00 2.26098056479902e+00 2.07546827928340e-04
2.75000000000000e+00 2.29409796849271e+00 2.29389262614624e+00 2.05342346472293e-04
2.75500000000000e+00 2.32693049988947e+00 2.32673217388556e+00 1.98326003907567e-04
2.76000000000000e+00 2.35944562775232e+00 2.35925892144618e+00 1.86706306144924e-04
2.76500000000000e+00 2.39140497134837e+00 2.39123409092702e+00 1.70880421349384e-04
2.77000000000000e+00 2.42257331242183e+00 2.42242189467697e+00 1.51417744858051e-04
2.77500000000000e+00 2.45272003504458e+00 2.45259099854052e+00 1.29036504065372e-04
2.78000000000000e+00 2.48162053217217e+00 2.48151595774496e+00 1.04574427209680e-04
2.78500000000000e+00 2.50905757129804e+00 2.50897861657418e+00 7.89547238593258e-05
2.79000000000000e+00 2.53482261199219e+00 2.53476946319709e+00 5.31487951005438e-05
2.79500000000000e+00 2.55871706849657e+00 2.55868893129538e+00 2.81372011881054e-05
2.80000000000000e+00 2.58055351092739e+00 2.58054864046305e+00 4.87046434649585e-06
2.80500000000000e+00 2.60015679899816e+00 2.60017256772797e+00 1.57687298085740e-05
2.81000000000000e+00 2.61736514252658e+00 2.61739814297001e+00 3.30004434259124e-05
2.81500000000000e+00 2.63203108332923e+00 2.63207726147960e+00 4.61781503688918e-05
2.82000000000000e+00 2.64402239343505e+00 2.64407720741157e+00 5.48139765230715e-05
2.82500000000000e+00 2.65322288487554e+00 2.65328148243819e+00 5.85975626496982e-05
2.83000000000000e+00 2.65953312663556e+00 2.65959053448992e+00 5.74078543595924e-05
2.83500000000000e+00 2.66287106468278e+00 2.66292238208847e+00 5.13174056901988e-05
2.84000000000000e+00 2.66317254134340e+00 2.66321313042021e+00 4.05890768178097e-05
2.84500000000000e+00 2.66039171066358e+00 2.66041737596564e+00 2.56653020533903e-05
2.85000000000000e+00 2.65450134679588e+00 2.65450849718747e+00 7.15039159215891e-06
2.85500000000000e+00 2.64549304288671e+00 2.64547882948272e+00 1.42134039942121e-05
2.86000000000000e+00 2.63337729841816e+00 2.63333972331719e+00 3.75751009764613e-05
2.86500000000000e+00 2.61818349347954e+00 2.61812148518152e+00 6.20082980127279e-05
2.87000000000000e+00 2.59995974901507e+00 2.59987320173000e+00 8.65472850621885e-05
2.87500000000000e+00 2.57877267271400e+00 2.57866244818360e+00 1.10224530399439e-04
2.88000000000000e+00 2.55470699087653e+00 2.55457488279246e+00 1.32108084073934e-04
2.88500000000000e+00 2.52786506730391e+00 2.52771372985530e+00 1.51337448611066e-04
2.89000000000000e+00 2.49836631101219e+00 2.49819915448034e+00 1.67156531856172e-04
2.89500000000000e+00 2.46634647535947e+00 2.46616753293972e+00 1.78942419746697e-04
2.90000000000000e+00 2.43195685198480e+00 2.43177062311339e+00 1.86228871411842e-04
2.90500000000000e+00 2.39536336378528e+00 2.39517464013388e+00 1.88723651391332e-04
2.91000000000000e+00 2.35674556198396e+00 2.35655924292839e+00 1.86319055564432e-04
2.91500000000000e+00 2.31629553315860e+00 2.31611643790350e+00 1.79095255104400e-04
2.92000000000000e+00 2.27421672289261e+00 2.27404940652904e+00 1.67316363575587e-04
2.92500000000000e+00 2.23072268346278e+00 2.23057126404647e+00 1.51419416317022e-04
2.93000000000000e+00 2.18603575367757e+00 2.18590375695213e+00 1.31996725440953e-04
2.93500000000000e+00 2.14038567961334e+00 2.14027590728278e+00 1.09772330569413e-04
2.94000000000000e+00 2.09400818555015e+00 2.09392261205918e+00 8.55734909670502e-05
2.94500000000000e+00 2.04714350487456e+00 2.04708320651984e+00 6.02983547195457e-05
2.95000000000000e+00 2.00003488108228e+00 2.00000000000000e+00 3.48810822758949e-05
2.95500000000000e+00 1.95292704927466e+00 1.95291679348017e+00 1.02557944940962e-05
2.96000000000000e+00 1.90606470869464e+00 1.90607738794082e+00 1.26792461856429e-05
2.96500000000000e+00 1.85969099688561e+00 1.85972409271723e+00 3.30958316254737e-05
2.97000000000000e+00 1.81404597598512e+00 1.81409624304787e+00 5.02670627564594e-05
2.97500000000000e+00 1.76936514148466e+00 1.76942873595354e+00 6.35944688782697e-05
2.98000000000000e+00 1.72587796350365e+00 1.72595059347097e+00 7.26299673279307e-05
2.98500000000000e+00 1.68380647024764e+00 1.68388356209651e+00 7.70918488715022e-05
2.99000000000000e+00 1.64336388285843e+00 1.64344075707161e+00 7.68742131833644e-05
2.99500000000000e+00 1.60475331032566e+00 1.60482535986612e+00 7.20495404546995e-05
3.00000000000000e+00 1.56816651253156e+00 1.56822937688661e+00 6.28643550510954e-05
3.00500000000000e+00 1.53378273885133e+00 1.53383246706028e+00 4.97282089477746e-05
3.01000000000000e+00 1.50176764904919e+00 1.50180084551966e+00 3.31964704740617e-05
3.01500000000000e+00 1.47227232250190e+00 1.47228627014470e+00 1.39476427991614e-05
3.02000000000000e+00 1.44543236106409e+00 1.44542511720755e+00 7.24385654593540e-06
3.02500000000000e+00 1.42136709017203e+00 1.42133755181641e+00 2.95383556212503e-05
3.03000000000000e+00 1.40017886207303e+00 1.40012679827000e+00 5.20638030379050e-05
3.03500000000000e+00 1.38195246437843e+00 1.38187851481848e+00 7.39495599575424e-05
3.04000000000000e+00 1.36675463646989e+00 1.36666027668282e+00 9.43597870692869e-05
3.04500000000000e+00 1.35463369565162e+00 1.35452117051728e+00 1.12525134337682e-04
3.05000000000000e+00 1.34561927433209e+00 1.34549150281253e+00 1.27771519565112e-04
3.05500000000000e+00 1.33972216894289e+00 1.33958262403436e+00 1.39544908531741e-04
3.06000000000000e+00 1.33693430075575e+00 1.33678686957979e+00 1.47431175967716e-04
3.06500000000000e+00 1.33722878823972e+00 1.33707761791153e+00 1.51170328182682e-04
3.07000000000000e+00 1.34056013010551e+00 1.34040946551008e+00 1.50664595426120e-04
3.07500000000000e+00 1.34686449770787e+00 1.34671851756181e+00 1.45980146056823e-04
3.08000000000000e+00 1.35606013501478e+00 1.35592279258843e+00 1.37342426355103e-04
3.08500000000000e+00 1.36804786389860e+00 1.36792273852040e+00 1.25125378205082e-04
3.09000000000000e+00 1.38271169205318e+00 1.38260185702999e+00 1.09835023186289e-04
3.09500000000000e+00 1.39991952038909e+00 1.39982743227203e+00 9.20881170614063e-05
3.10000000000000e+00 1.41952394630041e+00 1.41945135953695e+00 7.25867634632227e-05
3.10500000000000e+00 1.44136315872990e+00 1.44131106870462e+00 5.20900252760637e-05
3.11000000000000e+00 1.46526192048157e+00 1.46523053680290e+00 3.13836786649535e-05
3.11500000000000e+00 1.49103263274219e+00 1.49102138342582e+00 1.12493163728633e-05
3.12000000000000e+00 1.51847647627512e+00 1.51848404225504e+00 7.56597992412900e-06
3.12500000000000e+00 1.54738462324708e+00 1.54740900145948e+00 2.43782124016434e-05
3.13000000000000e+00 1.57753951314264e+00 1.57757810532302e+00 3.85921803822686e-05
3.13500000000000e+00 1.60871618571982e+00 1.60876590907298e+00 4.97233531555619e-05
3.14000000000000e+00 1.64068366347201e+00 1.64074107855382e+00 5.74150818060115e-05
3.14500000000000e+00 1.67320637559138e+00 1.67326782611444e+00 6.14505230585038e-05
3.15000000000000e+00 1.70604561499047e+00 1.70610737385376e+00 6.17588632931820e-05
3.15500000000000e+00 1.73896101953891e+00 1.73901943520098e+00 5.84156620704324e-05
3.16000000000000e+00 1.77171206832300e+00 1.77176370569363e+00 5.16373706227480e-05
3.16500000000000e+00 1.80405958344645e+00 1.80410135376010e+00 4.17703136463832e-05
3.17000000000000e+00 1.83576722767110e+00 1.83579650231313e+00 2.92746420320622e-05
3.17500000000000e+00 1.86660298805465e+00 1.86661769201745e+00 1.47039628064505e-05
3.18000000000000e+00 1.89634063568848e+00 1.89633931720795e+00 1.31848053075423e-06
3.18500000000000e+00 1.92476115167391e+00 1.92474302560309e+00 1.81260708236319e-05
3.19000000000000e+00 1.95165410960947e+00 1.95161907318189e+00 3.50364275794046e-05
3.19500000000000e+00 1.97681900509275e+00 1.97676762586893e+00 5.13792238125976e-05
3.20000000000000e+00 2.00006652307078e+00 2.00000000000000e+00 6.65230707754816e-05
3.20500000000000e+00 2.02121973429915e+00 2.02113983391842e+00 7.99003807259169e-05
3.21000000000000e+00 2.04011521268891e+00 2.04002418347677e+00 9.10292121418799e-05
3.21500000000000e+00 2.05660406592428e+00 2.05650453468774e+00 9.95312365437151e-05
3.22000000000000e+00 2.07055287241469e+00 2.07044772727895e+00 1.05145135731455e-04
3.22500000000000e+00 2.08184451839307e+00 2.08173678345563e+00 1.07734937443649e-04
3.23000000000000e+00 2.09037892977320e+00 2.09027163675968e+00 1.07293013517307e-04
3.23500000000000e+00 2.09607369422420e+00 2.09596975652967e+00 1.03937694521772e-04
3.24000000000000e+00 2.09886456979189e+00 2.09876666410972e+00 9.79056821708291e-05
3.24500000000000e+00 2.09870587728312e+00 2.09861633762302e+00 8.95396601015008e-05
3.25000000000000e+00 2.09557077451752e+00 2.09549150281253e+00 7.92717049922231e-05
3.25500000000000e+00 2.08945141142529e+00 2.08938380815405e+00 6.76032712343400e-05
3.26000000000000e+00 2.08035896582137e+00 2.08030388316029e+00 5.50826610852262e-05
3.26500000000000e+00 2.06832356050289e+00 2.06828127951470e+00 4.22809881852615e-05
3.27000000000000e+00 2.05339406309002e+00 2.05336429539657e+00 2.97676934537527e-05
3.27500000000000e+00 2.03563777075531e+00 2.03561968407860e+00 1.80866767065524e-05
3.28000000000000e+00 2.01513998265491e+00 2.01513224859221e+00 7.73406270182520e-06
3.28500000000000e+00 1.99200346349127e+00 1.99200432495795e+00 8.61466676216338e-07
3.29000000000000e+00 1.96634780219230e+00 1.96635515716554e+00 7.35497324710899e-06
3.29500000000000e+00 1.93830867019776e+00 1.93832016775567e+00 1.14975579121879e-05
3.30000000000000e+00 1.90803698429557e+00 1.90805012849909e+00 1.31442035209428e-05
3.30500000000000e+00 1.87569797935975e+00 1.87571023628479e+00 1.22569250353699e-05
3.31000000000000e+00 1.84147019671052e+00 1.84147909991323e+00 8.90320271307310e-06
3.31500000000000e+00 1.80554439415291e+00 1.80554764404025e+00 3.24988734012877e-06
3.32000000000000e+00 1.76812238406233e+00 1.76811793702778e+00 4.44703454149931e-06
3.32500000000000e+00 1.72941580617391e+00 1.72940194992690e+00 1.38562470024528e-05
3.33000000000000e+00 1.68964484201123e+00 1.68962025424335e+00 2.45877678761719e-05
3.33500000000000e+00 1.64903687815313e+00 1.64900066651302e+00 3.62116401049217e-05
3.34000000000000e+00 1.60782512579658e+00 1.60777684804301e+00 4.82777535750767e-05
3.34500000000000e+00 1.56624720432124e+00 1.56618686845015e+00 6.03358710891122e-05
3.35000000000000e+00 1.52454369680424e+00 1.52447174185243e+00 7.19549518086726e-05
3.35500000000000e+00 1.48295668565982e+00 1.48287394473692e+00 8.27409229000597e-05
3.36000000000000e+00 1.44172827679139e+00 1.44163592464142e+00 9.23521499698321e-05
3.36500000000000e+00 1.40109912083080e+00 1.40099860884315e+00 1.00511987651819e-04
3.37000000000000e+00 1.36130694019563e+00 1.36119992224821e+00 1.07017947414523e-04
3.37500000000000e+00 1.32258507081350e+00 1.32247332361862e+00 1.11747194886824e-04
3.38000000000000e+00 1.28516102743025e+00 1.28504636916086e+00 1.14658269392942e-04
3.38500000000000e+00 1.24925510143177e+00 1.24913931233114e+00 1.15789100623820e-04
3.39000000000000e+00 1.21507900005699e+00 1.21496374848942e+00 1.15251567572416e-04
3.39500000000000e+00 1.18283453575577e+00 1.18272131275752e+00 1.13222998250340e-04
3.40000000000000e+00 1.15271237424668e+00 1.15260243910916e+00 1.09935137523776e-04
3.40500000000000e+00 1.12489084954876e+00 1.12478518834171e+00 1.05661207055130e-04
3.41000000000000e+00 1.09953485390255e+00 1.09943415215529e+00 1.00701747256737e-04
3.41500000000000e+00 1.07679481005176e+00 1.07669944009537e+00 9.53699563954746e-05
3.42000000000000e+00 1.05680573284148e+00 1.05671575560428e+00 8.99772371987240e-05
3.42500000000000e+00 1.03968638649425e+00 1.03960156687779e+00 8.48196164593418e-05
3.43000000000000e+00 1.02553854326994e+00 1.02545837763829e+00 8.01656316491428e-05
3.43500000000000e+00 1.01444634850030e+00 1.01437010232018e+00 7.62461801235848e-05
3.44000000000000e+00 1.00647579622681e+00 1.00640254951957e+00 7.32467072468435e-05
3.44500000000000e+00 1.00167431887082e+00 1.00160301689261e+00 7.13019782134783e-05
3.45000000000000e+00 1.00007049354129e+00 1.00000000000000e+00 7.04935412871865e-05
3.45500000000000e+00 1.00167386674439e+00 1.00160301689261e+00 7.08498517796308e-05
3.46000000000000e+00 1.00647489841810e+00 1.00640254951956e+00 7.23488985314713e-05
3.46500000000000e+00 1.01444502537809e+00 1.01437010232018e+00 7.49230579104587e-05
3.47000000000000e+00 1.02553684344226e+00 1.02545837763829e+00 7.84658039727493e-05
3.47500000000000e+00 1.03968440670780e+00 1.03960156687779e+00 8.28398300039002e-05
3.48000000000000e+00 1.05680364169214e+00 1.05671575560427e+00 8.78860878625876e-05
3.48500000000000e+00 1.07679287332505e+00 1.07669944009536e+00 9.34332296835816e-05
3.49000000000000e+00 1.09953345909798e+00 1.09943415215529e+00 9.93069426977744e-05
3.49500000000000e+00 1.12489052703906e+00 1.12478518834171e+00 1.05338697350854e-04
3.50000000000000e+00 1.15271381259321e+00 1.15260243910915e+00 1.11373484059651e-04
3.50500000000000e+00 1.18283858894262e+00 1.18272131275752e+00 1.17276185095827e-04
3.51000000000000e+00 1.21508668480816e+00 1.21496374848942e+00 1.22936318738498e-04
3.51500000000000e+00 1.24926758332006e+00 1.24913931233114e+00 1.28270988924095e-04
3.52000000000000e+00 1.28517959514012e+00 1.28504636916085e+00 1.33225979265239e-04
3.52500000000000e+00 1.32261109865089e+00 1.32247332361861e+00 1.37775032279519e-04
3.53000000000000e+00 1.36134183970180e+00 1.36119992224821e+00 1.41917453587270e-04
3.53500000000000e+00 1.40114428311137e+00 1.40099860884315e+00 1.45674268219542e-04
3.54000000000000e+00 1.44178500787185e+00 1.44163592464141e+00 1.49083230444935e-04
3.54500000000000e+00 1.48302613778149e+00 1.48287394473691e+00 1.52193044580917e-04
3.55000000000000e+00 1.52462679904283e+00 1.52447174185242e+00 1.55057190409646e-04
3.55500000000000e+00 1.56634459621172e+00 1.56618686845015e+00 1.57727761573856e-04
3.56000000000000e+00 1.60793709776103e+00 1.60777684804300e+00 1.60249718025973e-04
3.56500000000000e+00 1.64916332243710e+00 1.64900066651302e+00 1.62655924081934e-04
3.57000000000000e+00 1.68978521753959e+00 1.68962025424335e+00 1.64963296245935e-04
3.57500000000000e+00 1.72956912024393e+00 1.72940194992690e+00 1.67170317029397e-04
3.58000000000000e+00 1.76828719312007e+00 1.76811793702778e+00 1.69256092292347e-04
3.58500000000000e+00 1.80571882507822e+00 1.80554764404025e+00 1.71181037969204e-04
3.59000000000000e+00 1.84165198910023e+00 1.84147909991322e+00 1.72889187009417e-04
3.59500000000000e+00 1.87588454829470e+00 1.87571023628478e+00 1.74312009920019e-04
3.60000000000000e+00 1.90822550204885e+00 1.90805012849909e+00 1.75373549762048e-04
3.60500000000000e+00 1.93849616434409e+00 1.93832016775567e+00 1.75996588422711e-04
3.61000000000000e+00 1.96653126665602e+00 1.96635515716554e+00 1.76109490478638e-04
3.61500000000000e+00 1.99217997827631e+00 1.99200432495795e+00 1.75653318362556e-04
3.62000000000000e+00 2.01530683737004e+00 2.01513224859221e+00 1.74588777825058e-04
3.62500000000000e+00 2.03579258662354e+00 2.03561968407860e+00 1.72902544942843e-04
3.63000000000000e+00 2.05353490793409e+00 2.05336429539657e+00 1.70612537520487e-04
3.63500000000000e+00 2.06844905124799e+00 2.06828127951470e+00 1.67771733287747e-04
3.64000000000000e+00 2.08046835335721e+00 2.08030388316029e+00 1.64470196925670e-04
3.64500000000000e+00 2.08954464321481e+00 2.08938380815405e+00 1.60835060756703e-04
3.65000000000000e+00 2.09564853111472e+00 2.09549150281253e+00 1.57028302189666e-04
3.65500000000000e+00 2.09876957989744e+00 2.09861633762302e+00 1.53242274419263e-04
3.66000000000000e+00 2.09891635717591e+00 2.09876666410972e+00 1.49693066188394e-04
3.66500000000000e+00 2.09611636841985e+00 2.09596975652967e+00 1.46611890180726e-04
3.67000000000000e+00 2.09041587157678e+00 2.09027163675968e+00 1.44234817097910e-04
3.67500000000000e+00 2.08187957473782e+00 2.08173678345563e+00 1.42791282188970e-04
3.68000000000000e+00 2.07059021916145e+00 2.07044772727895e+00 1.42491882499485e-04
3.68500000000000e+00 2.05664805074169e+00 2.05650453468774e+00 1.43516053947579e-04
3.69000000000000e+00 2.04017018373894e+00 2.04002418347677e+00 1.46000262169377e-04
3.69500000000000e+00 2.02128986127334e+00 2.02113983391842e+00 1.50027354921978e-04
3.70000000000000e+00 2.00015561770625e+00 2.00000000000000e+00 1.55617706246503e-04
3.70500000000000e+00 1.97693034860113e+00 1.97676762586894e+00 1.62722732190757e-04
3.71000000000000e+00 1.95179029445661e+00 1.95161907318189e+00 1.71221274712918e-04
3.71500000000000e+00 1.92492394484137e+00 1.92474302560309e+00 1.80919238280230e-04
3.72000000000000e+00 1.89653086993370e+00 1.89633931720795e+00 1.91552725751665e-04
3.72500000000000e+00 1.86682048677923e+00 1.86661769201745e+00 2.02794761772651e-04
3.73000000000000e+00 1.83601076783432e+00 1.83579650231313e+00 2.14265521183199e-04
3.73500000000000e+00 1.80432689956305e+00 1.80410135376010e+00 2.25545802943650e-04
3.74000000000000e+00 1.77199989900937e+00 1.77176370569363e+00 2.36193315741540e-04
3.74500000000000e+00 1.73926519638069e+00 1.73901943520098e+00 2.45761179706649e-04
3.75000000000000e+00 1.70636119175867e+00 1.70610737385376e+00 2.53817904900755e-04
3.75500000000000e+00 1.67352779410746e+00 1.67326782611444e+00 2.59967993023302e-04
3.76000000000000e+00 1.64100495078176e+00 1.64074107855382e+00 2.63872227935780e-04
3.76500000000000e+00 1.60903117575287e+00 1.60876590907298e+00 2.65266679885245e-04
3.77000000000000e+00 1.57784208477490e+00 1.57757810532303e+00 2.63979451867513e-04
3.77500000000000e+00 1.54766894570550e+00 1.54740900145948e+00 2.59944246012056e-04
3.78000000000000e+00 1.51873725217700e+00 1.51848404225504e+00 2.53209921956543e-04
3.78500000000000e+00 1.49126532878413e+00 1.49102138342582e+00 2.43945358310738e-04
3.79000000000000e+00 1.46546297590824e+00 1.46523053680291e+00 2.32439105336102e-04
3.79500000000000e+00 1.44153016223195e+00 1.44131106870462e+00 2.19093527328296e-04
3.80000000000000e+00 1.41965577290604e+00 1.41945135953695e+00 2.04413369092826e-04
3.80500000000000e+00 1.40001642120307e+00 1.39982743227203e+00 1.88988931045575e-04
3.81000000000000e+00 1.38277533132473e+00 1.38260185702999e+00 1.73474294743015e-04
3.81500000000000e+00 1.36808129981053e+00 1.36792273852040e+00 1.58561290126924e-04
3.82000000000000e+00 1.35606774271859e+00 1.35592279258843e+00 1.44950130168242e-04
3.82500000000000e+00 1.34685183540580e+00 1.34671851756181e+00 1.33317843985514e-04
3.83000000000000e+00 1.34053375131778e+00 1.34040946551008e+00 1.24285807701074e-04
3.83500000000000e+00 1.33719600570549e+00 1.33707761791153e+00 1.18387793953678e-04
3.84000000000000e+00 1.33690290960798e+00 1.33678686957979e+00 1.16040028195430e-04
3.84500000000000e+00 1.33970013878214e+00 1.33958262403436e+00 1.17514747776770e-04
3.85000000000000e+00 1.34561442151859e+00 1.34549150281253e+00 1.22918706063624e-04
3.85500000000000e+00 1.35465334846155e+00 1.35452117051728e+00 1.32177944262013e-04
3.86000000000000e+00 1.36680530665606e+00 1.36666027668282e+00 1.45029973239730e-04
3.86500000000000e+00 1.38203953908608e+00 1.38187851481848e+00 1.61024267606225e-04
3.87000000000000e+00 1.40030632995080e+00 1.40012679826999e+00 1.79531680802869e-04
3.87500000000000e+00 1.42153731486731e+00 1.42133755181640e+00 1.99763050906521e-04
3.88000000000000e+00 1.44564591410026e+00 1.44542511720754e+00 2.20796892718811e-04
3.88500000000000e+00 1.47252788581472e+00 1.47228627014469e+00 2.41615670027118e-04
3.89000000000000e+00 1.50206199524985e+00 1.50180084551966e+00 2.61149730182764e-04
3.89500000000000e+00 1.53411079462793e+00 1.53383246706028e+00 2.78327567645231e-04
3.90000000000000e+00 1.56852150756919e+00 1.56822937688661e+00 2.92130682584935e-04
3.90500000000000e+00 1.60512701078921e+00 1.60482535986612e+00 3.01650923091978e-04
3.91000000000000e+00 1.64374690493298e+00 1.64344075707161e+00 3.06147861367734e-04
3.91500000000000e+00 1.68418866555984e+00 1.68388356209650e+00 3.05103463343448e-04
3.92000000000000e+00 1.72624886455164e+00 1.72595059347097e+00 2.98271080668711e-04
3.92500000000000e+00 1.76971445158367e+00 1.76942873595353e+00 2.85715630139016e-04
3.93000000000000e+00 1.81436408478591e+00 1.81409624304787e+00 2.67841738048169e-04
3.93500000000000e+00 1.85996949933504e+00 1.85972409271722e+00 2.45406617817912e-04
3.94000000000000e+00 1.90629690246515e+00 1.90607738794081e+00 2.19514524335107e-04
3.94500000000000e+00 1.95310838326709e+00 1.95291679348016e+00 1.91589786930901e-04
3.95000000000000e+00 2.00016332566422e+00 2.00000000000000e+00 1.63325664221281e-04
3.95500000000000e+00 2.04721981310608e+00 2.04708320651983e+00 1.36606586247368e-04
3.96000000000000e+00 2.09403601380286e+00 2.09392261205918e+00 1.13401743685237e-04
3.96500000000000e+00 2.14037153573232e+00 2.14027590728278e+00 9.56284495359228e-05
3.97000000000000e+00 2.18598874117243e+00 2.18590375695213e+00 8.49842203023421e-05
3.97500000000000e+00 2.23065401114333e+00 2.23057126404647e+00 8.27470968611799e-05
3.98000000000000e+00 2.27413895086550e+00 2.27404940652903e+00 8.95443364705706e-05
3.98500000000000e+00 2.31622152814828e+00 2.31611643790350e+00 1.05090244785888e-04
3.99000000000000e+00 2.35668713749797e+00 2.35655924292839e+00 1.27894569583731e-04
3.99500000000000e+00 2.39532958366500e+00 2.39517464013388e+00 1.54943531117890e-04
4.00000000000000e+00 2.43195197932193e+00 2.43177062311338e+00 1.81356208543537e-04
