variables = x, value-predict, value-true, error
0.00000000000000e+00 2.43177195733979e+00 2.43177062311339e+00 1.33422640491432e-06
5.00000000000000e-03 2.46616601266791e+00 2.46616753293972e+00 1.52027181510306e-06
1.00000000000000e-02 2.49819568258092e+00 2.49819915448034e+00 3.47189941640735e-06
1.50000000000000e-02 2.52770960630516e+00 2.52771372985530e+00 4.12355014400845e-06
2.00000000000000e-02 2.55457126162003e+00 2.55457488279246e+00 3.62117242369564e-06
2.50000000000000e-02 2.57866006860401e+00 2.57866244818360e+00 2.37957958582058e-06
3.00000000000000e-02 2.59987230833077e+00 2.59987320173000e+00 8.93399232815284e-07
3.50000000000000e-02 2.61812187075558e+00 2.61812148518152e+00 3.85574057570892e-07
4.00000000000000e-02 2.63334084471944e+00 2.63333972331718e+00 1.12140225327906e-06
4.50000000000000e-02 2.64547995994876e+00 2.64547882948272e+00 1.13046604388600e-06
5.00000000000000e-02 2.65450888741679e+00 2.65450849718747e+00 3.90229318192326e-07
5.50000000000000e-02 2.66041640167996e+00 2.66041737596564e+00 9.74285681909492e-07
6.00000000000000e-02 2.66321040768110e+00 2.66321313042021e+00 2.72273911239296e-06
6.50000000000000e-02 2.66291783532181e+00 2.66292238208847e+00 4.54676665606613e-06
7.00000000000000e-02 2.65958440749669e+00 2.65959053448992e+00 6.12699322122268e-06
7.50000000000000e-02 2.65327429034799e+00 2.65328148243819e+00 7.19209020205724e-06
8.00000000000000e-02 2.64406963704565e+00 2.64407720741157e+00 7.57036591947369e-06
8.50000000000000e-02 2.63207003731567e+00 2.63207726147960e+00 7.22416393283964e-06
9.00000000000000e-02 2.61739188356815e+00 2.61739814297001e+00 6.25940186216312e-06
9.50000000000000e-02 2.60016766086088e+00 2.60017256772797e+00 4.90686709309074e-06
1.00000000000000e-01 2.58054516285936e+00 2.58054864046305e+00 3.47760368857308e-06
1.05000000000000e-01 2.55868663076219e+00 2.55868893129538e+00 2.30053318528434e-06
1.10000000000000e-01 2.53476780836377e+00 2.53476946319709e+00 1.65483332237315e-06
1.15000000000000e-01 2.50897690526217e+00 2.50897861657418e+00 1.71131200366048e-06
1.20000000000000e-01 2.48151346227075e+00 2.48151595774496e+00 2.49547420994034e-06
1.25000000000000e-01 2.45258711809197e+00 2.45259099854052e+00 3.88044855137437e-06
1.30000000000000e-01 2.42241628321081e+00 2.42242189467697e+00 5.61146615885022e-06
1.35000000000000e-01 2.39122673421113e+00 2.39123409092702e+00 7.35671589247033e-06
1.40000000000000e-01 2.35925014768255e+00 2.35925892144618e+00 8.77376362762305e-06
1.45000000000000e-01 2.32672259628656e+00 2.32673217388556e+00 9.57759899833377e-06
1.50000000000000e-01 2.29388302976266e+00 2.29389262614624e+00 9.59638357445058e-06
1.55000000000000e-01 2.26097176082777e+00 2.26098056479902e+00 8.80397124491950e-06
1.60000000000000e-01 2.22822897087763e+00 2.22823629430637e+00 7.32342874609770e-06
1.65000000000000e-01 2.19589324438816e+00 2.19589864623990e+00 5.40185173791841e-06
1.70000000000000e-01 2.16420013528047e+00 2.16420349768687e+00 3.36240640574914e-06
1.75000000000000e-01 2.13338076437766e+00 2.13338230798255e+00 1.54360488835437e-06
1.80000000000000e-01 2.10366044513128e+00 2.10366068279205e+00 2.37660774615733e-07
1.85000000000000e-01 2.07525733518058e+00 2.07525697439691e+00 3.60783670494413e-07
1.90000000000000e-01 2.04838111369281e+00 2.04838092681811e+00 1.86874700602857e-07
1.95000000000000e-01 2.02323168812242e+00 2.02323237413107e+00 6.86008650330194e-07
2.00000000000000e-01 1.99999793816191e+00 2.00000000000000e+00 2.06183808693083e-06
2.05000000000000e-01 1.97885650839626e+00 1.97886016608158e+00 3.65768531529476e-06
2.10000000000000e-01 1.95997066384972e+00 1.95997581652323e+00 5.15267350853499e-06
2.15000000000000e-01 1.94348922382452e+00 1.94349546531226e+00 6.24148774108768e-06
2.20000000000000e-01 1.92954558906244e+00 1.92955227272105e+00 6.68365860478914e-06
2.25000000000000e-01 1.91825687546383e+00 1.91826321654437e+00 6.34108054264892e-06
2.30000000000000e-01 1.90972316472027e+00 1.90972836324032e+00 5.19852004465804e-06
2.35000000000000e-01 1.90402687871592e+00 1.90403024347033e+00 3.36475440443351e-06
2.40000000000000e-01 1.90123228091177e+00 1.90123333589028e+00 1.05497851099479e-06
2.45000000000000e-01 1.90138510458531e+00 1.90138366237698e+00 1.44220832565267e-06
2.50000000000000e-01 1.90451230509432e+00 1.90450849718747e+00 3.80790684184618e-06
2.55000000000000e-01 1.91062193148086e+00 1.91061619184595e+00 5.73963490779761e-06
2.60000000000000e-01 1.91970311180975e+00 1.91969611683971e+00 6.99497003675553e-06
2.65000000000000e-01 1.93172614660025e+00 1.93171872048530e+00 7.42611495052614e-06
2.70000000000000e-01 1.94664270541555e+00 1.94663570460343e+00 7.00081211801873e-06
2.75000000000000e-01 1.96438612290439e+00 1.96438031592140e+00 5.80698298469073e-06
2.80000000000000e-01 1.98487179208343e+00 1.98486775140779e+00 4.04067564296895e-06
2.85000000000000e-01 2.00799765413885e+00 2.00799567504205e+00 1.97909680377251e-06
2.90000000000000e-01 2.03364478525708e+00 2.03364484283446e+00 5.75773735356222e-08
2.95000000000000e-01 2.06167808175512e+00 2.06167983224433e+00 1.75048921180476e-06
3.00000000000000e-01 2.09194704491488e+00 2.09194987150091e+00 2.82658603412145e-06
3.05000000000000e-01 2.12428666635176e+00 2.12428976371522e+00 3.09736345194267e-06
3.10000000000000e-01 2.15851841346222e+00 2.15852090008677e+00 2.48662455692994e-06
3.15000000000000e-01 2.19445131257829e+00 2.19445235595975e+00 1.04338145456850e-06
3.20000000000000e-01 2.23188312506717e+00 2.23188206297222e+00 1.06209495198684e-06
3.25000000000000e-01 2.27060160896951e+00 2.27059805007310e+00 3.55889641223683e-06
3.30000000000000e-01 2.31038585614000e+00 2.31037974575665e+00 6.11038335174285e-06
3.35000000000000e-01 2.35100769251567e+00 2.35099933348698e+00 8.35902868701055e-06
3.40000000000000e-01 2.39223312735892e+00 2.39222315195700e+00 9.97540191960411e-06
3.45000000000000e-01 2.43382383631542e+00 2.43381313154985e+00 1.07047655668602e-05
3.50000000000000e-01 2.47553866302253e+00 2.47552825814758e+00 1.04048749540731e-05
3.55000000000000e-01 2.51713512482487e+00 2.51712605526309e+00 9.06956178603480e-06
3.60000000000000e-01 2.55837090980351e+00 2.55836407535859e+00 6.83444492244334e-06
3.65000000000000e-01 2.59900535459375e+00 2.59900139115685e+00 3.96343689912371e-06
3.70000000000000e-01 2.63880089505246e+00 2.63880007775179e+00 8.17300674249566e-07
3.75000000000000e-01 2.67752448438427e+00 2.67752667638138e+00 2.19199710782547e-06
3.80000000000000e-01 2.71494897549206e+00 2.71495363083915e+00 4.65534708293802e-06
3.85000000000000e-01 2.75085446577570e+00 2.75086068766886e+00 6.22189315269139e-06
3.90000000000000e-01 2.78502960316208e+00 2.78503625151058e+00 6.64834850372387e-06
3.95000000000000e-01 2.81727285174092e+00 2.81727868724248e+00 5.83550155663914e-06
4.00000000000000e-01 2.84739371408771e+00 2.84739756089084e+00 3.84680313603170e-06
4.05000000000000e-01 2.87521390539678e+00 2.87521481165829e+00 9.06261512056972e-07
4.10000000000000e-01 2.90056847225158e+00 2.90056584784471e+00 2.62440687226473e-06
4.15000000000000e-01 2.92330684660351e+00 2.92330055990464e+00 6.28669886992839e-06
4.20000000000000e-01 2.94329382369172e+00 2.94328424439572e+00 9.57929599465501e-06
4.25000000000000e-01 2.96041045152520e+00 2.96039843312221e+00 1.20184029888115e-05
4.30000000000000e-01 2.97455481937007e+00 2.97454162236171e+00 1.31970083616650e-05
4.35000000000000e-01 2.98564273351121e+00 2.98562989767982e+00 1.28358313871146e-05
4.40000000000000e-01 2.99360827032021e+00 2.99359745048043e+00 1.08198397756887e-05
4.45000000000000e-01 2.99840419917680e+00 2.99839698310739e+00 7.21606940201625e-06
4.50000000000000e-01 3.00000227078433e+00 3.00000000000000e+00 2.27078433079342e-06
4.55000000000000e-01 2.99839336957944e+00 2.99839698310739e+00 3.61352795641423e-06
4.60000000000000e-01 2.99358753194882e+00 2.99359745048043e+00 9.91853161069756e-06
4.65000000000000e-01 2.98561383456522e+00 2.98562989767982e+00 1.60631146051138e-05
4.70000000000000e-01 2.97452015914225e+00 2.97454162236171e+00 2.14632194670550e-05
4.75000000000000e-01 2.96037284117715e+00 2.96039843312221e+00 2.55919450551367e-05
4.80000000000000e-01 2.94325621078241e+00 2.94328424439572e+00 2.80336133187120e-05
4.85000000000000e-01 2.92327203356774e+00 2.92330055990464e+00 2.85263368975386e-05
4.90000000000000e-01 2.90053885885306e+00 2.90056584784471e+00 2.69889916548749e-05
4.95000000000000e-01 2.87519128144271e+00 2.87521481165829e+00 2.35302155839889e-05
5.00000000000000e-01 2.84737912196708e+00 2.84739756089084e+00 1.84389237607441e-05
5.05000000000000e-01 2.81726652958900e+00 2.81727868724248e+00 1.21576534755086e-05
5.10000000000000e-01 2.78503100985077e+00 2.78503625151058e+00 5.24165981108382e-06
5.15000000000000e-01 2.75086237973832e+00 2.75086068766886e+00 1.69206945921374e-06
5.20000000000000e-01 2.71496165175328e+00 2.71495363083915e+00 8.02091413776296e-06
5.25000000000000e-01 2.67753984895439e+00 2.67752667638138e+00 1.31725730052601e-05
5.30000000000000e-01 2.63881675355114e+00 2.63880007775179e+00 1.66757993560473e-05
5.35000000000000e-01 2.59901959265681e+00 2.59900139115685e+00 1.82014999632329e-05
5.40000000000000e-01 2.55838166614757e+00 2.55836407535859e+00 1.75907889876648e-05
5.45000000000000e-01 2.51714092312004e+00 2.51712605526309e+00 1.48678569518168e-05
5.50000000000000e-01 2.47553849506162e+00 2.47552825814758e+00 1.02369140462244e-05
5.55000000000000e-01 2.43381719541805e+00 2.43381313154985e+00 4.06386820195337e-06
5.60000000000000e-01 2.39221999663620e+00 2.39222315195700e+00 3.15532079664393e-06
5.65000000000000e-01 2.35098849687454e+00 2.35099933348698e+00 1.08366124385029e-05
5.70000000000000e-01 2.31036138932842e+00 2.31037974575665e+00 1.83564282303372e-05
5.75000000000000e-01 2.27057294746601e+00 2.27059805007310e+00 2.51026070872129e-05
5.80000000000000e-01 2.23185153939909e+00 2.23188206297222e+00 3.05235731223874e-05
5.85000000000000e-01 2.19441818413869e+00 2.19445235595975e+00 3.41718210594699e-05
5.90000000000000e-01 2.15848516165664e+00 2.15852090008677e+00 3.57384301334918e-05
5.95000000000000e-01 2.12425468755989e+00 2.12428976371522e+00 3.50761553260526e-05
6.00000000000000e-01 2.09191766186875e+00 2.09194987150091e+00 3.22096321587750e-05
6.05000000000000e-01 2.06165249996506e+00 2.06167983224433e+00 2.73322792665454e-05
6.10000000000000e-01 2.03362405232915e+00 2.03364484283446e+00 2.07905053031254e-05
6.15000000000000e-01 2.00798261829578e+00 2.00799567504205e+00 1.30567462672815e-05
6.20000000000000e-01 1.98486305779325e+00 1.98486775140779e+00 4.69361453503403e-06
6.25000000000000e-01 1.96438400393296e+00 1.96438031592140e+00 3.68801156058751e-06
6.30000000000000e-01 1.94664717841530e+00 1.94663570460343e+00 1.14738118686120e-05
6.35000000000000e-01 1.93173681101926e+00 1.93171872048530e+00 1.80905339599580e-05
6.40000000000000e-01 1.91971916393847e+00 1.91969611683971e+00 2.30470987536702e-05
6.45000000000000e-01 1.91064216139234e+00 1.91061619184595e+00 2.59695463968868e-05
6.50000000000000e-01 1.90453512474664e+00 1.90450849718747e+00 2.66275591653820e-05
6.55000000000000e-01 1.90140861328522e+00 1.90138366237698e+00 2.49509082399513e-05
6.60000000000000e-01 1.90125437074599e+00 1.90123333589028e+00 2.10348557172502e-05
6.65000000000000e-01 1.90404537773063e+00 1.90403024347033e+00 1.51342603029736e-05
6.70000000000000e-01 1.90973601008530e+00 1.90972836324032e+00 7.64684498566481e-06
6.75000000000000e-01 1.91826230329665e+00 1.91826321654437e+00 9.13247726552768e-07
6.80000000000000e-01 1.92954232282676e+00 1.92955227272105e+00 9.94989428115822e-06
6.85000000000000e-01 1.94347664010014e+00 1.94349546531226e+00 1.88252121207100e-05
6.90000000000000e-01 1.95994891353458e+00 1.95997581652323e+00 2.69029886497130e-05
6.95000000000000e-01 1.97882657356342e+00 1.97886016608158e+00 3.35925181629282e-05
7.00000000000000e-01 1.99996161001601e+00 2.00000000000000e+00 3.83899839921931e-05
7.05000000000000e-01 2.02319145950474e+00 2.02323237413106e+00 4.09146263251614e-05
7.10000000000000e-01 2.04833998961020e+00 2.04838092681811e+00 4.09372079057668e-05
7.15000000000000e-01 2.07521857567391e+00 2.07525697439691e+00 3.83987230003768e-05
7.20000000000000e-01 2.10362726491911e+00 2.10366068279205e+00 3.34178729435308e-05
7.25000000000000e-01 2.13335602145531e+00 2.13338230798255e+00 2.62865272389057e-05
7.30000000000000e-01 2.16418604452138e+00 2.16420349768687e+00 1.74531654875132e-05
7.35000000000000e-01 2.19589115113360e+00 2.19589864623990e+00 7.49510630138062e-06
7.40000000000000e-01 2.22823921318382e+00 2.22823629430637e+00 2.91887744374719e-06
7.45000000000000e-01 2.26099363803765e+00 2.26098056479902e+00 1.30732386316446e-05
7.50000000000000e-01 2.29391488086843e+00 2.29389262614624e+00 2.22547221948588e-05
7.55000000000000e-01 2.32676197638232e+00 2.32673217388556e+00 2.98024967597676e-05
7.60000000000000e-01 2.35929407728352e+00 2.35925892144618e+00 3.51558373363758e-05
7.65000000000000e-01 2.39127198682255e+00 2.39123409092702e+00 3.78958955322695e-05
7.70000000000000e-01 2.42245967307527e+00 2.42242189467697e+00 3.77783983016577e-05
7.75000000000000e-01 2.45262575320434e+00 2.45259099854052e+00 3.47546638255203e-05
7.80000000000000e-01 2.48154493683008e+00 2.48151595774496e+00 2.89790851155658e-05
7.85000000000000e-01 2.50899941873409e+00 2.50897861657418e+00 2.08021599141794e-05
7.90000000000000e-01 2.53478021237491e+00 2.53476946319709e+00 1.07491778176261e-05
7.95000000000000e-01 2.55868841703251e+00 2.55868893129538e+00 5.14262871842419e-07
8.00000000000000e-01 2.58053641273936e+00 2.58054864046305e+00 1.22277236860313e-05
8.05000000000000e-01 2.60014897841652e+00 2.60017256772797e+00 2.35893114486352e-05
8.10000000000000e-01 2.61736432974024e+00 2.61739814297001e+00 3.38132297681426e-05
8.15000000000000e-01 2.63203507415585e+00 2.63207726147960e+00 4.21873237459458e-05
8.20000000000000e-01 2.64402908108581e+00 2.64407720741157e+00 4.81263257636755e-05
8.25000000000000e-01 2.65323026572500e+00 2.65328148243819e+00 5.12167131905272e-05
8.30000000000000e-01 2.65953928488021e+00 2.65959053448992e+00 5.12496097098136e-05
8.35000000000000e-01 2.66287414311678e+00 2.66292238208847e+00 4.82389716891518e-05
8.40000000000000e-01 2.66317070707328e+00 2.66321313042021e+00 4.24233469367152e-05
8.45000000000000e-01 2.66038312526332e+00 2.66041737596564e+00 3.42507023192162e-05
8.50000000000000e-01 2.65448415008629e+00 2.65450849718747e+00 2.43471011858176e-05
8.55000000000000e-01 2.64546535820848e+00 2.64547882948272e+00 1.34712742378973e-05
8.60000000000000e-01 2.63333726504755e+00 2.63333972331718e+00 2.45826963007900e-06
8.65000000000000e-01 2.61812932888448e+00 2.61812148518153e+00 7.84370295647818e-06
8.70000000000000e-01 2.59988984021298e+00 2.59987320173000e+00 1.66384829713984e-05
8.75000000000000e-01 2.57868569237168e+00 2.57866244818360e+00 2.32441880823053e-05
8.80000000000000e-01 2.55460203031796e+00 2.55457488279246e+00 2.71475255075870e-05
8.85000000000000e-01 2.52774177559416e+00 2.52771372985530e+00 2.80457388535105e-05
8.90000000000000e-01 2.49822502707778e+00 2.49819915448034e+00 2.58725974475738e-05
8.95000000000000e-01 2.46618833893706e+00 2.46616753293972e+00 2.08059973378916e-05
9.00000000000000e-01 2.43178387924731e+00 2.43177062311339e+00 1.32561339234449e-05
9.05000000000000e-01 2.39517847485792e+00 2.39517464013388e+00 3.83472403875373e-06
9.10000000000000e-01 2.35655255021535e+00 2.35655924292839e+00 6.69271303488372e-06
9.15000000000000e-01 2.31609896982358e+00 2.31611643790350e+00 1.74680799176485e-05
9.20000000000000e-01 2.27402179574073e+00 2.27404940652903e+00 2.76107883019350e-05
9.25000000000000e-01 2.23053497286517e+00 2.23057126404647e+00 3.62911812996636e-05
9.30000000000000e-01 2.18586095567019e+00 2.18590375695213e+00 4.28012819351231e-05
9.35000000000000e-01 2.14022929044588e+00 2.14027590728277e+00 4.66168368911113e-05
9.40000000000000e-01 2.09387516697252e+00 2.09392261205918e+00 4.74450866545517e-05
9.45000000000000e-01 2.04703795288853e+00 2.04708320651983e+00 4.52536313053642e-05
9.50000000000000e-01 1.99995972286859e+00 2.00000000000000e+00 4.02771314074180e-05
9.55000000000000e-01 1.95288379317068e+00 1.95291679348017e+00 3.30003094903830e-05
9.60000000000000e-01 1.90605327024982e+00 1.90607738794082e+00 2.41176909983043e-05
9.65000000000000e-01 1.85970962010830e+00 1.85972409271723e+00 1.44726089246205e-05
9.70000000000000e-01 1.81409126301263e+00 1.81409624304787e+00 4.98003524129764e-06
9.75000000000000e-01 1.76943219633214e+00 1.76942873595353e+00 3.46037860654569e-06
9.80000000000000e-01 1.72596064672204e+00 1.72595059347097e+00 1.00532510656226e-05
9.85000000000000e-01 1.68389775186204e+00 1.68388356209650e+00 1.41897655367984e-05
9.90000000000000e-01 1.64345627162918e+00 1.64344075707161e+00 1.55145575706506e-05
9.95000000000000e-01 1.60483932905050e+00 1.60482535986612e+00 1.39691843863421e-05
1.00000000000000e+00 1.56823918271605e+00 1.56822937688661e+00 9.80582944398734e-06
1.00500000000000e+00 1.53383603451944e+00 1.53383246706028e+00 3.56745916252343e-06
1.01000000000000e+00 1.50179687951767e+00 1.50180084551966e+00 3.96600199858987e-06
1.01500000000000e+00 1.47227440812838e+00 1.47228627014470e+00 1.18620163214178e-05
1.02000000000000e+00 1.44540597444672e+00 1.44542511720755e+00 1.91427608275951e-05
1.02500000000000e+00 1.42131264768225e+00 1.42133755181640e+00 2.49041341500167e-05
1.03000000000000e+00 1.40009836601932e+00 1.40012679827000e+00 2.84322506791668e-05
1.03500000000000e+00 1.38184921299926e+00 1.38187851481848e+00 2.93018192136785e-05
1.04000000000000e+00 1.36663283529150e+00 1.36666027668282e+00 2.74413913208260e-05
1.04500000000000e+00 1.35449801713584e+00 1.35452117051728e+00 2.31533814400997e-05
1.05000000000000e+00 1.34547442079323e+00 1.34549150281253e+00 1.70820193012844e-05
1.05500000000000e+00 1.33957249445257e+00 1.33958262403436e+00 1.01295817882541e-05
1.06000000000000e+00 1.33678354009141e+00 1.33678686957979e+00 3.32948837322711e-06
1.06500000000000e+00 1.33707992507837e+00 1.33707761791153e+00 2.30716683669030e-06
1.07000000000000e+00 1.34041541438219e+00 1.34040946551008e+00 5.94887210914052e-06
1.07500000000000e+00 1.34672559661986e+00 1.34671851756181e+00 7.07905804864239e-06
1.08000000000000e+00 1.35592837793585e+00 1.35592279258843e+00 5.58534742123307e-06
1.08500000000000e+00 1.36792452320662e+00 1.36792273852040e+00 1.78468622147321e-06
1.09000000000000e+00 1.38259823366560e+00 1.38260185702999e+00 3.62336438675115e-06
1.09500000000000e+00 1.39981776209232e+00 1.39982743227203e+00 9.67017970898709e-06
1.10000000000000e+00 1.41943607878769e+00 1.41945135953695e+00 1.52807492592721e-05
1.10500000000000e+00 1.44129161098039e+00 1.44131106870462e+00 1.94577242356164e-05
1.11000000000000e+00 1.46520908276156e+00 1.46523053680291e+00 2.14540413485675e-05
1.11500000000000e+00 1.49100048079228e+00 1.49102138342582e+00 2.09026335380447e-05
1.12000000000000e+00 1.51846616290888e+00 1.51848404225504e+00 1.78793461640403e-05
1.12500000000000e+00 1.54739611383664e+00 1.54740900145948e+00 1.28876228364661e-05
1.13000000000000e+00 1.57757133708878e+00 1.57757810532303e+00 6.76823424594630e-06
1.13500000000000e+00 1.60876535784247e+00 1.60876590907298e+00 5.51230512124690e-07
1.14000000000000e+00 1.64074580097801e+00 1.64074107855382e+00 4.72242418569913e-06
1.14500000000000e+00 1.67327600348288e+00 1.67326782611444e+00 8.17736844371808e-06
1.15000000000000e+00 1.70611662172865e+00 1.70610737385376e+00 9.24787488232326e-06
1.15500000000000e+00 1.73902720106032e+00 1.73901943520098e+00 7.76585933692786e-06
1.16000000000000e+00 1.77176768596170e+00 1.77176370569363e+00 3.98026807335583e-06
1.16500000000000e+00 1.80409986144289e+00 1.80410135376010e+00 1.49231720625309e-06
1.17000000000000e+00 1.83578872785384e+00 1.83579650231313e+00 7.77445929012188e-06
1.17500000000000e+00 1.86660382009872e+00 1.86661769201745e+00 1.38719187372516e-05
1.18000000000000e+00 1.89632048699181e+00 1.89633931720795e+00 1.88302161407972e-05
1.18500000000000e+00 1.92472114689764e+00 1.92474302560309e+00 2.18787054517833e-05
1.19000000000000e+00 1.95159653227459e+00 1.95161907318189e+00 2.25409072986960e-05
1.19500000000000e+00 1.97674692932538e+00 1.97676762586894e+00 2.06965435511908e-05
1.20000000000000e+00 1.99998341101563e+00 2.00000000000000e+00 1.65889843717348e-05
1.20500000000000e+00 2.02112905367507e+00 2.02113983391842e+00 1.07802433557680e-05
1.21000000000000e+00 2.04002012049625e+00 2.04002418347677e+00 4.06298051647269e-06
1.21500000000000e+00 2.05650719041099e+00 2.05650453468774e+00 2.65572325197638e-06
1.22000000000000e+00 2.07045620856205e+00 2.07044772727895e+00 8.48128309582918e-06
1.22500000000000e+00 2.08174943498634e+00 2.08173678345563e+00 1.26515307150576e-05
1.23000000000000e+00 2.09028627091088e+00 2.09027163675968e+00 1.46341511975123e-05
1.23500000000000e+00 2.09598394668946e+00 2.09596975652967e+00 1.41901597836558e-05
1.24000000000000e+00 2.09877806117224e+00 2.09876666410972e+00 1.13970625146287e-05
1.24500000000000e+00 2.09862296844969e+00 2.09861633762302e+00 6.63082666774173e-06
1.25000000000000e+00 2.09549201374486e+00 2.09549150281253e+00 5.10932330666236e-07
1.25500000000000e+00 2.08937762516519e+00 2.08938380815405e+00 6.18298886001512e-06
1.26000000000000e+00 2.08029127165884e+00 2.08030388316029e+00 1.26115014436046e-05
1.26500000000000e+00 2.06826329963370e+00 2.06828127951470e+00 1.79798810071574e-05
1.27000000000000e+00 2.05334266125884e+00 2.05336429539657e+00 2.16341377305973e-05
1.27500000000000e+00 2.03559654661235e+00 2.03561968407860e+00 2.31374662518213e-05
1.28000000000000e+00 2.01510992983051e+00 2.01513224859221e+00 2.23187617054421e-05
1.28500000000000e+00 1.99198503660810e+00 1.99200432495795e+00 1.92883498475460e-05
1.29000000000000e+00 1.96634073720079e+00 1.96635515716554e+00 1.44199647504895e-05
1.29500000000000e+00 1.93831186590325e+00 1.93832016775567e+00 8.30185242284287e-06
1.30000000000000e+00 1.90804846520653e+00 1.90805012849909e+00 1.66329255990583e-06
1.30500000000000e+00 1.87571495080503e+00 1.87571023628478e+00 4.71452024508601e-06
1.31000000000000e+00 1.84148919257517e+00 1.84147909991323e+00 1.00926619475139e-05
1.31500000000000e+00 1.80556150673324e+00 1.80554764404025e+00 1.38626929828689e-05
1.32000000000000e+00 1.76813355563483e+00 1.76811793702778e+00 1.56186070496833e-05
1.32500000000000e+00 1.72941715402650e+00 1.72940194992690e+00 1.52040996019842e-05
1.33000000000000e+00 1.68963298380916e+00 1.68962025424335e+00 1.27295658154392e-05
1.33500000000000e+00 1.64900922323690e+00 1.64900066651302e+00 8.55672387789497e-06
1.34000000000000e+00 1.60778010058481e+00 1.60777684804300e+00 3.25254180522094e-06
1.34500000000000e+00 1.56618438626579e+00 1.56618686845015e+00 2.48218436516012e-06
1.35000000000000e+00 1.52446384073596e+00 1.52447174185242e+00 7.90111645820879e-06
1.35500000000000e+00 1.48286163791963e+00 1.48287394473691e+00 1.23068172783736e-05
1.36000000000000e+00 1.44162078500161e+00 1.44163592464141e+00 1.51396398035963e-05
1.36500000000000e+00 1.40098255909873e+00 1.40099860884315e+00 1.60497444174901e-05
1.37000000000000e+00 1.36118497950657e+00 1.36119992224821e+00 1.49427416356041e-05
1.37500000000000e+00 1.32246133106975e+00 1.32247332361862e+00 1.19925488655248e-05
1.38000000000000e+00 1.28503875006407e+00 1.28504636916085e+00 7.61909678015371e-06
1.38500000000000e+00 1.24913687927284e+00 1.24913931233114e+00 2.43305829883411e-06
1.39000000000000e+00 1.21496659425642e+00 1.21496374848942e+00 2.84576699871586e-06
1.39500000000000e+00 1.18272879875879e+00 1.18272131275752e+00 7.48600126532217e-06
1.40000000000000e+00 1.15261328432797e+00 1.15260243910916e+00 1.08452188150032e-05
1.40500000000000e+00 1.12479764798285e+00 1.12478518834171e+00 1.24596411450462e-05
1.41000000000000e+00 1.09944626236964e+00 1.09943415215529e+00 1.21102143482155e-05
1.41500000000000e+00 1.07670929528919e+00 1.07669944009536e+00 9.85519382501465e-06
1.42000000000000e+00 1.05672177943632e+00 1.05671575560428e+00 6.02383204739709e-06
1.42500000000000e+00 1.03960273810500e+00 1.03960156687779e+00 1.17122721121632e-06
1.43000000000000e+00 1.02545437771561e+00 1.02545837763829e+00 3.99992267419158e-06
1.43500000000000e+00 1.01436136245620e+00 1.01437010232018e+00 8.73986397853521e-06
1.44000000000000e+00 1.00639018928671e+00 1.00640254951957e+00 1.23602328561123e-05
1.44500000000000e+00 1.00158868240475e+00 1.00160301689261e+00 1.43344878562601e-05
1.45000000000000e+00 9.99985624690656e-01 1.00000000000000e+00 1.43753093440058e-05
1.45500000000000e+00 1.00159053969876e+00 1.00160301689261e+00 1.24771938478929e-05
1.46000000000000e+00 1.00639363189729e+00 1.00640254951957e+00 8.91762227350767e-06
1.46500000000000e+00 1.01436588587281e+00 1.01437010232018e+00 4.21644736259275e-06
1.47000000000000e+00 1.02545931810689e+00 1.02545837763829e+00 9.40468599441857e-07
1.47500000000000e+00 1.03960736874234e+00 1.03960156687779e+00 5.80186455056975e-06
1.48000000000000e+00 1.05672541637771e+00 1.05671575560428e+00 9.66077343811378e-06
1.48500000000000e+00 1.07671139695437e+00 1.07669944009536e+00 1.19568590033481e-05
1.49000000000000e+00 1.09944650841964e+00 1.09943415215529e+00 1.23562643543629e-05
1.49500000000000e+00 1.12479598581756e+00 1.12478518834171e+00 1.07974758511986e-05
1.50000000000000e+00 1.15260993615386e+00 1.15260243910916e+00 7.49704470570656e-06
1.50500000000000e+00 1.18272422791849e+00 1.18272131275752e+00 2.91516096728728e-06
1.51000000000000e+00 1.21496143553748e+00 1.21496374848942e+00 2.31295193531267e-06
1.51500000000000e+00 1.24913184334580e+00 1.24913931233114e+00 7.46898534620399e-06
1.52000000000000e+00 1.28503451621529e+00 1.28504636916085e+00 1.18529455661598e-05
1.52500000000000e+00 1.32245844435444e+00 1.32247332361862e+00 1.48792641774254e-05
1.53000000000000e+00 1.36118376799880e+00 1.36119992224821e+00 1.61542494088174e-05
1.53500000000000e+00 1.40098308406460e+00 1.40099860884315e+00 1.55247785504908e-05
1.54000000000000e+00 1.44162283194709e+00 1.44163592464141e+00 1.30926943255893e-05
1.54500000000000e+00 1.48286475027472e+00 1.48287394473691e+00 9.19446219604936e-06
1.55000000000000e+00 1.52446739137112e+00 1.52447174185242e+00 4.35048130453808e-06
1.55500000000000e+00 1.56618767612066e+00 1.56618686845015e+00 8.07670511804304e-07
1.56000000000000e+00 1.60778246936787e+00 1.60777684804300e+00 5.62132486847666e-06
1.56500000000000e+00 1.64901015513531e+00 1.64900066651302e+00 9.48862228722369e-06
1.57000000000000e+00 1.68963219177580e+00 1.68962025424335e+00 1.19375324509896e-05
1.57500000000000e+00 1.72941462940709e+00 1.72940194992690e+00 1.26794801871277e-05
1.58000000000000e+00 1.76812957517095e+00 1.76811793702778e+00 1.16381431662926e-05
1.58500000000000e+00 1.80555659550167e+00 1.80554764404025e+00 8.95146142054770e-06
1.59000000000000e+00 1.84148404818327e+00 1.84147909991323e+00 4.94827004193787e-06
1.59500000000000e+00 1.87571034010995e+00 1.87571023628478e+00 1.03825162911519e-07
1.60000000000000e+00 1.90804510906076e+00 1.90805012849909e+00 5.01943832897922e-06
1.60500000000000e+00 1.93831032932271e+00 1.93832016775567e+00 9.83843295787601e-06
1.61000000000000e+00 1.96634134164500e+00 1.96635515716554e+00 1.38155205440249e-05
1.61500000000000e+00 1.99198780788025e+00 1.99200432495795e+00 1.65170776995627e-05
1.62000000000000e+00 2.01511458993033e+00 2.01513224859221e+00 1.76586618847452e-05
1.62500000000000e+00 2.03560255145623e+00 2.03561968407860e+00 1.71326223648016e-05
1.63000000000000e+00 2.05334927942806e+00 2.05336429539657e+00 1.50159685112783e-05
1.63500000000000e+00 2.06826972116217e+00 2.06828127951470e+00 1.15583525315266e-05
1.64000000000000e+00 2.08029673118058e+00 2.08030388316029e+00 7.15197970935222e-06
1.64500000000000e+00 2.08938152117427e+00 2.08938380815405e+00 2.28697978599257e-06
1.65000000000000e+00 2.09549400568271e+00 2.09549150281253e+00 2.50287018266349e-06
1.65500000000000e+00 2.09862303591848e+00 2.09861633762302e+00 6.69829546451339e-06
1.66000000000000e+00 2.09877651454570e+00 2.09876666410972e+00 9.85043597667712e-06
1.66500000000000e+00 2.09598138520067e+00 2.09596975652967e+00 1.16286709967994e-05
1.67000000000000e+00 2.09028349211201e+00 2.09027163675968e+00 1.18553523287268e-05
1.67500000000000e+00 2.08174730726558e+00 2.08173678345563e+00 1.05238099559202e-05
1.68000000000000e+00 2.07045552503966e+00 2.07044772727895e+00 7.79776070691796e-06
1.68500000000000e+00 2.05650852692698e+00 2.05650453468774e+00 3.99223924363312e-06
1.69000000000000e+00 2.04002372164802e+00 2.04002418347677e+00 4.61828745024206e-07
1.69500000000000e+00 2.02113476841638e+00 2.02113983391842e+00 5.06550204137923e-06
1.70000000000000e+00 1.99999069313227e+00 2.00000000000000e+00 9.30686772671052e-06
1.70500000000000e+00 1.97675490868565e+00 1.97676762586893e+00 1.27171832855488e-05
1.71000000000000e+00 1.95160415124559e+00 1.95161907318189e+00 1.49219363030362e-05
1.71500000000000e+00 1.92472734437580e+00 1.92474302560309e+00 1.56812272846807e-05
1.72000000000000e+00 1.89632440210982e+00 1.89633931720795e+00 1.49150981296753e-05
1.72500000000000e+00 1.86660498088254e+00 1.86661769201745e+00 1.27111349113029e-05
1.73000000000000e+00 1.83578718864405e+00 1.83579650231313e+00 9.31366907375164e-06
1.73500000000000e+00 1.80409625780754e+00 1.80410135376010e+00 5.09595256303896e-06
1.74000000000000e+00 1.77176318714016e+00 1.77176370569363e+00 5.18553464612381e-07
1.74500000000000e+00 1.73902335650397e+00 1.73901943520098e+00 3.92130298920712e-06
1.75000000000000e+00 1.70611511765270e+00 1.70610737385376e+00 7.74379893986321e-06
1.75500000000000e+00 1.67327836418229e+00 1.67326782611444e+00 1.05380678490086e-05
1.76000000000000e+00 1.64075308423172e+00 1.64074107855382e+00 1.20056779000510e-05
1.76500000000000e+00 1.60877790057551e+00 1.60876590907298e+00 1.19915025293960e-05
1.77000000000000e+00 1.57758860421029e+00 1.57757810532303e+00 1.04988872600131e-05
1.77500000000000e+00 1.54741668923948e+00 1.54740900145948e+00 7.68777999882175e-06
1.78000000000000e+00 1.51848789859817e+00 1.51848404225504e+00 3.85634313015970e-06
1.78500000000000e+00 1.49102079173036e+00 1.49102138342582e+00 5.91695457519137e-07
1.79000000000000e+00 1.46522534655131e+00 1.46523053680291e+00 5.19025159828601e-06
1.79500000000000e+00 1.44130160875671e+00 1.44131106870462e+00 9.45994791345939e-06
1.80000000000000e+00 1.41943840169326e+00 1.41945135953695e+00 1.29578436891542e-05
1.80500000000000e+00 1.39981210955621e+00 1.39982743227203e+00 1.53227158128377e-05
1.81000000000000e+00 1.38258554566432e+00 1.38260185702999e+00 1.63113656652669e-05
1.81500000000000e+00 1.36790691606869e+00 1.36792273852040e+00 1.58224517061711e-05
1.82000000000000e+00 1.35590888690435e+00 1.35592279258843e+00 1.39056840708918e-05
1.82500000000000e+00 1.34670776184296e+00 1.34671851756181e+00 1.07557188573359e-05
1.83000000000000e+00 1.34040277390667e+00 1.34040946551008e+00 6.69160341004726e-06
1.83500000000000e+00 1.33707549390474e+00 1.33707761791153e+00 2.12400679266977e-06
1.84000000000000e+00 1.33678935598064e+00 1.33678686957979e+00 2.48640085320773e-06
1.84500000000000e+00 1.33958929930437e+00 1.33958262403436e+00 6.67527000763890e-06
1.85000000000000e+00 1.34550152387070e+00 1.34549150281253e+00 1.00210581712723e-05
1.85500000000000e+00 1.35453335769357e+00 1.35452117051728e+00 1.21871762877035e-05
1.86000000000000e+00 1.36667323240899e+00 1.36666027668282e+00 1.29557261678848e-05
1.86500000000000e+00 1.38189076437275e+00 1.38187851481848e+00 1.22495542709267e-05
1.87000000000000e+00 1.40013693870099e+00 1.40012679827000e+00 1.01404309993391e-05
1.87500000000000e+00 1.42134439426656e+00 1.42133755181640e+00 6.84245016069340e-06
1.88000000000000e+00 1.44542780833520e+00 1.44542511720755e+00 2.69112765893809e-06
1.88500000000000e+00 1.47228438019640e+00 1.47228627014470e+00 1.88994830097045e-06
1.89000000000000e+00 1.50179441370221e+00 1.50180084551967e+00 6.43181745485499e-06
1.89500000000000e+00 1.53382199896553e+00 1.53383246706028e+00 1.04680947523583e-05
1.90000000000000e+00 1.56821579348436e+00 1.56822937688661e+00 1.35834022469972e-05
1.90500000000000e+00 1.60480990256842e+00 1.60482535986612e+00 1.54572976995837e-05
1.91000000000000e+00 1.64342485809360e+00 1.64344075707161e+00 1.58989780092433e-05
1.91500000000000e+00 1.68386869328631e+00 1.68388356209650e+00 1.48688101890837e-05
1.92000000000000e+00 1.72593810948085e+00 1.72595059347097e+00 1.24839901187723e-05
1.92500000000000e+00 1.76941972869809e+00 1.76942873595353e+00 9.00725544239478e-06
1.93000000000000e+00 1.81409142361760e+00 1.81409624304787e+00 4.81943026864329e-06
1.93500000000000e+00 1.85972371426211e+00 1.85972409271723e+00 3.78455111027520e-07
1.94000000000000e+00 1.90608121871587e+00 1.90607738794082e+00 3.83077504828577e-06
1.94500000000000e+00 1.95292414368540e+00 1.95291679348017e+00 7.35020523578989e-06
1.95000000000000e+00 2.00000979987678e+00 2.00000000000000e+00 9.79987677829364e-06
1.95500000000000e+00 2.04709412712918e+00 2.04708320651983e+00 1.09206093457104e-05
1.96000000000000e+00 2.09393321503584e+00 2.09392261205918e+00 1.06029766659965e-05
1.96500000000000e+00 2.14028480631422e+00 2.14027590728277e+00 8.89903144241089e-06
1.97000000000000e+00 2.18590977226786e+00 2.18590375695213e+00 6.01531573174441e-06
1.97500000000000e+00 2.23057355204317e+00 2.23057126404646e+00 2.28799670409785e-06
1.98000000000000e+00 2.27404754971097e+00 2.27404940652903e+00 1.85681805398019e-06
1.98500000000000e+00 2.31611048519368e+00 2.31611643790350e+00 5.95270981618157e-06
1.99000000000000e+00 2.35654969646083e+00 2.35655924292839e+00 9.54646756001765e-06
1.99500000000000e+00 2.39516239107454e+00 2.39517464013388e+00 1.22490593414959e-05
2.00000000000000e+00 2.43175684504192e+00 2.43177062311339e+00 1.37780714712932e-05
2.00500000000000e+00 2.46615354610449e+00 2.46616753293972e+00 1.39868352295736e-05
2.01000000000000e+00 2.49818627724838e+00 2.49819915448034e+00 1.28772319536452e-05
2.01500000000000e+00 2.52770313460963e+00 2.52771372985530e+00 1.05952456745939e-05
2.02000000000000e+00 2.55456747235886e+00 2.55457488279245e+00 7.41043359209215e-06
2.02500000000000e+00 2.57865876584846e+00 2.57866244818359e+00 3.68233513814431e-06
2.03000000000000e+00 2.59987338351075e+00 2.59987320173000e+00 1.81780750008187e-07
2.03500000000000e+00 2.61812525784435e+00 2.61812148518152e+00 3.77266283146938e-06
2.04000000000000e+00 2.63334644636551e+00 2.63333972331718e+00 6.72304833049253e-06
2.04500000000000e+00 2.64548757458732e+00 2.64547882948272e+00 8.74510460180389e-06
2.05000000000000e+00 2.65451815480595e+00 2.65450849718747e+00 9.65761847782076e-06
2.05500000000000e+00 2.66042677654820e+00 2.66041737596564e+00 9.40058256038157e-06
2.06000000000000e+00 2.66322116677547e+00 2.66321313042021e+00 8.03635525770119e-06
2.06500000000000e+00 2.66292812015295e+00 2.66292238208847e+00 5.73806448533887e-06
2.07000000000000e+00 2.65959330171242e+00 2.65959053448992e+00 2.76722250447392e-06
2.07500000000000e+00 2.65328092593630e+00 2.65328148243819e+00 5.56501886794791e-07
2.08000000000000e+00 2.64407331759308e+00 2.64407720741157e+00 3.88981849708259e-06
2.08500000000000e+00 2.63207036053441e+00 2.63207726147960e+00 6.90094519484319e-06
2.09000000000000e+00 2.61738884114265e+00 2.61739814297001e+00 9.30182736214036e-06
2.09500000000000e+00 2.60016169325098e+00 2.60017256772797e+00 1.08744769922176e-05
2.10000000000000e+00 2.58053715122858e+00 2.58054864046305e+00 1.14892344669215e-05
2.10500000000000e+00 2.55867781762395e+00 2.55868893129538e+00 1.11136714280313e-05
2.11000000000000e+00 2.53475965138554e+00 2.53476946319710e+00 9.81181155834676e-06
2.11500000000000e+00 2.50897088231629e+00 2.50897861657418e+00 7.73425788924698e-06
2.12000000000000e+00 2.48151085713929e+00 2.48151595774496e+00 5.10060567249226e-06
2.12500000000000e+00 2.45258882240724e+00 2.45259099854052e+00 2.17613327713195e-06
2.13000000000000e+00 2.42242264951236e+00 2.42242189467697e+00 7.54835390637254e-07
2.13500000000000e+00 2.39123750725655e+00 2.39123409092702e+00 3.41632953393400e-06
2.14000000000000e+00 2.35926448782121e+00 2.35925892144618e+00 5.56637503024149e-06
2.14500000000000e+00 2.32673919250969e+00 2.32673217388556e+00 7.01862412633147e-06
2.15000000000000e+00 2.29390028429218e+00 2.29389262614624e+00 7.65814593650660e-06
2.15500000000000e+00 2.26098801492010e+00 2.26098056479902e+00 7.45012107516985e-06
2.16000000000000e+00 2.22824273514637e+00 2.22823629430637e+00 6.44083999778999e-06
2.16500000000000e+00 2.19590339733631e+00 2.19589864623990e+00 4.75109641273619e-06
2.17000000000000e+00 2.16420606042733e+00 2.16420349768687e+00 2.56274045584703e-06
2.17500000000000e+00 2.13338240774037e+00 2.13338230798255e+00 9.97578211148209e-08
2.18000000000000e+00 2.10365828851419e+00 2.10366068279205e+00 2.39427785775348e-06
2.18500000000000e+00 2.07525229418406e+00 2.07525697439691e+00 4.68021285371378e-06
2.19000000000000e+00 2.04837438033084e+00 2.04838092681811e+00 6.54648727138607e-06
2.19500000000000e+00 2.02322454487058e+00 2.02323237413107e+00 7.82926048570332e-06
2.20000000000000e+00 1.99999157244097e+00 2.00000000000000e+00 8.42755902619174e-06
2.20500000000000e+00 1.97885185409295e+00 1.97886016608158e+00 8.31198862649707e-06
2.21000000000000e+00 1.95996829035208e+00 1.95997581652323e+00 7.52617115074017e-06
2.21500000000000e+00 1.94348928453249e+00 1.94349546531226e+00 6.18077977132536e-06
2.22000000000000e+00 1.92954783193457e+00 1.92955227272105e+00 4.44078647210411e-06
2.22500000000000e+00 1.91826070931195e+00 1.91826321654437e+00 2.50723242700701e-06
2.23000000000000e+00 1.90972776782814e+00 1.90972836324032e+00 5.95412182446964e-07
2.23500000000000e+00 1.90403133170785e+00 1.90403024347033e+00 1.08823752209553e-06
2.24000000000000e+00 1.90123570397321e+00 1.90123333589028e+00 2.36808293729851e-06
2.24500000000000e+00 1.90138678007518e+00 1.90138366237698e+00 3.11769819538732e-06
2.25000000000000e+00 1.90451176989007e+00 1.90450849718747e+00 3.27270259603551e-06
2.25500000000000e+00 1.91061902842967e+00 1.91061619184595e+00 2.83658371902362e-06
2.26000000000000e+00 1.91969799566097e+00 1.91969611683971e+00 1.87882125990413e-06
2.26500000000000e+00 1.93171924597642e+00 1.93171872048530e+00 5.25491124392374e-07
2.27000000000000e+00 1.94663464800638e+00 1.94663570460343e+00 1.05659705318395e-06
2.27500000000000e+00 1.96437763552612e+00 1.96438031592140e+00 2.68039528195096e-06
2.28000000000000e+00 1.98486359008530e+00 1.98486775140779e+00 4.16132248393097e-06
2.28500000000000e+00 2.00799033560154e+00 2.00799567504205e+00 5.33944050928881e-06
2.29000000000000e+00 2.03363874446214e+00 2.03364484283446e+00 6.09837231468902e-06
2.29500000000000e+00 2.06167345365722e+00 2.06167983224433e+00 6.37858710872408e-06
2.30000000000000e+00 2.09194368815468e+00 2.09194987150091e+00 6.18334623192496e-06
2.30500000000000e+00 2.12428418719866e+00 2.12428976371522e+00 5.57651655253011e-06
2.31000000000000e+00 2.15851622758023e+00 2.15852090008677e+00 4.67250654301310e-06
2.31500000000000e+00 2.19444873633129e+00 2.19445235595975e+00 3.61962845829567e-06
2.32000000000000e+00 2.23187948387737e+00 2.23188206297221e+00 2.57909484258079e-06
2.32500000000000e+00 2.27059634758700e+00 2.27059805007310e+00 1.70248610009693e-06
2.33000000000000e+00 2.31037863497797e+00 2.31037974575665e+00 1.11077868014675e-06
2.33500000000000e+00 2.35099845563796e+00 2.35099933348698e+00 8.77849018365850e-07
2.34000000000000e+00 2.39222213117978e+00 2.39222315195699e+00 1.02077721697569e-06
2.34500000000000e+00 2.43381163321155e+00 2.43381313154985e+00 1.49833830320745e-06
2.35000000000000e+00 2.47552604023250e+00 2.47552825814758e+00 2.21791507293290e-06
2.35500000000000e+00 2.51712300540399e+00 2.51712605526309e+00 3.04985909416189e-06
2.36000000000000e+00 2.55836022811522e+00 2.55836407535858e+00 3.84724336699449e-06
2.36500000000000e+00 2.59899692300258e+00 2.59900139115685e+00 4.46815427102010e-06
2.37000000000000e+00 2.63879528046731e+00 2.63880007775179e+00 4.79728447277949e-06
2.37500000000000e+00 2.67752191270681e+00 2.67752667638138e+00 4.76367457258320e-06
2.38000000000000e+00 2.71494927883931e+00 2.71495363083914e+00 4.35199983028767e-06
2.38500000000000e+00 2.75085708193939e+00 2.75086068766886e+00 3.60572947011306e-06
2.39000000000000e+00 2.78503362984869e+00 2.78503625151058e+00 2.62166188846891e-06
2.39500000000000e+00 2.81727715065731e+00 2.81727868724248e+00 1.53658516710564e-06
2.40000000000000e+00 2.84739705294556e+00 2.84739756089084e+00 5.07945285388445e-07
2.40500000000000e+00 2.87521512039833e+00 2.87521481165829e+00 3.08740036647492e-07
2.41000000000000e+00 2.90056663037094e+00 2.90056584784471e+00 7.82526231368763e-07
2.41500000000000e+00 2.92330138645434e+00 2.92330055990463e+00 8.26549702459545e-07
2.42000000000000e+00 2.94328465604807e+00 2.94328424439572e+00 4.11652345988500e-07
2.42500000000000e+00 2.96039800532572e+00 2.96039843312221e+00 4.27796486679455e-07
2.43000000000000e+00 2.97454002564277e+00 2.97454162236171e+00 1.59671893884550e-06
2.43500000000000e+00 2.98562694723300e+00 2.98562989767982e+00 2.95044682196988e-06
2.44000000000000e+00 2.99359313779879e+00 2.99359745048043e+00 4.31268164025056e-06
2.44500000000000e+00 2.99839148517097e+00 2.99839698310739e+00 5.49793642390384e-06
2.45000000000000e+00 2.99999366447592e+00 3.00000000000000e+00 6.33552407647286e-06
2.45500000000000e+00 2.99839029113146e+00 2.99839698310739e+00 6.69197593738957e-06
2.46000000000000e+00 2.99359096148015e+00 2.99359745048044e+00 6.48900028776822e-06
2.46500000000000e+00 2.98562418299684e+00 2.98562989767982e+00 5.71468298460331e-06
2.47000000000000e+00 2.97453719585578e+00 2.97454162236171e+00 4.42650593290850e-06
2.47500000000000e+00 2.96039568732617e+00 2.96039843312221e+00 2.74579604253589e-06
2.48000000000000e+00 2.94328340011174e+00 2.94328424439572e+00 8.44283983170158e-07
2.48500000000000e+00 2.92330163548860e+00 2.92330055990464e+00 1.07558396278407e-06
2.49000000000000e+00 2.90056865203589e+00 2.90056584784471e+00 2.80419117570929e-06
2.49500000000000e+00 2.87521896097793e+00 2.87521481165830e+00 4.14931963410581e-06
2.50000000000000e+00 2.84740251970385e+00 2.84739756089084e+00 4.95881300865975e-06
2.50500000000000e+00 2.81728382590176e+00 2.81727868724248e+00 5.13865928120083e-06
2.51000000000000e+00 2.78504091589505e+00 2.78503625151058e+00 4.66438447155326e-06
2.51500000000000e+00 2.75086427212172e+00 2.75086068766886e+00 3.58445285808529e-06
2.52000000000000e+00 2.71495564614957e+00 2.71495363083915e+00 2.01531042032244e-06
2.52500000000000e+00 2.67752680505635e+00 2.67752667638138e+00 1.28674966237696e-07
2.53000000000000e+00 2.63879821030874e+00 2.63880007775179e+00 1.86744305219477e-06
2.53500000000000e+00 2.59899763934745e+00 2.59900139115685e+00 3.75180940581643e-06
2.54000000000000e+00 2.55835876085051e+00 2.55836407535859e+00 5.31450807672584e-06
2.54500000000000e+00 2.51711967505872e+00 2.51712605526309e+00 6.38020437060405e-06
2.55000000000000e+00 2.47552143059662e+00 2.47552825814758e+00 6.82755095926524e-06
2.55500000000000e+00 2.43380652893503e+00 2.43381313154985e+00 6.60261482332558e-06
2.56000000000000e+00 2.39221742707263e+00 2.39222315195700e+00 5.72488437233787e-06
2.56500000000000e+00 2.35099504824380e+00 2.35099933348698e+00 4.28524318563106e-06
2.57000000000000e+00 2.31037730957998e+00 2.31037974575666e+00 2.43617667416984e-06
2.57500000000000e+00 2.27059767475797e+00 2.27059805007310e+00 3.75315125200615e-07
2.58000000000000e+00 2.23188373884951e+00 2.23188206297222e+00 1.67587729604790e-06
2.58500000000000e+00 2.19445585191428e+00 2.19445235595975e+00 3.49595453208451e-06
2.59000000000000e+00 2.15852578740337e+00 2.15852090008678e+00 4.88731659187280e-06
2.59500000000000e+00 2.12429546118454e+00 2.12428976371522e+00 5.69746932521653e-06
2.60000000000000e+00 2.09195570695981e+00 2.09194987150091e+00 5.83545889742965e-06
2.60500000000000e+00 2.06168511398718e+00 2.06167983224433e+00 5.28174285108207e-06
2.61000000000000e+00 2.03364893328952e+00 2.03364484283446e+00 4.09045505733729e-06
2.61500000000000e+00 2.00799805886235e+00 2.00799567504205e+00 2.38382030204320e-06
2.62000000000000e+00 1.98486809070253e+00 1.98486775140779e+00 3.39294742524032e-07
2.62500000000000e+00 1.96437848668930e+00 1.96438031592140e+00 1.82923210489960e-06
2.63000000000000e+00 1.94663181038838e+00 1.94663570460343e+00 3.89421505486709e-06
2.63500000000000e+00 1.93171308165801e+00 1.93171872048530e+00 5.63882728643605e-06
2.64000000000000e+00 1.91968923647609e+00 1.91969611683971e+00 6.88036362239686e-06
2.64500000000000e+00 1.91060870166299e+00 1.91061619184595e+00 7.49018295786996e-06
2.65000000000000e+00 1.90450108915567e+00 1.90450849718747e+00 7.40803180421246e-06
2.65500000000000e+00 1.90137701322821e+00 1.90138366237698e+00 6.64914876979950e-06
2.66000000000000e+00 1.90122803260821e+00 1.90123333589028e+00 5.30328206882480e-06
2.66500000000000e+00 1.90402671788119e+00 1.90403024347033e+00 3.52558913441214e-06
2.67000000000000e+00 1.90972684299178e+00 1.90972836324032e+00 1.52024854038757e-06
2.67500000000000e+00 1.91826369813142e+00 1.91826321654437e+00 4.81587047351795e-07
2.68000000000000e+00 1.92955451993676e+00 1.92955227272105e+00 2.24721571395747e-06
2.68500000000000e+00 1.94349903378679e+00 1.94349546531226e+00 3.56847453408804e-06
2.69000000000000e+00 1.95998010214117e+00 1.95997581652323e+00 4.28561793985871e-06
2.69500000000000e+00 1.97886447234021e+00 1.97886016608158e+00 4.30625863256928e-06
2.70000000000000e+00 2.00000361709453e+00 2.00000000000000e+00 3.61709453056136e-06
2.70500000000000e+00 2.02323466100045e+00 2.02323237413106e+00 2.28686938852363e-06
2.71000000000000e+00 2.04838138676705e+00 2.04838092681811e+00 4.59948944264710e-07
2.71500000000000e+00 2.07525531534311e+00 2.07525697439691e+00 1.65905380100639e-06
2.72000000000000e+00 2.10365685467897e+00 2.10366068279205e+00 3.82811308652364e-06
2.72500000000000e+00 2.13337651232946e+00 2.13338230798255e+00 5.79565308322927e-06
2.73000000000000e+00 2.16419616738485e+00 2.16420349768687e+00 7.33030201605089e-06
2.73500000000000e+00 2.19589039720783e+00 2.19589864623990e+00 8.24903206542160e-06
2.74000000000000e+00 2.22822785409208e+00 2.22823629430637e+00 8.44021428925146e-06
2.74500000000000e+00 2.26097268621763e+00 2.26098056479902e+00 7.87858139039699e-06
2.75000000000000e+00 2.29388599619185e+00 2.29389262614624e+00 6.62995438194258e-06
2.75500000000000e+00 2.32672732911379e+00 2.32673217388556e+00 4.84477176554421e-06
2.76000000000000e+00 2.35925618061414e+00 2.35925892144618e+00 2.74083203510855e-06
2.76500000000000e+00 2.39123351386972e+00 2.39123409092702e+00 5.77057294393057e-07
2.77000000000000e+00 2.42242327335020e+00 2.42242189467697e+00 1.37867323379837e-06
2.77500000000000e+00 2.45259388220182e+00 2.45259099854052e+00 2.88366130085649e-06
2.78000000000000e+00 2.48151970985085e+00 2.48151595774496e+00 3.75210588776653e-06
2.78500000000000e+00 2.50898249670744e+00 2.50897861657418e+00 3.88013325736125e-06
2.79000000000000e+00 2.53477272378633e+00 2.53476946319709e+00 3.26058923327821e-06
2.79500000000000e+00 2.55869091657192e+00 2.55868893129538e+00 1.98527654493574e-06
2.80000000000000e+00 2.58054887440113e+00 2.58054864046305e+00 2.33938080462792e-07
2.80500000000000e+00 2.60017081881274e+00 2.60017256772797e+00 1.74891522863874e-06
2.81000000000000e+00 2.61739445647162e+00 2.61739814297001e+00 3.68649838566881e-06
2.81500000000000e+00 2.63207195416448e+00 2.63207726147960e+00 5.30731512471405e-06
2.82000000000000e+00 2.64407082475584e+00 2.64407720741157e+00 6.38265572794339e-06
2.82500000000000e+00 2.65327472372369e+00 2.65328148243819e+00 6.75871449917764e-06
2.83000000000000e+00 2.65958415589274e+00 2.65959053448992e+00 6.37859717356193e-06
2.83500000000000e+00 2.66291709128986e+00 2.66292238208847e+00 5.29079861033566e-06
2.84000000000000e+00 2.66320948781053e+00 2.66321313042021e+00 3.64260968543917e-06
2.84500000000000e+00 2.66041571686061e+00 2.66041737596564e+00 1.65910502403221e-06
2.85000000000000e+00 2.65450888663871e+00 2.65450849718747e+00 3.89451231264104e-07
2.85500000000000e+00 2.64548105659037e+00 2.64547882948272e+00 2.22710765074297e-06
2.86000000000000e+00 2.63334333609902e+00 2.63333972331719e+00 3.61278183236280e-06
2.86500000000000e+00 2.61812586089620e+00 2.61812148518152e+00 4.37571467637454e-06
2.87000000000000e+00 2.59987764206066e+00 2.59987320173000e+00 4.44033065738481e-06
2.87500000000000e+00 2.57866628475852e+00 2.57866244818360e+00 3.83657491909162e-06
2.88000000000000e+00 2.55457757682829e+00 2.55457488279246e+00 2.69403583708083e-06
2.88500000000000e+00 2.52771495058009e+00 2.52771372985530e+00 1.22072479102897e-06
2.89000000000000e+00 2.49819882433269e+00 2.49819915448034e+00 3.30147650107193e-07
2.89500000000000e+00 2.46616583283256e+00 2.46616753293972e+00 1.70010715949687e-06
2.90000000000000e+00 2.43176795743912e+00 2.43177062311339e+00 2.66567426887576e-06
2.90500000000000e+00 2.39517156761723e+00 2.39517464013388e+00 3.07251665665476e-06
2.91000000000000e+00 2.35655638483316e+00 2.35655924292839e+00 2.85809523115077e-06
2.91500000000000e+00 2.31611437857147e+00 2.31611643790350e+00 2.05933203023534e-06
2.92000000000000e+00 2.27404860220797e+00 2.27404940652904e+00 8.04321063974101e-07
2.92500000000000e+00 2.23057197431500e+00 2.23057126404647e+00 7.10268538206549e-07
2.93000000000000e+00 2.18590600908787e+00 2.18590375695213e+00 2.25213574411853e-06
2.93500000000000e+00 2.14027949835045e+00 2.14027590728278e+00 3.59106767255923e-06
2.94000000000000e+00 2.09392714728029e+00 2.09392261205918e+00 4.53522110621662e-06
2.94500000000000e+00 2.04708816667123e+00 2.04708320651984e+00 4.96015139539452e-06
2.95000000000000e+00 2.00000482612587e+00 2.00000000000000e+00 4.82612586960585e-06
2.95500000000000e+00 1.95292097478482e+00 1.95291679348017e+00 4.18130465074107e-06
2.96000000000000e+00 1.90608053868931e+00 1.90607738794082e+00 3.15074848966646e-06
2.96500000000000e+00 1.85972600623353e+00 1.85972409271723e+00 1.91351629852399e-06
2.97000000000000e+00 1.81409691501700e+00 1.81409624304787e+00 6.71969123899885e-07
2.97500000000000e+00 1.76942835446942e+00 1.76942873595354e+00 3.81484118516795e-07
2.98000000000000e+00 1.72594949873660e+00 1.72595059347097e+00 1.09473437226448e-06
2.98500000000000e+00 1.68388218348419e+00 1.68388356209651e+00 1.37861232252234e-06
2.99000000000000e+00 1.64343953863506e+00 1.64344075707161e+00 1.21843654588005e-06
2.99500000000000e+00 1.60482468686291e+00 1.60482535986612e+00 6.73003209383793e-07
3.00000000000000e+00 1.56822951524266e+00 1.56822937688661e+00 1.38356048839938e-07
3.00500000000000e+00 1.53383352515263e+00 1.53383246706028e+00 1.05809234884902e-06
3.01000000000000e+00 1.50180276363910e+00 1.50180084551966e+00 1.91811943617282e-06
3.01500000000000e+00 1.47228883822080e+00 1.47228627014470e+00 2.56807610377052e-06
3.02000000000000e+00 1.44542801664060e+00 1.44542511720755e+00 2.89943305320506e-06
3.02500000000000e+00 1.42134041335097e+00 1.42133755181641e+00 2.86153456707794e-06
3.03000000000000e+00 1.40012926540614e+00 1.40012679827000e+00 2.46713614027172e-06
3.03500000000000e+00 1.38188030168136e+00 1.38187851481848e+00 1.78686288343499e-06
3.04000000000000e+00 1.36666121063460e+00 1.36666027668282e+00 9.33951785020426e-07
3.04500000000000e+00 1.35452121283562e+00 1.35452117051728e+00 4.23183346143219e-08
3.05000000000000e+00 1.34549074491879e+00 1.34549150281253e+00 7.57893740432891e-07
3.05500000000000e+00 1.33958126126632e+00 1.33958262403436e+00 1.36276804285629e-06
3.06000000000000e+00 1.33678515852901e+00 1.33678686957979e+00 1.71105077972911e-06
3.06500000000000e+00 1.33707582612936e+00 1.33707761791153e+00 1.79178217596387e-06
3.07000000000000e+00 1.34040782340312e+00 1.34040946551008e+00 1.64210696018685e-06
3.07500000000000e+00 1.34671718136868e+00 1.34671851756181e+00 1.33619313347211e-06
3.08000000000000e+00 1.35592182466801e+00 1.35592279258843e+00 9.67920411376610e-07
3.08500000000000e+00 1.36792210736458e+00 1.36792273852040e+00 6.31155819164064e-07
3.09000000000000e+00 1.38260145526546e+00 1.38260185702999e+00 4.01764525426174e-07
3.09500000000000e+00 1.39982710733576e+00 1.39982743227203e+00 3.24936270779119e-07
3.10000000000000e+00 1.41945094946643e+00 1.41945135953695e+00 4.10070521983386e-07
3.10500000000000e+00 1.44131043503787e+00 1.44131106870462e+00 6.33666746630013e-07
3.11000000000000e+00 1.46522958796831e+00 1.46523053680290e+00 9.48834593117454e-07
3.11500000000000e+00 1.49102008481708e+00 1.49102138342582e+00 1.29860874498178e-06
3.12000000000000e+00 1.51848241269019e+00 1.51848404225504e+00 1.62956485461052e-06
3.12500000000000e+00 1.54740709901940e+00 1.54740900145948e+00 1.90244007769458e-06
3.13000000000000e+00 1.57757600783575e+00 1.57757810532302e+00 2.09748727941772e-06
3.13500000000000e+00 1.60876369522591e+00 1.60876590907298e+00 2.21384707144168e-06
3.14000000000000e+00 1.64073881467303e+00 1.64074107855382e+00 2.26388078594653e-06
3.14500000000000e+00 1.67326556139235e+00 1.67326782611444e+00 2.26472208786355e-06
3.15000000000000e+00 1.70610514392473e+00 1.70610737385376e+00 2.22992903453623e-06
3.15500000000000e+00 1.73901727130113e+00 1.73901943520098e+00 2.16389985308041e-06
3.16000000000000e+00 1.77176164495408e+00 1.77176370569363e+00 2.06073954522878e-06
3.16500000000000e+00 1.80409944593695e+00 1.80410135376010e+00 1.90782314968274e-06
3.17000000000000e+00 1.83579480949899e+00 1.83579650231313e+00 1.69281413731071e-06
3.17500000000000e+00 1.86661628023165e+00 1.86661769201745e+00 1.41178580403967e-06
3.18000000000000e+00 1.89633824153417e+00 1.89633931720795e+00 1.07567377227724e-06
3.18500000000000e+00 1.92474231292780e+00 1.92474302560309e+00 7.12675282787956e-07
3.19000000000000e+00 1.95161870788074e+00 1.95161907318189e+00 3.65301152438491e-07
3.19500000000000e+00 1.97676754358580e+00 1.97676762586893e+00 8.22831380808964e-08
3.20000000000000e+00 2.00000009295970e+00 2.00000000000000e+00 9.29596986054548e-08
3.20500000000000e+00 2.02113996840702e+00 2.02113983391842e+00 1.34488595371351e-07
3.21000000000000e+00 2.04002422690839e+00 2.04002418347677e+00 4.34316262953871e-08
3.21500000000000e+00 2.05650438687017e+00 2.05650453468774e+00 1.47817566187314e-07
3.22000000000000e+00 2.07044734882539e+00 2.07044772727895e+00 3.78453562266401e-07
3.22500000000000e+00 2.08173621424114e+00 2.08173678345563e+00 5.69214487988745e-07
3.23000000000000e+00 2.09027099898600e+00 2.09027163675968e+00 6.37773678757725e-07
3.23500000000000e+00 2.09596924004008e+00 2.09596975652967e+00 5.16489598201275e-07
3.24000000000000e+00 2.09876649544978e+00 2.09876666410972e+00 1.68659946009342e-07
3.24500000000000e+00 2.09861673813795e+00 2.09861633762302e+00 4.00514927889617e-07
3.25000000000000e+00 2.09549264395381e+00 2.09549150281253e+00 1.14114128502152e-06
3.25500000000000e+00 2.08938577344686e+00 2.08938380815405e+00 1.96529280360735e-06
3.26000000000000e+00 2.08030664558364e+00 2.08030388316029e+00 2.76242335361943e-06
3.26500000000000e+00 2.06828470039576e+00 2.06828127951470e+00 3.42088105131921e-06
3.27000000000000e+00 2.05336814675872e+00 2.05336429539657e+00 3.85136215275139e-06
3.27500000000000e+00 2.03562369149311e+00 2.03561968407860e+00 4.00741451356268e-06
3.28000000000000e+00 2.01513614694639e+00 2.01513224859221e+00 3.89835417458073e-06
3.28500000000000e+00 1.99200791616585e+00 1.99200432495795e+00 3.59120790016654e-06
3.29000000000000e+00 1.96635835751948e+00 1.96635515716554e+00 3.20035394141271e-06
3.29500000000000e+00 1.93832303379474e+00 1.93832016775567e+00 2.86603907406757e-06
3.30000000000000e+00 1.90805285392043e+00 1.90805012849909e+00 2.72542133927800e-06
3.30500000000000e+00 1.87571311799457e+00 1.87571023628479e+00 2.88170978923752e-06
3.31000000000000e+00 1.84148247780727e+00 1.84147909991323e+00 3.37789404447619e-06
3.31500000000000e+00 1.80555182522934e+00 1.80554764404025e+00 4.18118908496190e-06
3.32000000000000e+00 1.76812311963754e+00 1.76811793702778e+00 5.18260976067886e-06
3.32500000000000e+00 1.72940816318450e+00 1.72940194992690e+00 6.21325760130631e-06
3.33000000000000e+00 1.68962732967495e+00 1.68962025424335e+00 7.07543160061164e-06
3.33500000000000e+00 1.64900824975732e+00 1.64900066651302e+00 7.58324429828150e-06
3.34000000000000e+00 1.60778445282991e+00 1.60777684804301e+00 7.60478690109423e-06
3.34500000000000e+00 1.56619396516738e+00 1.56618686845015e+00 7.09671723364558e-06
3.35000000000000e+00 1.52447786472633e+00 1.52447174185243e+00 6.12287390255872e-06
3.35500000000000e+00 1.48287879594240e+00 1.48287394473692e+00 4.85120548399109e-06
3.36000000000000e+00 1.44163945220157e+00 1.44163592464142e+00 3.52756015509215e-06
3.36500000000000e+00 1.40100103875344e+00 1.40099860884315e+00 2.42991029075768e-06
3.37000000000000e+00 1.36120173356242e+00 1.36119992224821e+00 1.81131420506908e-06
3.37500000000000e+00 1.32247516683690e+00 1.32247332361862e+00 1.84321828533562e-06
3.38000000000000e+00 1.28504894082865e+00 1.28504636916086e+00 2.57166779027429e-06
3.38500000000000e+00 1.24914320951105e+00 1.24913931233114e+00 3.89717990145755e-06
3.39000000000000e+00 1.21496933310108e+00 1.21496374848942e+00 5.58461165889312e-06
3.39500000000000e+00 1.18272861589567e+00 1.18272131275752e+00 7.30313815133776e-06
3.40000000000000e+00 1.15261112885281e+00 1.15260243910916e+00 8.68974365486608e-06
3.40500000000000e+00 1.12479461227719e+00 1.12478518834171e+00 9.42393548308829e-06
3.41000000000000e+00 1.09944345025449e+00 1.09943415215529e+00 9.29809920569014e-06
3.41500000000000e+00 1.07670770802724e+00 1.07669944009537e+00 8.26793187380659e-06
3.42000000000000e+00 1.05672222651188e+00 1.05671575560428e+00 6.47090759975377e-06
3.42500000000000e+00 1.03960577401152e+00 1.03960156687779e+00 4.20713373183723e-06
3.43000000000000e+00 1.02546026256908e+00 1.02545837763829e+00 1.88493079589236e-06
3.43500000000000e+00 1.01437004359415e+00 1.01437010232018e+00 5.87260227113973e-08
3.44000000000000e+00 1.00640130261005e+00 1.00640254951957e+00 1.24690951874840e-06
3.44500000000000e+00 1.00160157481450e+00 1.00160301689261e+00 1.44207810715002e-06
3.45000000000000e+00 9.99999400966433e-01 1.00000000000000e+00 5.99033566861529e-07
3.45500000000000e+00 1.00160413714821e+00 1.00160301689261e+00 1.12025560139450e-06
3.46000000000000e+00 1.00640592332880e+00 1.00640254951956e+00 3.37380923776109e-06
3.46500000000000e+00 1.01437580611311e+00 1.01437010232018e+00 5.70379293707290e-06
3.47000000000000e+00 1.02546600256540e+00 1.02545837763829e+00 7.62492710970619e-06
3.47500000000000e+00 1.03961028625188e+00 1.03960156687779e+00 8.71937408630785e-06
3.48000000000000e+00 1.05672447471996e+00 1.05671575560427e+00 8.71911568767203e-06
3.48500000000000e+00 1.07670699969807e+00 1.07669944009536e+00 7.55960270826250e-06
3.49000000000000e+00 1.09943954664747e+00 1.09943415215529e+00 5.39449218850407e-06
3.49500000000000e+00 1.12478775752580e+00 1.12478518834171e+00 2.56918409169415e-06
3.50000000000000e+00 1.15260199800797e+00 1.15260243910915e+00 4.41101182468984e-07
3.50500000000000e+00 1.18271819631731e+00 1.18272131275752e+00 3.11644020767332e-06
3.51000000000000e+00 1.21495876405305e+00 1.21496374848942e+00 4.98443636631762e-06
3.51500000000000e+00 1.24913360942576e+00 1.24913931233114e+00 5.70290538082219e-06
3.52000000000000e+00 1.28504125029386e+00 1.28504636916085e+00 5.11886699294806e-06
3.52500000000000e+00 1.32247002907806e+00 1.32247332361861e+00 3.29454055325584e-06
3.53000000000000e+00 1.36119942511577e+00 1.36119992224821e+00 4.97132440990811e-07
3.53500000000000e+00 1.40100145349000e+00 1.40099860884315e+00 2.84464685318397e-06
3.54000000000000e+00 1.44164213386650e+00 1.44163592464141e+00 6.20922509320110e-06
3.54500000000000e+00 1.48288300912546e+00 1.48287394473691e+00 9.06438854597624e-06
3.55000000000000e+00 1.52448269192973e+00 1.52447174185242e+00 1.09500773037841e-05
3.55500000000000e+00 1.56619841780889e+00 1.56618686845015e+00 1.15493587407034e-05
3.56000000000000e+00 1.60778758554684e+00 1.60777684804300e+00 1.07375038431723e-05
3.56500000000000e+00 1.64900926913765e+00 1.64900066651302e+00 8.60262462909489e-06
3.57000000000000e+00 1.68962568973702e+00 1.68962025424335e+00 5.43549367204577e-06
3.57500000000000e+00 1.72940364030780e+00 1.72940194992690e+00 1.69038090458429e-06
3.58000000000000e+00 1.76811585953496e+00 1.76811793702778e+00 2.07749281755376e-06
3.58500000000000e+00 1.80554235467549e+00 1.80554764404025e+00 5.28936476040798e-06
3.59000000000000e+00 1.84147167504481e+00 1.84147909991322e+00 7.42486841276424e-06
3.59500000000000e+00 1.87570213868257e+00 1.87571023628478e+00 8.09760221520683e-06
3.60000000000000e+00 1.90804301436292e+00 1.90805012849909e+00 7.11413616683032e-06
3.60500000000000e+00 1.93831565960047e+00 1.93832016775567e+00 4.50815519847936e-06
3.61000000000000e+00 1.96635461282760e+00 1.96635515716554e+00 5.44337939833994e-07
3.61500000000000e+00 1.99200863474792e+00 1.99200432495795e+00 4.30978997001397e-06
3.62000000000000e+00 2.01514169034110e+00 2.01513224859221e+00 9.44174889250249e-06
3.62500000000000e+00 2.03563385951575e+00 2.03561968407860e+00 1.41754371534297e-05
3.63000000000000e+00 2.05338216142957e+00 2.05336429539657e+00 1.78660329988034e-05
3.63500000000000e+00 2.06830127549252e+00 2.06828127951470e+00 1.99959778215408e-05
3.64000000000000e+00 2.08032414147969e+00 2.08030388316029e+00 2.02583194051087e-05
3.64500000000000e+00 2.08940242236116e+00 2.08938380815405e+00 1.86142071130213e-05
3.65000000000000e+00 2.09550681660164e+00 2.09549150281253e+00 1.53137891119037e-05
3.65500000000000e+00 2.09862721175139e+00 2.09861633762302e+00 1.08741283746383e-05
3.66000000000000e+00 2.09877267780658e+00 2.09876666410972e+00 6.01369685515607e-06
3.66500000000000e+00 2.09597130639328e+00 2.09596975652967e+00 1.54986360101361e-06
3.67000000000000e+00 2.09026990935339e+00 2.09027163675968e+00 1.72740629711399e-06
3.67500000000000e+00 2.08173359659389e+00 2.08173678345563e+00 3.18686173939042e-06
3.68000000000000e+00 2.07044525687457e+00 2.07044772727895e+00 2.47040438816626e-06
3.68500000000000e+00 2.05650496552262e+00 2.05650453468774e+00 4.30834883324849e-07
3.69000000000000e+00 2.04002933931475e+00 2.04002418347677e+00 5.15583797966457e-06
3.69500000000000e+00 2.02115085111813e+00 2.02113983391842e+00 1.10171997107500e-05
3.70000000000000e+00 2.00001710635437e+00 2.00000000000000e+00 1.71063543645822e-05
3.70500000000000e+00 1.97679007180212e+00 1.97676762586894e+00 2.24459331854554e-05
3.71000000000000e+00 1.95164523712253e+00 1.95161907318189e+00 2.61639406313741e-05
3.71500000000000e+00 1.92477068331789e+00 1.92474302560309e+00 2.76577147992896e-05
3.72000000000000e+00 1.89636603214978e+00 1.89633931720795e+00 2.67149418307078e-05
3.72500000000000e+00 1.86664125725248e+00 1.86661769201745e+00 2.35652350280002e-05
3.73000000000000e+00 1.83581535063428e+00 1.83579650231313e+00 1.88483211465140e-05
3.73500000000000e+00 1.80411485519828e+00 1.80410135376010e+00 1.35014381725806e-05
3.74000000000000e+00 1.77177229133350e+00 1.77176370569363e+00 8.58563987460315e-06
3.74500000000000e+00 1.73902451957609e+00 1.73901943520098e+00 5.08437510360338e-06
3.75000000000000e+00 1.70611108842927e+00 1.70610737385376e+00 3.71457550851773e-06
3.75500000000000e+00 1.67327261477370e+00 1.67326782611444e+00 4.78865926178962e-06
3.76000000000000e+00 1.64074923409092e+00 1.64074107855382e+00 8.15553709720973e-06
3.76500000000000e+00 1.60877914125968e+00 1.60876590907298e+00 1.32321866943563e-05
3.77000000000000e+00 1.57759722378389e+00 1.57757810532303e+00 1.91184608639983e-05
3.77500000000000e+00 1.54743377231389e+00 1.54740900145948e+00 2.47708544018899e-05
3.78000000000000e+00 1.51851324196781e+00 1.51848404225504e+00 2.91997127634946e-05
3.78500000000000e+00 1.49105303446861e+00 1.49102138342582e+00 3.16510427889050e-05
3.79000000000000e+00 1.46526227573508e+00 1.46523053680291e+00 3.17389321751183e-05
3.79500000000000e+00 1.44134057468353e+00 1.44131106870462e+00 2.95059789050534e-05
3.80000000000000e+00 1.41947676368896e+00 1.41945135953695e+00 2.54041520080239e-05
3.80500000000000e+00 1.39984763602869e+00 1.39982743227203e+00 2.02037566656710e-05
3.81000000000000e+00 1.38261670765459e+00 1.38260185702999e+00 1.48506245971625e-05
3.81500000000000e+00 1.36793303775783e+00 1.36792273852040e+00 1.02992374340083e-05
3.82000000000000e+00 1.35593014400953e+00 1.35592279258843e+00 7.35142110563913e-06
3.82500000000000e+00 1.34672504449531e+00 1.34671851756181e+00 6.52693349456612e-06
3.83000000000000e+00 1.34041745052084e+00 1.34040946551008e+00 7.98501075993663e-06
3.83500000000000e+00 1.33708912441083e+00 1.33707761791153e+00 1.15064992960434e-05
3.84000000000000e+00 1.33680340594521e+00 1.33678686957979e+00 1.65363654280881e-05
3.84500000000000e+00 1.33960490165627e+00 1.33958262403436e+00 2.22776219114262e-05
3.85000000000000e+00 1.34551932385202e+00 1.34549150281253e+00 2.78210394966116e-05
3.85500000000000e+00 1.35455346143069e+00 1.35452117051728e+00 3.22909134051752e-05
3.86000000000000e+00 1.36669526238650e+00 1.36666027668282e+00 3.49857036858747e-05
3.86500000000000e+00 1.38191400818955e+00 1.38187851481848e+00 3.54933710751126e-05
3.87000000000000e+00 1.40016056264602e+00 1.40012679826999e+00 3.37643760297546e-05
3.87500000000000e+00 1.42136768209741e+00 1.42133755181640e+00 3.01302810039594e-05
3.88000000000000e+00 1.44545037960928e+00 1.44542511720754e+00 2.52624017367253e-05
3.88500000000000e+00 1.47230634281745e+00 1.47228627014469e+00 2.00726727581646e-05
3.89000000000000e+00 1.50181641288372e+00 1.50180084551966e+00 1.55673640560572e-05
3.89500000000000e+00 1.53384513982218e+00 1.53383246706028e+00 1.26727618960931e-05
3.90000000000000e+00 1.56824143615895e+00 1.56822937688661e+00 1.20592723407142e-05
3.90500000000000e+00 1.60483935497047e+00 1.60482535986612e+00 1.39951043558462e-05
3.91000000000000e+00 1.64345901809418e+00 1.64344075707161e+00 1.82610225716306e-05
3.91500000000000e+00 1.68390771419269e+00 1.68388356209650e+00 2.41520961949959e-05
3.92000000000000e+00 1.72598117358292e+00 1.72595059347097e+00 3.05801119484528e-05
3.92500000000000e+00 1.76946500786282e+00 1.76942873595353e+00 3.62719092843466e-05
3.93000000000000e+00 1.81413627972363e+00 1.81409624304787e+00 4.00366757660198e-05
3.93500000000000e+00 1.85976514614928e+00 1.85972409271722e+00 4.10534320578471e-05
3.94000000000000e+00 1.90611650208595e+00 1.90607738794081e+00 3.91141451403509e-05
3.94500000000000e+00 1.95295154747394e+00 1.95291679348016e+00 3.47539937728403e-05
3.95000000000000e+00 2.00002921275250e+00 2.00000000000000e+00 2.92127525034491e-05
3.95500000000000e+00 2.04710740794956e+00 2.04708320651983e+00 2.42014297286985e-05
3.96000000000000e+00 2.09394410522383e+00 2.09392261205918e+00 2.14931646533856e-05
3.96500000000000e+00 2.14029831653318e+00 2.14027590728278e+00 2.24092503997575e-05
3.97000000000000e+00 2.18593107565920e+00 2.18590375695213e+00 2.73187070702896e-05
3.97500000000000e+00 2.23060656464936e+00 2.23057126404647e+00 3.53006028857017e-05
3.98000000000000e+00 2.27409352842425e+00 2.27404940652903e+00 4.41218952240696e-05
3.98500000000000e+00 2.31616709263892e+00 2.31611643790350e+00 5.06547354186537e-05
3.99000000000000e+00 2.35661104095576e+00 2.35655924292839e+00 5.17980273770924e-05
3.99500000000000e+00 2.39522052819857e+00 2.39517464013388e+00 4.58880646903026e-05
4.00000000000000e+00 2.43180512040889e+00 2.43177062311338e+00 3.44972955046430e-05
