variables = x, value-predict, value-true, error
0.00000000000000e+00 2.43185778718098e+00 2.43177062311339e+00 8.71640675876861e-05
5.00000000000000e-03 2.46625605988616e+00 2.46616753293972e+00 8.85269464396821e-05
1.00000000000000e-02 2.49828865385087e+00 2.49819915448034e+00 8.94993705351510e-05
1.50000000000000e-02 2.52780308989957e+00 2.52771372985530e+00 8.93600442677389e-05
2.00000000000000e-02 2.55466250442134e+00 2.55457488279246e+00 8.76216288818732e-05
2.50000000000000e-02 2.57874653923788e+00 2.57866244818360e+00 8.40910542847517e-05
3.00000000000000e-02 2.59995207068936e+00 2.59987320173000e+00 7.88689593562708e-05
3.50000000000000e-02 2.61819378946799e+00 2.61812148518152e+00 7.23042864674284e-05
4.00000000000000e-02 2.63340464375986e+00 2.63333972331718e+00 6.49204426781402e-05
4.50000000000000e-02 2.64553615796714e+00 2.64547882948272e+00 5.73284844223032e-05
5.00000000000000e-02 2.65455863791151e+00 2.65450849718747e+00 5.01407240314222e-05
5.50000000000000e-02 2.66046127127729e+00 2.66041737596564e+00 4.38953116512764e-05
6.00000000000000e-02 2.66325212948762e+00 2.66321313042021e+00 3.89990674056762e-05
6.50000000000000e-02 2.66295807456361e+00 2.66292238208847e+00 3.56924751474530e-05
7.00000000000000e-02 2.65962457210680e+00 2.65959053448992e+00 3.40376168832535e-05
7.50000000000000e-02 2.65331540961561e+00 2.65328148243819e+00 3.39271774172367e-05
8.00000000000000e-02 2.64411231806613e+00 2.64407720741157e+00 3.51106545553037e-05
8.50000000000000e-02 2.63211449413734e+00 2.63207726147960e+00 3.72326577413595e-05
9.00000000000000e-02 2.61743802063778e+00 2.61739814297001e+00 3.98776677728030e-05
9.50000000000000e-02 2.60021518352092e+00 2.60017256772797e+00 4.26157929500626e-05
1.00000000000000e-01 2.58059368522754e+00 2.58054864046305e+00 4.50447644908536e-05
1.05000000000000e-01 2.55873575580082e+00 2.55868893129538e+00 4.68245054450200e-05
1.10000000000000e-01 2.53481716510447e+00 2.53476946319709e+00 4.77019073792384e-05
1.15000000000000e-01 2.50902614136269e+00 2.50897861657418e+00 4.75247885098895e-05
1.20000000000000e-01 2.48156220298514e+00 2.48151595774496e+00 4.62452401834845e-05
1.25000000000000e-01 2.45263491212304e+00 2.45259099854052e+00 4.39135825178738e-05
1.30000000000000e-01 2.42246255955127e+00 2.42242189467697e+00 4.06648742976579e-05
1.35000000000000e-01 2.39127079125398e+00 2.39123409092702e+00 3.67003269579058e-05
1.40000000000000e-01 2.35929118751254e+00 2.35925892144618e+00 3.22660663623076e-05
1.45000000000000e-01 2.32675980539665e+00 2.32673217388556e+00 2.76315110867564e-05
1.50000000000000e-01 2.29391569540188e+00 2.29389262614624e+00 2.30692556448808e-05
1.55000000000000e-01 2.26099940263507e+00 2.26098056479902e+00 1.88378360519437e-05
1.60000000000000e-01 2.22825146250221e+00 2.22823629430637e+00 1.51681958366900e-05
1.65000000000000e-01 2.19591090037131e+00 2.19589864623990e+00 1.22541314131475e-05
1.70000000000000e-01 2.16421374422425e+00 2.16420349768687e+00 1.02465373812421e-05
1.75000000000000e-01 2.13339155891847e+00 2.13338230798255e+00 9.25093592307746e-06
1.80000000000000e-01 2.10367001036865e+00 2.10366068279205e+00 9.32757660176975e-06
1.85000000000000e-01 2.07526746773431e+00 2.07525697439691e+00 1.04933374021066e-05
1.90000000000000e-01 2.04839365154083e+00 2.04838092681811e+00 1.27247227221794e-05
1.95000000000000e-01 2.02324833554153e+00 2.02323237413107e+00 1.59614104631167e-05
2.00000000000000e-01 2.00002011000826e+00 2.00000000000000e+00 2.01100082644068e-05
2.05000000000000e-01 1.97888521397793e+00 1.97886016608158e+00 2.50478963479406e-05
2.10000000000000e-01 1.96000644374807e+00 1.95997581652323e+00 3.06272248364881e-05
2.15000000000000e-01 1.94353214457783e+00 1.94349546531226e+00 3.66792655677184e-05
2.20000000000000e-01 1.92959529209654e+00 1.92955227272105e+00 4.30193754943353e-05
2.25000000000000e-01 1.91831266934821e+00 1.91826321654437e+00 4.94528038397224e-05
2.30000000000000e-01 1.90978414471671e+00 1.90972836324032e+00 5.57814763921805e-05
2.35000000000000e-01 1.90409205520544e+00 1.90403024347033e+00 6.18117351085523e-05
2.40000000000000e-01 1.90130069871565e+00 1.90123333589028e+00 6.73628253695657e-05
2.45000000000000e-01 1.90145593811270e+00 1.90138366237698e+00 7.22757357194403e-05
2.50000000000000e-01 1.90458491902321e+00 1.90450849718747e+00 7.64218357369728e-05
2.55000000000000e-01 1.91069590249681e+00 1.91061619184595e+00 7.97106508643175e-05
2.60000000000000e-01 1.91977821291656e+00 1.91969611683971e+00 8.20960768479484e-05
2.65000000000000e-01 1.93180230086540e+00 1.93171872048530e+00 8.35803800982582e-05
2.70000000000000e-01 1.94671992005468e+00 1.94663570460343e+00 8.42154512459281e-05
2.75000000000000e-01 1.96446441689088e+00 1.96438031592140e+00 8.41009694743100e-05
2.80000000000000e-01 1.98495113078051e+00 1.98486775140779e+00 8.33793727252896e-05
2.85000000000000e-01 2.00807790283616e+00 2.00799567504205e+00 8.22277941110450e-05
2.90000000000000e-01 2.03372569022176e+00 2.03364484283446e+00 8.08473872986326e-05
2.95000000000000e-01 2.06175928294367e+00 2.06167983224433e+00 7.94506993377908e-05
3.00000000000000e-01 2.09202811943479e+00 2.09194987150091e+00 7.82479338821140e-05
3.05000000000000e-01 2.12436719677905e+00 2.12428976371522e+00 7.74330638391163e-05
3.10000000000000e-01 2.15859807087382e+00 2.15852090008677e+00 7.71707870446114e-05
3.15000000000000e-01 2.19452994123142e+00 2.19445235595975e+00 7.75852716698999e-05
3.20000000000000e-01 2.23196081448215e+00 2.23188206297222e+00 7.87515099305303e-05
3.25000000000000e-01 2.27067873997782e+00 2.27059805007310e+00 8.06899047214316e-05
3.30000000000000e-01 2.31046311022611e+00 2.31037974575665e+00 8.33644694586688e-05
3.35000000000000e-01 2.35108601823533e+00 2.35099933348698e+00 8.66847483487199e-05
3.40000000000000e-01 2.39231366324412e+00 2.39222315195700e+00 9.05112871216751e-05
3.45000000000000e-01 2.43390779577506e+00 2.43381313154985e+00 9.46642252066532e-05
3.50000000000000e-01 2.47562719250826e+00 2.47552825814758e+00 9.89343606789816e-05
3.55000000000000e-01 2.51722915113994e+00 2.51712605526309e+00 1.03095876851533e-04
3.60000000000000e-01 2.55847099518341e+00 2.55836407535859e+00 1.06919824822693e-04
3.65000000000000e-01 2.59911157859239e+00 2.59900139115685e+00 1.10187435538478e-04
3.70000000000000e-01 2.63891278013880e+00 2.63880007775179e+00 1.12702387008223e-04
3.75000000000000e-01 2.67764097765162e+00 2.67752667638138e+00 1.14301270236261e-04
3.80000000000000e-01 2.71506849250723e+00 2.71495363083915e+00 1.14861668078614e-04
3.85000000000000e-01 2.75097499513680e+00 2.75086068766886e+00 1.14307467942609e-04
3.90000000000000e-01 2.78514886276523e+00 2.78503625151058e+00 1.12611254651007e-04
3.95000000000000e-01 2.81738848109265e+00 2.81727868724248e+00 1.09793850175066e-04
4.00000000000000e-01 2.84750348215891e+00 2.84739756089084e+00 1.05921268067632e-04
4.05000000000000e-01 2.87531591116993e+00 2.87521481165829e+00 1.01099511640168e-04
4.10000000000000e-01 2.90066131560240e+00 2.90056584784471e+00 9.54677576894269e-05
4.15000000000000e-01 2.92338975042661e+00 2.92330055990464e+00 8.91905219697620e-05
4.20000000000000e-01 2.94336669379543e+00 2.94328424439572e+00 8.24493997098052e-05
4.25000000000000e-01 2.96047386803924e+00 2.96039843312221e+00 7.54349170355439e-05
4.30000000000000e-01 2.97460996128910e+00 2.97454162236171e+00 6.83389273841151e-05
4.35000000000000e-01 2.98569124553596e+00 2.98562989767982e+00 6.13478561346525e-05
4.40000000000000e-01 2.99365208743130e+00 2.99359745048043e+00 5.46369508658273e-05
4.45000000000000e-01 2.99844534866199e+00 2.99839698310739e+00 4.83655546004158e-05
4.50000000000000e-01 3.00004267330069e+00 3.00000000000000e+00 4.26733006864133e-05
4.55000000000000e-01 2.99843466015239e+00 2.99839698310739e+00 3.76770449914687e-05
4.60000000000000e-01 2.99363091879483e+00 2.99359745048043e+00 3.34683143954351e-05
4.65000000000000e-01 2.98566000874402e+00 2.98562989767982e+00 3.01110642002556e-05
4.70000000000000e-01 2.97456926196041e+00 2.97454162236171e+00 2.76395986968936e-05
4.75000000000000e-01 2.96042448973253e+00 2.96039843312221e+00 2.60566103227333e-05
4.80000000000000e-01 2.94330957581484e+00 2.94328424439572e+00 2.53314191187570e-05
4.85000000000000e-01 2.92332595853188e+00 2.92330055990464e+00 2.53986272475970e-05
4.90000000000000e-01 2.90059200536611e+00 2.90056584784471e+00 2.61575213937881e-05
4.95000000000000e-01 2.87524228429657e+00 2.87521481165829e+00 2.74726382771817e-05
5.00000000000000e-01 2.84742673682909e+00 2.84739756089084e+00 2.91759382502477e-05
5.05000000000000e-01 2.81730975823632e+00 2.81727868724248e+00 3.10709938426967e-05
5.10000000000000e-01 2.78506919100222e+00 2.78503625151058e+00 3.29394916396275e-05
5.15000000000000e-01 2.75089523783592e+00 2.75086068766886e+00 3.45501670584447e-05
5.20000000000000e-01 2.71498930089733e+00 2.71495363083915e+00 3.56700581800595e-05
5.25000000000000e-01 2.67756275407526e+00 2.67752667638138e+00 3.60776938803653e-05
5.30000000000000e-01 2.63883565530585e+00 2.63880007775179e+00 3.55775540565872e-05
5.35000000000000e-01 2.59903540604118e+00 2.59900139115685e+00 3.40148843283039e-05
5.40000000000000e-01 2.55839536510696e+00 2.55836407535859e+00 3.12897483754071e-05
5.45000000000000e-01 2.51715342435012e+00 2.51712605526309e+00 2.73690870340459e-05
5.50000000000000e-01 2.47555055369351e+00 2.47552825814758e+00 2.22955459308061e-05
5.55000000000000e-01 2.43382932349875e+00 2.43381313154985e+00 1.61919489034545e-05
5.60000000000000e-01 2.39223241248789e+00 2.39222315195700e+00 9.26053089056467e-06
5.65000000000000e-01 2.35100110988067e+00 2.35099933348698e+00 1.77639368725835e-06
5.70000000000000e-01 2.31037382084121e+00 2.31037974575665e+00 5.92491544670892e-06
5.75000000000000e-01 2.27058458476135e+00 2.27059805007310e+00 1.34653117429551e-05
5.80000000000000e-01 2.23186161629708e+00 2.23188206297222e+00 2.04466751325683e-05
5.85000000000000e-01 2.19442587937166e+00 2.19445235595975e+00 2.64765880912954e-05
5.90000000000000e-01 2.15848970452017e+00 2.15852090008677e+00 3.11955665979191e-05
5.95000000000000e-01 2.12425545993542e+00 2.12428976371522e+00 3.43037797998491e-05
6.00000000000000e-01 2.09191428635131e+00 2.09194987150091e+00 3.55851495998927e-05
6.05000000000000e-01 2.06164490545376e+00 2.06167983224433e+00 3.49267905686013e-05
6.10000000000000e-01 2.03361251083302e+00 2.03364484283446e+00 3.23320014401496e-05
6.15000000000000e-01 2.00796774960498e+00 2.00799567504205e+00 2.79254370707527e-05
6.20000000000000e-01 1.98484580175845e+00 1.98486775140779e+00 2.19496493334415e-05
6.25000000000000e-01 1.96436556307910e+00 1.96438031592140e+00 1.47528422989041e-05
6.30000000000000e-01 1.94662893621200e+00 1.94663570460343e+00 6.76839142998986e-06
6.35000000000000e-01 1.93172023311965e+00 1.93171872048530e+00 1.51263434866600e-06
6.40000000000000e-01 1.91970569093176e+00 1.91969611683971e+00 9.57409205137871e-06
6.45000000000000e-01 1.91063310203182e+00 1.91061619184595e+00 1.69101858706888e-05
6.50000000000000e-01 1.90453155823116e+00 1.90450849718747e+00 2.30610436837697e-05
6.55000000000000e-01 1.90141130808526e+00 1.90138366237698e+00 2.76457082750703e-05
6.60000000000000e-01 1.90126372582537e+00 1.90123333589028e+00 3.03899350888592e-05
6.65000000000000e-01 1.90406139001370e+00 1.90403024347033e+00 3.11465433766589e-05
6.70000000000000e-01 1.90975826986086e+00 1.90972836324032e+00 2.99066205435849e-05
6.75000000000000e-01 1.91829001713046e+00 1.91826321654437e+00 2.68005860843967e-05
6.80000000000000e-01 1.92957436164350e+00 1.92955227272105e+00 2.20889224509246e-05
6.85000000000000e-01 1.94351160851997e+00 1.94349546531226e+00 1.61432077074863e-05
6.90000000000000e-01 1.95998523538859e+00 1.95997581652323e+00 9.41886535965608e-06
6.95000000000000e-01 1.97886258779244e+00 1.97886016608158e+00 2.42171085962362e-06
7.00000000000000e-01 1.99999567086539e+00 2.00000000000000e+00 4.32913461256845e-06
7.05000000000000e-01 2.02322203501101e+00 2.02323237413106e+00 1.03391200525493e-05
7.10000000000000e-01 2.04836575276608e+00 2.04838092681811e+00 1.51740520299981e-05
7.15000000000000e-01 2.07523848327798e+00 2.07525697439691e+00 1.84911189324843e-05
7.20000000000000e-01 2.10364061989555e+00 2.10366068279205e+00 2.00628965023597e-05
7.25000000000000e-01 2.13336251531291e+00 2.13338230798255e+00 1.97926696365869e-05
7.30000000000000e-01 2.16418577757299e+00 2.16420349768687e+00 1.77201138762406e-05
7.35000000000000e-01 2.19588462910253e+00 2.19589864623990e+00 1.40171373721465e-05
7.40000000000000e-01 2.22822731987849e+00 2.22823629430637e+00 8.97442788705405e-06
7.45000000000000e-01 2.26097758488307e+00 2.26098056479902e+00 2.97991595221703e-06
7.50000000000000e-01 2.29389613524024e+00 2.29389262614624e+00 3.50909400559374e-06
7.55000000000000e-01 2.32674217187843e+00 2.32673217388556e+00 9.99799286338643e-06
7.60000000000000e-01 2.35927491024978e+00 2.35925892144618e+00 1.59888035939915e-05
7.65000000000000e-01 2.39125510455900e+00 2.39123409092702e+00 2.10136319793719e-05
7.70000000000000e-01 2.42244656009902e+00 2.42242189467697e+00 2.46654220523723e-05
7.75000000000000e-01 2.45261762263252e+00 2.45259099854052e+00 2.66240919986060e-05
7.80000000000000e-01 2.48154263426238e+00 2.48151595774496e+00 2.66765174155026e-05
7.85000000000000e-01 2.50900334586477e+00 2.50897861657418e+00 2.47292905917185e-05
7.90000000000000e-01 2.53479027687543e+00 2.53476946319709e+00 2.08136783363955e-05
7.95000000000000e-01 2.55870401399147e+00 2.55868893129538e+00 1.50826960885198e-05
8.00000000000000e-01 2.58055644114558e+00 2.58054864046305e+00 7.80068253236621e-06
8.05000000000000e-01 2.60017189390449e+00 2.60017256772797e+00 6.73823486341263e-07
8.10000000000000e-01 2.61738823222018e+00 2.61739814297001e+00 9.91074983103246e-06
8.15000000000000e-01 2.63205782620876e+00 2.63207726147960e+00 1.94352708375867e-05
8.20000000000000e-01 2.64404845033748e+00 2.64407720741157e+00 2.87570740900023e-05
8.25000000000000e-01 2.65324408206033e+00 2.65328148243819e+00 3.74003778569332e-05
8.30000000000000e-01 2.65954560155062e+00 2.65959053448992e+00 4.49329392941955e-05
8.35000000000000e-01 2.66287138973378e+00 2.66292238208847e+00 5.09923546836433e-05
8.40000000000000e-01 2.66315782232028e+00 2.66321313042021e+00 5.53080999341482e-05
8.45000000000000e-01 2.66035965798016e+00 2.66041737596564e+00 5.77179854825971e-05
8.50000000000000e-01 2.65445031918654e+00 2.65450849718747e+00 5.81780009341060e-05
8.55000000000000e-01 2.64542206459342e+00 2.64547882948272e+00 5.67648892997319e-05
8.60000000000000e-01 2.63328605211201e+00 2.63333972331718e+00 5.36712051752986e-05
8.65000000000000e-01 2.61807229212512e+00 2.61812148518153e+00 4.91930564039400e-05
8.70000000000000e-01 2.59982949054843e+00 2.59987320173000e+00 4.37111815729807e-05
8.75000000000000e-01 2.57862478173526e+00 2.57866244818360e+00 3.76664483390243e-05
8.80000000000000e-01 2.55454335154908e+00 2.55457488279246e+00 3.15312433754045e-05
8.85000000000000e-01 2.52768795132346e+00 2.52771372985530e+00 2.57785318416026e-05
8.90000000000000e-01 2.49817830391057e+00 2.49819915448034e+00 2.08505697609773e-05
8.95000000000000e-01 2.46615040360568e+00 2.46616753293972e+00 1.71293340387457e-05
9.00000000000000e-01 2.43175571243542e+00 2.43177062311339e+00 1.49106779701036e-05
9.05000000000000e-01 2.39516025611060e+00 2.39517464013388e+00 1.43840232849080e-05
9.10000000000000e-01 2.35654362386128e+00 2.35655924292839e+00 1.56190671134482e-05
9.15000000000000e-01 2.31609787737013e+00 2.31611643790350e+00 1.85605333640204e-05
9.20000000000000e-01 2.27402637506991e+00 2.27404940652903e+00 2.30314591198599e-05
9.25000000000000e-01 2.23054251913083e+00 2.23057126404647e+00 2.87449156339825e-05
9.30000000000000e-01 2.18586843349112e+00 2.18590375695213e+00 3.53234610055431e-05
9.35000000000000e-01 2.14023358222881e+00 2.14027590728277e+00 4.23250539594022e-05
9.40000000000000e-01 2.09387333839015e+00 2.09392261205918e+00 4.92736690285156e-05
9.45000000000000e-01 2.04702751403785e+00 2.04708320651983e+00 5.56924819785642e-05
9.50000000000000e-01 1.99993886272733e+00 2.00000000000000e+00 6.11372726724291e-05
9.55000000000000e-01 1.95285156583902e+00 1.95291679348017e+00 6.52276411439168e-05
9.60000000000000e-01 1.90600971418182e+00 1.90607738794082e+00 6.76737590057375e-05
9.65000000000000e-01 1.85965579604006e+00 1.85972409271723e+00 6.82966771672344e-05
9.70000000000000e-01 1.81402920238574e+00 1.81409624304787e+00 6.70406621261499e-05
9.75000000000000e-01 1.76936475934690e+00 1.76942873595353e+00 6.39766066334868e-05
9.80000000000000e-01 1.72589129725840e+00 1.72595059347097e+00 5.92962125745000e-05
9.85000000000000e-01 1.68383026476687e+00 1.68388356209650e+00 5.32973296314410e-05
9.90000000000000e-01 1.64339439557350e+00 1.64344075707161e+00 4.63614981121019e-05
9.95000000000000e-01 1.60478643452544e+00 1.60482535986612e+00 3.89253406789525e-05
1.00000000000000e+00 1.56819792895883e+00 1.56822937688661e+00 3.14479277834234e-05
1.00500000000000e+00 1.53380809049248e+00 1.53383246706028e+00 2.43765678000774e-05
1.01000000000000e+00 1.50178273190060e+00 1.50180084551966e+00 1.81136190635645e-05
1.01500000000000e+00 1.47227328327382e+00 1.47228627014470e+00 1.29868708755865e-05
1.02000000000000e+00 1.44541589141187e+00 1.44542511720755e+00 9.22579567497195e-06
1.02500000000000e+00 1.42133060626842e+00 1.42133755181640e+00 6.94554798608138e-06
1.03000000000000e+00 1.40012065826413e+00 1.40012679827000e+00 6.14000586951491e-06
1.03500000000000e+00 1.38187183036146e+00 1.38187851481848e+00 6.68445701124121e-06
1.04000000000000e+00 1.36665192890783e+00 1.36666027668282e+00 8.34777499103545e-06
1.04500000000000e+00 1.35451035734948e+00 1.35452117051728e+00 1.08131678060452e-05
1.05000000000000e+00 1.34547779694257e+00 1.34549150281253e+00 1.37058699554160e-05
1.05500000000000e+00 1.33956599848354e+00 1.33958262403436e+00 1.66255508260438e-05
1.06000000000000e+00 1.33676768880244e+00 1.33678686957979e+00 1.91807773439745e-05
1.06500000000000e+00 1.33705659526963e+00 1.33707761791153e+00 2.10226419050663e-05
1.07000000000000e+00 1.34038759083466e+00 1.34040946551008e+00 2.18746754225840e-05
1.07500000000000e+00 1.34669696114056e+00 1.34671851756181e+00 2.15564212566743e-05
1.08000000000000e+00 1.35590279404901e+00 1.35592279258843e+00 1.99985394173652e-05
1.08500000000000e+00 1.36790549050947e+00 1.36792273852040e+00 1.72480109335016e-05
1.09000000000000e+00 1.38258839416079e+00 1.38260185702999e+00 1.34628691967897e-05
1.09500000000000e+00 1.39981853544382e+00 1.39982743227203e+00 8.89682821147986e-06
1.10000000000000e+00 1.41944748441207e+00 1.41945135953695e+00 3.87512487987074e-06
1.10500000000000e+00 1.44131230495052e+00 1.44131106870462e+00 1.23624590186999e-06
1.11000000000000e+00 1.46523660183947e+00 1.46523053680291e+00 6.06503656253032e-06
1.11500000000000e+00 1.49103165111569e+00 1.49102138342582e+00 1.02676898696696e-05
1.12000000000000e+00 1.51849760354572e+00 1.51848404225504e+00 1.35612906819738e-05
1.12500000000000e+00 1.54742475077215e+00 1.54740900145948e+00 1.57493126669017e-05
1.13000000000000e+00 1.57759484382255e+00 1.57757810532303e+00 1.67384995228836e-05
1.13500000000000e+00 1.60878245414620e+00 1.60876590907298e+00 1.65450732214634e-05
1.14000000000000e+00 1.64075636809339e+00 1.64074107855382e+00 1.52895395661989e-05
1.14500000000000e+00 1.67328100667329e+00 1.67326782611444e+00 1.31805588474698e-05
1.15000000000000e+00 1.70611786339568e+00 1.70610737385376e+00 1.04895419181794e-05
1.15500000000000e+00 1.73902695388653e+00 1.73901943520098e+00 7.51868555326496e-06
1.16000000000000e+00 1.77176827164383e+00 1.77176370569363e+00 4.56595020481565e-06
1.16500000000000e+00 1.80410324466489e+00 1.80410135376010e+00 1.89090479163490e-06
1.17000000000000e+00 1.83579618766536e+00 1.83579650231313e+00 3.14647764287912e-07
1.17500000000000e+00 1.86661574420439e+00 1.86661769201745e+00 1.94781305973279e-06
1.18000000000000e+00 1.89633631226509e+00 1.89633931720795e+00 3.00494285787600e-06
1.18500000000000e+00 1.92473944579998e+00 1.92474302560309e+00 3.57980311260775e-06
1.19000000000000e+00 1.95161522356687e+00 1.95161907318189e+00 3.84961502342129e-06
1.19500000000000e+00 1.97676357541026e+00 1.97676762586894e+00 4.05045867402087e-06
1.20000000000000e+00 1.99999555515578e+00 2.00000000000000e+00 4.44484421557867e-06
1.20500000000000e+00 2.02113454864132e+00 2.02113983391842e+00 5.28527710574878e-06
1.21000000000000e+00 2.04001740523599e+00 2.04002418347677e+00 6.77824077932598e-06
1.21500000000000e+00 2.05649548158190e+00 2.05650453468774e+00 9.05310584231600e-06
1.22000000000000e+00 2.07043558725542e+00 2.07044772727895e+00 1.21400235379987e-05
1.22500000000000e+00 2.08172082354820e+00 2.08173678345563e+00 1.59599074298633e-05
1.23000000000000e+00 2.09025130851169e+00 2.09027163675968e+00 2.03282479929179e-05
1.23500000000000e+00 2.09594478364558e+00 2.09596975652967e+00 2.49728840908681e-05
1.24000000000000e+00 2.09873709995623e+00 2.09876666410972e+00 2.95641534933111e-05
1.24500000000000e+00 2.09858258336721e+00 2.09861633762302e+00 3.37542558077608e-05
1.25000000000000e+00 2.09545428143985e+00 2.09549150281253e+00 3.72213726724802e-05
1.25500000000000e+00 2.08934409488972e+00 2.08938380815405e+00 3.97132643294995e-05
1.26000000000000e+00 2.08026279834477e+00 2.08030388316029e+00 4.10848155154575e-05
1.26500000000000e+00 2.06823995511702e+00 2.06828127951470e+00 4.13243976860045e-05
1.27000000000000e+00 2.05332373045311e+00 2.05336429539657e+00 4.05649434584987e-05
1.27500000000000e+00 2.03558060686021e+00 2.03561968407860e+00 3.90772183824772e-05
1.28000000000000e+00 2.01509500380758e+00 2.01513224859221e+00 3.72447846364032e-05
1.28500000000000e+00 1.99196880257367e+00 1.99200432495795e+00 3.55223842807284e-05
1.29000000000000e+00 1.96632077548111e+00 1.96635515716554e+00 3.43816844357026e-05
1.29500000000000e+00 1.93828591749366e+00 1.93832016775567e+00 3.42502620043206e-05
1.30000000000000e+00 1.90801467740149e+00 1.90805012849909e+00 3.54510976035005e-05
1.30500000000000e+00 1.87567208581643e+00 1.87571023628478e+00 3.81504683566458e-05
1.31000000000000e+00 1.84143677810480e+00 1.84147909991323e+00 4.23218084231181e-05
1.31500000000000e+00 1.80549991227011e+00 1.80554764404025e+00 4.77317701450541e-05
1.32000000000000e+00 1.76806398461585e+00 1.76811793702778e+00 5.39524119278489e-05
1.32500000000000e+00 1.72934154958397e+00 1.72940194992690e+00 6.04003429336419e-05
1.33000000000000e+00 1.68955385415781e+00 1.68962025424335e+00 6.64000855425950e-05
1.33500000000000e+00 1.64892940120299e+00 1.64900066651302e+00 7.12653100300997e-05
1.34000000000000e+00 1.60770245958124e+00 1.60777684804300e+00 7.43884617664392e-05
1.34500000000000e+00 1.56611154129107e+00 1.56618686845015e+00 7.53271590816507e-05
1.35000000000000e+00 1.52439786681218e+00 1.52447174185242e+00 7.38750402391464e-05
1.35500000000000e+00 1.48280383896576e+00 1.48287394473691e+00 7.01057711498532e-05
1.36000000000000e+00 1.44157154289246e+00 1.44163592464141e+00 6.43817489511811e-05
1.36500000000000e+00 1.40094128541792e+00 1.40099860884315e+00 5.73234252274624e-05
1.37000000000000e+00 1.36115018163917e+00 1.36119992224821e+00 4.97406090422814e-05
1.37500000000000e+00 1.32243079077478e+00 1.32247332361862e+00 4.25328438344863e-05
1.38000000000000e+00 1.28500979807086e+00 1.28504636916085e+00 3.65710899878913e-05
1.38500000000000e+00 1.24910673572463e+00 1.24913931233114e+00 3.25766065087940e-05
1.39000000000000e+00 1.21493273409381e+00 1.21496374848942e+00 3.10143956074871e-05
1.39500000000000e+00 1.18268929530312e+00 1.18272131275752e+00 3.20174543988472e-05
1.40000000000000e+00 1.15256708472752e+00 1.15260243910916e+00 3.53543816324908e-05
1.40500000000000e+00 1.12474474127561e+00 1.12478518834171e+00 4.04470660968492e-05
1.41000000000000e+00 1.09938771408490e+00 1.09943415215529e+00 4.64380703841805e-05
1.41500000000000e+00 1.07664714009528e+00 1.07669944009536e+00 5.23000000860474e-05
1.42000000000000e+00 1.05665878284416e+00 1.05671575560428e+00 5.69727601129610e-05
1.42500000000000e+00 1.03954205671776e+00 1.03960156687779e+00 5.95101600322501e-05
1.43000000000000e+00 1.02539916209240e+00 1.02545837763829e+00 5.92155458891686e-05
1.43500000000000e+00 1.01431435502839e+00 1.01437010232018e+00 5.57472917874779e-05
1.44000000000000e+00 1.00635337061112e+00 1.00640254951957e+00 4.91789084420269e-05
1.44500000000000e+00 1.00156301226742e+00 1.00160301689261e+00 4.00046251862740e-05
1.45000000000000e+00 9.99970911318911e-01 1.00000000000000e+00 2.90886810893065e-05
1.45500000000000e+00 1.00158545273042e+00 1.00160301689261e+00 1.75641621902312e-05
1.46000000000000e+00 1.00639585552053e+00 1.00640254951957e+00 6.69399903929779e-06
1.46500000000000e+00 1.01437239052361e+00 1.01437010232018e+00 2.28820343695091e-06
1.47000000000000e+00 1.02546671475829e+00 1.02545837763829e+00 8.33711999903564e-06
1.47500000000000e+00 1.03961230087011e+00 1.03960156687779e+00 1.07339923165473e-05
1.48000000000000e+00 1.05672494193183e+00 1.05671575560428e+00 9.18632755197990e-06
1.48500000000000e+00 1.07670331594699e+00 1.07669944009536e+00 3.87585163075244e-06
1.49000000000000e+00 1.09942960009728e+00 1.09943415215529e+00 4.55205800342640e-06
1.49500000000000e+00 1.12477013132134e+00 1.12478518834171e+00 1.50570203700795e-05
1.50000000000000e+00 1.15257611634992e+00 1.15260243910916e+00 2.63227592418591e-05
1.50500000000000e+00 1.18268440000596e+00 1.18272131275752e+00 3.69127515669199e-05
1.51000000000000e+00 1.21491830466563e+00 1.21496374848942e+00 4.54438237900145e-05
1.51500000000000e+00 1.24908855570643e+00 1.24913931233114e+00 5.07566247138769e-05
1.52000000000000e+00 1.28499430721945e+00 1.28504636916085e+00 5.20619413995060e-05
1.52500000000000e+00 1.32242427919491e+00 1.32247332361862e+00 4.90444237037924e-05
1.53000000000000e+00 1.36115801206207e+00 1.36119992224821e+00 4.19101861448556e-05
1.53500000000000e+00 1.40096723741490e+00 1.40099860884315e+00 3.13714282460520e-05
1.54000000000000e+00 1.44161735576026e+00 1.44163592464141e+00 1.85688811522589e-05
1.54500000000000e+00 1.48286900411264e+00 1.48287394473691e+00 4.94062426992237e-06
1.55000000000000e+00 1.52447968920406e+00 1.52447174185242e+00 7.94735163589522e-06
1.55500000000000e+00 1.56620545687483e+00 1.56618686845015e+00 1.85884246823864e-05
1.56000000000000e+00 1.60780256555424e+00 1.60777684804300e+00 2.57175112363672e-05
1.56500000000000e+00 1.64902913201734e+00 1.64900066651302e+00 2.84655043207849e-05
1.57000000000000e+00 1.68964672083030e+00 1.68962025424335e+00 2.64665869493808e-05
1.57500000000000e+00 1.72942185469946e+00 1.72940194992690e+00 1.99047725628620e-05
1.58000000000000e+00 1.76812743060033e+00 1.76811793702778e+00 9.49357254920180e-06
1.58500000000000e+00 1.80554403511107e+00 1.80554764404025e+00 3.60892917794509e-06
1.59000000000000e+00 1.84146116072077e+00 1.84147909991323e+00 1.79391924590711e-05
1.59500000000000e+00 1.87567833196318e+00 1.87571023628478e+00 3.19043216063797e-05
1.60000000000000e+00 1.90800615515750e+00 1.90805012849909e+00 4.39733415875665e-05
1.60500000000000e+00 1.93826730772542e+00 1.93832016775567e+00 5.28600302434068e-05
1.61000000000000e+00 1.96629748227840e+00 1.96635515716554e+00 5.76748871470301e-05
1.61500000000000e+00 1.99194629710438e+00 1.99200432495795e+00 5.80278535753376e-05
1.62000000000000e+00 2.01507817887376e+00 2.01513224859221e+00 5.40697184523431e-05
1.62500000000000e+00 2.03557321616520e+00 2.03561968407860e+00 4.64679133980184e-05
1.63000000000000e+00 2.05332797480052e+00 2.05336429539657e+00 3.63205960516311e-05
1.63500000000000e+00 2.06825625903367e+00 2.06828127951470e+00 2.50204810354759e-05
1.64000000000000e+00 2.08028979732133e+00 2.08030388316029e+00 1.40858389574561e-05
1.64500000000000e+00 2.08937882844501e+00 2.08938380815405e+00 4.97970903934331e-06
1.65000000000000e+00 2.09549256355919e+00 2.09549150281253e+00 1.06074666605949e-06
1.65500000000000e+00 2.09861950233292e+00 2.09861633762302e+00 3.16470989991657e-06
1.66000000000000e+00 2.09876758638418e+00 2.09876666410972e+00 9.22274456360839e-07
1.66500000000000e+00 2.09596418001475e+00 2.09596975652967e+00 5.57651492183453e-06
1.67000000000000e+00 2.09025587596921e+00 2.09027163675968e+00 1.57607904687218e-05
1.67500000000000e+00 2.08170813162495e+00 2.08173678345563e+00 2.86518306791272e-05
1.68000000000000e+00 2.07040474779299e+00 2.07044772727895e+00 4.29794859684307e-05
1.68500000000000e+00 2.05644720747966e+00 2.05650453468774e+00 5.73272080806042e-05
1.69000000000000e+00 2.03995389509463e+00 2.04002418347677e+00 7.02883821377398e-05
1.69500000000000e+00 2.02105921755325e+00 2.02113983391842e+00 8.06163651745351e-05
1.70000000000000e+00 1.99991264765343e+00 2.00000000000000e+00 8.73523465663162e-05
1.70500000000000e+00 1.97667770737788e+00 1.97676762586893e+00 8.99184910516659e-05
1.71000000000000e+00 1.95153090490237e+00 1.95161907318189e+00 8.81682795195182e-05
1.71500000000000e+00 1.92466063466860e+00 1.92474302560309e+00 8.23909344829232e-05
1.72000000000000e+00 1.89626604548227e+00 1.89633931720795e+00 7.32717256741733e-05
1.72500000000000e+00 1.86655587772592e+00 1.86661769201745e+00 6.18142915334019e-05
1.73000000000000e+00 1.83574726781395e+00 1.83579650231313e+00 4.92344991751548e-05
1.73500000000000e+00 1.80406451620735e+00 1.80410135376010e+00 3.68375527499687e-05
1.74000000000000e+00 1.77173781474263e+00 1.77176370569363e+00 2.58909510020278e-05
1.74500000000000e+00 1.73900192967732e+00 1.73901943520098e+00 1.75055236617538e-05
1.75000000000000e+00 1.70609483856267e+00 1.70610737385376e+00 1.25352910889109e-05
1.75500000000000e+00 1.67325632158753e+00 1.67326782611444e+00 1.15045269104552e-05
1.76000000000000e+00 1.64072651110918e+00 1.64074107855382e+00 1.45674446396793e-05
1.76500000000000e+00 1.60874440638338e+00 1.60876590907298e+00 2.15026896013271e-05
1.77000000000000e+00 1.57754636372179e+00 1.57757810532303e+00 3.17416012420857e-05
1.77500000000000e+00 1.54736457516275e+00 1.54740900145948e+00 4.44262967314035e-05
1.78000000000000e+00 1.51842555101364e+00 1.51848404225504e+00 5.84912414030025e-05
1.78500000000000e+00 1.49094862314669e+00 1.49102138342582e+00 7.27602791295023e-05
1.79000000000000e+00 1.46514448661180e+00 1.46523053680291e+00 8.60501911039702e-05
1.79500000000000e+00 1.44121379695273e+00 1.44131106870462e+00 9.72717518963329e-05
1.80000000000000e+00 1.41934583962471e+00 1.41945135953695e+00 1.05519912238838e-04
1.80500000000000e+00 1.39971728622263e+00 1.39982743227203e+00 1.10146049394855e-04
1.81000000000000e+00 1.38249104999325e+00 1.38260185702999e+00 1.10807036736382e-04
1.81500000000000e+00 1.36781525050578e+00 1.36792273852040e+00 1.07488014618573e-04
1.82000000000000e+00 1.35582229458806e+00 1.35592279258843e+00 1.00498000369154e-04
1.82500000000000e+00 1.34662807789040e+00 1.34671851756181e+00 9.04396714085376e-05
1.83000000000000e+00 1.34033130888717e+00 1.34040946551008e+00 7.81566229148822e-05
1.83500000000000e+00 1.33701295490675e+00 1.33707761791153e+00 6.46630047838048e-05
1.84000000000000e+00 1.33673580799612e+00 1.33678686957979e+00 5.10615836677442e-05
1.84500000000000e+00 1.33954416713365e+00 1.33958262403436e+00 3.84569007090274e-05
1.85000000000000e+00 1.34546363252287e+00 1.34549150281253e+00 2.78702896583383e-05
1.85500000000000e+00 1.35450100740492e+00 1.35452117051728e+00 2.01631123659674e-05
1.86000000000000e+00 1.36664430296548e+00 1.36666027668282e+00 1.59737173357488e-05
1.86500000000000e+00 1.38186284239872e+00 1.38187851481848e+00 1.56724197564184e-05
1.87000000000000e+00 1.40010746092851e+00 1.40012679827000e+00 1.93373414889564e-05
1.87500000000000e+00 1.42131079946483e+00 1.42133755181640e+00 2.67523515753432e-05
1.88000000000000e+00 1.44538769048115e+00 1.44542511720755e+00 3.74267263945072e-05
1.88500000000000e+00 1.47223563553036e+00 1.47228627014470e+00 5.06346143365199e-05
1.89000000000000e+00 1.50173537447903e+00 1.50180084551967e+00 6.54710406322589e-05
1.89500000000000e+00 1.53375154695558e+00 1.53383246706028e+00 8.09201047040631e-05
1.90000000000000e+00 1.56813344661862e+00 1.56822937688661e+00 9.59302679903740e-05
1.90500000000000e+00 1.60471586862489e+00 1.60482535986612e+00 1.09491241225168e-04
1.91000000000000e+00 1.64332005009854e+00 1.64344075707161e+00 1.20706973073315e-04
1.91500000000000e+00 1.68375470248991e+00 1.68388356209650e+00 1.28859606594034e-04
1.92000000000000e+00 1.72581713349586e+00 1.72595059347097e+00 1.33459975105721e-04
1.92500000000000e+00 1.76929445475222e+00 1.76942873595353e+00 1.34281201313868e-04
1.93000000000000e+00 1.81396486987251e+00 1.81409624304787e+00 1.31373175359384e-04
1.93500000000000e+00 1.85959903568184e+00 1.85972409271723e+00 1.25057035383902e-04
1.94000000000000e+00 1.90596148777147e+00 1.90607738794082e+00 1.15900169351590e-04
1.94500000000000e+00 1.95281211987290e+00 1.95291679348017e+00 1.04673607266514e-04
1.95000000000000e+00 1.99990770510917e+00 2.00000000000000e+00 9.22948908324006e-05
1.95500000000000e+00 2.04700344600801e+00 2.04708320651983e+00 7.97605118214584e-05
1.96000000000000e+00 2.09385453932034e+00 2.09392261205918e+00 6.80727388338020e-05
1.96500000000000e+00 2.14021774122880e+00 2.14027590728277e+00 5.81660539769047e-05
1.97000000000000e+00 2.18585291848089e+00 2.18590375695213e+00 5.08384712358811e-05
1.97500000000000e+00 2.23052457134420e+00 2.23057126404646e+00 4.66927022610975e-05
1.98000000000000e+00 2.27400331503933e+00 2.27404940652903e+00 4.60914896986964e-05
1.98500000000000e+00 2.31606730742222e+00 2.31611643790350e+00 4.91304812779703e-05
1.99000000000000e+00 2.35650361210124e+00 2.35655924292839e+00 5.56308271444372e-05
1.99500000000000e+00 2.39510948781543e+00 2.39517464013388e+00 6.51523184478364e-05
2.00000000000000e+00 2.43169359668309e+00 2.43177062311339e+00 7.70264303029400e-05
2.00500000000000e+00 2.46607712576269e+00 2.46616753293972e+00 9.04071770237991e-05
2.01000000000000e+00 2.49809481815657e+00 2.49819915448034e+00 1.04336323765164e-04
2.01500000000000e+00 2.52759591153573e+00 2.52771372985530e+00 1.17818319574248e-04
2.02000000000000e+00 2.55444498338338e+00 2.55457488279245e+00 1.29899409069711e-04
2.02500000000000e+00 2.57852270336065e+00 2.57866244818359e+00 1.39744822944099e-04
2.03000000000000e+00 2.59972649392339e+00 2.59987320173000e+00 1.46707806615520e-04
2.03500000000000e+00 2.61797110061111e+00 2.61812148518152e+00 1.50384570417383e-04
2.04000000000000e+00 2.63318907326294e+00 2.63333972331718e+00 1.50650054240753e-04
2.04500000000000e+00 2.64533115879168e+00 2.64547882948272e+00 1.47670691036605e-04
2.05000000000000e+00 2.65436660511385e+00 2.65450849718747e+00 1.41892073625804e-04
2.05500000000000e+00 2.66028337447179e+00 2.66041737596564e+00 1.34001493847347e-04
2.06000000000000e+00 2.66308826283259e+00 2.66321313042021e+00 1.24867587619537e-04
2.06500000000000e+00 2.66280692048683e+00 2.66292238208847e+00 1.15461601639666e-04
2.07000000000000e+00 2.65948376761532e+00 2.65959053448992e+00 1.06766874598652e-04
2.07500000000000e+00 2.65318179768349e+00 2.65328148243819e+00 9.96847547014568e-05
2.08000000000000e+00 2.64398226129311e+00 2.64407720741157e+00 9.49461184682754e-05
2.08500000000000e+00 2.63198422376330e+00 2.63207726147960e+00 9.30377163035345e-05
2.09000000000000e+00 2.61730399134796e+00 2.61739814297001e+00 9.41516220529515e-05
2.09500000000000e+00 2.60007440363370e+00 2.60017256772797e+00 9.81640942727680e-05
2.10000000000000e+00 2.58044399318089e+00 2.58054864046305e+00 1.04647282160641e-04
2.10500000000000e+00 2.55857601760447e+00 2.55868893129538e+00 1.12913690914151e-04
2.11000000000000e+00 2.53464737365709e+00 2.53476946319710e+00 1.22089540004033e-04
2.11500000000000e+00 2.50884740699717e+00 2.50897861657418e+00 1.31209577005187e-04
2.12000000000000e+00 2.48137663470670e+00 2.48151595774496e+00 1.39323038259587e-04
2.12500000000000e+00 2.45244539981912e+00 2.45259099854052e+00 1.45598721401630e-04
2.13000000000000e+00 2.42227247781526e+00 2.42242189467697e+00 1.49416861718432e-04
2.13500000000000e+00 2.39108365411723e+00 2.39123409092702e+00 1.50436809784438e-04
2.14000000000000e+00 2.35911028916153e+00 2.35925892144618e+00 1.48632284648453e-04
2.14500000000000e+00 2.32658788399111e+00 2.32673217388556e+00 1.44289894456140e-04
2.15000000000000e+00 2.29375465498182e+00 2.29389262614624e+00 1.37971164421824e-04
2.15500000000000e+00 2.26085012193426e+00 2.26098056479902e+00 1.30442864762603e-04
2.16000000000000e+00 2.22811370994286e+00 2.22823629430637e+00 1.22584363511091e-04
2.16500000000000e+00 2.19578336274669e+00 2.19589864623990e+00 1.15283493215212e-04
2.17000000000000e+00 2.16409416403283e+00 2.16420349768687e+00 1.09333654042310e-04
2.17500000000000e+00 2.13327696354358e+00 2.13338230798255e+00 1.05344438964483e-04
2.18000000000000e+00 2.10355700672600e+00 2.10366068279205e+00 1.03676066056657e-04
2.18500000000000e+00 2.07515256973262e+00 2.07525697439691e+00 1.04404664295732e-04
2.19000000000000e+00 2.04827360535489e+00 2.04838092681811e+00 1.07321463218124e-04
2.19500000000000e+00 2.02312040938627e+00 2.02323237413107e+00 1.11964744797799e-04
2.20000000000000e+00 1.99988232042287e+00 2.00000000000000e+00 1.17679577125607e-04
2.20500000000000e+00 1.97873646875426e+00 1.97886016608158e+00 1.23697327323535e-04
2.21000000000000e+00 1.95984659145843e+00 1.95997581652323e+00 1.29225064801286e-04
2.21500000000000e+00 1.94336193095087e+00 1.94349546531226e+00 1.33534361390852e-04
2.22000000000000e+00 1.92941623307630e+00 1.92955227272105e+00 1.36039644750729e-04
2.22500000000000e+00 1.91812685855815e+00 1.91826321654437e+00 1.36357986223690e-04
2.23000000000000e+00 1.90959401852483e+00 1.90972836324032e+00 1.34344715487567e-04
2.23500000000000e+00 1.90390014126911e+00 1.90403024347033e+00 1.30102201218341e-04
2.24000000000000e+00 1.90110937373236e+00 1.90123333589028e+00 1.23962157920321e-04
2.24500000000000e+00 1.90126721777326e+00 1.90138366237698e+00 1.16444603724952e-04
2.25000000000000e+00 1.90440029835233e+00 1.90450849718747e+00 1.08198835142126e-04
2.25500000000000e+00 1.91051625852652e+00 1.91061619184595e+00 9.99333194320329e-05
2.26000000000000e+00 1.91960377469865e+00 1.91969611683971e+00 9.23421410643499e-05
2.26500000000000e+00 1.93163268491581e+00 1.93171872048530e+00 8.60355694829451e-05
2.27000000000000e+00 1.94655422309011e+00 1.94663570460343e+00 8.14815133145519e-05
2.27500000000000e+00 1.96430135270087e+00 1.96438031592140e+00 7.89632205326907e-05
2.28000000000000e+00 1.98478919465940e+00 1.98486775140779e+00 7.85567483920779e-05
2.28500000000000e+00 2.00791554538769e+00 2.00799567504205e+00 8.01296543575525e-05
2.29000000000000e+00 2.03356148258412e+00 2.03364484283446e+00 8.33602503407249e-05
2.29500000000000e+00 2.06159205743829e+00 2.06167983224433e+00 8.77748060394978e-05
2.30000000000000e+00 2.09185707305177e+00 2.09194987150091e+00 9.27984491365663e-05
2.30500000000000e+00 2.12419194939170e+00 2.12428976371522e+00 9.78143235133011e-05
2.31000000000000e+00 2.15841867516396e+00 2.15852090008677e+00 1.02224922807537e-04
2.31500000000000e+00 2.19434684649755e+00 2.19445235595975e+00 1.05509462195563e-04
2.32000000000000e+00 2.23177479129123e+00 2.23188206297221e+00 1.07271680978904e-04
2.32500000000000e+00 2.27049077654078e+00 2.27059805007310e+00 1.07273532312213e-04
2.33000000000000e+00 2.31027429404358e+00 2.31037974575665e+00 1.05451713072746e-04
2.33500000000000e+00 2.35089741770892e+00 2.35099933348698e+00 1.01915778060402e-04
2.34000000000000e+00 2.39212622345851e+00 2.39222315195699e+00 9.69284984835284e-05
2.34500000000000e+00 2.43372226057442e+00 2.43381313154985e+00 9.08709754345871e-05
2.35000000000000e+00 2.47544406153158e+00 2.47552825814758e+00 8.41966159970120e-05
2.35500000000000e+00 2.51704867601520e+00 2.51712605526309e+00 7.73792478816482e-05
2.36000000000000e+00 2.55829321410662e+00 2.55836407535858e+00 7.08612519613183e-05
2.36500000000000e+00 2.59893638361120e+00 2.59900139115685e+00 6.50075456505306e-05
2.37000000000000e+00 2.63874000721307e+00 2.63880007775179e+00 6.00705387179268e-05
2.37500000000000e+00 2.67747050651376e+00 2.67752667638138e+00 5.61698676189160e-05
2.38000000000000e+00 2.71490034190893e+00 2.71495363083914e+00 5.32889302107264e-05
2.38500000000000e+00 2.75080939947683e+00 2.75086068766886e+00 5.12881920280428e-05
2.39000000000000e+00 2.78498631834772e+00 2.78503625151058e+00 4.99331628587285e-05
2.39500000000000e+00 2.81722975412976e+00 2.81727868724248e+00 4.89331127209169e-05
2.40000000000000e+00 2.84734957564071e+00 2.84739756089084e+00 4.79852501333866e-05
2.40500000000000e+00 2.87516799324270e+00 2.87521481165829e+00 4.68184155892892e-05
2.41000000000000e+00 2.90052061739085e+00 2.90056584784471e+00 4.52304538605119e-05
2.41500000000000e+00 2.92325744558111e+00 2.92330055990463e+00 4.31143235264386e-05
2.42000000000000e+00 2.94324377482389e+00 2.94328424439572e+00 4.04695718372317e-05
2.42500000000000e+00 2.96036103528018e+00 2.96039843312221e+00 3.73978420298293e-05
2.43000000000000e+00 2.97450753905486e+00 2.97454162236171e+00 3.40833068501745e-05
2.43500000000000e+00 2.98559913665386e+00 2.98562989767982e+00 3.07610259673297e-05
2.44000000000000e+00 2.99356977257568e+00 2.99359745048043e+00 2.76779047552189e-05
2.44500000000000e+00 2.99837193115864e+00 2.99839698310739e+00 2.50519487554612e-05
2.45000000000000e+00 2.99997696428372e+00 3.00000000000000e+00 2.30357162802619e-05
2.45500000000000e+00 2.99837529386222e+00 2.99839698310739e+00 2.16892451700978e-05
2.46000000000000e+00 2.99357648411653e+00 2.99359745048044e+00 2.09663639036961e-05
2.46500000000000e+00 2.98560918128566e+00 2.98562989767982e+00 2.07163941676747e-05
2.47000000000000e+00 2.97452092127382e+00 2.97454162236171e+00 2.07010878972014e-05
2.47500000000000e+00 2.96037780859641e+00 2.96039843312221e+00 2.06245257992066e-05
2.48000000000000e+00 2.94326407246616e+00 2.94328424439572e+00 2.01719295609415e-05
2.48500000000000e+00 2.92328150775912e+00 2.92330055990464e+00 1.90521455185610e-05
2.49000000000000e+00 2.90054880975428e+00 2.90056584784471e+00 1.70380904322975e-05
2.49500000000000e+00 2.87520081190338e+00 2.87521481165830e+00 1.39997549184478e-05
2.50000000000000e+00 2.84738763551876e+00 2.84739756089084e+00 9.92537208333033e-06
2.50500000000000e+00 2.81727375931987e+00 2.81727868724248e+00 4.92792260775587e-06
2.51000000000000e+00 2.78503701546920e+00 2.78503625151058e+00 7.63958620364491e-07
2.51500000000000e+00 2.75086751730787e+00 2.75086068766886e+00 6.82963901121880e-06
2.52000000000000e+00 2.71496652271542e+00 2.71495363083915e+00 1.28918762718477e-05
2.52500000000000e+00 2.67754523608057e+00 2.67752667638138e+00 1.85596991895132e-05
2.53000000000000e+00 2.63882355143176e+00 2.63880007775179e+00 2.34736799735735e-05
2.53500000000000e+00 2.59902873941811e+00 2.59900139115685e+00 2.73482612538345e-05
2.54000000000000e+00 2.55839408155202e+00 2.55836407535859e+00 3.00061934295215e-05
2.54500000000000e+00 2.51715745635388e+00 2.51712605526309e+00 3.14010907920270e-05
2.55000000000000e+00 2.47555988364501e+00 2.47552825814758e+00 3.16254974275232e-05
2.55500000000000e+00 2.43384403504734e+00 2.43381313154985e+00 3.09034974885769e-05
2.56000000000000e+00 2.39225272057831e+00 2.39222315195700e+00 2.95686213118707e-05
2.56500000000000e+00 2.35102736288891e+00 2.35099933348698e+00 2.80294019221472e-05
2.57000000000000e+00 2.31040647201876e+00 2.31037974575666e+00 2.67262621052033e-05
2.57500000000000e+00 2.27062413440341e+00 2.27059805007310e+00 2.60843303072633e-05
2.58000000000000e+00 2.23190853018396e+00 2.23188206297222e+00 2.64672117413767e-05
2.58500000000000e+00 2.19448049260658e+00 2.19445235595975e+00 2.81366468333211e-05
2.59000000000000e+00 2.15855212247771e+00 2.15852090008678e+00 3.12223909308962e-05
2.59500000000000e+00 2.12432546932887e+00 2.12428976371522e+00 3.57056136532918e-05
2.60000000000000e+00 2.09199128924691e+00 2.09194987150091e+00 4.14177459995280e-05
2.60500000000000e+00 2.06172788737855e+00 2.06167983224433e+00 4.80551342145752e-05
2.61000000000000e+00 2.03370005107384e+00 2.03364484283446e+00 5.52082393783238e-05
2.61500000000000e+00 2.00805807764902e+00 2.00799567504205e+00 6.24026069671046e-05
2.62000000000000e+00 1.98493689897429e+00 1.98486775140779e+00 6.91475665006713e-05
2.62500000000000e+00 1.96445530365493e+00 1.96438031592140e+00 7.49877335222138e-05
2.63000000000000e+00 1.94671525657270e+00 1.94663570460343e+00 7.95519692711188e-05
2.63500000000000e+00 1.93180131504658e+00 1.93171872048530e+00 8.25945612827894e-05
2.64000000000000e+00 1.91978014086932e+00 1.91969611683971e+00 8.40240296127170e-05
2.64500000000000e+00 1.91070010794273e+00 1.91061619184595e+00 8.39160967793795e-05
2.65000000000000e+00 1.90459100608222e+00 1.90450849718747e+00 8.25088947447039e-05
2.65500000000000e+00 1.90146384266230e+00 1.90138366237698e+00 8.01802853191980e-05
2.66000000000000e+00 1.90131074496170e+00 1.90123333589028e+00 7.74090714237285e-05
2.66500000000000e+00 1.90410496715496e+00 1.90403024347033e+00 7.47236846345700e-05
2.67000000000000e+00 1.90980100669339e+00 1.90972836324032e+00 7.26434530711195e-05
2.67500000000000e+00 1.91833483514701e+00 1.91826321654437e+00 7.16186026379351e-05
2.68000000000000e+00 1.92962424829963e+00 1.92955227272105e+00 7.19755785816290e-05
2.68500000000000e+00 1.94356933931759e+00 1.94349546531226e+00 7.38740053347620e-05
2.69000000000000e+00 1.96005309713614e+00 1.95997581652323e+00 7.72806129083481e-05
2.69500000000000e+00 1.97894212989434e+00 1.97886016608158e+00 8.19638127598221e-05
2.70000000000000e+00 2.00008751045079e+00 2.00000000000000e+00 8.75104507902513e-05
2.70500000000000e+00 2.02332573794964e+00 2.02323237413106e+00 9.33638185753871e-05
2.71000000000000e+00 2.04847980635432e+00 2.04838092681811e+00 9.88795362175665e-05
2.71500000000000e+00 2.07536036812049e+00 2.07525697439691e+00 1.03393723581480e-04
2.72000000000000e+00 2.10376697902275e+00 2.10366068279205e+00 1.06296230692582e-04
2.72500000000000e+00 2.13348940881198e+00 2.13338230798255e+00 1.07100829430884e-04
2.73000000000000e+00 2.16430900200831e+00 2.16420349768687e+00 1.05504321440186e-04
2.73500000000000e+00 2.19600007376343e+00 2.19589864623990e+00 1.01427523528042e-04
2.74000000000000e+00 2.22833132727082e+00 2.22823629430637e+00 9.50329644457959e-05
2.74500000000000e+00 2.26106728146225e+00 2.26098056479902e+00 8.67166632341210e-05
2.75000000000000e+00 2.29396970040984e+00 2.29389262614624e+00 7.70742635998189e-05
2.75500000000000e+00 2.32679901860668e+00 2.32673217388556e+00 6.68447211178425e-05
2.76000000000000e+00 2.35931575876722e+00 2.35925892144618e+00 5.68373210412254e-05
2.76500000000000e+00 2.39128194065280e+00 2.39123409092702e+00 4.78497257789812e-05
2.77000000000000e+00 2.42246248045644e+00 2.42242189467697e+00 4.05857794651965e-05
2.77500000000000e+00 2.45262658035529e+00 2.45259099854052e+00 3.55818147741438e-05
2.78000000000000e+00 2.48154910697417e+00 2.48151595774496e+00 3.31492292136026e-05
2.78500000000000e+00 2.50901195583877e+00 2.50897861657418e+00 3.33392645925912e-05
2.79000000000000e+00 2.53480539667486e+00 2.53476946319709e+00 3.59334777715326e-05
2.79500000000000e+00 2.55872939193712e+00 2.55868893129538e+00 4.04606417410136e-05
2.80000000000000e+00 2.58059487855693e+00 2.58054864046305e+00 4.62380938861529e-05
2.80500000000000e+00 2.60022500088399e+00 2.60017256772797e+00 5.24331560192159e-05
2.81000000000000e+00 2.61745628140309e+00 2.61739814297001e+00 5.81384330820001e-05
2.81500000000000e+00 2.63213971518630e+00 2.63207726147960e+00 6.24537066955533e-05
2.82000000000000e+00 2.64414177424492e+00 2.64407720741157e+00 6.45668333438820e-05
2.82500000000000e+00 2.65334530893392e+00 2.65328148243819e+00 6.38264957335544e-05
2.83000000000000e+00 2.65965033521566e+00 2.65959053448992e+00 5.98007257393007e-05
2.83500000000000e+00 2.66297469873777e+00 2.66292238208847e+00 5.23166493082705e-05
2.84000000000000e+00 2.66325460912727e+00 2.66321313042021e+00 4.14787070579514e-05
2.84500000000000e+00 2.66044504045333e+00 2.66041737596564e+00 2.76644876953114e-05
2.85000000000000e+00 2.65451999629441e+00 2.65450849718747e+00 1.14991069337655e-05
2.85500000000000e+00 2.64547264012260e+00 2.64547882948272e+00 6.18936011242965e-06
2.86000000000000e+00 2.63331529369639e+00 2.63333972331719e+00 2.44296207920769e-05
2.86500000000000e+00 2.61807930777555e+00 2.61812148518152e+00 4.21774059744529e-05
2.87000000000000e+00 2.59981481072062e+00 2.59987320173000e+00 5.83910093814310e-05
2.87500000000000e+00 2.57859034141903e+00 2.57866244818360e+00 7.21067645632623e-05
2.88000000000000e+00 2.55449237351553e+00 2.55457488279246e+00 8.25092769263236e-05
2.88500000000000e+00 2.52762473815016e+00 2.52771372985530e+00 8.89917051400957e-05
2.89000000000000e+00 2.49810795236251e+00 2.49819915448034e+00 9.12021178294253e-05
2.89500000000000e+00 2.46607846004918e+00 2.46616753293972e+00 8.90728905407201e-05
2.90000000000000e+00 2.43168779190889e+00 2.43177062311339e+00 8.28312044998114e-05
2.90500000000000e+00 2.39510165022552e+00 2.39517464013388e+00 7.29899083689034e-05
2.91000000000000e+00 2.35649892368024e+00 2.35655924292839e+00 6.03192481500869e-05
2.91500000000000e+00 2.31607063671104e+00 2.31611643790350e+00 4.58011924573398e-05
2.92000000000000e+00 2.27401883731749e+00 2.27404940652904e+00 3.05692115496470e-05
2.92500000000000e+00 2.23055542670994e+00 2.23057126404647e+00 1.58373365293230e-05
2.93000000000000e+00 2.18590093389030e+00 2.18590375695213e+00 2.82306182963765e-06
2.93500000000000e+00 2.14028323818042e+00 2.14027590728278e+00 7.33089764048955e-06
2.94000000000000e+00 2.09393624292645e+00 2.09392261205918e+00 1.36308672695762e-05
2.94500000000000e+00 2.04709850411689e+00 2.04708320651984e+00 1.52975970491021e-05
2.95000000000000e+00 2.00001181845172e+00 2.00000000000000e+00 1.18184517159392e-05
2.95500000000000e+00 1.95291977645292e+00 1.95291679348017e+00 2.98297274681225e-06
2.96000000000000e+00 1.90606628744741e+00 1.90607738794082e+00 1.11004934129078e-05
2.96500000000000e+00 1.85969408460086e+00 1.85972409271723e+00 3.00081163679966e-05
2.97000000000000e+00 1.81404321953185e+00 1.81409624304787e+00 5.30235160229875e-05
2.97500000000000e+00 1.76934955729006e+00 1.76942873595354e+00 7.91786634808389e-05
2.98000000000000e+00 1.72584328353722e+00 1.72595059347097e+00 1.07309933757627e-04
2.98500000000000e+00 1.68374743654242e+00 1.68388356209651e+00 1.36125554084598e-04
2.99000000000000e+00 1.64327647702854e+00 1.64344075707161e+00 1.64280043067677e-04
2.99500000000000e+00 1.60463490894877e+00 1.60482535986612e+00 1.90450917348484e-04
3.00000000000000e+00 1.56801596392343e+00 1.56822937688661e+00 2.13412963182558e-04
3.00500000000000e+00 1.53360036134946e+00 1.53383246706028e+00 2.32105710817443e-04
3.01000000000000e+00 1.50155515515417e+00 1.50180084551966e+00 2.45690365496820e-04
3.01500000000000e+00 1.47203267686830e+00 1.47228627014470e+00 2.53593276399622e-04
3.02000000000000e+00 1.44516958321851e+00 1.44542511720755e+00 2.55533989032664e-04
3.02500000000000e+00 1.42108601487145e+00 1.42133755181641e+00 2.51536944955388e-04
3.03000000000000e+00 1.39988487137896e+00 1.40012679827000e+00 2.41926891034971e-04
3.03500000000000e+00 1.38165120585050e+00 1.38187851481848e+00 2.27308967979400e-04
3.04000000000000e+00 1.36645174147064e+00 1.36666027668282e+00 2.08535212181671e-04
3.04500000000000e+00 1.35433451072630e+00 1.35452117051728e+00 1.86659790984756e-04
3.05000000000000e+00 1.34532861713191e+00 1.34549150281253e+00 1.62885680613289e-04
3.05500000000000e+00 1.33944411834392e+00 1.33958262403436e+00 1.38505690440383e-04
3.06000000000000e+00 1.33667202882558e+00 1.33678686957979e+00 1.14840754208423e-04
3.06500000000000e+00 1.33698443963433e+00 1.33707761791153e+00 9.31782772046752e-05
3.07000000000000e+00 1.34033475242396e+00 1.34040946551008e+00 7.47130861280532e-05
3.07500000000000e+00 1.34665802434550e+00 1.34671851756181e+00 6.04932163106309e-05
3.08000000000000e+00 1.35587142016110e+00 1.35592279258843e+00 5.13724273289995e-05
3.08500000000000e+00 1.36787476752386e+00 1.36792273852040e+00 4.79709965330866e-05
3.09000000000000e+00 1.38255121100663e+00 1.38260185702999e+00 5.06460233615780e-05
3.09500000000000e+00 1.39976796007475e+00 1.39982743227203e+00 5.94721972739798e-05
3.10000000000000e+00 1.41937712579842e+00 1.41945135953695e+00 7.42337385297720e-05
3.10500000000000e+00 1.44121664070506e+00 1.44131106870462e+00 9.44279995573893e-05
3.11000000000000e+00 1.46511125580807e+00 1.46523053680290e+00 1.19280994837379e-04
3.11500000000000e+00 1.49087360854507e+00 1.49102138342582e+00 1.47774880747242e-04
3.12000000000000e+00 1.51830535515092e+00 1.51848404225504e+00 1.78687104119168e-04
3.12500000000000e+00 1.54719836090133e+00 1.54740900145948e+00 2.10640558148123e-04
3.13000000000000e+00 1.57733594171340e+00 1.57757810532302e+00 2.42163609619928e-04
3.13500000000000e+00 1.60849415077497e+00 1.60876590907298e+00 2.71758298007629e-04
3.14000000000000e+00 1.64044310418259e+00 1.64074107855382e+00 2.97974371228804e-04
3.14500000000000e+00 1.67294833995739e+00 1.67326782611444e+00 3.19486157047910e-04
3.15000000000000e+00 1.70577220522191e+00 1.70610737385376e+00 3.35168631852678e-04
3.15500000000000e+00 1.73867526668852e+00 1.73901943520098e+00 3.44168512461662e-04
3.16000000000000e+00 1.77141773984793e+00 1.77176370569363e+00 3.45965845695462e-04
3.16500000000000e+00 1.80376093227680e+00 1.80410135376010e+00 3.40421483299602e-04
3.17000000000000e+00 1.83546869623259e+00 1.83579650231313e+00 3.27806080536730e-04
3.17500000000000e+00 1.86630888512764e+00 1.86661769201745e+00 3.08806889812052e-04
3.18000000000000e+00 1.89605480755160e+00 1.89633931720795e+00 2.84509656344856e-04
3.18500000000000e+00 1.92448667126628e+00 1.92474302560309e+00 2.56354336805931e-04
3.19000000000000e+00 1.95139300809241e+00 1.95161907318189e+00 2.26065089476091e-04
3.19500000000000e+00 1.97657206895282e+00 1.97676762586893e+00 1.95556916114281e-04
3.20000000000000e+00 1.99983317667300e+00 2.00000000000000e+00 1.66823326999577e-04
3.20500000000000e+00 2.02099802264181e+00 2.02113983391842e+00 1.41811276614057e-04
3.21000000000000e+00 2.03990189228049e+00 2.04002418347677e+00 1.22291196280155e-04
3.21500000000000e+00 2.05639480363685e+00 2.05650453468774e+00 1.09731050892403e-04
3.22000000000000e+00 2.07034254346025e+00 2.07044772727895e+00 1.05183818708721e-04
3.22500000000000e+00 2.08162758592638e+00 2.08173678345563e+00 1.09197529251315e-04
3.23000000000000e+00 2.09014988081492e+00 2.09027163675968e+00 1.21755944761048e-04
3.23500000000000e+00 2.09582750036574e+00 2.09596975652967e+00 1.42256163931709e-04
3.24000000000000e+00 2.09859713715207e+00 2.09876666410972e+00 1.69526957657595e-04
3.24500000000000e+00 2.09841444893294e+00 2.09861633762302e+00 2.01888690078977e-04
3.25000000000000e+00 2.09525425035255e+00 2.09549150281253e+00 2.37252459974968e-04
3.25500000000000e+00 2.08911055526286e+00 2.08938380815405e+00 2.73252891191067e-04
3.26000000000000e+00 2.07999647707471e+00 2.08030388316029e+00 3.07406085576112e-04
3.26500000000000e+00 2.06794399760977e+00 2.06828127951470e+00 3.37281904935871e-04
3.27000000000000e+00 2.05300361720122e+00 2.05336429539657e+00 3.60678195348463e-04
3.27500000000000e+00 2.03524390010027e+00 2.03561968407860e+00 3.75783978332933e-04
3.28000000000000e+00 2.01475092950385e+00 2.01513224859221e+00 3.81319088357035e-04
3.28500000000000e+00 1.99162768573251e+00 1.99200432495795e+00 3.76639225442288e-04
3.29000000000000e+00 1.96599335935620e+00 1.96635515716554e+00 3.61797809341979e-04
3.29500000000000e+00 1.93798260857705e+00 1.93832016775567e+00 3.37559178616331e-04
3.30000000000000e+00 1.90774476718548e+00 1.90805012849909e+00 3.05361313607477e-04
3.30500000000000e+00 1.87544300620574e+00 1.87571023628479e+00 2.67230079048941e-04
3.31000000000000e+00 1.84125344925294e+00 1.84147909991323e+00 2.25650660287346e-04
3.31500000000000e+00 1.80536423893395e+00 1.80554764404025e+00 1.83405106308543e-04
3.32000000000000e+00 1.76797454959606e+00 1.76811793702778e+00 1.43387431723374e-04
3.32500000000000e+00 1.72929354055552e+00 1.72940194992690e+00 1.08409371385232e-04
3.33000000000000e+00 1.68953924373719e+00 1.68962025424335e+00 8.10105061614941e-05
3.33500000000000e+00 1.64893738045535e+00 1.64900066651302e+00 6.32860576772476e-05
3.34000000000000e+00 1.60772010380376e+00 1.60777684804301e+00 5.67442392460649e-05
3.34500000000000e+00 1.56612466566697e+00 1.56618686845015e+00 6.22027831764793e-05
3.35000000000000e+00 1.52439201050848e+00 1.52447174185243e+00 7.97313439488967e-05
3.35500000000000e+00 1.48276530159421e+00 1.48287394473692e+00 1.08643142709308e-04
3.36000000000000e+00 1.44148838890324e+00 1.44163592464142e+00 1.47535738173499e-04
3.36500000000000e+00 1.40080423139406e+00 1.40099860884315e+00 1.94377449086236e-04
3.37000000000000e+00 1.36095328929545e+00 1.36119992224821e+00 2.46632952761283e-04
3.37500000000000e+00 1.32217190447062e+00 1.32247332361862e+00 3.01419147993975e-04
3.38000000000000e+00 1.28469068851611e+00 1.28504636916086e+00 3.55680644743117e-04
3.38500000000000e+00 1.24873293901791e+00 1.24913931233114e+00 4.06373313236230e-04
3.39000000000000e+00 1.21451310427757e+00 1.21496374848942e+00 4.50644211846374e-04
3.39500000000000e+00 1.18223531587877e+00 1.18272131275752e+00 4.85996878750727e-04
3.40000000000000e+00 1.15209200678916e+00 1.15260243910916e+00 5.10432320003140e-04
3.40500000000000e+00 1.12426263041435e+00 1.12478518834171e+00 5.22557927357781e-04
3.41000000000000e+00 1.09891249331026e+00 1.09943415215529e+00 5.21658845026751e-04
3.41500000000000e+00 1.07619171128827e+00 1.07669944009537e+00 5.07728807096708e-04
3.42000000000000e+00 1.05623429559828e+00 1.05671575560428e+00 4.81460005997691e-04
3.42500000000000e+00 1.03915737290649e+00 1.03960156687779e+00 4.44193971303131e-04
3.43000000000000e+00 1.02506054004412e+00 1.02545837763829e+00 3.97837594170669e-04
3.43500000000000e+00 1.01402535210008e+00 1.01437010232018e+00 3.44750220097723e-04
3.44000000000000e+00 1.00611494044806e+00 1.00640254951957e+00 2.87609071503603e-04
3.44500000000000e+00 1.00137375577870e+00 1.00160301689261e+00 2.29261113909196e-04
3.45000000000000e+00 9.99827430168540e-01 1.00000000000000e+00 1.72569831459968e-04
3.45500000000000e+00 1.00148275164005e+00 1.00160301689261e+00 1.20265252551155e-04
3.46000000000000e+00 1.00632774451530e+00 1.00640254951956e+00 7.48050042660431e-05
3.46500000000000e+00 1.01433184907736e+00 1.01437010232018e+00 3.82532428131466e-05
3.47000000000000e+00 1.02544619456156e+00 1.02545837763829e+00 1.21830767252362e-05
3.47500000000000e+00 1.03960396021960e+00 1.03960156687779e+00 2.39334180607287e-06
3.48000000000000e+00 1.05672082005579e+00 1.05671575560427e+00 5.06445151549073e-06
3.48500000000000e+00 1.07669546774388e+00 1.07669944009536e+00 3.97235148374975e-06
3.49000000000000e+00 1.09941021912235e+00 1.09943415215529e+00 2.39330329367959e-05
3.49500000000000e+00 1.12473169046940e+00 1.12478518834171e+00 5.34978723103485e-05
3.50000000000000e+00 1.15251155142002e+00 1.15260243910915e+00 9.08876891361210e-05
3.50500000000000e+00 1.18258735186250e+00 1.18272131275752e+00 1.33960895017715e-04
3.51000000000000e+00 1.21478342240689e+00 1.21496374848942e+00 1.80326082530158e-04
3.51500000000000e+00 1.24891184803625e+00 1.24913931233114e+00 2.27464294887181e-04
3.52000000000000e+00 1.28477351432041e+00 1.28504636916085e+00 2.72854840445591e-04
3.52500000000000e+00 1.32215922509881e+00 1.32247332361861e+00 3.14098519798689e-04
3.53000000000000e+00 1.36085088983582e+00 1.36119992224821e+00 3.49032412391370e-04
3.53500000000000e+00 1.40062277794129e+00 1.40099860884315e+00 3.75830901860885e-04
3.54000000000000e+00 1.44124283626522e+00 1.44163592464141e+00 3.93088376193340e-04
3.54500000000000e+00 1.48247406475435e+00 1.48287394473691e+00 3.99879982563300e-04
3.55000000000000e+00 1.52407594394712e+00 1.52447174185242e+00 3.95797905302420e-04
3.55500000000000e+00 1.56580590662874e+00 1.56618686845015e+00 3.80961821409898e-04
3.56000000000000e+00 1.60742084462401e+00 1.60777684804300e+00 3.56003418994444e-04
3.56500000000000e+00 1.64867864042223e+00 1.64900066651302e+00 3.22026090791905e-04
3.57000000000000e+00 1.68933971216206e+00 1.68962025424335e+00 2.80542081293245e-04
3.57500000000000e+00 1.72916855950264e+00 1.72940194992690e+00 2.33390424263513e-04
3.58000000000000e+00 1.76793529711902e+00 1.76811793702778e+00 1.82639908756554e-04
3.58500000000000e+00 1.80541716202615e+00 1.80554764404025e+00 1.30482014093491e-04
3.59000000000000e+00 1.84139998068907e+00 1.84147909991322e+00 7.91192241562655e-05
3.59500000000000e+00 1.87567958194378e+00 1.87571023628478e+00 3.06543409991367e-05
3.60000000000000e+00 1.90806314214353e+00 1.90805012849909e+00 1.30136444407292e-05
3.60500000000000e+00 1.93837044966223e+00 1.93832016775567e+00 5.02819065597571e-05
3.61000000000000e+00 1.96643507691500e+00 1.96635515716554e+00 7.99197494629755e-05
3.61500000000000e+00 1.99210544936890e+00 1.99200432495795e+00 1.01124410952336e-04
3.62000000000000e+00 2.01524580257263e+00 2.01513224859221e+00 1.13553980418679e-04
3.62500000000000e+00 2.03573701997972e+00 2.03561968407860e+00 1.17335901120619e-04
3.63000000000000e+00 2.05347734620962e+00 2.05336429539657e+00 1.13050813056237e-04
3.63500000000000e+00 2.06838297231472e+00 2.06828127951470e+00 1.01692800020370e-04
3.64000000000000e+00 2.08038849152200e+00 2.08030388316029e+00 8.46083617123128e-05
3.64500000000000e+00 2.08944722572158e+00 2.08938380815405e+00 6.34175675333637e-05
3.65000000000000e+00 2.09553142460998e+00 2.09549150281253e+00 3.99217974553778e-05
3.65500000000000e+00 2.09863234080346e+00 2.09861633762302e+00 1.60031804465888e-05
3.66000000000000e+00 2.09876018536913e+00 2.09876666410972e+00 6.47874059600539e-06
3.66500000000000e+00 2.09594396904771e+00 2.09596975652967e+00 2.57874819644677e-05
3.67000000000000e+00 2.09023123495109e+00 2.09027163675968e+00 4.04018085902180e-05
3.67500000000000e+00 2.08168768871715e+00 2.08173678345563e+00 4.90947384830243e-05
3.68000000000000e+00 2.07039673202217e+00 2.07044772727895e+00 5.09952567804284e-05
3.68500000000000e+00 2.05645890503139e+00 2.05650453468774e+00 4.56296563555725e-05
3.69000000000000e+00 2.03999124286958e+00 2.04002418347677e+00 3.29406071890581e-05
3.69500000000000e+00 2.02112655058640e+00 2.02113983391842e+00 1.32833320187764e-05
3.70000000000000e+00 2.00001260044688e+00 2.00000000000000e+00 1.26004468743446e-05
3.70500000000000e+00 1.97681125477307e+00 1.97676762586894e+00 4.36289041307880e-05
3.71000000000000e+00 1.95169751706447e+00 1.95161907318189e+00 7.84438825744971e-05
3.71500000000000e+00 1.92485851379167e+00 1.92474302560309e+00 1.15488188580759e-04
3.72000000000000e+00 1.89649240913416e+00 1.89633931720795e+00 1.53091926209825e-04
3.72500000000000e+00 1.86680725504468e+00 1.86661769201745e+00 1.89563027229944e-04
3.73000000000000e+00 1.83601977937844e+00 1.83579650231313e+00 2.23277065312111e-04
3.73500000000000e+00 1.80435411541228e+00 1.80410135376010e+00 2.52761652174804e-04
3.74000000000000e+00 1.77204047686973e+00 1.77176370569363e+00 2.76771176101365e-04
3.74500000000000e+00 1.73931378351648e+00 1.73901943520098e+00 2.94348315495574e-04
3.75000000000000e+00 1.70641224344286e+00 1.70610737385376e+00 3.04869589092149e-04
3.75500000000000e+00 1.67357589924369e+00 1.67326782611444e+00 3.08073129246189e-04
3.76000000000000e+00 1.64104514637775e+00 1.64074107855382e+00 3.04067823927001e-04
3.76500000000000e+00 1.60905923298081e+00 1.60876590907298e+00 2.93323907832210e-04
3.77000000000000e+00 1.57785475126718e+00 1.57757810532303e+00 2.76645944154996e-04
3.77500000000000e+00 1.54766413134642e+00 1.54740900145948e+00 2.55129886939098e-04
3.78000000000000e+00 1.51871414878126e+00 1.51848404225504e+00 2.30106526220908e-04
3.78500000000000e+00 1.49122445750990e+00 1.49102138342582e+00 2.03074084081045e-04
3.79000000000000e+00 1.46540615985615e+00 1.46523053680291e+00 1.75623053243035e-04
3.79500000000000e+00 1.44146042527015e+00 1.44131106870462e+00 1.49356565531278e-04
3.80000000000000e+00 1.41957716920278e+00 1.41945135953695e+00 1.25809665826759e-04
3.80500000000000e+00 1.39993380314344e+00 1.39982743227203e+00 1.06370871413519e-04
3.81000000000000e+00 1.38269406636623e+00 1.38260185702999e+00 9.22093362416554e-05
3.81500000000000e+00 1.36800694934745e+00 1.36792273852040e+00 8.42108270497910e-05
3.82000000000000e+00 1.35600571814322e+00 1.35592279258843e+00 8.29255547931673e-05
3.82500000000000e+00 1.34680704824211e+00 1.34671851756181e+00 8.85306802993480e-05
3.83000000000000e+00 1.34051027551563e+00 1.34040946551008e+00 1.00810005543073e-04
3.83500000000000e+00 1.33719677085259e+00 1.33707761791153e+00 1.19152941056688e-04
3.84000000000000e+00 1.33692944385257e+00 1.33678686957979e+00 1.42574272788520e-04
3.84500000000000e+00 1.33975237954241e+00 1.33958262403436e+00 1.69755508048874e-04
3.85000000000000e+00 1.34569061045341e+00 1.34549150281253e+00 1.99107640878937e-04
3.85500000000000e+00 1.35475002455980e+00 1.35452117051728e+00 2.28854042519266e-04
3.86000000000000e+00 1.36691740755948e+00 1.36666027668282e+00 2.57130876659684e-04
3.86500000000000e+00 1.38216061583478e+00 1.38187851481848e+00 2.82101016307212e-04
3.87000000000000e+00 1.40042887425405e+00 1.40012679826999e+00 3.02075984055739e-04
3.87500000000000e+00 1.42165319088013e+00 1.42133755181640e+00 3.15639063726447e-04
3.88000000000000e+00 1.44574687878258e+00 1.44542511720754e+00 3.21761575035717e-04
3.88500000000000e+00 1.47260617365774e+00 1.47228627014469e+00 3.19903513045450e-04
3.89000000000000e+00 1.50211093500056e+00 1.50180084551966e+00 3.10089480895170e-04
3.89500000000000e+00 1.53412541828240e+00 1.53383246706028e+00 2.92951222116589e-04
3.90000000000000e+00 1.56849910607999e+00 1.56822937688661e+00 2.69729193383084e-04
3.90500000000000e+00 1.60506758743474e+00 1.60482535986612e+00 2.42227568622466e-04
3.91000000000000e+00 1.64365347690272e+00 1.64344075707161e+00 2.12719831107488e-04
3.91500000000000e+00 1.68406736771764e+00 1.68388356209650e+00 1.83805621141175e-04
3.92000000000000e+00 1.72610881708813e+00 1.72595059347097e+00 1.58223617166664e-04
3.92500000000000e+00 1.76956736566865e+00 1.76942873595353e+00 1.38629715114913e-04
3.93000000000000e+00 1.81422359738656e+00 1.81409624304787e+00 1.27354338691710e-04
3.93500000000000e+00 1.85985024972758e+00 1.85972409271722e+00 1.26157010359895e-04
3.94000000000000e+00 1.90621338788405e+00 1.90607738794081e+00 1.35999943231768e-04
3.94500000000000e+00 1.95307365845127e+00 1.95291679348016e+00 1.56864971107451e-04
3.95000000000000e+00 2.00018763922661e+00 2.00000000000000e+00 1.87639226613134e-04
3.95500000000000e+00 2.04730930078924e+00 2.04708320651983e+00 2.26094269405230e-04
3.96000000000000e+00 2.09419159267480e+00 2.09392261205918e+00 2.68980615623526e-04
3.96500000000000e+00 2.14058816199805e+00 2.14027590728278e+00 3.12254715267635e-04
3.97000000000000e+00 2.18625520537268e+00 2.18590375695213e+00 3.51448420547573e-04
3.97500000000000e+00 2.23095344617607e+00 2.23057126404647e+00 3.82182129595066e-04
3.98000000000000e+00 2.27445021904927e+00 2.27404940652903e+00 4.00812520245264e-04
3.98500000000000e+00 2.31652163264126e+00 2.31611643790350e+00 4.05194737758574e-04
3.99000000000000e+00 2.35695477078873e+00 2.35655924292839e+00 3.95527860339584e-04
3.99500000000000e+00 2.39554988245817e+00 2.39517464013388e+00 3.75242324289093e-04
4.00000000000000e+00 2.43212250278178e+00 2.43177062311338e+00 3.51879668396560e-04
